-4.787967801094055176e-01
2.738890349864959717e-01
4.214464426040649414e-01
1.042100310325622559e+00
3.404810652136802673e-02
6.489619016647338867e-01
2.095389366149902344e-01
-1.037178859114646912e-01
-5.012473464012145996e-01
-4.562997221946716309e-01
6.938199400901794434e-01
-1.659699380397796631e-01
1.452441811561584473e-01
2.067482657730579376e-02
5.276112556457519531e-01
-6.358037143945693970e-02
-6.061346083879470825e-02
-2.229392290115356445e+00
4.667510688304901123e-01
1.979572772979736328e-01
5.286555290222167969e-01
1.574035525321960449e+00
5.297858715057373047e-01
6.562500726431608200e-03
-5.618034005165100098e-01
7.928357124328613281e-01
1.957103312015533447e-01
2.436574399471282959e-01
-2.572497129440307617e-01
3.770327568054199219e-01
5.986325740814208984e-01
-8.201389014720916748e-02
3.928321301937103271e-01
3.068757355213165283e-01
-2.621786594390869141e-01
-4.192801117897033691e-01
-6.370642036199569702e-02
1.252164125442504883e+00
-2.217464148998260498e-01
1.545162677764892578e+00
-1.546348482370376587e-01
-6.000584959983825684e-01
-4.538150727748870850e-01
-3.593431413173675537e-01
3.194267749786376953e-01
6.438419222831726074e-01
8.080993890762329102e-01
6.008167862892150879e-01
-4.394058287143707275e-01
-6.859795451164245605e-01
3.220537900924682617e-01
5.598878264427185059e-01
-6.183210611343383789e-01
4.859933853149414062e-01
1.823170930147171021e-01
5.226422548294067383e-01
4.926104843616485596e-01
-7.231371104717254639e-02
-1.317264437675476074e+00
-2.029567807912826538e-01
-9.397985413670539856e-03
3.775961995124816895e-01
4.683745279908180237e-02
-2.352998703718185425e-01
-2.542129755020141602e-01
2.727463841438293457e-01
1.137743368744850159e-01
-1.242229342460632324e-01
9.636980295181274414e-02
-1.245220974087715149e-01
-3.019928038120269775e-01
2.296527028083801270e-01
-4.466722011566162109e-01
3.485226631164550781e-01
1.421111822128295898e-01
-5.370479542762041092e-03
1.709510385990142822e-01
-3.274038732051849365e-01
2.338101118803024292e-01
-1.736462116241455078e-01
3.024272322654724121e-01
-4.184246063232421875e-02
1.480126529932022095e-01
2.279812842607498169e-01
-1.393983606249094009e-02
-1.730030477046966553e-01
-2.859436720609664917e-02
-2.965027391910552979e-01
2.651275880634784698e-02
7.108941674232482910e-02
-1.693361103534698486e-01
-2.745181620121002197e-01
6.375082135200500488e-01
-3.340156003832817078e-02
-1.525538414716720581e-01
-2.999818027019500732e-01
8.142411708831787109e-02
2.612094022333621979e-02
1.244332343339920044e-01
2.602672576904296875e-01
-5.527299642562866211e-02
2.318769991397857666e-01
-6.901757419109344482e-02
8.723562955856323242e-02
-1.208314076066017151e-01
1.120328810065984726e-02
-1.462863683700561523e-01
-1.278850585222244263e-01
-1.516155302524566650e-01
-4.893267899751663208e-02
-1.012912839651107788e-01
1.937673799693584442e-02
4.386172443628311157e-02
1.462872773408889771e-01
-1.143699139356613159e-02
-1.768287420272827148e-01
-1.450131535530090332e-01
-1.830022186040878296e-01
2.366868406534194946e-01
-1.931132972240447998e-01
-1.532439142465591431e-01
-2.667559087276458740e-01
3.997291997075080872e-02
1.717179715633392334e-01
-1.130226105451583862e-01
-4.649667814373970032e-02
-2.139865159988403320e-01
-2.379259616136550903e-01
-1.663651615381240845e-01
1.549889147281646729e-01
-2.838119566440582275e-01
-7.567726075649261475e-02
1.694378554821014404e-01
-2.212999165058135986e-01
-5.282542482018470764e-02
1.864190548658370972e-01
9.424024820327758789e-02
-7.739996165037155151e-02
-9.886978566646575928e-02
1.423042714595794678e-01
-5.565962195396423340e-02
9.098277240991592407e-02
1.262781918048858643e-01
-3.994153812527656555e-02
-2.618252038955688477e-01
1.421553790569305420e-01
9.750048071146011353e-02
-5.301125347614288330e-03
-2.845893204212188721e-01
2.699861302971839905e-02
1.732729226350784302e-01
-1.363098435103893280e-02
-2.567308843135833740e-01
2.194322645664215088e-01
4.483695328235626221e-02
-1.664607971906661987e-01
-3.211612626910209656e-02
1.678500622510910034e-01
6.390041112899780273e-02
-1.741902083158493042e-01
4.076199233531951904e-02
1.028340011835098267e-01
4.284283220767974854e-01
-7.494685798883438110e-02
-2.041187733411788940e-01
1.027635186910629272e-01
-8.607389777898788452e-02
-5.151316523551940918e-02
-4.256684780120849609e-01
7.556859403848648071e-02
3.825809359550476074e-01
6.384220719337463379e-02
2.580419480800628662e-01
1.663743555545806885e-01
1.410547643899917603e-01
1.116494461894035339e-01
4.541135579347610474e-02
-2.829250097274780273e-01
3.472028970718383789e-01
7.819430828094482422e-01
1.901400089263916016e-02
1.928850710391998291e-01
4.685111045837402344e-01
-8.410132676362991333e-02
9.402992203831672668e-03
5.109096528030931950e-04
-2.690960466861724854e-01
-1.031055748462677002e-01
5.862120538949966431e-02
6.271999329328536987e-02
4.029241502285003662e-01
2.261885907500982285e-03
4.024492204189300537e-01
-1.740989387035369873e-01
1.606312245130538940e-01
2.642672695219516754e-02
1.846268922090530396e-01
-3.427294790744781494e-01
3.218593001365661621e-01
3.779596984386444092e-01
-5.966587737202644348e-02
3.631674870848655701e-02
-3.790337964892387390e-02
-1.965146511793136597e-02
-2.052563577890396118e-01
-2.163009494543075562e-01
1.476611644029617310e-01
1.210939511656761169e-01
-2.280913107097148895e-02
-1.491422653198242188e-01
-2.366059869527816772e-01
-2.076380401849746704e-01
5.516626685857772827e-02
-2.869267016649246216e-02
-2.802715897560119629e-01
-7.336061447858810425e-02
-5.940234288573265076e-03
2.761202454566955566e-01
-1.518994420766830444e-01
-1.512650400400161743e-01
8.992938697338104248e-02
-3.500352501869201660e-01
-2.963112294673919678e-01
-7.629900239408016205e-03
-1.068242117762565613e-01
-1.558074206113815308e-01
3.239174187183380127e-02
-2.818831503391265869e-01
2.472664602100849152e-02
-2.252653241157531738e-01
9.489876776933670044e-02
-1.578211933374404907e-01
2.093418985605239868e-01
-2.499154508113861084e-01
-8.879682421684265137e-02
-4.774121567606925964e-02
-2.885712683200836182e-01
2.530459165573120117e-01
1.196611151099205017e-01
1.580847240984439850e-02
-2.061322331428527832e-01
-2.274179309606552124e-01
-2.092013210058212280e-01
1.828868985176086426e-01
1.871174760162830353e-02
1.313319802284240723e-01
5.890755355358123779e-02
-1.508542150259017944e-02
-2.390105724334716797e-01
7.498490810394287109e-02
4.527021348476409912e-01
3.225679397583007812e-01
4.148256778717041016e-02
1.989876851439476013e-02
1.009257957339286804e-01
1.422246545553207397e-01
1.112019270658493042e-02
-2.323318123817443848e-01
-7.354207634925842285e-01
2.199876606464385986e-01
-2.178154885768890381e-02
4.192155897617340088e-01
4.700415730476379395e-01
-2.486908622086048126e-02
-1.068795174360275269e-01
2.037604451179504395e-01
3.113624453544616699e-02
-1.487047672271728516e-01
-9.091316163539886475e-02
8.503942191600799561e-02
-1.419928222894668579e-01
-1.346884518861770630e-01
-2.747209370136260986e-01
7.300660759210586548e-02
1.035621315240859985e-01
-1.392897218465805054e-01
1.033887192606925964e-01
-2.108956314623355865e-02
2.425042837858200073e-01
-2.288864180445671082e-02
-2.453521639108657837e-01
-2.935110032558441162e-02
-4.174244403839111328e-01
1.947250962257385254e-01
-1.144185811281204224e-01
-1.810479313135147095e-01
3.354705274105072021e-01
1.963686048984527588e-01
-4.847292602062225342e-01
-1.298529654741287231e-01
3.183382749557495117e-01
3.809245303273200989e-02
-4.066760540008544922e-01
-1.373745054006576538e-01
-1.772029399871826172e-01
1.316153109073638916e-01
-1.423647403717041016e-01
1.949609518051147461e-01
-8.340399265289306641e-01
1.737596392631530762e-01
-4.432440549135208130e-02
1.314529180526733398e-01
3.188906982541084290e-02
-1.806804388761520386e-01
1.682584881782531738e-01
5.592074617743492126e-02
-2.566738426685333252e-01
-3.771441057324409485e-02
3.635385632514953613e-01
-6.515973806381225586e-02
-1.130992248654365540e-01
1.665613800287246704e-01
2.465533912181854248e-01
-3.541184216737747192e-02
1.692949444986879826e-03
1.503525227308273315e-01
-1.744471788406372070e-01
7.357174158096313477e-02
3.302695453166961670e-01
-2.554054856300354004e-01
-1.825261414051055908e-01
6.766290217638015747e-02
4.053846374154090881e-02
1.766435950994491577e-01
-1.689690798521041870e-01
1.460518538951873779e-01
1.811071038246154785e-01
1.872364617884159088e-02
-2.077253013849258423e-01
1.636999398469924927e-01
-4.813946038484573364e-02
-8.957827091217041016e-02
-2.000977396965026855e-01
1.595346480607986450e-01
1.001524329185485840e-01
3.171071037650108337e-02
1.343093663454055786e-01
-1.841596812009811401e-01
-3.626712560653686523e-01
-1.884909570217132568e-01
1.693121045827865601e-01
4.304879903793334961e-02
-2.486309409141540527e-02
-8.427961915731430054e-02
6.714880466461181641e-02
2.505020797252655029e-02
-3.059998387470841408e-03
-2.257084101438522339e-01
-2.117820680141448975e-01
-1.562582999467849731e-01
-2.384965866804122925e-01
-2.165159583091735840e-01
9.061590582132339478e-02
2.114078402519226074e-01
1.670554466545581818e-02
-1.478479206562042236e-01
-3.846915811300277710e-02
-1.783649772405624390e-01
6.110627204179763794e-02
2.187040299177169800e-01
1.386533528566360474e-01
5.151838064193725586e-01
6.547871232032775879e-01
-3.158647716045379639e-01
-1.956887245178222656e-01
-1.083754301071166992e-01
3.903574347496032715e-01
-1.143349781632423401e-01
8.139448165893554688e-01
-2.403036952018737793e-01
-2.673467695713043213e-01
6.501317489892244339e-03
-1.490470319986343384e-01
1.432383060455322266e-01
2.965848147869110107e-01
-6.119659170508384705e-02
2.429619729518890381e-01
-2.631343603134155273e-01
1.240519046783447266e+00
-9.630841016769409180e-01
2.406512759625911713e-02
-2.798894885927438736e-03
-3.624744117259979248e-01
-1.042911112308502197e-01
1.668296456336975098e-01
5.185186490416526794e-02
2.469419687986373901e-01
1.991362124681472778e-01
-2.533634193241596222e-02
-3.101922571659088135e-01
2.110047936439514160e-01
-8.840629458427429199e-02
-1.301218271255493164e-01
2.377747148275375366e-01
-1.920534223318099976e-01
-9.602909535169601440e-02
-4.935142397880554199e-02
2.121563702821731567e-01
-5.035057067871093750e-01
1.259580701589584351e-01
-3.777012228965759277e-02
4.337032884359359741e-02
-8.137484639883041382e-02
1.496643573045730591e-01
6.081625074148178101e-02
6.900451332330703735e-02
8.577889949083328247e-02
2.249959409236907959e-01
8.044444918632507324e-01
5.931554734706878662e-02
-5.002934932708740234e-01
-9.984466433525085449e-02
-4.309849739074707031e-01
-9.477628767490386963e-02
-3.427703306078910828e-02
-4.041659832000732422e-02
1.398332118988037109e-01
-9.864948689937591553e-02
1.688311994075775146e-01
-5.348407626152038574e-01
-1.775914728641510010e-01
-6.641960740089416504e-01
-7.999995350837707520e-01
-1.698610140010714531e-03
4.794150590896606445e-01
-1.145715415477752686e-01
4.886506497859954834e-02
1.499330997467041016e-01
-5.785694345831871033e-02
-1.190532147884368896e-01
-2.701027691364288330e-01
9.006948024034500122e-02
-6.454283595085144043e-01
1.487394422292709351e-01
-4.328925311565399170e-01
-6.110037863254547119e-02
-1.342167556285858154e-01
-5.746210366487503052e-02
-7.738579511642456055e-01
-2.217716574668884277e-01
-3.307107836008071899e-02
-4.046659171581268311e-01
-6.671516299247741699e-01
-1.008262410759925842e-01
-7.939458638429641724e-02
6.543708499521017075e-03
-1.528991907835006714e-01
-9.112942963838577271e-02
2.600800991058349609e-01
-8.912687748670578003e-02
-3.069740235805511475e-01
1.688292473554611206e-01
-4.759159386157989502e-01
-2.666865587234497070e-01
7.939616590738296509e-02
2.802717685699462891e-02
-8.396594226360321045e-02
1.032028198242187500e-01
-2.018826752901077271e-01
-8.788056671619415283e-02
1.739145368337631226e-01
-2.711838856339454651e-02
-1.034406274557113647e-01
-2.495558559894561768e-01
-6.393052637577056885e-02
-2.458375841379165649e-01
1.279918849468231201e-01
-2.089820653200149536e-01
7.994049042463302612e-02
-2.241509407758712769e-01
-1.946280747652053833e-01
2.685400545597076416e-01
4.896555840969085693e-02
-1.895385608077049255e-02
-1.786956340074539185e-01
3.006018102169036865e-01
6.320945173501968384e-02
-1.468548029661178589e-01
-7.551272213459014893e-02
-1.206534728407859802e-01
1.776243150234222412e-01
3.021419644355773926e-01
9.699978679418563843e-02
2.611595988273620605e-01
2.047438025474548340e-01
-2.356344908475875854e-01
-2.214491367340087891e-01
1.024895347654819489e-02
9.126719087362289429e-02
-1.250053048133850098e-01
2.893011868000030518e-01
-5.788667798042297363e-01
3.199426829814910889e-02
2.154786139726638794e-01
-1.319359838962554932e-01
1.164800599217414856e-01
-5.506651401519775391e-01
-7.599576562643051147e-02
-3.345332145690917969e-01
1.459778100252151489e-01
-1.194436326622962952e-01
-1.170182302594184875e-01
-8.508401364088058472e-02
-2.623140066862106323e-02
-2.389283478260040283e-02
3.640232980251312256e-01
6.562028825283050537e-02
4.921244457364082336e-02
-1.995688527822494507e-01
1.553610861301422119e-01
2.707534730434417725e-01
-3.205948173999786377e-01
-1.054856404662132263e-01
-2.212819606065750122e-01
-1.172869950532913208e-01
-2.304287999868392944e-02
-1.282872706651687622e-01
8.586674183607101440e-02
2.364340275526046753e-01
-1.600357145071029663e-01
2.451131194829940796e-01
-2.539761364459991455e-02
-1.934828758239746094e-01
-1.916887611150741577e-01
-1.816818416118621826e-01
-5.268825888633728027e-01
-4.104180335998535156e-01
1.710223406553268433e-01
2.147159874439239502e-01
1.062624230980873108e-01
-8.064799010753631592e-02
-5.378461629152297974e-02
9.805739670991897583e-02
3.098909556865692139e-01
-2.059568762779235840e-01
-4.092023894190788269e-02
2.351814061403274536e-01
1.984480321407318115e-01
1.899674236774444580e-01
5.512080788612365723e-01
2.217431068420410156e-01
8.342427015304565430e-02
1.124258269555866718e-03
-3.993341699242591858e-02
2.008829265832901001e-01
-5.502874776721000671e-02
2.584347315132617950e-02
-1.941986083984375000e-01
-1.722180694341659546e-01
-8.179350942373275757e-02
1.364840716123580933e-01
-9.793492406606674194e-02
-1.409711390733718872e-01
1.313525289297103882e-01
-1.604146361351013184e-01
-4.414185136556625366e-02
-1.509075462818145752e-01
1.535774171352386475e-01
2.938348352909088135e-01
-2.079737782478332520e-01
-2.665471732616424561e-01
8.597472310066223145e-02
-8.472245931625366211e-02
1.513729542493820190e-01
-2.378265745937824249e-02
3.846412003040313721e-01
-2.408725395798683167e-02
-2.713592648506164551e-01
1.918261796236038208e-01
1.217883005738258362e-01
-1.737981438636779785e-01
3.321430459618568420e-02
-4.990370199084281921e-02
-2.478455603122711182e-01
-8.471173793077468872e-02
1.514560580253601074e-01
5.470504984259605408e-03
-4.377855360507965088e-01
-9.441647678613662720e-02
-2.806087136268615723e-01
7.564844489097595215e-01
-6.874349117279052734e-01
1.179292649030685425e-01
-3.682795763015747070e-01
2.084315270185470581e-01
6.168670058250427246e-01
-8.842770010232925415e-02
-2.960143685340881348e-01
-5.283823609352111816e-01
-6.002479791641235352e-02
7.385906577110290527e-02
2.662620320916175842e-02
5.967634171247482300e-02
2.396811097860336304e-01
-5.546057224273681641e-01
6.529744267463684082e-01
1.992861554026603699e-02
-1.960681527853012085e-01
-6.677670776844024658e-02
7.107236236333847046e-02
3.064724244177341461e-02
2.000171393156051636e-01
-1.124315857887268066e-01
-2.367467992007732391e-02
-2.382912486791610718e-01
5.348012447357177734e-01
4.380384385585784912e-01
-1.100263744592666626e-01
1.142876595258712769e-01
-8.889736980199813843e-02
8.535747230052947998e-02
-2.489102333784103394e-01
-9.197363257408142090e-02
1.444895416498184204e-01
-2.021750062704086304e-01
3.279091715812683105e-01
-8.264704793691635132e-02
-2.003611326217651367e-01
3.212521076202392578e-01
-4.070160686969757080e-01
-3.870287835597991943e-01
1.285589933395385742e-01
-1.126064136624336243e-01
-9.405311942100524902e-02
-2.816441953182220459e-01
3.671179339289665222e-02
1.222490798681974411e-02
-1.026402488350868225e-01
2.508209459483623505e-02
2.545483708381652832e-01
-2.699347436428070068e-01
1.474036723375320435e-01
4.548718407750129700e-02
-5.180394276976585388e-02
-1.325344145298004150e-01
2.644105553627014160e-01
-7.670313864946365356e-02
1.734308451414108276e-01
2.435716539621353149e-01
-1.697001904249191284e-01
-7.898657582700252533e-03
-1.167015582323074341e-01
-2.195102721452713013e-01
1.775876134634017944e-01
8.293901383876800537e-02
1.575064845383167267e-02
1.226465404033660889e-01
-2.363152503967285156e-01
-2.983582913875579834e-01
1.095594391226768494e-01
-2.039164751768112183e-01
6.943549495190382004e-03
1.110867261886596680e-01
-2.990780398249626160e-02
8.757712692022323608e-02
2.425340712070465088e-01
-1.464771032333374023e-01
-1.995570808649063110e-01
3.180434405803680420e-01
9.909069631248712540e-04
-1.641609072685241699e-01
1.202242821455001831e-01
7.643331587314605713e-02
2.779869437217712402e-01
9.342607110738754272e-02
-1.074397116899490356e-01
5.141847580671310425e-02
1.739848703145980835e-01
1.455955505371093750e-01
-1.962299644947052002e-01
2.801226265728473663e-02
-1.121164038777351379e-01
-1.697411537170410156e-01
-3.654464483261108398e-01
1.743651628494262695e-01
-2.235753685235977173e-01
1.628993749618530273e-01
3.629194945096969604e-02
-3.008580580353736877e-02
-6.340825557708740234e-02
4.374410491436719894e-03
1.437075715512037277e-02
-5.355629697442054749e-02
1.373965293169021606e-01
-6.289338227361440659e-03
-1.199998930096626282e-01
1.346131786704063416e-02
-6.664409488439559937e-02
-2.949086427688598633e-01
2.250948846340179443e-01
2.251076325774192810e-02
1.611104421317577362e-02
-1.341114342212677002e-01
-5.832232162356376648e-02
-2.090175151824951172e-01
-1.797813475131988525e-01
1.302682608366012573e-01
9.739561937749385834e-03
3.612115085124969482e-01
2.214967459440231323e-01
-1.356389722786843777e-03
-3.177414461970329285e-02
1.902804672718048096e-01
1.566513776779174805e-01
-8.881839364767074585e-02
-1.649633496999740601e-01
-1.749529689550399780e-01
-6.713699549436569214e-02
-1.733286678791046143e-01
-2.366746664047241211e-01
1.100096404552459717e-01
-2.394899129867553711e-01
-1.201189234852790833e-01
2.150805741548538208e-01
1.050988882780075073e-01
-8.715192973613739014e-02
-4.691111445426940918e-01
-1.303559094667434692e-01
-2.953909933567047119e-01
7.100107520818710327e-02
1.003826335072517395e-01
1.001382097601890564e-01
1.483812183141708374e-01
3.437820449471473694e-02
1.302822232246398926e-01
-1.655623465776443481e-01
8.386282622814178467e-02
-1.236233413219451904e-01
-2.110223174095153809e-01
8.794985711574554443e-02
-1.309807896614074707e-01
-3.806011378765106201e-01
-2.418064977973699570e-04
-1.836787164211273193e-01
1.507270485162734985e-01
2.453101426362991333e-01
-6.452991627156734467e-03
5.029904097318649292e-02
-4.797506630420684814e-01
-2.955837249755859375e-01
9.043411612510681152e-01
-6.665752083063125610e-02
-6.487135589122772217e-02
-1.615763604640960693e-01
-1.283675581216812134e-01
1.364936232566833496e-01
2.139197662472724915e-02
8.589831739664077759e-02
-3.941051065921783447e-01
-5.314374566078186035e-01
3.387301787734031677e-02
-1.462445855140686035e-01
4.731402397155761719e-01
1.222556680440902710e-01
3.307097824290394783e-03
7.701264619827270508e-01
-7.484315335750579834e-02
2.611427307128906250e-01
-1.481246203184127808e-02
-5.471932515501976013e-02
3.451766371726989746e-01
8.215960860252380371e-02
1.463709324598312378e-01
-1.966817863285541534e-02
-1.537820845842361450e-01
-1.050354912877082825e-01
-1.010118275880813599e-01
-1.339102983474731445e-01
-2.547190487384796143e-01
-2.895057797431945801e-01
2.600054740905761719e-01
-4.211730137467384338e-02
9.794679284095764160e-02
-1.743485033512115479e-01
-1.915556788444519043e-01
1.128970265388488770e+00
-1.683097183704376221e-01
4.719391763210296631e-01
-2.691279351711273193e-01
2.548588812351226807e-01
-4.035175442695617676e-01
-1.026777401566505432e-01
-1.075924634933471680e-01
-2.310118675231933594e-01
-2.634291648864746094e-01
-4.676057398319244385e-01
-5.179054290056228638e-02
-1.402291655540466309e-01
3.407157659530639648e-01
-7.705559134483337402e-01
-1.422586441040039062e-01
-3.096279203891754150e-01
5.573264360427856445e-01
-3.277392685413360596e-01
1.981542110443115234e-01
5.569464564323425293e-01
1.446840167045593262e-01
4.504526555538177490e-01
-3.474555909633636475e-02
-1.180754508823156357e-02
6.291581690311431885e-02
5.607287958264350891e-02
1.275229454040527344e-01
-2.089301347732543945e-01
5.856087431311607361e-02
-1.751618236303329468e-01
1.420788168907165527e-01
-2.258554548025131226e-01
5.325713660567998886e-03
4.696051776409149170e-02
4.605162888765335083e-02
-1.537445634603500366e-01
1.085450276732444763e-01
-5.795732140541076660e-02
2.120976895093917847e-01
-3.656984772533178329e-03
-9.713462740182876587e-02
-6.681242585182189941e-02
-1.865344494581222534e-01
-2.213709801435470581e-01
4.402780905365943909e-02
-4.342488572001457214e-02
-3.557176589965820312e-01
1.667313463985919952e-02
1.452803015708923340e-01
2.082952409982681274e-01
-2.241656780242919922e-01
-2.745568566024303436e-02
-1.034329906105995178e-01
3.246311545372009277e-01
-3.764796257019042969e-01
8.671597242355346680e-01
-6.083947420120239258e-01
1.196762081235647202e-03
7.179450988769531250e-02
-7.984600067138671875e-01
-2.320117346243932843e-04
-1.840871870517730713e-01
4.360979497432708740e-01
7.635912299156188965e-02
-1.686296910047531128e-01
2.085626870393753052e-02
-2.521488666534423828e-01
4.876716434955596924e-02
-1.215125694870948792e-01
3.178694099187850952e-02
-7.020659744739532471e-02
4.138652235269546509e-02
-1.474307775497436523e-01
3.987246658653020859e-03
-1.570836454629898071e-01
-1.918876469135284424e-01
8.743353933095932007e-02
-6.792380660772323608e-02
9.995744377374649048e-02
3.713448047637939453e-01
1.340609043836593628e-01
-1.181228533387184143e-01
3.661851882934570312e-01
2.166720777750015259e-01
1.886654943227767944e-01
-1.403379440307617188e-01
-9.005120955407619476e-04
9.404571354389190674e-02
1.082364171743392944e-01
-3.601120412349700928e-01
-2.633087933063507080e-01
1.340835541486740112e-01
-1.676258631050586700e-02
2.116472125053405762e-01
2.015482634305953979e-01
6.959626823663711548e-02
6.147432327270507812e-02
1.562504619359970093e-01
1.148581877350807190e-01
-1.182952150702476501e-01
2.382260411977767944e-01
2.686773240566253662e-01
-2.155841439962387085e-01
1.342356353998184204e-01
1.135637015104293823e-01
1.429657638072967529e-01
-9.433474391698837280e-02
7.792569696903228760e-02
1.731689572334289551e-01
3.046061992645263672e-01
-8.316166698932647705e-02
5.347392335534095764e-02
1.545671075582504272e-01
1.585619747638702393e-01
3.170027583837509155e-02
1.001746300607919693e-02
5.142873525619506836e-02
2.389934360980987549e-01
1.933224499225616455e-01
9.529857337474822998e-02
-1.087263077497482300e-01
-8.911978453397750854e-02
1.672073602676391602e-01
-7.789621502161026001e-02
-8.798498660326004028e-03
-1.216747146099805832e-02
7.378401607275009155e-02
1.877361685037612915e-01
9.165637195110321045e-02
-2.415999472141265869e-01
3.388361036777496338e-01
2.567417919635772705e-01
4.072326421737670898e-01
5.865107849240303040e-02
-2.022406905889511108e-01
-1.381059139966964722e-01
-2.157308347523212433e-02
5.371885374188423157e-02
1.554521620273590088e-01
2.729019224643707275e-01
6.138642877340316772e-02
-1.199826821684837341e-01
3.159241676330566406e-01
1.390685141086578369e-01
-1.826764345169067383e-01
2.108495533466339111e-01
-1.138882115483283997e-01
-1.236188225448131561e-02
-1.725575625896453857e-01
5.980230495333671570e-02
2.052996158599853516e-01
1.400066912174224854e-01
1.470152437686920166e-01
5.964970588684082031e-02
6.781663000583648682e-02
-2.465857267379760742e-01
-3.355278968811035156e-01
7.237004116177558899e-03
1.763466447591781616e-01
3.335162401199340820e-01
-1.428634822368621826e-01
1.181900221854448318e-02
1.700227707624435425e-01
-1.180520504713058472e-01
-1.082525402307510376e-01
1.810534745454788208e-01
-1.494046151638031006e-01
2.591743171215057373e-01
-4.602872580289840698e-02
2.087568640708923340e-01
7.101039588451385498e-02
1.049754396080970764e-01
3.349598646163940430e-01
9.290503710508346558e-02
3.639371395111083984e-01
9.056571871042251587e-02
-2.731487452983856201e-01
2.918661572039127350e-02
7.481536269187927246e-02
3.192229196429252625e-02
-2.572727501392364502e-01
-5.445837602019309998e-02
2.662617564201354980e-01
-1.280806958675384521e-01
-3.788029775023460388e-02
-2.278223186731338501e-01
2.822091579437255859e-01
-1.981895565986633301e-01
-1.785254925489425659e-01
-6.206002831459045410e-02
-7.240821421146392822e-02
1.959128677845001221e-01
-2.349157631397247314e-01
1.534830927848815918e-01
4.081426560878753662e-02
-3.140366170555353165e-03
1.327501833438873291e-01
-1.194462478160858154e-01
-1.017079576849937439e-01
2.489063441753387451e-01
9.201688319444656372e-02
-1.036247387528419495e-01
1.883917301893234253e-01
2.373776137828826904e-01
1.369956880807876587e-01
-2.446209546178579330e-03
2.396455109119415283e-01
-2.301557213068008423e-01
8.465127646923065186e-02
4.260913282632827759e-02
-1.167301237583160400e-01
-1.050437763333320618e-01
6.411188095808029175e-02
8.092859387397766113e-02
-2.484528124332427979e-01
1.382732689380645752e-01
2.345737814903259277e-01
-4.665986821055412292e-02
-3.471328914165496826e-01
-3.113911151885986328e-01
3.390950262546539307e-01
-3.676916658878326416e-02
-3.075163066387176514e-01
1.914162486791610718e-01
-2.316748350858688354e-01
-1.019115969538688660e-01
-6.505853962153196335e-03
1.464411020278930664e-01
1.232571378350257874e-01
-1.362779736518859863e-01
3.270459175109863281e-01
-8.249206095933914185e-02
2.720410525798797607e-01
-1.831778138875961304e-01
4.304286539554595947e-01
-2.580892443656921387e-01
-2.756069302558898926e-01
2.860614359378814697e-01
-1.242137420922517776e-02
6.315975636243820190e-02
-3.914362490177154541e-01
-1.684381067752838135e-01
1.240312606096267700e-01
-1.865021698176860809e-02
-9.378973394632339478e-03
4.064612835645675659e-02
-5.461625754833221436e-02
1.971903592348098755e-01
-1.611997038125991821e-01
-9.499093890190124512e-02
-3.373927474021911621e-01
-2.194300740957260132e-01
-7.524556666612625122e-02
-1.130870655179023743e-01
-8.195617794990539551e-02
1.369577050209045410e-01
-6.934633851051330566e-02
-9.429215453565120697e-03
-7.322368770837783813e-02
-8.953461647033691406e-01
1.219524890184402466e-01
6.049894094467163086e-01
-3.621449768543243408e-01
3.023259043693542480e-01
-1.342972274869680405e-02
2.653421089053153992e-02
1.020752489566802979e-01
1.307816058397293091e-01
1.563222259283065796e-01
2.770828604698181152e-01
1.022643893957138062e-01
5.149555951356887817e-02
1.440568417310714722e-01
-2.433629482984542847e-01
1.981708705425262451e-01
-1.633559167385101318e-01
-3.841574192047119141e-01
4.623251855373382568e-01
4.478016197681427002e-01
-2.260354310274124146e-01
-2.122244536876678467e-01
-1.387865841388702393e-01
8.269578218460083008e-03
-3.238457143306732178e-01
-5.017438530921936035e-02
-3.307017683982849121e-02
-3.474362492561340332e-01
-1.554489135742187500e-01
3.278068602085113525e-01
-1.441913098096847534e-02
6.913744658231735229e-02
3.178543150424957275e-01
1.067558769136667252e-02
3.005822002887725830e-01
-8.918794989585876465e-02
-3.693446218967437744e-01
-1.670691184699535370e-02
-3.776507079601287842e-01
-4.015336334705352783e-01
7.235161215066909790e-02
-1.301748771220445633e-02
4.799707606434822083e-02
-1.465649008750915527e-01
-1.886745542287826538e-01
1.007217764854431152e-01
-7.318776100873947144e-02
1.893750727176666260e-01
2.351356744766235352e-01
5.502967908978462219e-02
9.673681110143661499e-02
-1.297670453786849976e-01
-1.043085008859634399e-01
2.826817929744720459e-01
-1.597400605678558350e-01
5.591333284974098206e-02
2.351870089769363403e-01
1.991663575172424316e-01
1.802617907524108887e-01
3.024491965770721436e-01
-2.146126776933670044e-01
-4.628991708159446716e-02
-4.420312345027923584e-01
3.484361469745635986e-01
-1.703893840312957764e-01
9.167006611824035645e-02
-2.986358404159545898e-01
2.481303811073303223e-01
6.370645761489868164e-02
-8.604922890663146973e-02
-1.348189413547515869e-01
-8.209946751594543457e-02
-1.782037764787673950e-01
-1.275389045476913452e-01
9.435606002807617188e-02
-5.313799530267715454e-02
3.597682714462280273e-01
3.031636774539947510e-01
-1.065701618790626526e-01
-2.711554467678070068e-01
2.024920843541622162e-02
2.089541256427764893e-01
1.304061859846115112e-01
-1.564574539661407471e-01
-1.113990992307662964e-01
4.073980730026960373e-03
-2.546820044517517090e-01
4.068873226642608643e-01
-8.770162239670753479e-03
-3.056515157222747803e-01
1.315901428461074829e-01
-3.448875248432159424e-01
-3.005915284156799316e-01
-9.505851566791534424e-02
-1.061021164059638977e-01
1.385393291711807251e-01
-1.642651855945587158e-02
5.381915345788002014e-02
9.775656461715698242e-02
-2.546838223934173584e-01
-1.286766231060028076e-01
5.077933892607688904e-02
1.802684962749481201e-01
-7.446099817752838135e-02
3.467837274074554443e-01
9.892837703227996826e-02
-3.296158313751220703e-01
4.302298724651336670e-01
-1.838613599538803101e-01
-1.965794116258621216e-01
2.304298430681228638e-01
-2.546579539775848389e-01
1.199725419282913208e-01
-3.629574924707412720e-02
5.588860809803009033e-02
-1.601177453994750977e-01
9.661598503589630127e-02
3.051526248455047607e-01
2.067461758852005005e-01
-1.567566841840744019e-01
-2.627653777599334717e-01
-4.201555997133255005e-02
2.455126494169235229e-01
-2.795692384243011475e-01
2.633754014968872070e-01
2.241192311048507690e-01
-8.116713166236877441e-02
4.661985635757446289e-01
1.404543668031692505e-01
8.324880152940750122e-02
-2.134231328964233398e-01
-8.182327449321746826e-02
-2.309129089117050171e-01
-2.229129821062088013e-01
1.662344634532928467e-01
-1.694194674491882324e-01
2.603584825992584229e-01
3.611720502376556396e-01
-2.625690996646881104e-01
-3.563192188739776611e-01
-3.045425415039062500e-01
1.035864800214767456e-01
1.255924999713897705e-02
-2.772232890129089355e-01
1.696771383285522461e-01
9.451887756586074829e-02
-7.684762775897979736e-02
-6.025178357958793640e-02
-1.611964106559753418e-01
1.188085153698921204e-01
1.120020821690559387e-01
1.975181745365262032e-03
-2.051569670438766479e-01
-1.968271583318710327e-01
-4.175452142953872681e-02
-2.862202823162078857e-01
2.900327146053314209e-01
3.435311615467071533e-01
7.434976100921630859e-02
-1.911621168255805969e-02
-2.763505280017852783e-01
1.340663731098175049e-01
7.552796602249145508e-02
-2.001379579305648804e-01
9.885073453187942505e-02
5.759949982166290283e-02
-1.567929834127426147e-01
-1.033216863870620728e-01
-1.683032214641571045e-01
1.630449444055557251e-01
-1.127234995365142822e-01
1.887125372886657715e-01
-4.472080245614051819e-02
3.861800730228424072e-01
-5.009238794445991516e-02
-3.704967498779296875e-01
3.168897703289985657e-02
1.915689706802368164e-01
1.645464450120925903e-01
1.923399418592453003e-01
1.791718900203704834e-01
4.392865300178527832e-01
-3.911185860633850098e-01
3.174912631511688232e-01
-1.094539612531661987e-01
-1.522370381280779839e-03
1.573935449123382568e-01
1.981677263975143433e-01
-1.763000041246414185e-01
-2.564275860786437988e-01
-7.360342890024185181e-02
-2.536687850952148438e-01
-2.667303979396820068e-01
-5.999489501118659973e-02
2.194393426179885864e-01
-2.185157239437103271e-01
9.312174469232559204e-02
1.355470120906829834e-01
1.279863119125366211e-01
-1.859520375728607178e-01
-3.857701122760772705e-01
2.110026217997074127e-02
6.642947345972061157e-02
-1.521190255880355835e-01
4.442674294114112854e-02
-3.634938597679138184e-01
-1.632129102945327759e-01
1.986465305089950562e-01
-3.522945940494537354e-02
8.823117613792419434e-02
1.739353984594345093e-01
-1.093494221568107605e-01
1.204345971345901489e-01
-1.844476908445358276e-01
2.250956594944000244e-01
-1.810989677906036377e-01
-7.988277077674865723e-02
2.533437013626098633e-01
1.845463961362838745e-01
-3.742147609591484070e-02
1.664183437824249268e-01
-2.983845174312591553e-01
1.505495458841323853e-01
1.031786203384399414e-01
-1.627334207296371460e-01
-2.648482918739318848e-01
1.305302977561950684e-01
1.674705892801284790e-01
-2.746330760419368744e-02
-3.977652266621589661e-02
4.368406832218170166e-01
1.512258201837539673e-01
1.584881991147994995e-01
-6.797590758651494980e-03
-2.909384854137897491e-02
3.098587393760681152e-01
-1.408534049987792969e-01
-1.792854368686676025e-01
2.681211531162261963e-01
2.486663758754730225e-01
-2.517884969711303711e-01
-3.322659432888031006e-01
2.588317096233367920e-01
1.704780608415603638e-01
4.267040349077433348e-04
3.126283288002014160e-01
5.770457908511161804e-02
9.030705690383911133e-02
2.562302350997924805e-01
-2.812984585762023926e-01
2.239078283309936523e-01
-1.870328485965728760e-01
3.161617740988731384e-02
4.290356766432523727e-03
-1.725823134183883667e-01
-1.491842418909072876e-01
3.943887650966644287e-01
2.073744982481002808e-01
-1.005965992808341980e-01
5.031055212020874023e-02
-3.169263601303100586e-01
2.491337358951568604e-01
9.557711333036422729e-02
-2.724692523479461670e-01
1.543412208557128906e-01
9.814068675041198730e-02
1.403055042028427124e-01
4.456992819905281067e-02
-1.474213087931275368e-03
-1.886336952447891235e-01
-1.427566073834896088e-02
4.714375361800193787e-02
-7.391524314880371094e-02
1.064435616135597229e-01
2.174488753080368042e-01
-8.166345208883285522e-02
1.358707994222640991e-02
8.575994521379470825e-02
-2.352143973112106323e-01
-3.645781055092811584e-02
2.412037849426269531e-01
-1.320867091417312622e-01
-1.357882618904113770e-01
1.367456614971160889e-01
1.727641671895980835e-01
7.366929203271865845e-02
-9.247229993343353271e-02
-7.174917310476303101e-02
-4.773506522178649902e-02
-2.332397177815437317e-02
-3.117873966693878174e-01
2.540042102336883545e-01
-2.724950909614562988e-01
1.208289787173271179e-01
1.607095077633857727e-02
5.319646745920181274e-02
3.604454398155212402e-01
5.724825710058212280e-02
9.169678390026092529e-02
2.812421917915344238e-01
-1.145755872130393982e-01
2.376816868782043457e-01
2.244880646467208862e-01
-8.961876481771469116e-02
1.698214262723922729e-01
-2.212658226490020752e-01
1.180862262845039368e-01
-4.649422317743301392e-02
-2.049449086189270020e-01
-1.644027084112167358e-01
1.814675033092498779e-01
9.247604757547378540e-02
1.447835564613342285e-01
2.980226278305053711e-02
-1.646158099174499512e-01
-1.264256089925765991e-01
-2.621115744113922119e-01
-1.681992858648300171e-01
-2.315756380558013916e-01
-1.794556230306625366e-01
-2.774688899517059326e-01
-1.211153566837310791e-01
-1.131882444024085999e-01
-5.963616422377526760e-04
-1.071291118860244751e-01
1.174541655927896500e-02
1.804054677486419678e-01
9.925343841314315796e-02
-2.610341012477874756e-01
-3.811804652214050293e-01
2.723274528980255127e-01
1.026861928403377533e-02
4.994590580463409424e-01
-6.329704076051712036e-02
6.459412723779678345e-02
-4.689987599849700928e-01
-1.500489860773086548e-01
-2.575240135192871094e-01
-1.588093787431716919e-01
-3.050191402435302734e-01
-2.835419261828064919e-03
-1.442026048898696899e-01
2.504456937313079834e-01
1.836426854133605957e-01
-3.766774386167526245e-02
-4.174695909023284912e-01
5.444202572107315063e-02
-1.309950649738311768e-01
-1.214103102684020996e-01
-6.694430857896804810e-02
-1.789667308330535889e-01
3.101584613323211670e-01
1.415216922760009766e-01
-1.945682466030120850e-01
-5.981764942407608032e-02
-6.096934899687767029e-02
2.216353565454483032e-01
2.258604615926742554e-01
-8.318290859460830688e-02
2.840747237205505371e-01
-2.429505586624145508e-01
3.233346343040466309e-01
-1.130366045981645584e-02
5.706667527556419373e-02
2.750391662120819092e-01
-8.764002472162246704e-02
2.736190557479858398e-01
2.751548886299133301e-01
1.861823536455631256e-02
-3.823012411594390869e-01
2.625882625579833984e-01
4.638137295842170715e-02
3.990863561630249023e-01
-7.932271063327789307e-02
2.283631861209869385e-01
-2.509530484676361084e-01
-1.323022395372390747e-01
-3.132054805755615234e-01
-1.464636027812957764e-01
3.969275206327438354e-02
1.265041977167129517e-01
-8.574683964252471924e-02
-3.391166776418685913e-02
3.336572945117950439e-01
-2.603529989719390869e-01
-6.637653708457946777e-02
3.797598779201507568e-01
3.408788144588470459e-01
-3.124684393405914307e-01
-3.115105628967285156e-01
1.999584883451461792e-01
1.067652478814125061e-01
3.569205403327941895e-01
1.449268497526645660e-02
-1.890183389186859131e-01
-2.642039060592651367e-01
-1.970455795526504517e-01
-1.414685845375061035e-01
1.154500171542167664e-01
5.691673606634140015e-02
3.246453106403350830e-01
-3.208223581314086914e-01
4.369355738162994385e-02
8.314172923564910889e-02
-1.162895560264587402e-01
-3.771716058254241943e-01
-2.767544388771057129e-01
-3.624479472637176514e-02
-4.844381008297204971e-03
8.384142071008682251e-02
8.846605569124221802e-02
2.855979204177856445e-01
2.937140166759490967e-01
-3.020818829536437988e-01
1.465082317590713501e-01
1.753331124782562256e-01
7.682432979345321655e-02
3.188268840312957764e-01
2.117551676928997040e-02
-8.394982665777206421e-02
-2.505870759487152100e-01
1.852400749921798706e-01
-9.547533094882965088e-02
1.784401386976242065e-01
4.882717132568359375e-01
1.631667464971542358e-01
2.777706384658813477e-01
3.603335022926330566e-01
1.413682997226715088e-01
-4.275831580162048340e-01
2.612978219985961914e-01
-2.922485470771789551e-01
7.259062677621841431e-02
-1.637722998857498169e-01
8.919511735439300537e-02
-6.921492982655763626e-03
-1.627980619668960571e-01
-1.439615637063980103e-01
-2.048485577106475830e-01
-6.281332671642303467e-02
1.845986098051071167e-01
-7.892142236232757568e-02
1.081717908382415771e-01
1.951626092195510864e-01
-4.081740230321884155e-02
-3.334661424160003662e-01
2.965641915798187256e-01
3.263832032680511475e-01
-2.831512391567230225e-01
6.216017156839370728e-02
8.811658620834350586e-02
5.423390772193670273e-03
2.751942276954650879e-01
1.154284253716468811e-01
1.093978658318519592e-01
-2.532593905925750732e-01
-2.773997560143470764e-02
-4.292497634887695312e-01
-2.686015963554382324e-01
-1.885082945227622986e-02
1.558349430561065674e-01
-1.684839129447937012e-01
-6.480052322149276733e-02
3.412650525569915771e-01
6.771612167358398438e-02
2.122080326080322266e-01
-9.745629876852035522e-02
4.328188300132751465e-02
2.068054527044296265e-01
-5.276088789105415344e-02
-1.680940389633178711e-01
3.647021651268005371e-01
-1.662701219320297241e-01
5.940684303641319275e-02
-7.602201402187347412e-02
3.160440623760223389e-01
1.628408581018447876e-01
3.381571546196937561e-02
2.624597549438476562e-01
2.789783775806427002e-01
1.999450176954269409e-01
1.819829195737838745e-01
-1.333461608737707138e-03
-1.889546066522598267e-01
1.511336565017700195e-01
5.391485989093780518e-02
1.780014634132385254e-01
1.244118735194206238e-01
-4.115324839949607849e-02
7.114319503307342529e-02
-4.404437169432640076e-02
-3.558349236845970154e-02
-5.469316616654396057e-02
-2.217576801776885986e-01
-2.624553143978118896e-01
1.279349327087402344e-01
-1.265758275985717773e-02
-9.524112194776535034e-02
1.995050907135009766e-01
8.793907612562179565e-02
-2.649860084056854248e-01
-1.531109958887100220e-01
-3.223950862884521484e-01
-1.046928092837333679e-01
3.862446546554565430e-01
-4.999325275421142578e-01
-6.009592860937118530e-02
-9.892956167459487915e-02
9.753462672233581543e-02
-9.494755417108535767e-02
-2.266607731580734253e-01
-9.894794225692749023e-02
1.514024734497070312e-01
2.104716897010803223e-01
-2.446628510951995850e-01
-7.398098707199096680e-02
4.161621928215026855e-01
3.348237872123718262e-01
1.594753116369247437e-01
-8.260346949100494385e-02
-2.668384909629821777e-01
-1.419936716556549072e-01
5.139490365982055664e-01
2.269916832447052002e-01
-1.985084265470504761e-01
-4.473105669021606445e-01
-3.049339652061462402e-01
-3.926876187324523926e-01
-9.724158048629760742e-02
3.426340520381927490e-01
-5.345514416694641113e-01
-4.720290005207061768e-02
-2.668770551681518555e-01
1.906506121158599854e-01
1.209754049777984619e-01
1.494966596364974976e-01
9.914745576679706573e-03
-1.633227430284023285e-02
2.541584968566894531e-01
-9.681352972984313965e-02
-5.473970770835876465e-01
2.128839641809463501e-01
4.788283109664916992e-01
2.058971673250198364e-02
-2.197523862123489380e-01
-3.251364231109619141e-01
-2.737409472465515137e-01
-5.133266746997833252e-02
3.055297732353210449e-01
2.644957005977630615e-01
-4.764210060238838196e-02
1.160833016037940979e-01
-2.815929353237152100e-01
1.536954790353775024e-01
-3.630447983741760254e-01
2.045649588108062744e-01
2.478431463241577148e-01
1.247880160808563232e-01
6.763998419046401978e-02
8.183538913726806641e-02
-4.159069061279296875e-02
-3.693623468279838562e-02
1.942079663276672363e-01
-1.665913611650466919e-01
-1.198484823107719421e-01
-2.314214110374450684e-01
2.081417590379714966e-01
-1.762993633747100830e-02
-1.452393922954797745e-02
-2.613231539726257324e-01
3.535627424716949463e-01
-1.014236882328987122e-01
2.102548331022262573e-01
4.533961042761802673e-02
2.635943889617919922e-01
1.013429537415504456e-01
1.580415815114974976e-01
7.563348114490509033e-02
-2.077458053827285767e-02
-2.931537665426731110e-02
1.007091477513313293e-01
1.420765668153762817e-01
2.494833618402481079e-01
3.697060942649841309e-01
-4.563077390193939209e-01
-1.315146684646606445e-01
1.164170075207948685e-02
-2.434067428112030029e-01
1.884793192148208618e-01
1.027149707078933716e-01
-1.839609891176223755e-01
-1.928989738225936890e-01
-1.161561533808708191e-01
1.821616590023040771e-01
-1.574138998985290527e-01
4.801994934678077698e-02
-5.439218506217002869e-02
-8.013732731342315674e-02
-1.604828387498855591e-01
1.017830297350883484e-01
1.426779478788375854e-01
2.568391859531402588e-01
8.590836077928543091e-02
1.953491121530532837e-01
-2.412802129983901978e-01
1.144621968269348145e-01
-7.884352654218673706e-02
-8.884979784488677979e-02
3.625062108039855957e-01
-8.345896005630493164e-02
-1.987089067697525024e-01
2.112717330455780029e-01
-1.502271145582199097e-01
-2.344600707292556763e-01
1.253294646739959717e-01
-8.723120391368865967e-02
2.465412318706512451e-01
2.394753992557525635e-01
2.272047996520996094e-01
-8.611975610256195068e-02
-1.259381771087646484e-01
1.778220385313034058e-01
3.520921766757965088e-01
-2.640721797943115234e-01
-7.344259321689605713e-02
-3.076605200767517090e-01
-1.217165440320968628e-01
-1.703157126903533936e-01
1.810335665941238403e-01
3.021233677864074707e-01
-2.091470174491405487e-02
1.448966562747955322e-01
1.415899097919464111e-01
1.326092630624771118e-01
-1.026159338653087616e-02
2.789096534252166748e-01
1.989885270595550537e-01
2.995617985725402832e-01
5.758164077997207642e-02
2.111807912588119507e-01
1.835288829170167446e-03
-1.136068925261497498e-01
-1.866823285818099976e-01
-2.176156193017959595e-01
1.196282170712947845e-02
1.689470559358596802e-01
2.458657883107662201e-02
-2.244599014520645142e-01
1.652666628360748291e-01
1.183183863759040833e-01
-5.404189229011535645e-02
-5.967220291495323181e-02
-1.125360280275344849e-01
-3.453673794865608215e-02
-2.121249586343765259e-02
-7.679190486669540405e-02
2.532944977283477783e-01
2.762963473796844482e-01
3.665582835674285889e-01
1.972104012966156006e-01
1.111369058489799500e-01
5.417158082127571106e-02
7.713928818702697754e-02
-1.263695210218429565e-01
-6.186462473124265671e-03
-1.924418509006500244e-01
-3.101488351821899414e-01
-2.591764032840728760e-01
-1.559200286865234375e-01
1.997878700494766235e-01
-1.316717863082885742e-01
2.334776371717453003e-01
-1.398680210113525391e-01
3.145786002278327942e-02
4.567204508930444717e-03
3.461303934454917908e-02
5.282093212008476257e-02
1.938571929931640625e-01
2.510448396205902100e-01
5.489204823970794678e-02
-2.132791727781295776e-01
1.087173670530319214e-01
-7.605250179767608643e-02
5.938205122947692871e-02
6.708455085754394531e-02
-8.701451867818832397e-02
-1.958942264318466187e-01
-7.063311338424682617e-02
-1.226369142532348633e-01
-1.631252765655517578e-01
-7.840681821107864380e-02
-6.717376410961151123e-02
2.702778875827789307e-01
3.128508925437927246e-01
8.603503555059432983e-02
-1.081354916095733643e-01
-1.642604172229766846e-01
-2.351029515266418457e-01
2.076306380331516266e-02
-8.178687840700149536e-02
1.459445357322692871e-01
-2.863000333309173584e-01
-2.001355290412902832e-01
5.266157537698745728e-02
-2.061375379562377930e-01
-2.776211202144622803e-01
3.317874372005462646e-01
3.333059549331665039e-01
-3.243342936038970947e-01
3.704971373081207275e-01
1.750085949897766113e-01
-4.327030181884765625e-01
1.636242866516113281e-01
1.199083849787712097e-01
-3.602302968502044678e-01
-2.754933238029479980e-01
-1.147685199975967407e-01
-2.372619956731796265e-01
-1.513766348361968994e-01
2.603991329669952393e-01
-3.551450744271278381e-02
-2.074473053216934204e-01
-2.291326224803924561e-01
-2.716351151466369629e-01
-2.621678709983825684e-01
-1.227572336792945862e-01
9.098394960165023804e-02
-1.306124217808246613e-02
1.667843759059906006e-01
-9.579639881849288940e-02
-1.762835234403610229e-01
-3.877151757478713989e-02
8.153742551803588867e-02
-8.991783112287521362e-02
-2.382962256669998169e-01
3.687022626399993896e-01
-1.014052778482437134e-01
-1.393743157386779785e-01
2.464713454246520996e-01
-3.214160501956939697e-01
2.031574584543704987e-02
1.018653362989425659e-01
-1.282564401626586914e-01
6.747778505086898804e-03
-1.868892908096313477e-01
-2.364880032837390900e-02
2.429313957691192627e-01
-2.418348640203475952e-01
1.132073402404785156e-01
-1.472558230161666870e-01
1.856994777917861938e-01
4.160251319408416748e-01
-2.529417350888252258e-02
-1.918268203735351562e-02
-1.310089379549026489e-01
4.679552912712097168e-01
-8.794885873794555664e-02
-2.322163134813308716e-01
-2.434731423854827881e-01
-1.487452089786529541e-01
-3.694919347763061523e-01
4.266936331987380981e-02
-7.426245603710412979e-03
-3.608542680740356445e-02
1.825005263090133667e-01
-1.365164965391159058e-01
1.919323652982711792e-01
-2.287744879722595215e-01
