9.879080057144165039e-01
-3.753520846366882324e-01
7.590231895446777344e-01
5.997639894485473633e-01
5.633625984191894531e-01
-1.708871364593505859e+00
4.777200818061828613e-01
-2.323714047670364380e-01
1.442076116800308228e-01
-4.804060459136962891e-01
-3.795872330665588379e-01
1.447824239730834961e+00
4.926726520061492920e-01
1.891386359930038452e-01
-1.020823940634727478e-01
-9.118975996971130371e-01
-1.102497503161430359e-01
-8.452104926109313965e-01
-8.126115202903747559e-01
-3.050311505794525146e-01
-6.010763645172119141e-01
6.857163310050964355e-01
3.066492378711700439e-01
1.914265453815460205e-01
6.568928956985473633e-01
-1.100526213645935059e+00
-1.406918466091156006e-01
-8.629575371742248535e-01
4.788323342800140381e-01
-5.299804359674453735e-02
5.576087236404418945e-01
-5.359567999839782715e-01
5.037726089358329773e-02
7.193940877914428711e-01
4.064782559871673584e-01
9.787440299987792969e-01
-4.439354836940765381e-01
-2.884106636047363281e-01
7.129088640213012695e-01
8.380874991416931152e-02
6.899921298027038574e-01
-1.209076195955276489e-01
2.452210187911987305e-01
-1.105285212397575378e-01
6.226786375045776367e-01
-6.832268238067626953e-01
2.509861588478088379e-01
-5.730985105037689209e-02
1.010577797889709473e+00
-5.093768835067749023e-01
-3.587502241134643555e-01
3.322007358074188232e-01
1.018134832382202148e+00
-5.515884160995483398e-01
-2.291175127029418945e-01
-4.162292182445526123e-01
-6.052861213684082031e-01
-5.555239915847778320e-01
-2.032526284456253052e-01
3.615897521376609802e-02
-1.086719334125518799e-01
4.606388211250305176e-01
-4.414619207382202148e-01
-1.996728926897048950e-01
-2.691992223262786865e-01
9.067312479019165039e-01
7.425170391798019409e-02
-4.000645577907562256e-01
-1.974396854639053345e-01
-3.507032990455627441e-01
1.556688845157623291e-01
2.960399091243743896e-01
-2.500796020030975342e-01
-5.811479687690734863e-02
1.437440067529678345e-01
-4.722750186920166016e-02
4.212508201599121094e-01
-1.825143955647945404e-02
-3.134901523590087891e-01
2.184003442525863647e-01
-5.028126835823059082e-01
3.534848988056182861e-01
-2.150525748729705811e-01
3.104374408721923828e-01
-4.631080627441406250e-01
3.920038044452667236e-02
2.584751322865486145e-02
-2.563972473144531250e-01
-9.995846748352050781e-01
7.711189240217208862e-02
1.858184635639190674e-01
-5.152518302202224731e-02
-5.181599259376525879e-01
1.324470937252044678e-01
2.451851814985275269e-01
1.712279580533504486e-02
7.403740286827087402e-01
4.163027107715606689e-01
-2.723765969276428223e-01
1.010963693261146545e-02
-4.219608381390571594e-02
1.697236895561218262e-01
5.526263117790222168e-01
-3.023115694522857666e-01
-7.363445758819580078e-01
-4.415616691112518311e-01
2.612618803977966309e-01
8.827146142721176147e-02
-1.354011774063110352e+00
-3.467562496662139893e-01
4.418610632419586182e-01
1.021445319056510925e-01
-3.909707665443420410e-01
2.044791579246520996e-01
-5.936000123620033264e-02
-1.839437037706375122e-01
1.508839964866638184e+00
5.382742285728454590e-01
-2.129898369312286377e-01
9.595686197280883789e-02
2.519402801990509033e-01
2.467099279165267944e-01
-7.224422693252563477e-01
-1.112793013453483582e-01
9.703626856207847595e-03
5.506861209869384766e-01
3.244218528270721436e-01
-3.793783783912658691e-01
-8.655785769224166870e-02
-4.139611423015594482e-01
2.117682099342346191e-01
4.636592268943786621e-01
-1.496524810791015625e-01
-6.018741726875305176e-01
-3.874904215335845947e-01
-2.694219052791595459e-01
1.526364777237176895e-02
-3.927020132541656494e-01
-2.406214475631713867e-01
1.148884966969490051e-01
-1.720636896789073944e-02
-8.281701058149337769e-02
1.178836300969123840e-01
-2.604644186794757843e-02
-1.678188145160675049e-01
9.803662076592445374e-03
-1.821970641613006592e-01
-4.802455753087997437e-02
1.029672473669052124e-01
1.702240854501724243e-01
5.587932188063859940e-03
-8.026739209890365601e-02
-4.273236691951751709e-01
-5.354779213666915894e-02
-1.026127487421035767e-01
-2.478230595588684082e-01
2.657100558280944824e-01
7.616852410137653351e-03
1.179963424801826477e-01
1.692982167005538940e-01
-2.286941930651664734e-02
1.538498252630233765e-01
-3.550789877772331238e-02
1.223663166165351868e-01
3.757112473249435425e-02
1.190753728151321411e-01
-1.058056671172380447e-02
-3.659358248114585876e-02
-2.356828302145004272e-01
1.622496545314788818e-01
-1.497963368892669678e-01
-3.511370122432708740e-01
2.770125865936279297e-01
4.496626555919647217e-02
1.524484157562255859e-01
1.919254213571548462e-01
3.792583346366882324e-01
3.804640173912048340e-01
1.679485291242599487e-01
2.826049625873565674e-01
-2.761051058769226074e-01
-1.335592418909072876e-01
2.552203238010406494e-01
6.255516409873962402e-02
-1.937666833400726318e-01
2.405966818332672119e-01
3.343614516779780388e-03
3.455765247344970703e-01
-1.023015603423118591e-01
1.712650656700134277e-01
5.254459381103515625e-02
2.448993623256683350e-01
-5.042985081672668457e-01
-1.188831925392150879e-01
8.686149120330810547e-02
-1.244958266615867615e-01
3.955475389957427979e-01
2.788071632385253906e-01
9.403467178344726562e-02
-7.587268203496932983e-02
1.172640398144721985e-01
-3.549063801765441895e-01
-3.085182420909404755e-02
-9.015098959207534790e-02
3.100221157073974609e-01
-3.526439517736434937e-02
-5.029612779617309570e-02
2.758547067642211914e-01
1.714084297418594360e-01
1.178584396839141846e-01
-1.262058317661285400e-01
3.219952434301376343e-02
1.271193027496337891e-01
1.854608058929443359e-01
1.316403299570083618e-01
4.527505859732627869e-02
-3.903777003288269043e-01
-2.998803853988647461e-01
1.842503845691680908e-01
-9.457486867904663086e-02
9.408698976039886475e-02
6.615194492042064667e-03
-2.110573276877403259e-02
-1.407111883163452148e-01
-1.802763342857360840e-01
1.162638068199157715e-01
-3.527916595339775085e-02
6.876370753161609173e-04
-2.625269591808319092e-01
-4.700296372175216675e-02
-2.016255110502243042e-01
-2.019880264997482300e-01
-2.330504506826400757e-01
-1.135728955268859863e-01
2.503634691238403320e-01
2.302619814872741699e-01
-5.705496668815612793e-02
2.862488925457000732e-01
2.090968191623687744e-01
-4.676373302936553955e-02
1.435092985630035400e-01
2.279999405145645142e-01
2.567075490951538086e-01
-1.964690685272216797e-01
-2.395514398813247681e-01
-2.163465172052383423e-01
2.752842307090759277e-01
2.722478508949279785e-01
-4.428389966487884521e-01
-2.395883649587631226e-01
-1.416594348847866058e-02
1.135066002607345581e-01
4.260773956775665283e-02
2.611874341964721680e-01
-1.036330685019493103e-01
2.735103666782379150e-01
4.800450205802917480e-01
3.235659003257751465e-02
7.201813161373138428e-02
-1.913125514984130859e-01
-7.004837039858102798e-03
-2.568305730819702148e-01
-2.470535784959793091e-01
3.187269270420074463e-01
2.376421988010406494e-01
1.484612971544265747e-01
-3.731966717168688774e-04
-5.854109302163124084e-02
-1.077915728092193604e-01
1.152838394045829773e-01
1.303166802972555161e-02
-2.102335095405578613e-01
3.363844007253646851e-02
7.860803604125976562e-02
6.328354775905609131e-02
3.239003419876098633e-01
-3.410794138908386230e-01
7.117344066500663757e-03
5.683066323399543762e-03
-3.679271414875984192e-02
3.130613639950752258e-02
-9.159152954816818237e-02
-1.431836485862731934e-01
-2.854399010539054871e-02
7.274348735809326172e-01
-1.653527654707431793e-02
-1.491684466600418091e-01
-2.582938373088836670e-01
6.097014546394348145e-01
-2.924969196319580078e-01
-2.788158953189849854e-01
-7.324537634849548340e-02
3.671863973140716553e-01
-1.286590695381164551e-01
1.151382252573966980e-01
-3.736326098442077637e-02
-3.244250714778900146e-01
-1.940031498670578003e-01
-1.889211237430572510e-01
3.595178201794624329e-02
2.603824138641357422e-01
6.339972019195556641e-01
-9.253013879060745239e-02
2.935948967933654785e-01
-5.282974988222122192e-02
3.031340539455413818e-01
3.358151614665985107e-01
7.199160754680633545e-02
-5.845378637313842773e-01
-1.548594683408737183e-01
-2.394335120916366577e-01
5.664875265210866928e-03
6.816541403532028198e-02
-3.273487389087677002e-01
3.213268518447875977e-01
1.057342886924743652e-01
3.886565864086151123e-01
2.693413496017456055e-01
-2.858466207981109619e-01
2.931854128837585449e-01
9.268297255039215088e-02
1.872111298143863678e-02
3.796291649341583252e-01
-9.668222814798355103e-02
-2.503594756126403809e-02
-1.442472487688064575e-01
1.968117058277130127e-01
2.636657357215881348e-01
-2.596531622111797333e-02
-1.186612844467163086e-01
4.449138417840003967e-03
2.365988045930862427e-01
2.591242492198944092e-01
-9.160379320383071899e-02
7.130480557680130005e-02
-1.423421055078506470e-01
-1.363528668880462646e-01
1.779893785715103149e-02
-1.176871880888938904e-01
-5.656947195529937744e-02
-4.394983053207397461e-01
2.162996865808963776e-02
1.125539653003215790e-02
-5.057305470108985901e-02
-2.416425049304962158e-01
4.263398051261901855e-01
-8.490095287561416626e-02
-4.394600391387939453e-01
-1.786275058984756470e-01
9.844803065061569214e-02
1.568029820919036865e-01
1.705204993486404419e-01
-6.968230009078979492e-01
1.789950020611286163e-02
8.825094252824783325e-02
-8.026649244129657745e-03
9.531112313270568848e-01
5.666761398315429688e-01
9.139414131641387939e-02
1.878845393657684326e-01
-2.380590736865997314e-01
-1.401995271444320679e-01
2.119399607181549072e-01
-1.558244824409484863e-01
2.600465342402458191e-02
6.339945364743471146e-03
-1.451445370912551880e-01
3.144206106662750244e-01
4.493230208754539490e-02
4.140131771564483643e-01
9.717950224876403809e-02
-2.635472118854522705e-01
-3.015690743923187256e-01
9.546884335577487946e-03
-2.239441275596618652e-01
-1.683887839317321777e-01
9.789261221885681152e-02
8.652482181787490845e-02
5.199788883328437805e-02
-8.016157150268554688e-02
-1.884307712316513062e-01
-1.491103172302246094e-01
-6.280991435050964355e-01
-7.414729893207550049e-02
-5.010542809031903744e-04
2.794946432113647461e-01
-4.630940854549407959e-01
-5.784008651971817017e-02
1.459080278873443604e-01
3.515952229499816895e-01
6.011097878217697144e-02
-7.350862026214599609e-01
-4.668707847595214844e-01
3.282083868980407715e-01
-1.470403224229812622e-01
-5.398330837488174438e-02
4.703654721379280090e-02
-3.042053878307342529e-01
1.565335988998413086e-01
-4.561746716499328613e-01
1.952600330114364624e-01
5.598199367523193359e-01
5.038899183273315430e-01
-6.620430946350097656e-02
2.133201658725738525e-01
-4.476096630096435547e-01
3.398542404174804688e-01
-1.438627541065216064e-01
-3.180345296859741211e-01
-4.642283916473388672e-01
-1.229579746723175049e-01
5.999742150306701660e-01
3.939586877822875977e-01
-2.337856888771057129e-01
-2.411273717880249023e-01
-3.019177019596099854e-01
6.455186605453491211e-01
7.030476927757263184e-01
-3.313579857349395752e-01
-5.705489590764045715e-02
-2.467972338199615479e-01
2.228582501411437988e-01
-2.051539951935410500e-03
9.054046124219894409e-02
2.721940167248249054e-02
-3.907332122325897217e-01
1.919754594564437866e-01
-9.686350822448730469e-02
3.384579718112945557e-02
-2.545454204082489014e-01
8.524531871080398560e-02
8.216824382543563843e-02
-1.346453279256820679e-01
5.234740301966667175e-02
1.236524507403373718e-01
-2.073571532964706421e-01
-5.679628625512123108e-02
9.987191110849380493e-02
-1.874607950448989868e-01
1.026633456349372864e-01
3.654510155320167542e-02
-6.894385814666748047e-02
-4.798875376582145691e-02
2.684337496757507324e-01
1.604584008455276489e-01
1.282789856195449829e-01
-2.144156098365783691e-01
2.997401058673858643e-01
2.197310775518417358e-01
-1.434144228696823120e-01
-1.257613394409418106e-02
-1.933510452508926392e-01
-9.189525991678237915e-02
2.797034084796905518e-01
-7.359289377927780151e-02
3.076553530991077423e-02
-4.766206443309783936e-01
-4.840278029441833496e-01
3.330666720867156982e-01
-7.896755635738372803e-02
2.569022178649902344e-01
-1.387153863906860352e-01
-3.811661601066589355e-01
8.843968808650970459e-02
-1.849758923053741455e-01
-1.204789727926254272e-01
6.794919073581695557e-02
2.226943373680114746e-01
-1.846886575222015381e-01
6.239340826869010925e-02
-1.912215352058410645e-01
1.370012313127517700e-01
8.103256672620773315e-02
1.759623885154724121e-01
1.135732978582382202e-01
2.036760598421096802e-01
-4.429774582386016846e-01
1.306593120098114014e-01
1.186464056372642517e-01
-1.565839052200317383e-01
-1.064261570572853088e-01
2.551308572292327881e-01
5.288364291191101074e-01
-4.804336428642272949e-01
2.582739666104316711e-02
-2.072175443172454834e-01
1.264784336090087891e-01
-4.292820766568183899e-02
-1.601884067058563232e-01
3.259801864624023438e-01
3.245325013995170593e-02
8.871810138225555420e-02
9.059944003820419312e-02
-8.543896675109863281e-02
8.755100518465042114e-02
9.514144062995910645e-02
1.304161250591278076e-01
4.664308950304985046e-02
-2.186961024999618530e-01
-1.149456948041915894e-01
-2.647125124931335449e-01
-4.378870129585266113e-01
3.501201868057250977e-01
-4.651660844683647156e-02
-4.535837098956108093e-02
5.586882680654525757e-02
1.516866683959960938e-01
9.199036657810211182e-02
-3.819890692830085754e-02
7.564013451337814331e-02
-3.746196925640106201e-01
-8.634358644485473633e-01
-6.782745569944381714e-02
1.860142797231674194e-01
2.292267382144927979e-01
-3.410977125167846680e-02
-1.913111209869384766e-01
-1.868605464696884155e-01
2.430612444877624512e-01
2.165144309401512146e-02
-6.454018950462341309e-01
-7.140221446752548218e-02
-3.940813243389129639e-01
1.932687163352966309e-01
2.991374433040618896e-01
1.006562933325767517e-01
3.119846880435943604e-01
-6.882637739181518555e-02
6.076734513044357300e-03
-2.475060820579528809e-01
9.725293517112731934e-02
-1.670421659946441650e-01
6.913943681865930557e-03
-1.700671911239624023e-01
2.899697124958038330e-01
-8.821555227041244507e-02
-1.619926542043685913e-01
1.733761727809906006e-01
2.895720899105072021e-01
-5.409300327301025391e-02
-1.411796957254409790e-01
-3.408549726009368896e-02
3.613696247339248657e-02
-1.819266378879547119e-01
3.837943971157073975e-01
1.676793955266475677e-02
6.024664267897605896e-02
-2.647985219955444336e-01
2.004212588071823120e-01
-1.323210448026657104e-01
-2.254762221127748489e-03
-1.711260974407196045e-01
-2.022598832845687866e-01
-2.987339198589324951e-01
2.729808688163757324e-01
-4.891392588615417480e-02
2.066867649555206299e-01
-1.284633427858352661e-01
2.235365658998489380e-02
-4.229131154716014862e-03
3.668184876441955566e-01
-7.822901010513305664e-02
1.336808949708938599e-01
-3.235773742198944092e-02
-1.468728482723236084e-01
-2.231806963682174683e-01
1.685910485684871674e-02
1.287934184074401855e-01
-1.087385863065719604e-01
2.254549711942672729e-01
3.485377132892608643e-01
-3.721692599356174469e-03
-1.023955419659614563e-01
6.013724952936172485e-02
-4.117558151483535767e-02
1.777834594249725342e-01
5.282144993543624878e-02
6.229533255100250244e-02
2.430783212184906006e-02
-3.208860456943511963e-01
6.479982286691665649e-02
9.754445403814315796e-02
1.209413483738899231e-01
-1.671956777572631836e-01
-3.579334318637847900e-01
-3.198507726192474365e-01
6.626868247985839844e-02
3.008312284946441650e-01
-2.838581502437591553e-01
4.809446260333061218e-02
1.454616636037826538e-01
1.236047372221946716e-01
-3.013477027416229248e-01
1.776130050420761108e-01
1.142710596323013306e-01
1.962512880563735962e-01
1.541940271854400635e-01
-1.206494346261024475e-01
-1.004368290305137634e-01
-7.563467323780059814e-02
1.731675677001476288e-02
-5.421918034553527832e-01
3.320296704769134521e-01
-1.015515178442001343e-01
-1.069844812154769897e-01
1.813003718852996826e-01
-2.425591796636581421e-01
-2.184570282697677612e-01
1.731751859188079834e-01
1.180388126522302628e-02
-2.980352640151977539e-01
-4.286167211830615997e-03
1.346998363733291626e-01
6.430270615965127945e-03
2.153998240828514099e-02
-9.194852411746978760e-02
-3.379857838153839111e-01
2.732725441455841064e-01
1.389723122119903564e-01
-2.850242853164672852e-01
-2.913262695074081421e-02
-1.942294985055923462e-01
4.203086495399475098e-01
1.786424405872821808e-02
3.446524143218994141e-01
-5.392295718193054199e-01
2.724256217479705811e-01
-2.113661170005798340e-01
-1.627200469374656677e-02
-3.252452909946441650e-01
-6.452708840370178223e-01
-4.716015458106994629e-01
2.108086794614791870e-01
9.814968705177307129e-02
1.975290477275848389e-01
3.617110550403594971e-01
-4.856771826744079590e-01
1.046953722834587097e-01
2.216330319643020630e-01
1.009139269590377808e-01
-2.913526296615600586e-01
-1.480615884065628052e-01
-1.566163599491119385e-01
1.974783688783645630e-01
-3.937491178512573242e-01
3.054790496826171875e-01
-3.443706631660461426e-01
9.238523989915847778e-02
-7.468049414455890656e-03
-2.502956688404083252e-01
1.683185398578643799e-01
9.449879080057144165e-02
9.257375448942184448e-02
7.322794944047927856e-02
-2.544189393520355225e-01
-4.296748936176300049e-01
-7.331550121307373047e-02
1.857936978340148926e-01
2.065335065126419067e-01
-9.127525240182876587e-02
-6.962226629257202148e-01
3.573863506317138672e-01
-7.095023989677429199e-01
1.831921935081481934e-01
1.013651713728904724e-01
-2.479665428400039673e-01
4.154517501592636108e-02
-2.305374294519424438e-01
-1.441779136657714844e-01
-4.101891219615936279e-01
3.079825043678283691e-01
-1.232333183288574219e-01
1.092316433787345886e-01
-1.671812236309051514e-01
4.947589635848999023e-01
3.268706798553466797e-01
2.192556262016296387e-01
-1.057996079325675964e-01
-7.555941119790077209e-03
2.014836519956588745e-01
2.105691842734813690e-02
2.633464932441711426e-01
-1.022209152579307556e-01
-1.032737642526626587e-01
2.232435345649719238e-01
-3.086802363395690918e-02
-3.360934928059577942e-02
-7.216838002204895020e-02
1.155924424529075623e-01
-1.389020830392837524e-01
3.313097953796386719e-01
-9.589690715074539185e-02
-2.847643494606018066e-01
-4.456208050251007080e-01
2.293403297662734985e-01
1.723212748765945435e-01
2.601216435432434082e-01
-4.763400554656982422e-01
-2.863894999027252197e-01
3.826340436935424805e-01
3.614242672920227051e-01
-5.531752109527587891e-02
2.532978355884552002e-01
-4.462248086929321289e-01
2.171586900949478149e-01
-9.373147785663604736e-02
-7.117747515439987183e-02
1.441823542118072510e-01
-2.123284041881561279e-01
4.183520004153251648e-02
-1.224730610847473145e-01
-2.129608243703842163e-01
8.647982776165008545e-02
2.126454710960388184e-01
-8.639159053564071655e-02
3.078944385051727295e-01
1.232692003250122070e-01
1.191756427288055420e-01
-1.081165857613086700e-02
1.991169154644012451e-01
7.072773575782775879e-01
2.242390513420104980e-01
-3.879676163196563721e-01
6.395168136805295944e-03
-8.457948267459869385e-02
6.159774959087371826e-02
-4.153255224227905273e-01
-2.136651873588562012e-01
-3.032714426517486572e-01
1.350726038217544556e-01
-1.820454187691211700e-02
2.137672454118728638e-01
1.709989905357360840e-01
-1.460944861173629761e-01
2.100637257099151611e-01
-4.524379074573516846e-01
2.679956257343292236e-01
2.248851023614406586e-02
1.180616766214370728e-01
-5.461143255233764648e-01
5.551399588584899902e-01
-4.095945507287979126e-02
9.865706413984298706e-02
3.001449704170227051e-01
-2.601363658905029297e-01
3.418356180191040039e-01
-9.741774201393127441e-01
-2.251242101192474365e-01
2.186507731676101685e-02
1.673166006803512573e-01
-1.056309118866920471e-01
3.127643764019012451e-01
3.742508888244628906e-01
5.081484466791152954e-02
-2.896558046340942383e-01
-7.405735254287719727e-01
-1.473090201616287231e-01
5.544857978820800781e-01
-2.151719778776168823e-01
-1.867491453886032104e-01
-1.798006892204284668e-01
2.145873010158538818e-01
-3.717938363552093506e-01
2.088269684463739395e-03
4.725227355957031250e-01
-2.113687098026275635e-01
2.502795755863189697e-01
-3.603309020400047302e-02
3.975909650325775146e-01
9.481026977300643921e-02
5.009696483612060547e-01
-3.171315044164657593e-02
-5.499016642570495605e-01
-3.800066709518432617e-01
7.089004516601562500e-01
8.511801809072494507e-02
1.009728431701660156e+00
-8.281232118606567383e-01
-3.755202293395996094e-01
3.262946009635925293e-01
-3.441169559955596924e-01
2.760319411754608154e-01
-4.634296298027038574e-01
3.941481709480285645e-01
9.788921475410461426e-02
-1.666394472122192383e-01
2.221735892817378044e-03
2.803981006145477295e-01
1.616330146789550781e-01
-4.352163970470428467e-01
2.886197268962860107e-01
-1.603620350360870361e-01
-1.922137290239334106e-01
-6.837184429168701172e-01
4.678031802177429199e-01
7.708513736724853516e-02
7.124506831169128418e-01
-6.842830181121826172e-01
-2.969510108232498169e-02
3.803710937500000000e-01
-2.384535819292068481e-01
7.075576111674308777e-03
-1.389521807432174683e-01
1.811082661151885986e-01
-5.378227308392524719e-02
9.277114272117614746e-02
3.441979736089706421e-02
-4.921520650386810303e-01
2.654563402757048607e-03
-1.255709528923034668e-01
-3.154301345348358154e-01
-1.015098616480827332e-01
2.322486639022827148e-01
-5.451991781592369080e-02
1.450330913066864014e-01
-1.736762933433055878e-02
1.958727836608886719e-02
8.120130747556686401e-02
1.279582176357507706e-02
-2.639415562152862549e-01
-1.050586812198162079e-02
1.804851144552230835e-01
8.046582341194152832e-02
-1.761514693498611450e-01
3.734383881092071533e-01
1.183126494288444519e-01
2.721544504165649414e-01
-1.602453142404556274e-01
1.765165179967880249e-01
-3.650294542312622070e-01
-9.101796895265579224e-02
-8.527986705303192139e-02
-4.709049314260482788e-02
-2.737392485141754150e-01
3.130265474319458008e-01
1.361625790596008301e-01
2.809418141841888428e-01
-1.118489727377891541e-01
2.385905385017395020e-01
2.176243811845779419e-01
2.931757867336273193e-01
4.084671661257743835e-02
-4.984331130981445312e-01
3.557747900485992432e-01
-9.979961812496185303e-02
-1.880243420600891113e-01
-1.819144636392593384e-01
-1.004577800631523132e-01
2.008583210408687592e-02
-1.853622347116470337e-01
8.049125969409942627e-02
7.252286672592163086e-01
3.056574761867523193e-01
4.940665885806083679e-02
-2.480778098106384277e-02
-2.585469484329223633e-01
-1.572516188025474548e-02
-1.347362846136093140e-01
2.354014366865158081e-01
8.884058892726898193e-02
-4.058580100536346436e-01
4.011779129505157471e-01
-1.554766595363616943e-01
2.041078209877014160e-01
1.761690080165863037e-01
-1.499508023262023926e-01
3.477907478809356689e-01
-1.662862002849578857e-01
3.114196658134460449e-01
-1.770969182252883911e-01
2.372732162475585938e-01
-3.234412372112274170e-01
1.508186906576156616e-01
-2.241618931293487549e-01
3.023620247840881348e-01
-1.401073336601257324e-01
2.424393445253372192e-01
-4.862745478749275208e-02
1.333745568990707397e-01
-1.777821034193038940e-01
1.884476691484451294e-01
-1.580148041248321533e-01
-2.099215239286422729e-01
3.061381168663501740e-02
7.495418936014175415e-02
1.731246262788772583e-01
-1.819879859685897827e-01
2.504298388957977295e-01
-1.868872344493865967e-01
-1.612315475940704346e-01
1.814787685871124268e-01
1.823537945747375488e-01
4.358002170920372009e-02
1.155802533030509949e-01
-3.942799568176269531e-01
-2.509209513664245605e-01
-1.750415861606597900e-01
3.375083953142166138e-02
-2.269053161144256592e-01
-1.418332606554031372e-01
-1.652136147022247314e-01
-5.689296126365661621e-01
-7.088457792997360229e-02
-2.529484331607818604e-01
4.445556923747062683e-02
-1.272682398557662964e-01
-2.159286439418792725e-01
-2.311986088752746582e-01
-2.106864564120769501e-02
1.569540798664093018e-01
5.976004526019096375e-02
-4.245281815528869629e-01
-1.547501683235168457e-01
5.635748803615570068e-02
-2.320584654808044434e-01
6.323721259832382202e-02
3.012150824069976807e-01
-1.382761746644973755e-01
6.992217898368835449e-02
2.681507766246795654e-01
7.226770371198654175e-02
-1.030542775988578796e-01
-8.278483152389526367e-02
-8.438653498888015747e-02
1.675833016633987427e-01
4.050758183002471924e-01
-5.432921051979064941e-01
-2.815202772617340088e-01
-1.788699254393577576e-02
3.410239890217781067e-02
8.953543752431869507e-02
2.391754686832427979e-01
1.223603710532188416e-01
1.822584122419357300e-01
2.799840271472930908e-02
2.467421442270278931e-01
-3.878093659877777100e-01
1.173122078180313110e-01
1.109388843178749084e-01
2.428792417049407959e-01
-1.372332274913787842e-01
3.217399716377258301e-01
-5.507069081068038940e-02
-7.180459052324295044e-02
2.619919478893280029e-01
3.567913919687271118e-02
2.177096158266067505e-01
3.098610416054725647e-02
-2.762998342514038086e-01
-2.218559682369232178e-01
2.484019696712493896e-01
2.412292659282684326e-01
1.765252798795700073e-01
2.368791028857231140e-02
-6.094253063201904297e-02
-2.133159488439559937e-01
-2.318431138992309570e-01
-9.103478491306304932e-02
-2.690599858760833740e-01
-2.708100080490112305e-01
-1.886301785707473755e-01
2.284775525331497192e-01
-2.106511294841766357e-01
1.436040997505187988e-01
-2.678768932819366455e-01
-2.801233530044555664e-01
5.271704792976379395e-01
2.523359656333923340e-01
1.583868414163589478e-01
-1.646771654486656189e-02
-1.691506206989288330e-01
3.517448306083679199e-01
-3.711707890033721924e-01
-4.948958754539489746e-02
1.402833759784698486e-01
-2.080072462558746338e-01
-4.478462040424346924e-02
-9.653847664594650269e-02
-2.017638385295867920e-01
-3.102437406778335571e-02
3.360711038112640381e-02
-6.341237574815750122e-02
3.437059521675109863e-01
-2.407399564981460571e-01
-3.180319368839263916e-01
-2.210783064365386963e-01
1.590721458196640015e-01
2.690023370087146759e-02
2.597091794013977051e-01
1.014231368899345398e-01
-2.938416004180908203e-01
-2.593654692173004150e-01
-6.716607213020324707e-01
9.283120161853730679e-04
-2.402970790863037109e-01
7.236669212579727173e-02
4.942505657672882080e-01
-2.364437431097030640e-01
-2.106590121984481812e-01
-2.083857655525207520e-01
-1.779832094907760620e-01
4.775522649288177490e-02
-7.444712519645690918e-02
-6.415628828108310699e-03
-1.057331636548042297e-01
1.788549870252609253e-01
2.459074407815933228e-01
-6.380119919776916504e-02
1.092837527394294739e-01
8.205723762512207031e-02
1.108501628041267395e-01
-1.516438275575637817e-01
-4.778071939945220947e-01
-2.603863477706909180e-01
3.672692924737930298e-02
9.752410650253295898e-02
-1.438029706478118896e-01
-2.546029686927795410e-01
2.522413432598114014e-01
-7.799902558326721191e-02
6.053100526332855225e-02
4.406715929508209229e-01
-4.652018547058105469e-01
-3.060221113264560699e-02
2.138316482305526733e-01
-1.637160331010818481e-01
2.652134001255035400e-01
3.133266568183898926e-01
-2.240623384714126587e-01
-3.730334043502807617e-01
-3.347143828868865967e-01
4.925040900707244873e-01
-2.402451932430267334e-01
2.568017840385437012e-01
4.456703737378120422e-02
-3.272213339805603027e-01
-1.843469887971878052e-01
-8.415645360946655273e-02
8.518923819065093994e-02
-3.921758830547332764e-01
1.208989620208740234e-01
-2.076250463724136353e-01
-3.727852702140808105e-01
4.834271967411041260e-02
-3.168000373989343643e-03
1.307114213705062866e-01
1.427044868469238281e-01
-3.987217545509338379e-01
-1.253942102193832397e-01
-2.603268325328826904e-01
-1.060315966606140137e-02
-1.083254441618919373e-01
4.722623229026794434e-01
-2.793388813734054565e-02
-1.796359419822692871e-01
1.806385815143585205e-01
-1.976103037595748901e-01
-1.402964144945144653e-01
1.326575577259063721e-01
-3.015777468681335449e-01
-2.512096054852008820e-02
2.042200416326522827e-01
-5.447611808776855469e-01
-2.814309298992156982e-01
3.058184981346130371e-01
9.466282278299331665e-02
-2.575124502182006836e-01
-1.547082215547561646e-01
-3.205760568380355835e-02
-1.589329242706298828e-01
-1.925541162490844727e-01
2.222375869750976562e-01
9.494477417320013046e-04
1.820432096719741821e-01
-1.163643002510070801e-01
-2.734551951289176941e-02
-4.455004036426544189e-01
-3.951221704483032227e-01
-1.933131366968154907e-01
-5.597839355468750000e-01
-4.997676983475685120e-02
-1.843480765819549561e-01
-4.457621648907661438e-02
2.275588363409042358e-01
-1.948710083961486816e-01
8.477674424648284912e-02
-3.309422731399536133e-01
-3.941287994384765625e-01
6.271857619285583496e-01
5.633642673492431641e-01
7.540590763092041016e-01
-5.054890513420104980e-01
2.624306678771972656e-01
-1.238829195499420166e-01
7.176111340522766113e-01
5.540567040443420410e-01
3.396043777465820312e-01
3.685102611780166626e-02
1.928711682558059692e-01
4.821008145809173584e-01
-2.646308839321136475e-01
-4.078644141554832458e-02
2.988575994968414307e-01
5.163158848881721497e-02
-3.571597933769226074e-01
-2.497030049562454224e-01
-2.054044306278228760e-01
-3.031853400170803070e-02
9.056952595710754395e-02
-3.463494405150413513e-02
-1.861514747142791748e-01
-4.697167277336120605e-01
-1.335770543664693832e-02
1.211210638284683228e-01
-2.538445778191089630e-02
2.547788619995117188e-01
1.029213070869445801e-01
2.524902820587158203e-01
3.594942390918731689e-01
1.142038330435752869e-01
5.732309445738792419e-02
-2.092524915933609009e-01
1.627872288227081299e-01
-8.970227092504501343e-02
-3.232666105031967163e-02
-2.616919577121734619e-01
1.746650785207748413e-01
-9.737435728311538696e-02
2.740304172039031982e-01
-1.658563613891601562e-01
-1.975042223930358887e-01
-7.296483963727951050e-02
-1.061848849058151245e-01
3.333555757999420166e-01
-7.894641757011413574e-01
-4.485681653022766113e-01
-1.264238357543945312e-01
-1.308736354112625122e-01
-1.223552785813808441e-02
-1.249377131462097168e-01
-3.515448868274688721e-01
3.117361068725585938e-01
4.782649576663970947e-01
8.318305760622024536e-02
-1.108385622501373291e-01
-2.946168184280395508e-01
3.277592658996582031e-01
-1.414091438055038452e-01
4.324916303157806396e-01
2.162109017372131348e-01
-3.513653278350830078e-01
-4.831553995609283447e-01
-6.555209159851074219e-01
1.427277326583862305e-01
-2.623284757137298584e-01
-8.862232416868209839e-02
5.036857724189758301e-01
1.595576107501983643e-01
1.664518415927886963e-01
-1.364568471908569336e-01
-5.753385424613952637e-01
-4.555726051330566406e-01
4.284848272800445557e-01
-1.110213324427604675e-01
-1.333811581134796143e-01
-4.938313066959381104e-01
8.677091449499130249e-02
1.833311468362808228e-01
-7.724419981241226196e-02
5.952417850494384766e-02
-4.019357860088348389e-01
-6.035093069076538086e-01
-1.730376183986663818e-01
5.358608365058898926e-01
1.080246865749359131e-01
-2.412194162607192993e-01
6.857125163078308105e-01
-7.724869996309280396e-02
6.006876826286315918e-01
-3.720485419034957886e-02
3.086072802543640137e-01
-2.717812061309814453e-01
1.372082829475402832e-01
9.463338553905487061e-02
-2.969258129596710205e-01
4.737676680088043213e-02
-3.776424527168273926e-01
-2.549930512905120850e-01
1.962040960788726807e-01
-1.099140420556068420e-01
-1.200608983635902405e-01
-7.079030573368072510e-02
-8.910422027111053467e-02
4.229752719402313232e-01
8.961601555347442627e-02
-4.211408793926239014e-01
-2.736331820487976074e-01
-1.593295484781265259e-01
1.547726839780807495e-01
1.078443974256515503e-01
3.534181416034698486e-01
-1.457843091338872910e-02
-4.388797879219055176e-01
1.841058284044265747e-01
-3.031243197619915009e-02
1.525456905364990234e-01
3.558817505836486816e-02
-1.843352466821670532e-01
2.466397285461425781e-01
-8.646867275238037109e-01
1.208344176411628723e-01
1.105673313140869141e-01
3.816127777099609375e-01
2.677313983440399170e-01
-1.189916357398033142e-01
4.091639537364244461e-03
-3.650333881378173828e-01
1.203024685382843018e-01
2.294259369373321533e-01
-3.752741515636444092e-01
-1.295468420721590519e-03
-2.854142785072326660e-01
-2.976415157318115234e-01
-5.811191722750663757e-02
2.057301551103591919e-01
1.526671499013900757e-01
-1.595207452774047852e-01
-3.759153783321380615e-01
1.349607408046722412e-01
-4.192556738853454590e-01
3.856031298637390137e-01
9.796875715255737305e-02
3.729213178157806396e-01
6.072236895561218262e-01
-4.436225295066833496e-01
-6.898312270641326904e-02
-1.749094277620315552e-01
-9.388078749179840088e-02
-1.802666932344436646e-01
7.096771150827407837e-02
3.415380120277404785e-01
8.379476517438888550e-02
-4.786901548504829407e-02
-3.805775567889213562e-02
5.659483373165130615e-03
1.636900752782821655e-01
7.180169969797134399e-02
1.356674358248710632e-03
-1.499394774436950684e-01
-1.401289831846952438e-02
2.825134992599487305e-01
2.404013276100158691e-01
-1.366143077611923218e-01
-2.586566209793090820e-01
2.381808608770370483e-01
6.707569211721420288e-02
-1.133329942822456360e-01
2.142854034900665283e-01
-4.353855550289154053e-01
9.184200316667556763e-02
2.154864519834518433e-01
1.686934232711791992e-01
-5.457490682601928711e-01
-2.530926764011383057e-01
1.575764417648315430e-01
1.340199261903762817e-01
1.685288995504379272e-01
-1.504993736743927002e-01
-3.336923420429229736e-01
1.587980799376964569e-02
2.398958355188369751e-01
2.617410719394683838e-01
2.181548029184341431e-01
-1.481076180934906006e-01
1.256197690963745117e-01
1.182270795106887817e-01
-4.244311153888702393e-01
-8.949999511241912842e-02
-2.473220825195312500e-01
-2.855852544307708740e-01
4.086561128497123718e-02
-1.400405466556549072e-01
-9.070846438407897949e-02
-2.376226931810379028e-01
1.577243506908416748e-01
-5.800888314843177795e-02
1.069608628749847412e-01
-2.267014235258102417e-01
-1.749155968427658081e-01
-2.537597417831420898e-01
-3.043999150395393372e-02
3.118708431720733643e-01
2.920758426189422607e-01
1.174530014395713806e-01
-2.380035817623138428e-01
6.184156611561775208e-02
1.539722234010696411e-01
-2.504236102104187012e-01
-1.976828575134277344e-01
-6.526553630828857422e-02
-2.336522042751312256e-01
-2.036939933896064758e-02
1.956166625022888184e-01
-2.837257385253906250e-01
1.434822566807270050e-02
-2.001185119152069092e-01
-1.268030554056167603e-01
-5.359301343560218811e-02
2.341124415397644043e-01
2.577866427600383759e-02
9.140494465827941895e-02
-1.674994230270385742e-01
-2.595335543155670166e-01
-1.161502748727798462e-01
-1.556093394756317139e-01
-1.323326379060745239e-01
-1.010009869933128357e-01
1.243639662861824036e-01
2.334887832403182983e-01
-1.067163720726966858e-01
1.298620458692312241e-02
3.160514831542968750e-01
1.812788397073745728e-01
-3.081391155719757080e-01
-3.593221902847290039e-01
-6.536975502967834473e-02
-1.599694490432739258e-01
1.042301952838897705e-01
8.117625489830970764e-03
-2.518081068992614746e-01
5.450276285409927368e-02
-1.040880903601646423e-01
-3.235111236572265625e-01
-4.082836508750915527e-01
2.369826734066009521e-01
1.414707154035568237e-01
8.136772364377975464e-02
2.809053845703601837e-02
1.931658536195755005e-01
-2.011286914348602295e-01
7.425576448440551758e-02
-5.444895625114440918e-01
-1.912896335124969482e-01
7.970603704452514648e-01
3.091034293174743652e-02
3.606740385293960571e-02
1.956134140491485596e-01
-1.494237929582595825e-01
3.679718077182769775e-02
-2.793409228324890137e-01
1.491769850254058838e-01
2.708567082881927490e-01
1.624699234962463379e-01
8.988907933235168457e-02
-9.991764277219772339e-02
2.009934484958648682e-01
-3.186880648136138916e-01
3.559850156307220459e-02
-4.029161036014556885e-01
-9.557612240314483643e-02
-2.038290947675704956e-01
-4.548434540629386902e-02
3.918464481830596924e-01
9.373871982097625732e-02
-1.775625795125961304e-01
-2.390763461589813232e-01
1.378782987594604492e-01
3.305777013301849365e-01
2.864734828472137451e-01
1.156588122248649597e-01
-1.776285171508789062e-01
3.155948594212532043e-02
-1.903274655342102051e-02
1.012165918946266174e-01
8.586618117988109589e-03
-1.937356032431125641e-02
9.084422886371612549e-02
9.934581071138381958e-02
-4.836466908454895020e-02
1.267459690570831299e-01
-3.189758360385894775e-01
-3.967455625534057617e-01
1.008315309882164001e-01
9.114738702774047852e-01
4.363494217395782471e-01
1.713012009859085083e-01
2.158073335886001587e-01
-5.014804601669311523e-01
-2.970372736454010010e-01
-2.095745317637920380e-02
-1.516129076480865479e-01
-2.653362601995468140e-02
4.919049739837646484e-01
-8.526438847184181213e-03
-1.153481900691986084e-01
-4.088584706187248230e-02
-5.518700480461120605e-01
-9.596767276525497437e-02
1.797795593738555908e-01
-2.899943292140960693e-01
3.311760425567626953e-01
1.325224991887807846e-02
-2.268989980220794678e-01
-5.348729714751243591e-02
3.718913197517395020e-01
-2.786017656326293945e-01
4.123665094375610352e-01
-2.087986618280410767e-01
1.874992549419403076e-01
-5.342144370079040527e-01
-2.155555039644241333e-01
1.390403509140014648e+00
9.014334529638290405e-02
6.302703171968460083e-02
8.234650492668151855e-01
6.788487732410430908e-02
-9.290440380573272705e-02
-4.166751503944396973e-01
-3.922562301158905029e-01
1.134662851691246033e-01
-5.652948617935180664e-01
-2.581577561795711517e-02
6.482528448104858398e-01
6.340829282999038696e-02
-7.758033275604248047e-02
1.984434574842453003e-01
8.271765708923339844e-02
-6.613601744174957275e-02
1.757590919733047485e-01
-4.576291441917419434e-01
-7.677068114280700684e-01
3.778183460235595703e-02
-3.872459754347801208e-02
-2.497661113739013672e-01
1.296671330928802490e-01
-1.288764178752899170e-01
-8.114603906869888306e-02
-2.767333388328552246e-02
3.969586491584777832e-01
1.663838773965835571e-01
-1.441501080989837646e-01
3.826930373907089233e-02
-1.787642762064933777e-02
-1.864610314369201660e-01
-1.307683289051055908e-01
1.658782809972763062e-01
-4.773922860622406006e-01
1.966133564710617065e-01
-2.079432159662246704e-01
6.256633400917053223e-01
4.109254479408264160e-02
-6.897304654121398926e-01
9.307441115379333496e-02
-3.023605644702911377e-01
-3.010556995868682861e-01
-6.177002787590026855e-01
-3.023566603660583496e-01
1.102143898606300354e-01
2.213339507579803467e-01
-3.025440573692321777e-01
-8.028151839971542358e-02
2.308579236268997192e-01
1.865655481815338135e-01
3.576628565788269043e-01
2.958324253559112549e-01
2.793099880218505859e-01
3.247068822383880615e-01
2.334231138229370117e-01
-3.651499748229980469e-01
-8.900936692953109741e-02
7.176520675420761108e-02
1.670301854610443115e-01
4.704741835594177246e-01
1.358902156352996826e-01
2.782377600669860840e-01
4.067153930664062500e-01
8.806386590003967285e-02
1.674278676509857178e-01
-2.178423851728439331e-01
2.869776915758848190e-03
3.018902838230133057e-01
-1.501563042402267456e-01
-2.731730043888092041e-01
6.596297770738601685e-02
4.012697041034698486e-01
2.223506569862365723e-01
-2.798001170158386230e-01
-4.740815460681915283e-01
3.261270746588706970e-02
-1.875406131148338318e-02
4.256413578987121582e-01
3.863682970404624939e-02
3.235256075859069824e-01
-5.968081578612327576e-02
2.227044291794300079e-02
-2.027029693126678467e-01
-4.339507818222045898e-01
-1.623945981264114380e-01
2.972620911896228790e-02
-3.436589986085891724e-02
8.870629966259002686e-02
-2.397077828645706177e-01
2.879234850406646729e-01
9.766535758972167969e-01
5.309635996818542480e-01
3.470572829246520996e-01
3.678147196769714355e-01
-1.296734511852264404e-01
-4.100812375545501709e-01
1.399951279163360596e-01
-9.893154352903366089e-02
-1.367172747850418091e-01
1.415934134274721146e-02
1.423434615135192871e-01
-7.691881060600280762e-02
5.367298126220703125e-01
-4.661408960819244385e-01
-1.324200481176376343e-01
-1.676153093576431274e-01
1.038292646408081055e-01
-2.100435197353363037e-01
-2.938579916954040527e-01
4.076159298419952393e-01
5.619579460471868515e-03
-2.805475294589996338e-01
5.088755488395690918e-02
3.856407999992370605e-01
-6.844869256019592285e-02
-2.638172209262847900e-01
-4.496376514434814453e-01
-4.036951363086700439e-01
-3.241636976599693298e-02
-9.716018289327621460e-02
-3.183825016021728516e-01
2.834958732128143311e-01
2.318267077207565308e-01
-5.872815847396850586e-02
2.188048809766769409e-01
3.800958022475242615e-02
5.934148281812667847e-02
-3.086893074214458466e-02
-1.446707993745803833e-01
1.850945055484771729e-01
-2.845783829689025879e-01
-4.860438033938407898e-02
9.698613733053207397e-02
2.260265946388244629e-01
1.681106239557266235e-01
-1.088276952505111694e-01
-2.207697033882141113e-01
-1.855473071336746216e-01
1.964380592107772827e-02
-1.655250191688537598e-01
-1.728790253400802612e-01
3.593257069587707520e-01
5.332036018371582031e-01
2.449541836977005005e-01
1.832645088434219360e-01
1.296107470989227295e-01
1.525077670812606812e-01
7.226541042327880859e-01
-8.541840314865112305e-02
-7.948948144912719727e-01
-1.296893060207366943e-01
5.579951032996177673e-02
2.269149571657180786e-01
-1.301653385162353516e-01
2.677232623100280762e-01
-2.733094990253448486e-01
4.376666843891143799e-01
6.851571798324584961e-01
3.024613559246063232e-01
7.733174413442611694e-02
3.417206406593322754e-01
-2.725696191191673279e-02
-1.345012336969375610e-01
8.557007648050785065e-03
-3.671613633632659912e-01
-1.407242417335510254e-01
-4.684586077928543091e-02
-1.015384271740913391e-01
-3.988240063190460205e-01
-2.473778091371059418e-03
-2.924878299236297607e-01
1.036778558045625687e-02
-2.855279147624969482e-01
-1.999035030603408813e-01
1.347440481185913086e-01
3.605971336364746094e-01
-9.532352909445762634e-03
-1.106417849659919739e-01
-1.508765667676925659e-01
-3.700120151042938232e-01
-1.703534871339797974e-01
-2.336793392896652222e-01
-7.430857513099908829e-03
1.386643499135971069e-01
9.254225343465805054e-02
-2.392195910215377808e-02
-7.830095291137695312e-02
-1.981679201126098633e-01
4.047184437513351440e-02
-3.049151897430419922e-01
-1.381991207599639893e-01
4.096109271049499512e-01
-1.200596429407596588e-02
-1.702917218208312988e-01
3.739643841981887817e-02
-3.944698572158813477e-01
-1.692705750465393066e-01
4.659353196620941162e-02
1.996124386787414551e-01
1.549857761710882187e-02
1.014051437377929688e-01
-1.730726473033428192e-02
-6.079801172018051147e-02
-6.177280843257904053e-02
1.778753250837326050e-01
-1.990323811769485474e-01
-1.372245997190475464e-01
-3.364920318126678467e-01
1.571890860795974731e-01
2.010054737329483032e-01
2.229146510362625122e-01
9.703054092824459076e-03
-2.501785289496183395e-03
-4.599228501319885254e-02
4.466255605220794678e-01
2.750103771686553955e-01
-1.889636814594268799e-01
-5.345703959465026855e-01
1.517979502677917480e-01
-3.151293396949768066e-01
-2.762550115585327148e-01
3.567750565707683563e-03
-8.426223881542682648e-03
2.806603908538818359e-01
1.083487048745155334e-01
3.470841348171234131e-01
2.840016186237335205e-01
-4.400925710797309875e-02
2.594950422644615173e-02
-2.542696297168731689e-01
1.214583171531558037e-03
3.399166166782379150e-01
4.783785343170166016e-02
-3.160067498683929443e-01
-2.691851556301116943e-01
1.616117954254150391e-01
-4.643929749727249146e-02
1.195095255970954895e-01
8.037148416042327881e-02
1.231344416737556458e-02
1.825088076293468475e-02
-9.211095422506332397e-02
-2.364491373300552368e-01
8.131153136491775513e-02
-1.208766475319862366e-01
5.760481953620910645e-02
-5.583297833800315857e-02
4.596649669110774994e-03
-3.076095879077911377e-01
5.054289847612380981e-02
1.936512738466262817e-01
3.750950098037719727e-01
-2.082270681858062744e-01
6.334738433361053467e-02
-3.274672329425811768e-01
2.152473330497741699e-01
2.714386284351348877e-01
-5.455271899700164795e-02
-1.312116980552673340e-01
1.758878380060195923e-01
3.755307495594024658e-01
-1.718981862068176270e-01
1.324655413627624512e-01
-4.018938839435577393e-01
3.010522760450839996e-02
-3.577596247196197510e-01
-2.108282744884490967e-01
1.392600387334823608e-01
-1.342808604240417480e-01
5.605593323707580566e-01
-1.875851899385452271e-01
8.334565907716751099e-02
5.420155823230743408e-02
1.837889850139617920e-01
2.960377335548400879e-01
5.253587365150451660e-01
-2.247572392225265503e-01
-1.346411257982254028e-01
-1.351563185453414917e-01
-2.540026977658271790e-02
8.317901939153671265e-02
-1.060204058885574341e-01
-1.687333136796951294e-01
3.390727937221527100e-01
2.278796397149562836e-02
2.502603828907012939e-01
2.300917953252792358e-01
-5.611348524689674377e-02
2.403357625007629395e-01
-2.013545185327529907e-01
-1.638356479816138744e-03
4.274644255638122559e-01
5.023452267050743103e-02
8.038081973791122437e-02
5.155452713370323181e-02
-3.128683865070343018e-01
-1.863400787115097046e-01
1.069385111331939697e-01
5.366466939449310303e-02
1.492873430252075195e-01
-2.693225741386413574e-01
2.754743397235870361e-01
1.323892325162887573e-01
-4.888266697525978088e-02
-2.274868637323379517e-01
-1.666572839021682739e-01
-1.643051803112030029e-01
-7.082813233137130737e-02
-2.632437348365783691e-01
1.086504459381103516e-01
5.268621072173118591e-02
3.201728686690330505e-02
-1.468163579702377319e-01
-4.832444339990615845e-02
-3.708370327949523926e-01
-2.286044806241989136e-01
-2.315377742052078247e-01
-8.895235508680343628e-02
-1.458418965339660645e-01
-1.348010897636413574e-01
-7.280214875936508179e-02
5.962830409407615662e-02
2.575730979442596436e-01
-1.818601638078689575e-01
-4.993591085076332092e-02
6.714832037687301636e-02
-2.156307548284530640e-02
4.061208069324493408e-01
-4.621820524334907532e-02
5.996802449226379395e-01
-1.591851264238357544e-01
1.699651777744293213e-01
2.364703416824340820e-01
-2.629171907901763916e-01
-7.123306393623352051e-02
-4.083935320377349854e-01
-8.256839215755462646e-02
2.932557463645935059e-01
3.790862858295440674e-01
-5.261474251747131348e-01
1.788296103477478027e-01
-3.599587082862854004e-01
3.690784871578216553e-01
-3.626969158649444580e-01
-3.036016523838043213e-01
2.452150881290435791e-01
-1.098716259002685547e-01
-1.493009328842163086e-01
2.950669527053833008e-01
1.241710409522056580e-01
5.333642959594726562e-01
-3.541664481163024902e-01
2.992867678403854370e-02
1.099416613578796387e-01
-2.258289307355880737e-01
1.544016599655151367e-01
-5.562668666243553162e-02
-1.740968972444534302e-01
-4.916644692420959473e-01
8.377828449010848999e-02
2.871589362621307373e-01
-2.537204921245574951e-01
4.560850262641906738e-01
6.171511858701705933e-02
5.869458988308906555e-02
5.074527263641357422e-01
-4.284016191959381104e-01
-2.313102781772613525e-01
3.304766416549682617e-01
3.243333697319030762e-01
2.621757090091705322e-01
-9.988854080438613892e-02
-3.712926208972930908e-01
1.436934527009725571e-02
2.813347280025482178e-01
-7.182238101959228516e-01
4.838210046291351318e-01
-1.624954640865325928e-01
-7.316403836011886597e-02
5.413433164358139038e-02
-2.414140999317169189e-01
-2.855456173419952393e-01
1.328351944684982300e-01
1.372492592781782150e-02
1.509253680706024170e-01
-4.483304917812347412e-01
6.176136806607246399e-02
2.311758846044540405e-01
3.719720244407653809e-01
-4.245549738407135010e-01
