-6.394384503364562988e-01
-9.353631138801574707e-01
1.641842424869537354e-01
8.017962425947189331e-02
-7.632604241371154785e-01
1.561425477266311646e-01
-6.004228591918945312e-01
6.380878686904907227e-01
6.096882224082946777e-01
6.428004056215286255e-02
8.906089663505554199e-01
-7.368428260087966919e-02
-9.522259831428527832e-01
3.715914785861968994e-01
1.202273070812225342e-01
-6.649923920631408691e-01
4.547582268714904785e-01
1.531432755291461945e-02
8.073296546936035156e-01
2.660897374153137207e-01
8.272373676300048828e-02
3.709414303302764893e-01
-1.938602514564990997e-02
8.566977381706237793e-01
6.249964833259582520e-01
5.467021465301513672e-01
9.605264067649841309e-01
2.518049180507659912e-01
-9.572563171386718750e-01
-4.974040389060974121e-01
-3.309049606323242188e-01
-4.114976823329925537e-01
-3.397411704063415527e-01
1.188207983970642090e+00
-3.054489493370056152e-01
-2.682715654373168945e-01
7.013868093490600586e-01
3.827563226222991943e-01
3.691451847553253174e-01
5.876082777976989746e-01
-7.398198843002319336e-01
6.458473205566406250e-01
-1.983511447906494141e-01
-2.936574518680572510e-01
6.475539207458496094e-01
4.254473447799682617e-01
-5.774899125099182129e-01
-4.469211772084236145e-02
4.287104308605194092e-01
4.110400974750518799e-01
-4.436231255531311035e-01
-1.558534502983093262e-01
-4.919425845146179199e-01
4.201716482639312744e-01
1.530964225530624390e-01
-2.579814493656158447e-01
-8.351016044616699219e-01
-1.983089894056320190e-01
5.293492674827575684e-01
-4.790868759155273438e-01
-1.979486793279647827e-01
-1.156765148043632507e-01
9.350649267435073853e-02
-4.802446663379669189e-01
-6.622151006013154984e-03
8.628906309604644775e-02
-9.770755469799041748e-02
2.439781874418258667e-01
9.608156979084014893e-02
-1.221603676676750183e-01
6.713271886110305786e-02
-1.056710705161094666e-01
-2.516547739505767822e-01
2.010929286479949951e-01
-2.975212931632995605e-01
-2.086064778268337250e-03
-7.886733859777450562e-02
-6.092265248298645020e-02
1.592439264059066772e-01
7.233355194330215454e-02
3.558437824249267578e-01
-2.318729609251022339e-01
1.721369475126266479e-01
4.295545518398284912e-01
-4.644513428211212158e-01
-1.536594182252883911e-01
5.459923744201660156e-01
6.988094002008438110e-02
-2.036461830139160156e-01
-2.005118876695632935e-01
1.234253644943237305e+00
9.040869027376174927e-02
6.875236034393310547e-01
7.541994750499725342e-02
-1.936925053596496582e-01
-1.477503180503845215e-01
8.108166456222534180e-01
-1.327483803033828735e-01
-1.501036733388900757e-01
1.178457617759704590e+00
3.002547621726989746e-01
-3.301761746406555176e-01
-9.374619461596012115e-03
1.871320903301239014e-01
-3.017663955688476562e-01
-4.080203175544738770e-01
9.554591961205005646e-03
-3.135441243648529053e-01
-4.488616064190864563e-02
-2.754283845424652100e-01
-8.934436738491058350e-02
2.200656831264495850e-01
-1.107502058148384094e-01
-2.525767683982849121e-01
2.881333827972412109e-01
7.113876938819885254e-02
3.288345038890838623e-01
2.239986360073089600e-01
-2.942984998226165771e-01
-2.840272784233093262e-01
-4.855440258979797363e-01
-7.094623148441314697e-02
-1.976810991764068604e-01
1.085787895135581493e-03
-1.796299219131469727e-01
-3.710152208805084229e-02
-8.149974793195724487e-02
-4.758847951889038086e-01
9.313392639160156250e-02
4.361670091748237610e-02
-7.109890878200531006e-02
4.749380946159362793e-01
6.162002310156822205e-02
4.058665931224822998e-01
-3.695355951786041260e-01
-3.345471024513244629e-01
1.519056260585784912e-01
-2.181728482246398926e-01
1.599001437425613403e-01
4.729028344154357910e-01
5.490474775433540344e-02
-8.917298167943954468e-02
9.088850021362304688e-02
2.859798967838287354e-01
2.853389680385589600e-01
-4.210084676742553711e-02
2.438621222972869873e-02
-1.460780203342437744e-01
1.743084192276000977e-02
-9.308966808021068573e-03
-3.014920465648174286e-02
2.640234827995300293e-01
-7.036705315113067627e-02
1.564907431602478027e-01
-2.917189598083496094e-01
-6.343839764595031738e-01
1.310432434082031250e+00
-5.737543106079101562e-01
2.560064792633056641e-01
3.373079001903533936e-01
-2.821679227054119110e-02
1.449828445911407471e-01
1.689147502183914185e-01
-3.324066698551177979e-01
1.604033708572387695e-01
9.654978662729263306e-02
-2.492890655994415283e-01
2.426405698060989380e-01
2.106820046901702881e-01
3.696830570697784424e-01
3.677613660693168640e-02
-2.138228714466094971e-01
-1.926216483116149902e-01
3.863784074783325195e-01
-3.047556877136230469e-01
-2.829338312149047852e-01
-1.359780728816986084e-01
-1.371551491320133209e-02
2.842625081539154053e-01
2.968929409980773926e-01
1.145838797092437744e-01
-1.194464191794395447e-01
-8.678818494081497192e-02
-2.256974764168262482e-02
4.787511005997657776e-02
5.851253867149353027e-02
-1.369260847568511963e-01
-1.512537002563476562e-01
-1.956459581851959229e-01
-3.642615303397178650e-02
3.805439472198486328e-01
-1.348323971033096313e-01
6.689049303531646729e-02
9.014610946178436279e-02
-1.313461959362030029e-01
-3.696192055940628052e-02
-2.439900040626525879e-01
-9.784683585166931152e-03
1.602325886487960815e-01
2.786840498447418213e-01
-1.171282902359962463e-01
-2.057300880551338196e-02
-2.829824686050415039e-01
1.044935435056686401e-01
8.896477520465850830e-03
2.087603211402893066e-01
-1.458497941493988037e-01
1.186107248067855835e-01
5.515382066369056702e-02
2.891029790043830872e-02
9.120118804275989532e-03
1.798682063817977905e-01
2.284584492444992065e-01
2.747947275638580322e-01
-7.160510867834091187e-02
-1.513069719076156616e-01
-4.657692909240722656e-01
-2.324184030294418335e-01
1.105659902095794678e-01
-2.506300210952758789e-01
8.008883893489837646e-02
3.056218922138214111e-01
2.410180568695068359e-01
5.051197484135627747e-02
3.617897033691406250e-01
4.197055939584970474e-03
1.305139996111392975e-02
-2.083631455898284912e-01
2.406590133905410767e-01
1.920822262763977051e-01
-2.460479289293289185e-01
-2.436557561159133911e-01
-8.197257667779922485e-02
2.135116904973983765e-01
-7.089416682720184326e-02
-2.266882508993148804e-01
-1.113928407430648804e-01
-2.181747406721115112e-01
3.137797117233276367e-02
8.806455135345458984e-02
6.866586208343505859e-01
-1.322453320026397705e-01
-3.272097110748291016e-01
-7.896367311477661133e-01
-2.111943960189819336e-01
2.246542125940322876e-01
-3.737930953502655029e-01
1.168698310852050781e+00
-1.355583220720291138e-01
-5.113635063171386719e-01
4.821060970425605774e-02
-4.084646999835968018e-01
3.785774111747741699e-01
-3.796059787273406982e-01
-1.036992296576499939e-01
1.097242712974548340e+00
-6.346610188484191895e-01
7.251245379447937012e-01
-7.802472114562988281e-01
-4.481950029730796814e-02
1.145318895578384399e-01
-1.900613605976104736e-01
2.914481759071350098e-01
-8.704991638660430908e-02
-9.600760042667388916e-02
-3.716791272163391113e-01
1.780035197734832764e-01
1.619000881910324097e-01
-3.585810363292694092e-01
-1.993834823369979858e-01
1.813682168722152710e-01
-1.363384127616882324e-01
1.429307758808135986e-01
-3.224316537380218506e-01
2.110062837600708008e-01
-9.734609723091125488e-02
-1.376169770956039429e-01
9.829214215278625488e-02
-2.598217129707336426e-01
1.076133996248245239e-01
8.940719068050384521e-02
8.515083044767379761e-02
3.282102197408676147e-02
-3.304575085639953613e-01
-1.601340472698211670e-01
1.709686219692230225e-01
-2.587761357426643372e-02
2.564448118209838867e-01
2.410336136817932129e-01
-8.955430984497070312e-02
-7.592472434043884277e-01
-9.854645282030105591e-02
-3.318342566490173340e-01
-2.041917145252227783e-01
4.347342550754547119e-01
2.981611527502536774e-02
-4.034458398818969727e-01
1.226350963115692139e-01
-2.191158682107925415e-01
-5.856713056564331055e-01
3.328270316123962402e-01
-2.966707348823547363e-01
-1.221097931265830994e-01
8.358658850193023682e-02
-2.715407609939575195e-01
-1.167682558298110962e-01
1.949855238199234009e-01
2.236241400241851807e-01
-2.364549785852432251e-01
-1.906328052282333374e-01
-1.982603967189788818e-01
-2.980825863778591156e-02
1.618945002555847168e-01
-5.085186958312988281e-01
5.815126374363899231e-02
3.436697646975517273e-02
-1.812507659196853638e-01
3.702532649040222168e-01
-1.427517980337142944e-01
-1.515066176652908325e-01
-5.447289347648620605e-02
-3.614079207181930542e-02
7.238423079252243042e-02
4.097089171409606934e-01
-3.029468841850757599e-02
-1.688539236783981323e-01
5.659752339124679565e-02
1.039065569639205933e-01
1.350443810224533081e-01
-1.515123695135116577e-01
1.559302508831024170e-01
1.212148293852806091e-01
1.096858382225036621e-01
-6.145496293902397156e-02
-1.874416470527648926e-01
2.052585482597351074e-01
6.940894722938537598e-01
-3.556993976235389709e-02
1.574043035507202148e-01
2.559713721275329590e-01
8.779373764991760254e-02
-2.252094000577926636e-01
-7.380689959973096848e-03
2.593992948532104492e-01
-2.366754710674285889e-01
3.911344334483146667e-02
9.465373307466506958e-02
3.240747749805450439e-02
-1.319499760866165161e-01
-1.957295686006546021e-01
2.869919240474700928e-01
7.126151770353317261e-02
1.450968235731124878e-01
-2.426957935094833374e-01
1.687475144863128662e-01
2.112376987934112549e-01
3.684466779232025146e-01
7.112068124115467072e-03
-6.414996087551116943e-02
2.603846490383148193e-01
2.561210691928863525e-01
-1.809581369161605835e-01
3.869061768054962158e-01
3.446543216705322266e-01
-3.297195136547088623e-01
-4.480031728744506836e-01
1.301004588603973389e-01
-1.428906172513961792e-01
-3.722307682037353516e-01
-2.703672461211681366e-02
1.132767368108034134e-02
-1.771560758352279663e-01
-9.039114415645599365e-02
-3.595410585403442383e-01
2.842589020729064941e-01
1.755921542644500732e-01
5.097328424453735352e-01
7.770217210054397583e-02
-3.485013544559478760e-01
5.947147309780120850e-02
-3.984067738056182861e-01
8.220636844635009766e-02
-4.137195944786071777e-01
-9.318219125270843506e-02
3.046810328960418701e-01
4.284156262874603271e-01
-4.281481504440307617e-01
7.115736603736877441e-02
1.729296743869781494e-01
5.390042066574096680e-01
6.878241896629333496e-02
1.108942460268735886e-02
-6.703882664442062378e-02
5.397498011589050293e-01
-2.016231715679168701e-01
-9.829290211200714111e-02
-5.597907304763793945e-01
-3.481758832931518555e-01
2.236259281635284424e-01
1.216486841440200806e-01
3.798350393772125244e-01
-2.351145148277282715e-01
3.035043776035308838e-01
1.979979127645492554e-01
-1.677233725786209106e-01
-3.333278894424438477e-01
2.635639011859893799e-01
-1.075262725353240967e-01
-3.719088733196258545e-01
-4.718165993690490723e-01
-1.439329981803894043e-01
-7.183612883090972900e-02
9.664497524499893188e-02
-3.655129671096801758e-01
2.439139932394027710e-01
3.628633916378021240e-01
6.002976298332214355e-01
2.330889254808425903e-01
-1.637261211872100830e-01
-1.263858675956726074e-01
1.018707826733589172e-01
-1.487723886966705322e-01
1.641533225774765015e-01
2.358814626932144165e-01
-3.771834373474121094e-01
-3.589945137500762939e-01
9.218377619981765747e-02
-1.047244742512702942e-01
-3.553852140903472900e-01
-2.956058382987976074e-01
-1.203344576060771942e-02
-8.039676398038864136e-02
-1.522264815866947174e-02
-4.580219984054565430e-01
3.535605669021606445e-01
1.834330856800079346e-01
5.436507463455200195e-01
4.357595145702362061e-01
-1.016003116965293884e-01
-2.863634824752807617e-01
2.207787930965423584e-01
-4.101361632347106934e-01
2.817631065845489502e-01
3.732151165604591370e-02
-4.910491406917572021e-01
-4.499151110649108887e-01
3.460699021816253662e-01
-2.180904299020767212e-01
-6.069968342781066895e-01
-6.447833776473999023e-01
-2.188035547733306885e-01
1.370104849338531494e-01
-1.509701609611511230e-01
-4.731983840465545654e-01
2.126559615135192871e-01
4.149973988533020020e-01
2.428215444087982178e-01
2.522235214710235596e-01
-4.096388220787048340e-01
-8.052001148462295532e-02
2.817019820213317871e-01
-5.179452300071716309e-01
-1.470609754323959351e-01
-1.508804857730865479e-01
-5.228001624345779419e-02
3.000822365283966064e-01
2.068344056606292725e-01
-1.411730200052261353e-01
1.104232296347618103e-01
-2.200714498758316040e-01
8.861852437257766724e-02
1.436993330717086792e-01
6.699509918689727783e-02
7.241433113813400269e-02
-2.457266598939895630e-01
1.215798854827880859e-01
1.532967388629913330e-01
6.551304459571838379e-02
-1.451899111270904541e-01
3.755706548690795898e-02
-7.192678004503250122e-02
2.437348067760467529e-01
-2.186245471239089966e-01
3.356561937835067511e-04
3.120425045490264893e-01
-1.171931922435760498e-01
1.459897309541702271e-01
1.270311176776885986e-01
6.222682818770408630e-02
6.267315745353698730e-01
6.923928856849670410e-02
-1.590133309364318848e-01
-1.131854578852653503e-01
-4.369702041149139404e-01
-4.808143526315689087e-02
-2.213084697723388672e-01
-2.205483615398406982e-02
-3.066544979810714722e-02
-2.356441020965576172e-01
-1.710250675678253174e-01
-2.161567360162734985e-01
2.164247632026672363e-01
1.131317857652902603e-02
1.882232278585433960e-01
1.317484617233276367e+00
-1.522639244794845581e-01
1.132898703217506409e-01
-1.558872461318969727e-01
1.549723744392395020e-01
4.633292257785797119e-01
-1.448580920696258545e-01
3.189810216426849365e-01
-2.865009605884552002e-01
4.497933089733123779e-01
-2.086305022239685059e-01
2.712921798229217529e-01
7.273861020803451538e-02
2.580047249794006348e-01
-4.328032582998275757e-02
1.959553807973861694e-01
2.676797211170196533e-01
2.100937068462371826e-01
9.129106253385543823e-02
-4.859780967235565186e-01
2.621754705905914307e-01
9.335911273956298828e-02
-9.336719289422035217e-03
9.936802089214324951e-02
1.269989013671875000e-01
4.382593631744384766e-01
6.557363271713256836e-02
2.634103000164031982e-01
4.203398823738098145e-01
5.388770252466201782e-02
-1.139156445860862732e-01
2.853754758834838867e-01
-2.187276035547256470e-01
2.369310557842254639e-01
1.900741010904312134e-01
-1.063261702656745911e-01
4.024669528007507324e-03
6.986211240291595459e-02
1.791628450155258179e-01
-2.202847599983215332e-01
-1.346377879381179810e-01
-1.296997517347335815e-01
2.456394135951995850e-01
-1.716037839651107788e-01
5.388193204998970032e-02
2.763838469982147217e-01
3.348267450928688049e-02
-8.192081935703754425e-03
1.339076906442642212e-01
1.945884823799133301e-01
-1.747729480266571045e-01
2.212373167276382446e-01
5.977609753608703613e-02
2.969584763050079346e-01
2.106944769620895386e-01
4.037159383296966553e-01
-2.870303988456726074e-01
-6.202617287635803223e-01
-7.331490516662597656e-02
-1.523348242044448853e-01
1.060000881552696228e-01
5.281291157007217407e-02
-2.739143073558807373e-01
-5.565144419670104980e-01
1.834029108285903931e-01
3.130910992622375488e-01
-1.396966129541397095e-01
-5.682992632500827312e-04
-9.703490883111953735e-02
8.373058438301086426e-01
-1.730299592018127441e-01
4.438557028770446777e-01
9.535535424947738647e-02
2.007713727653026581e-02
2.177970260381698608e-01
-1.644979864358901978e-01
-3.916640877723693848e-01
-1.317949146032333374e-01
4.381532073020935059e-01
-1.517874896526336670e-01
2.185954898595809937e-01
-2.155252248048782349e-01
-3.031601607799530029e-01
-9.747970849275588989e-02
-9.200216084718704224e-02
-3.224004209041595459e-01
3.995231166481971741e-02
3.512353636324405670e-03
1.854620426893234253e-01
2.939957976341247559e-01
1.844179779291152954e-01
5.895040631294250488e-01
-2.683429121971130371e-01
8.403441905975341797e-01
6.953196525573730469e-01
6.092163920402526855e-01
-1.301642134785652161e-02
-9.903960675001144409e-02
-4.624338448047637939e-01
2.202887386083602905e-01
-1.295612845569849014e-02
4.411145448684692383e-01
9.024531394243240356e-02
-7.707457407377660275e-04
2.371074706315994263e-01
3.024070858955383301e-01
-6.839838624000549316e-02
2.111815959215164185e-01
7.565622031688690186e-02
2.853245660662651062e-02
-1.531948596239089966e-01
-9.615655988454818726e-02
2.736244201660156250e-01
-8.074979782104492188e-01
-5.956676006317138672e-01
-5.931758284568786621e-01
1.990721561014652252e-02
-1.707318872213363647e-01
-4.231424536556005478e-03
4.612077772617340088e-01
1.201774358749389648e+00
4.894733056426048279e-02
-8.619871735572814941e-02
-5.222187563776969910e-02
3.727720677852630615e-01
2.982327938079833984e-01
-2.353337965905666351e-02
4.373593255877494812e-02
-2.191012501716613770e-01
6.274341046810150146e-02
-2.675429880619049072e-01
2.235847264528274536e-01
5.823726952075958252e-02
-1.491724997758865356e-01
8.105528354644775391e-02
1.351249068975448608e-01
-2.847665548324584961e-01
4.005239903926849365e-01
3.213088512420654297e-01
3.327763974666595459e-01
2.832177877426147461e-01
-2.387314736843109131e-01
-3.773766756057739258e-02
3.725770860910415649e-02
1.108737438917160034e-01
-1.241468638181686401e-02
-2.626348733901977539e-01
-6.645823717117309570e-01
7.862834632396697998e-02
3.874017894268035889e-01
1.651183664798736572e-01
5.079961195588111877e-02
1.965051293373107910e-01
1.751319766044616699e-01
-8.496583253145217896e-02
2.883151173591613770e-04
-1.634505540132522583e-01
-7.819416932761669159e-03
-2.857534289360046387e-01
2.542090415954589844e-01
-4.782136678695678711e-01
2.648029923439025879e-01
-1.877982169389724731e-02
1.277039200067520142e-01
1.137310042977333069e-01
7.342667877674102783e-02
-2.433326095342636108e-02
-1.506059020757675171e-01
-1.167190968990325928e-01
5.306023359298706055e-02
-2.860058844089508057e-01
-4.469296336174011230e-01
3.627584278583526611e-01
-3.997330069541931152e-01
1.208916865289211273e-02
-4.572662115097045898e-01
-9.918976575136184692e-03
1.088281393051147461e+00
3.978249058127403259e-02
8.334391564130783081e-02
1.905116438865661621e-01
2.368320822715759277e-01
4.582798182964324951e-01
5.951938405632972717e-02
6.120484694838523865e-02
4.891942441463470459e-01
1.511849015951156616e-01
-4.455519020557403564e-01
-4.099626466631889343e-02
7.591248303651809692e-02
9.741524606943130493e-02
-1.928612776100635529e-02
4.368606209754943848e-02
-6.660508364439010620e-02
-3.177970275282859802e-02
-1.957295536994934082e-01
1.643655598163604736e-01
-1.959966272115707397e-01
-4.820847809314727783e-01
2.067350596189498901e-01
-4.602660536766052246e-01
4.740462005138397217e-01
-7.839754968881607056e-02
2.487405687570571899e-01
4.751402884721755981e-02
1.260821223258972168e-01
-1.652880311012268066e-01
1.297287791967391968e-01
-4.139668866991996765e-02
-3.107598982751369476e-02
-1.445881277322769165e-01
-4.559507966041564941e-01
5.935119986534118652e-01
-6.283380985260009766e-01
-5.680553913116455078e-01
-5.605801939964294434e-01
5.437057837843894958e-02
1.218936741352081299e-01
1.258595436811447144e-01
3.465923368930816650e-01
-2.338682115077972412e-01
-8.210135996341705322e-02
1.705344999209046364e-03
-8.694718033075332642e-02
-8.904720842838287354e-02
-4.316037297248840332e-01
-7.502329349517822266e-02
-5.961901545524597168e-01
-1.874933242797851562e-01
2.637608647346496582e-01
1.729498952627182007e-01
-2.367555052042007446e-01
-3.610894456505775452e-02
-1.739312410354614258e-01
1.662806719541549683e-01
-1.002351120114326477e-01
-1.256302446126937866e-01
-2.014755308628082275e-01
3.027010858058929443e-01
-2.414451390504837036e-01
3.261178731918334961e-01
-4.308327436447143555e-01
-9.783242642879486084e-02
-1.327012628316879272e-01
6.767154484987258911e-02
-1.027416363358497620e-01
-5.227121338248252869e-02
-2.382995486259460449e-01
1.607094407081604004e-01
5.888072028756141663e-02
2.347711175680160522e-01
2.882316708564758301e-01
-2.928276658058166504e-01
3.550481796264648438e-01
4.196311235427856445e-01
2.126609832048416138e-01
-1.464360803365707397e-01
-1.259847283363342285e+00
2.854550182819366455e-01
3.914260864257812500e-01
-1.171573624014854431e-01
-2.850692868232727051e-01
1.587615013122558594e-01
3.477427065372467041e-01
-2.235498428344726562e-01
-2.486404776573181152e-01
-4.660091549158096313e-02
1.166231036186218262e-01
6.942518800497055054e-02
-2.186499685049057007e-01
-5.555142089724540710e-02
-1.864899843931198120e-01
1.767734885215759277e-01
-1.683539301156997681e-01
-1.324401497840881348e-01
-4.599032551050186157e-02
-3.502307459712028503e-02
-1.213852539658546448e-01
-2.968235015869140625e-01
3.539785444736480713e-01
-7.331568747758865356e-02
1.053999438881874084e-01
9.846490621566772461e-02
-2.139077186584472656e-01
1.572529375553131104e-01
3.377156257629394531e-01
-1.206588149070739746e-01
-2.285475283861160278e-01
-2.202267348766326904e-01
-8.672253042459487915e-02
-3.841036558151245117e-02
-4.818819165229797363e-01
1.509950906038284302e-01
-5.813187956809997559e-01
-4.396857321262359619e-01
-6.118472814559936523e-01
-2.852471172809600830e-01
3.472749590873718262e-01
1.644595265388488770e-01
-1.002802252769470215e+00
-7.759074568748474121e-01
9.721704572439193726e-02
2.087360322475433350e-01
2.517098784446716309e-01
-5.590874552726745605e-01
-5.932608842849731445e-01
4.876369237899780273e-01
-2.588191330432891846e-01
6.598358750343322754e-01
8.460283279418945312e-02
4.701508283615112305e-01
-2.081972211599349976e-01
1.033870056271553040e-01
-9.401977807283401489e-02
-2.339282929897308350e-01
4.840209782123565674e-01
-2.932659089565277100e-01
1.026809737086296082e-01
2.956649065017700195e-01
-1.806849092245101929e-01
5.108590126037597656e-01
-1.329610049724578857e-01
-2.007163763046264648e-01
-2.013483271002769470e-02
-1.204971373081207275e-01
-3.082647919654846191e-01
2.607310116291046143e-01
2.142920903861522675e-02
6.010910496115684509e-02
-9.102776646614074707e-02
3.191349506378173828e-01
4.857915937900543213e-01
-5.143058300018310547e-01
4.516084194183349609e-01
1.224281713366508484e-01
3.153698444366455078e-01
-1.747441887855529785e-01
4.252492450177669525e-03
2.536003291606903076e-01
-4.933124482631683350e-01
2.967070415616035461e-02
-1.118256598711013794e-01
-2.416485995054244995e-01
-5.789787322282791138e-02
1.389710009098052979e-01
-1.160734146833419800e-01
2.695558667182922363e-01
-9.777066856622695923e-02
3.569913208484649658e-01
3.050490617752075195e-01
-1.133114546537399292e-01
1.464875042438507080e-01
-4.545471668243408203e-01
4.557866752147674561e-01
3.850158154964447021e-01
5.115018486976623535e-01
3.454245924949645996e-01
-1.125969830900430679e-02
-4.006462395191192627e-01
-7.032927870750427246e-02
1.640292108058929443e-01
5.750032663345336914e-01
3.815594315528869629e-01
-1.769060827791690826e-02
1.166863963007926941e-01
5.075560808181762695e-01
1.778980642557144165e-01
-2.389568090438842773e-01
3.478346019983291626e-02
-1.367405205965042114e-01
-4.108320176601409912e-02
6.902927905321121216e-02
2.645315825939178467e-01
-2.311985194683074951e-01
-4.204121828079223633e-01
-3.682382404804229736e-02
-3.919123206287622452e-03
2.485581487417221069e-01
2.163799703121185303e-01
5.093703512102365494e-03
1.197249665856361389e-01
-2.214394658803939819e-01
8.269614540040493011e-03
1.742502450942993164e-01
-2.425597310066223145e-01
-7.607774343341588974e-03
2.001302875578403473e-02
1.690554469823837280e-01
-3.417619168758392334e-01
-3.102357089519500732e-01
-1.252826768904924393e-02
1.534505933523178101e-01
-3.630135059356689453e-01
-1.877050288021564484e-02
2.527960203588008881e-02
1.053622290492057800e-01
6.800600886344909668e-02
4.021637439727783203e-01
4.436429142951965332e-01
4.822786524891853333e-02
4.213886335492134094e-02
-2.161127924919128418e-01
-2.674640156328678131e-02
2.755675911903381348e-01
-4.486194550991058350e-01
-2.557628154754638672e-01
-2.846873104572296143e-01
-2.155558168888092041e-01
-7.112351655960083008e-01
-1.807641983032226562e-01
-3.604953289031982422e-01
2.458044886589050293e-01
-4.862955212593078613e-01
1.501222997903823853e-01
-2.257660403847694397e-02
-1.640411317348480225e-01
4.141215085983276367e-01
3.824037313461303711e-02
-3.708579540252685547e-01
-6.104426980018615723e-01
2.576356530189514160e-01
-7.958278656005859375e-01
4.002122879028320312e-01
1.569731533527374268e-01
-1.431306153535842896e-01
8.019860386848449707e-01
2.856324017047882080e-01
7.868455052375793457e-01
1.729868054389953613e-01
-3.980523645877838135e-01
3.145171105861663818e-01
6.756571531295776367e-01
-7.333195954561233521e-02
-7.699933052062988281e-01
-5.112327933311462402e-01
7.626655101776123047e-01
-1.199502199888229370e-01
2.310409098863601685e-01
-1.623600423336029053e-01
-3.288263455033302307e-03
1.888169050216674805e-01
-3.950366675853729248e-01
4.498405754566192627e-01
-2.698462083935737610e-02
-2.309074401855468750e-01
1.583351492881774902e-01
-2.782706618309020996e-01
5.027962327003479004e-01
1.473890542984008789e-01
-1.773803830146789551e-01
-8.034776896238327026e-02
7.398890703916549683e-02
4.685270041227340698e-02
-5.032492280006408691e-01
1.224625259637832642e-01
1.768629103899002075e-01
-1.413948237895965576e-01
-2.535403668880462646e-01
4.290553182363510132e-02
-6.662692129611968994e-02
-5.238877236843109131e-02
-1.215326935052871704e-01
-5.667018890380859375e-02
2.938121557235717773e-02
1.892451792955398560e-01
1.900073289871215820e-01
-3.849466443061828613e-01
9.100694209337234497e-02
2.869900763034820557e-01
-4.099060595035552979e-02
1.383577138185501099e-01
6.998456269502639771e-02
-2.511348947882652283e-02
-1.207515373826026917e-01
-2.586864233016967773e-01
-1.310226321220397949e-01
-1.224047839641571045e-01
2.015880681574344635e-02
6.213726475834846497e-02
-1.037822663784027100e-01
2.067956477403640747e-01
1.206398606300354004e-01
4.709396138787269592e-02
-5.600634813308715820e-01
3.675151467323303223e-01
-1.954630017280578613e-02
-8.090556263923645020e-01
9.317163378000259399e-02
4.787640273571014404e-01
1.325184404850006104e-01
1.999586671590805054e-01
3.144791722297668457e-02
3.014954924583435059e-01
-7.833027839660644531e-02
4.702142626047134399e-02
-1.518189311027526855e-01
6.312999874353408813e-03
4.444223642349243164e-01
-3.962625190615653992e-02
-9.999681264162063599e-02
3.674729764461517334e-01
-7.562219165265560150e-03
3.440083563327789307e-01
7.119413018226623535e-01
-1.081206183880567551e-02
-2.879649400711059570e-01
2.226676642894744873e-01
1.156290546059608459e-01
-4.171528220176696777e-01
-3.296149969100952148e-01
-1.383839249610900879e-01
3.905628249049186707e-02
-7.732830047607421875e-01
-1.457645595073699951e-01
1.997212618589401245e-01
-1.844905018806457520e-01
1.834111511707305908e-01
1.310064345598220825e-01
1.828833222389221191e-01
-1.349748969078063965e-01
1.241617351770401001e-01
1.521217823028564453e-02
4.742408171296119690e-02
1.867246478796005249e-01
-5.025392770767211914e-01
-1.602671742439270020e-01
-1.832491457462310791e-01
-1.910710334777832031e-01
-3.024023473262786865e-01
1.032140105962753296e-01
-3.217965364456176758e-01
-1.053617894649505615e-01
-1.590462476015090942e-01
-2.216335386037826538e-01
-7.020028680562973022e-02
4.128417968750000000e-01
-2.223451733589172363e-01
4.264866411685943604e-01
4.434114098548889160e-01
3.365226835012435913e-02
5.919958949089050293e-01
-2.406930774450302124e-01
7.630380243062973022e-02
5.041317343711853027e-01
2.363072186708450317e-01
-2.923211753368377686e-01
-2.806864380836486816e-01
-6.309674680233001709e-02
-5.415117740631103516e-01
4.978329688310623169e-02
-2.495685815811157227e-01
3.969253227114677429e-02
-6.671199202537536621e-01
1.668431311845779419e-01
-1.400389224290847778e-01
-8.070635795593261719e-02
9.403503686189651489e-02
-1.955891251564025879e-01
-5.528474450111389160e-01
-1.079772040247917175e-01
-5.087248086929321289e-01
1.543825119733810425e-02
-1.067315489053726196e-01
-1.979650929570198059e-02
-1.576801240444183350e-01
3.330540955066680908e-01
-6.211581081151962280e-02
1.801923960447311401e-01
1.894828528165817261e-01
-8.630325645208358765e-02
4.266914129257202148e-01
-2.654888927936553955e-01
2.433144599199295044e-01
-1.520458757877349854e-01
-3.033708930015563965e-01
1.785716712474822998e-01
-1.978618949651718140e-01
-1.597870290279388428e-01
-4.208151996135711670e-01
-5.413424372673034668e-01
-3.626891970634460449e-01
-2.426363825798034668e-01
-8.502316474914550781e-02
-2.046285718679428101e-01
2.475400269031524658e-01
8.474060148000717163e-02
2.470522373914718628e-01
3.632143139839172363e-01
5.884777903556823730e-01
-1.674111485481262207e-01
3.787854611873626709e-01
-2.846328616142272949e-01
2.138505689799785614e-02
-5.187869444489479065e-02
-8.835467509925365448e-03
-3.111512027680873871e-02
-1.919557750225067139e-01
-2.683101296424865723e-01
4.006498754024505615e-01
2.919598221778869629e-01
2.121537923812866211e-01
-9.581557661294937134e-02
2.044318616390228271e-02
8.977693319320678711e-02
-5.066002011299133301e-01
-1.839148253202438354e-01
1.378387808799743652e-01
6.088966876268386841e-02
-6.706812381744384766e-01
-1.340296119451522827e-01
-5.848752707242965698e-02
9.896301664412021637e-03
-1.050479561090469360e-01
1.918307244777679443e-01
2.653697133064270020e-01
-1.321225464344024658e-01
4.948053061962127686e-01
-3.584864139556884766e-01
-2.169604897499084473e-01
-1.154172345995903015e-01
-7.048160433769226074e-01
1.127199754118919373e-01
-1.086394414305686951e-01
-3.033676445484161377e-01
1.217676624655723572e-01
-8.777607977390289307e-02
7.130959630012512207e-01
8.752810209989547729e-02
-1.405919436365365982e-02
4.398215189576148987e-02
6.502123177051544189e-02
-2.069648802280426025e-01
3.970541357994079590e-01
2.040838450193405151e-01
9.805728495121002197e-02
2.986418604850769043e-01
1.622351258993148804e-01
-6.446749567985534668e-01
-1.459864079952239990e-01
-2.784875631332397461e-01
9.531031548976898193e-02
9.315458685159683228e-02
-1.774126738309860229e-01
-3.049530088901519775e-01
3.839618265628814697e-01
-1.515568792819976807e-01
-1.196316480636596680e-01
-9.109234064817428589e-02
4.549938440322875977e-01
-7.122048735618591309e-02
2.569059431552886963e-01
-8.732668310403823853e-02
-1.205079406499862671e-01
9.414774179458618164e-02
-2.749613225460052490e-01
-3.572547435760498047e-02
-3.702295422554016113e-01
3.123540244996547699e-02
2.053163945674896240e-01
1.814069151878356934e-01
1.743990927934646606e-01
1.902577131986618042e-01
-3.023272454738616943e-01
-1.078780740499496460e-01
1.972793936729431152e-01
-2.455198913812637329e-01
-2.979773581027984619e-01
-3.147954344749450684e-01
1.077678203582763672e-01
1.960879415273666382e-01
1.954703629016876221e-01
-2.993086278438568115e-01
6.188405677676200867e-02
7.930234819650650024e-02
4.173031449317932129e-01
-4.678645133972167969e-01
3.688864782452583313e-02
-1.026115939021110535e-01
-1.442996412515640259e-01
-2.632288634777069092e-01
1.550720483064651489e-01
2.180849909782409668e-01
-3.547780215740203857e-02
7.188943773508071899e-02
9.758763015270233154e-03
-4.056156426668167114e-02
-2.473416775465011597e-01
-3.584973514080047607e-02
3.269096016883850098e-01
1.900568604469299316e-01
4.183060526847839355e-01
-9.169979393482208252e-02
4.523362815380096436e-01
2.234202027320861816e-01
-9.555409103631973267e-02
-1.485913246870040894e-01
-6.108278632164001465e-01
-3.370848000049591064e-01
-9.480287879705429077e-02
1.964312344789505005e-01
3.369383513927459717e-01
2.181265801191329956e-01
6.708512455224990845e-02
2.886603176593780518e-01
3.582701832056045532e-02
-1.888219416141510010e-01
-5.991096794605255127e-02
1.411366760730743408e-01
2.279444783926010132e-01
-2.326081693172454834e-01
-5.647796392440795898e-02
-2.481922879815101624e-02
-1.236688196659088135e-01
-1.275551617145538330e-01
2.861545383930206299e-01
-5.342871546745300293e-01
1.599725335836410522e-01
3.229972440749406815e-03
-2.287213653326034546e-01
-2.369648069143295288e-01
2.317550629377365112e-01
-3.512538075447082520e-01
3.305616378784179688e-01
2.605855166912078857e-01
-1.669511795043945312e-01
5.007931496948003769e-03
2.997629940509796143e-01
5.362830162048339844e-01
-4.294963553547859192e-02
-3.190821111202239990e-01
-1.557859405875205994e-02
1.855823844671249390e-01
-7.273856550455093384e-02
-4.017903208732604980e-01
-3.481321632862091064e-01
5.751136541366577148e-01
-2.087535336613655090e-02
-2.385793179273605347e-01
-2.846361398696899414e-01
-1.804545372724533081e-01
8.192188292741775513e-02
1.890568733215332031e-01
-1.479231864213943481e-01
-4.409095942974090576e-01
4.467457532882690430e-01
2.565438449382781982e-01
-2.143249362707138062e-01
-1.775425821542739868e-01
4.689855873584747314e-01
1.014333814382553101e-01
1.958338022232055664e-01
-1.227954998612403870e-01
-1.946296729147434235e-02
-1.443257629871368408e-01
-1.560805290937423706e-01
-2.693071961402893066e-01
4.397045671939849854e-01
-5.422744899988174438e-02
-2.967529594898223877e-01
-1.919638812541961670e-01
2.703771293163299561e-01
-7.783803343772888184e-01
6.848694682121276855e-01
-2.179554663598537445e-02
3.352032601833343506e-02
7.839729785919189453e-01
3.697494864463806152e-01
7.695496082305908203e-01
-1.719067990779876709e-01
-2.291809916496276855e-01
3.223474025726318359e-01
7.603325843811035156e-01
-1.503446251153945923e-01
-7.476068735122680664e-01
-5.839288234710693359e-01
7.190881967544555664e-01
-2.742960155010223389e-01
-1.210039630532264709e-01
1.256244927644729614e-01
2.007189989089965820e-01
1.593642085790634155e-01
3.485531806945800781e-01
-3.596992790699005127e-01
-3.896164521574974060e-02
-1.819387227296829224e-01
-4.168048202991485596e-01
3.733322024345397949e-02
-2.414347529411315918e-01
-1.974561959505081177e-01
2.783627212047576904e-01
-1.183916926383972168e-01
-2.815505266189575195e-01
3.057695627212524414e-01
4.572035670280456543e-01
4.078973829746246338e-01
-3.576358556747436523e-01
-9.914172440767288208e-02
6.369777023792266846e-02
8.118481934070587158e-02
-2.577535808086395264e-01
-5.405453220009803772e-02
-1.604080013930797577e-02
1.628688573837280273e-01
2.016032785177230835e-01
-2.758313715457916260e-01
-1.481053531169891357e-01
-2.977691590785980225e-02
1.972354575991630554e-02
2.919416315853595734e-02
-1.817331761121749878e-01
-2.699465118348598480e-02
-8.802754431962966919e-02
-3.795165941119194031e-02
1.363265067338943481e-01
2.760446369647979736e-01
7.817417383193969727e-02
-1.923596300184726715e-02
1.800829768180847168e-01
2.188412398099899292e-01
-2.943382561206817627e-01
-1.217696666717529297e+00
5.036661773920059204e-02
1.850986294448375702e-02
7.556674629449844360e-02
-9.975500404834747314e-02
9.405463188886642456e-02
1.986714899539947510e-01
1.327528208494186401e-01
-2.552368938922882080e-01
1.359338760375976562e-01
-3.177902102470397949e-02
2.435543090105056763e-01
1.666422337293624878e-01
-3.183262050151824951e-01
1.510381251573562622e-01
-3.638281021267175674e-03
-4.100349843502044678e-01
4.953167214989662170e-02
6.809484213590621948e-02
1.791823059320449829e-01
2.628814578056335449e-01
-4.882152751088142395e-02
-8.018820285797119141e-01
-4.136232659220695496e-02
5.601292476058006287e-02
-3.051599301397800446e-02
1.709733754396438599e-01
-7.381324470043182373e-02
5.633356571197509766e-01
1.541509628295898438e-01
1.868441700935363770e-01
3.532248139381408691e-01
-5.680813919752836227e-03
5.048624873161315918e-01
2.194241434335708618e-01
-6.790092587471008301e-02
-2.392005175352096558e-01
-4.914104342460632324e-01
-3.257351517677307129e-01
-1.774928569793701172e-01
7.280142605304718018e-02
5.442137271165847778e-02
5.097217112779617310e-02
-3.410244733095169067e-02
2.310536503791809082e-01
1.486488245427608490e-02
2.806382179260253906e-01
2.328793257474899292e-01
1.065443158149719238e-01
2.437045276165008545e-01
2.303179204463958740e-01
-6.304824352264404297e-02
-5.344802737236022949e-01
2.571119740605354309e-02
-5.002729892730712891e-01
1.647394150495529175e-01
1.725199446082115173e-02
-5.275715142488479614e-02
-5.857580900192260742e-02
2.419067472219467163e-01
-2.555089294910430908e-01
-8.788429200649261475e-02
1.264477148652076721e-02
3.899947553873062134e-02
1.429223120212554932e-01
1.708001643419265747e-02
1.095526367425918579e-01
-2.312285006046295166e-01
2.668658494949340820e-01
-1.476371288299560547e-01
-1.208598166704177856e-01
-2.134682238101959229e-02
3.914445042610168457e-01
-9.405858814716339111e-02
1.130838617682456970e-01
-1.023234948515892029e-01
3.148983791470527649e-02
-1.344043612480163574e+00
-1.297986209392547607e-01
-2.077919244766235352e-01
8.888076245784759521e-02
7.122328132390975952e-02
-4.372489079833030701e-02
2.784110903739929199e-01
-3.105497360229492188e-01
-3.871329536195844412e-04
1.723159998655319214e-01
3.253126144409179688e-02
1.775769740343093872e-01
5.950726866722106934e-01
1.625016182661056519e-01
1.287885159254074097e-01
-5.075407624244689941e-01
9.561534225940704346e-02
-1.104910254478454590e+00
5.863132476806640625e-01
6.162032112479209900e-02
-2.397857308387756348e-01
3.060734868049621582e-01
3.634555935859680176e-01
6.765238046646118164e-01
2.697118371725082397e-02
1.097829565405845642e-01
1.359640061855316162e-01
-3.628236055374145508e-01
1.393927633762359619e-01
-3.792026937007904053e-01
-4.931063577532768250e-02
-4.823404550552368164e-01
-8.382733911275863647e-02
3.440082967281341553e-01
3.784039244055747986e-02
-2.174279540777206421e-01
5.509202368557453156e-03
-4.327689707279205322e-01
3.102501630783081055e-01
1.499136835336685181e-01
-2.735438644886016846e-01
2.480531781911849976e-01
2.828259766101837158e-01
1.444716751575469971e-01
1.712285131216049194e-01
-3.974566236138343811e-02
-6.001778319478034973e-02
-2.820918858051300049e-01
-6.381031125783920288e-02
3.598871231079101562e-01
-2.358845621347427368e-01
2.663374841213226318e-01
6.447790563106536865e-02
-2.747760117053985596e-01
4.380745813250541687e-02
1.619059294462203979e-01
1.306354850530624390e-01
-2.607476413249969482e-01
1.112870797514915466e-01
-1.502785235643386841e-01
-6.753439456224441528e-02
3.473153412342071533e-01
1.744350045919418335e-01
3.665059208869934082e-01
1.063466817140579224e-01
2.402855455875396729e-01
-3.091799654066562653e-02
-1.694747656583786011e-01
-3.017550893127918243e-02
-4.463640749454498291e-01
-1.546832621097564697e-01
-1.926167011260986328e-01
-7.003590464591979980e-02
-5.730982869863510132e-02
1.566195935010910034e-01
1.767648011445999146e-01
6.666740030050277710e-02
6.113374233245849609e-02
-4.559721425175666809e-02
2.239284962415695190e-01
-1.041926369071006775e-01
-9.232214093208312988e-02
-2.189914882183074951e-01
-7.955020666122436523e-01
1.190412603318691254e-02
-2.686440944671630859e-01
2.758802473545074463e-01
-2.516044974327087402e-01
-4.949722811579704285e-02
-1.730676367878913879e-02
1.309681683778762817e-01
-3.562926948070526123e-01
-1.245543360710144043e-02
-6.047001481056213379e-02
1.982925683259963989e-01
-1.840492151677608490e-02
-2.803106307983398438e-01
7.499855011701583862e-02
1.501242667436599731e-01
-3.005802035331726074e-01
-7.667121291160583496e-02
-2.844850718975067139e-01
3.906145691871643066e-01
5.169582962989807129e-01
-7.043006364256143570e-03
-4.068886116147041321e-02
-7.456828653812408447e-02
6.550854444503784180e-02
1.941567361354827881e-01
-3.463456034660339355e-02
-1.063637956976890564e-01
1.143396645784378052e-01
1.423283070325851440e-01
3.132061660289764404e-01
1.681946665048599243e-01
-5.541178584098815918e-02
6.206123828887939453e-01
-1.550236940383911133e-01
-1.107393391430377960e-02
2.845011949539184570e-01
-1.690794080495834351e-01
-1.004441753029823303e-01
-3.288027048110961914e-01
-5.212855935096740723e-01
5.887908861041069031e-02
1.268436461687088013e-01
5.665732622146606445e-01
-3.048169016838073730e-01
-4.520243406295776367e-01
-3.385477140545845032e-02
-4.982843995094299316e-02
-3.128544688224792480e-01
2.327126264572143555e-01
-4.503563344478607178e-01
-1.334486752748489380e-01
1.035383865237236023e-01
-3.117752969264984131e-01
-5.242173373699188232e-02
8.063590526580810547e-02
-3.952044248580932617e-01
2.020097076892852783e-01
-2.230276465415954590e-01
2.894485294818878174e-01
3.231565952301025391e-01
1.352309286594390869e-01
-3.691601157188415527e-01
1.243124306201934814e-01
5.514330416917800903e-02
1.989079117774963379e-01
1.438883095979690552e-01
1.911159306764602661e-01
3.745164573192596436e-01
9.709370136260986328e-02
9.347531199455261230e-02
5.004647374153137207e-02
-2.635034322738647461e-01
8.440628051757812500e-01
-1.718636006116867065e-01
-1.642998680472373962e-02
2.882191538810729980e-01
-6.483676284551620483e-02
-1.781095750629901886e-02
-3.717273771762847900e-01
-1.039118528366088867e+00
4.675414413213729858e-02
7.952196151018142700e-02
2.952473238110542297e-02
-2.536845803260803223e-01
-2.638374269008636475e-01
3.834410309791564941e-01
-2.346975654363632202e-01
-1.282784938812255859e-01
7.686527818441390991e-02
-2.121747881174087524e-01
2.228707373142242432e-01
1.183166503906250000e-01
-2.323759347200393677e-01
1.739434003829956055e-01
2.719662487506866455e-01
-1.025156117975711823e-02
-7.070132344961166382e-02
1.373990327119827271e-01
1.860997080802917480e-01
1.545041799545288086e+00
-3.993338048458099365e-01
1.155746541917324066e-02
-2.850739061832427979e-01
-7.370582222938537598e-02
-2.240590602159500122e-01
-2.694586515426635742e-01
-2.529895007610321045e-01
3.219052776694297791e-02
-1.888600736856460571e-02
4.233913719654083252e-01
1.348333209753036499e-01
-2.728947997093200684e-01
3.633803129196166992e-01
3.274780884385108948e-02
-4.974166676402091980e-02
-5.045459866523742676e-01
-1.243876963853836060e-01
-9.930520504713058472e-02
-2.135417014360427856e-01
1.060122027993202209e-01
-6.710124015808105469e-01
-1.738249063491821289e-01
6.604497320950031281e-04
8.803234249353408813e-02
1.944133192300796509e-01
-3.637892305850982666e-01
5.913500785827636719e-01
1.578509658575057983e-01
-1.213418096303939819e-01
1.224917471408843994e-01
-9.117335081100463867e-01
1.112398803234100342e-01
3.126370310783386230e-01
-1.168866455554962158e-02
-2.045562714338302612e-01
-3.096926212310791016e-01
-1.511537283658981323e-02
2.772067859768867493e-02
3.412950783967971802e-02
7.451168894767761230e-01
-2.680397629737854004e-01
-2.618306875228881836e-01
-1.986739039421081543e-01
3.063279390335083008e-01
4.449124336242675781e-01
-2.942557036876678467e-01
9.408338367938995361e-02
3.389278948307037354e-01
8.121244027279317379e-04
-3.160545602440834045e-02
-1.199137344956398010e-01
-8.236077614128589630e-03
4.648550450801849365e-01
1.277364492416381836e-01
-3.020657896995544434e-01
-3.470742609351873398e-03
4.013286530971527100e-01
7.507742941379547119e-02
2.603932917118072510e-01
1.047457531094551086e-01
6.148928403854370117e-02
5.162649601697921753e-02
1.624478492885828018e-03
-6.527864933013916016e-02
1.875983625650405884e-01
-7.469672709703445435e-02
2.186378985643386841e-01
-2.384785562753677368e-01
-4.379055202007293701e-01
-1.636868417263031006e-01
-3.212028741836547852e-01
3.403747081756591797e-01
-1.276328861713409424e-01
7.336784005165100098e-01
-4.798970222473144531e-01
3.673684597015380859e-01
1.032875031232833862e-01
-1.622307747602462769e-01
3.765329346060752869e-02
-1.166687130928039551e+00
5.737379193305969238e-02
8.683395385742187500e-02
-3.088591396808624268e-01
6.266857981681823730e-01
7.520652376115322113e-03
-2.112060487270355225e-01
5.969721078872680664e-01
-8.857913315296173096e-02
3.959820419549942017e-02
5.347192659974098206e-02
-7.406533360481262207e-01
-1.549126803874969482e-01
-3.348547518253326416e-01
6.193185597658157349e-02
8.093620091676712036e-02
-2.783811688423156738e-01
-1.024968922138214111e-01
2.002405077219009399e-01
1.502908766269683838e-01
3.867030143737792969e-01
-2.501088380813598633e-01
-4.528991281986236572e-01
-3.065064847469329834e-01
-3.266164362430572510e-01
-2.633142843842506409e-02
7.579954713582992554e-02
-3.074742853641510010e-01
-1.433407068252563477e-01
-8.302796632051467896e-03
-1.865002959966659546e-01
3.386053740978240967e-01
1.696972250938415527e-01
-1.573520302772521973e-01
1.426669657230377197e-01
-1.522103697061538696e-01
-2.655718326568603516e-01
1.754826605319976807e-01
-2.399498522281646729e-01
2.105680704116821289e-01
2.702662162482738495e-02
-1.911209821701049805e-01
-1.061019748449325562e-01
-4.279744923114776611e-01
4.381648600101470947e-01
6.251758337020874023e-01
-3.996795117855072021e-01
7.914578169584274292e-02
5.326477289199829102e-01
1.810720562934875488e-01
2.632422745227813721e-01
3.389386832714080811e-01
-9.165363758802413940e-02
6.560627818107604980e-01
1.001786962151527405e-01
-9.799801558256149292e-02
-5.290951207280158997e-02
-4.520865380764007568e-01
2.554235234856605530e-02
-6.181176379323005676e-02
1.173387542366981506e-01
2.330105006694793701e-01
-2.113445661962032318e-02
3.650045394897460938e-01
-2.172277271747589111e-01
-1.602498143911361694e-01
9.527829475700855255e-03
8.880439400672912598e-02
-3.280211389064788818e-01
-4.093912616372108459e-02
2.172822318971157074e-02
-1.004452779889106750e-01
-5.479645729064941406e-02
-2.350535839796066284e-01
3.386113420128822327e-02
-1.695501804351806641e-01
7.326585054397583008e-01
-3.553093373775482178e-01
-6.935109943151473999e-02
-3.766478504985570908e-03
-3.509992659091949463e-01
-1.468349695205688477e-01
-9.490553289651870728e-02
-6.631556898355484009e-02
6.812841892242431641e-01
-3.183687031269073486e-01
3.667349517345428467e-01
-1.240750625729560852e-01
4.500440359115600586e-01
-1.246793150901794434e+00
-2.993298768997192383e-01
-3.696232736110687256e-01
2.317598462104797363e-01
4.104876518249511719e-02
-2.025437504053115845e-01
-4.125861525535583496e-01
-2.638964056968688965e-01
-7.057245373725891113e-01
4.391877949237823486e-01
-4.136806726455688477e-01
3.441752195358276367e-01
2.708333432674407959e-01
-1.736902445554733276e-01
5.507398843765258789e-01
1.702152490615844727e-01
-2.136387974023818970e-01
6.209555268287658691e-02
-3.573017120361328125e-01
-3.417965769767761230e-01
6.258372664451599121e-01
6.244940757751464844e-01
-3.978127613663673401e-02
-1.057687923312187195e-01
-9.677632898092269897e-02
-7.560776919126510620e-02
-2.385953515768051147e-01
-3.967421948909759521e-01
-6.101204156875610352e-01
8.072279393672943115e-02
1.012815386056900024e-01
-3.791417554020881653e-02
-8.246159553527832031e-02
-1.915004253387451172e-01
-4.579008817672729492e-01
-2.846923768520355225e-01
2.679121792316436768e-01
4.711185023188591003e-02
3.500440418720245361e-01
-3.172273337841033936e-01
-3.046541810035705566e-01
5.002028346061706543e-01
1.426774729043245316e-02
-5.309687554836273193e-02
5.625387430191040039e-01
-8.004158735275268555e-01
7.518315315246582031e-02
-2.025838494300842285e-01
7.509398460388183594e-01
-7.985172867774963379e-01
