-2.349360734224319458e-01
7.449384033679962158e-02
1.552654709666967392e-02
-1.707603037357330322e-01
-4.534011483192443848e-01
-8.441452383995056152e-01
5.825893878936767578e-01
-7.706635594367980957e-01
4.477235376834869385e-01
2.314555048942565918e-01
6.194503903388977051e-01
1.277773082256317139e-01
6.315231919288635254e-01
9.926072955131530762e-01
-5.581158995628356934e-01
-8.713154196739196777e-01
-7.231175303459167480e-01
-5.058122277259826660e-01
3.249161541461944580e-01
-5.311539769172668457e-01
-2.407615631818771362e-01
1.449888825416564941e+00
1.705825477838516235e-01
1.718207836151123047e+00
-1.434936225414276123e-01
-4.291540384292602539e-02
3.430954217910766602e-01
2.694984078407287598e-01
7.862412333488464355e-01
-1.808346807956695557e-01
2.285815179347991943e-01
-6.223520040512084961e-01
3.383029103279113770e-01
-1.511170983314514160e+00
-5.318596959114074707e-01
-6.650243401527404785e-01
-3.751031681895256042e-02
-1.135284066200256348e+00
4.444231986999511719e-01
1.052267476916313171e-01
5.661944150924682617e-01
9.713550098240375519e-03
7.308178544044494629e-01
5.250706672668457031e-01
2.251560986042022705e-01
-1.095860376954078674e-01
1.104963421821594238e-01
-4.458655118942260742e-01
-1.689310669898986816e-01
6.156502366065979004e-01
2.197845429182052612e-01
-2.028523683547973633e-01
-6.984165906906127930e-01
-5.869079828262329102e-01
5.378693938255310059e-01
2.938909828662872314e-01
3.163488209247589111e-01
3.351756334304809570e-01
9.720354080200195312e-01
5.468799471855163574e-01
-1.933583319187164307e-01
-4.807111248373985291e-02
3.528651967644691467e-02
5.299692973494529724e-02
1.848928816616535187e-02
-8.317510038614273071e-02
-2.543046474456787109e-01
1.504805088043212891e-01
5.571163445711135864e-02
1.065226569771766663e-01
1.119738072156906128e-01
-3.258998990058898926e-01
-1.793135553598403931e-01
2.993927150964736938e-02
-2.662427127361297607e-01
3.094633296132087708e-02
1.005737632513046265e-01
1.125052273273468018e-01
1.660111844539642334e-01
-2.169814258813858032e-01
1.381358355283737183e-01
4.441044926643371582e-01
2.643888592720031738e-01
7.145442962646484375e-01
-3.037299960851669312e-02
-3.499425649642944336e-01
-1.954780966043472290e-01
4.471278190612792969e-02
6.893433630466461182e-02
5.250526070594787598e-01
1.260570883750915527e-01
-1.097201406955718994e-01
-7.673699408769607544e-02
-4.525738656520843506e-01
1.479855477809906006e-01
1.008153438568115234e+00
2.318036556243896484e-01
5.199859738349914551e-01
8.942739963531494141e-01
6.931111216545104980e-02
-2.682377398014068604e-01
-8.130654692649841309e-02
3.963311910629272461e-01
5.208300054073333740e-02
-1.106254085898399353e-01
-3.632566193118691444e-03
9.772737324237823486e-02
-2.454283386468887329e-01
-8.074992895126342773e-02
4.398922026157379150e-01
4.916681647300720215e-01
1.725760549306869507e-01
1.373419165611267090e-01
7.919510453939437866e-02
-1.587370336055755615e-01
2.021107226610183716e-01
-1.220563873648643494e-01
-3.063518926501274109e-02
1.266339182853698730e+00
-1.103310883045196533e-01
-1.672828048467636108e-01
-1.628111302852630615e-01
1.837993413209915161e-01
-7.544545829296112061e-02
-1.273457109928131104e-01
-9.253909438848495483e-02
2.706633806228637695e-01
-1.409903168678283691e-01
-3.092539124190807343e-02
1.008953084237873554e-03
1.930260211229324341e-01
3.762897849082946777e-01
6.072247028350830078e-02
-1.166784316301345825e-01
-1.401076614856719971e-01
-1.040671835653483868e-03
-6.036714315414428711e-01
-3.155004931613802910e-03
4.550586454570293427e-03
-1.518781334161758423e-01
-5.324912071228027344e-01
9.709675610065460205e-02
2.417377531528472900e-01
1.686072349548339844e-02
-1.281818300485610962e-01
-4.257275909185409546e-02
-1.952963918447494507e-01
-1.706105843186378479e-02
-5.735146347433328629e-03
2.577731013298034668e-01
1.261029988527297974e-01
4.203507602214813232e-01
5.215774774551391602e-01
2.303204685449600220e-01
-1.880078613758087158e-01
4.219168722629547119e-01
-1.659764498472213745e-01
-6.637652963399887085e-02
4.793312251567840576e-01
-1.117083132266998291e-01
1.885550320148468018e-01
1.663368642330169678e-01
1.162719205021858215e-01
3.892436921596527100e-01
2.515990436077117920e-01
2.969445101916790009e-02
-2.806960046291351318e-01
9.924794733524322510e-02
-1.028453037142753601e-01
3.449660241603851318e-01
-3.361970186233520508e-01
-5.842204689979553223e-01
-1.183994337916374207e-01
-1.734398007392883301e-01
2.161759138107299805e-01
3.383975625038146973e-01
5.267500877380371094e-01
-5.121506378054618835e-02
-1.396934986114501953e-01
4.868168532848358154e-01
1.833915263414382935e-01
2.901375889778137207e-01
1.057561486959457397e-02
2.164270877838134766e-01
-5.452223494648933411e-02
2.550766468048095703e-01
1.531213335692882538e-02
1.677399575710296631e-01
1.981300860643386841e-02
7.505878061056137085e-02
-2.572564482688903809e-01
-1.053856983780860901e-01
-1.105854958295822144e-01
-1.245088130235671997e-01
9.117818623781204224e-02
2.871515154838562012e-01
2.317425012588500977e-01
-1.682548671960830688e-01
2.276515066623687744e-01
-6.173966825008392334e-02
-1.742436587810516357e-01
1.224932596087455750e-01
6.322678923606872559e-02
-2.884826250374317169e-02
-1.481526941061019897e-01
6.603763252496719360e-02
2.040163800120353699e-02
-3.844473063945770264e-01
-1.029920727014541626e-01
-7.936573028564453125e-02
4.383171498775482178e-01
8.349683880805969238e-01
-1.753036081790924072e-01
4.151039291173219681e-03
3.267059847712516785e-02
-1.063952296972274780e-01
-4.292667210102081299e-01
-1.508546154946088791e-02
4.666199684143066406e-01
1.227063871920108795e-02
2.545539438724517822e-01
-7.947892695665359497e-02
-3.029708266258239746e-01
3.480085358023643494e-02
2.177916765213012695e-01
-1.667108982801437378e-01
4.502823576331138611e-02
1.799816787242889404e-01
-2.737874723970890045e-02
-2.024417072534561157e-01
-2.276655733585357666e-01
-2.450653314590454102e-01
-2.243984639644622803e-01
-1.817194819450378418e-01
-2.620956301689147949e-01
-8.852765709161758423e-02
2.030240893363952637e-01
-1.639078557491302490e-01
-2.348729074001312256e-01
-5.668882280588150024e-02
2.114623934030532837e-01
-2.141193151473999023e-01
-7.828942686319351196e-02
9.066161513328552246e-02
-2.121199294924736023e-02
1.196903586387634277e-01
2.635604441165924072e-01
-1.353738456964492798e-01
-2.406851798295974731e-01
2.190337032079696655e-01
-1.512730121612548828e-01
9.517148882150650024e-02
-1.114855334162712097e-01
-2.177279675379395485e-04
1.204260885715484619e-01
7.336566597223281860e-02
-2.604534029960632324e-01
-9.009174536913633347e-04
-2.565811574459075928e-01
1.961745321750640869e-01
-1.145027279853820801e-01
2.861305475234985352e-01
7.323504239320755005e-02
3.455188572406768799e-01
8.405379205942153931e-02
3.942184746265411377e-01
2.477079331874847412e-01
-3.378034830093383789e-01
-4.245309233665466309e-01
2.636802792549133301e-01
1.454158127307891846e-01
1.474003493785858154e-02
-7.048840075731277466e-02
-8.427614718675613403e-02
5.157751590013504028e-02
1.225986182689666748e-01
-6.372440606355667114e-03
-4.496445134282112122e-02
9.473577886819839478e-02
4.680700004100799561e-01
-2.547932863235473633e-01
-1.691083759069442749e-01
-8.267866820096969604e-02
3.695740923285484314e-02
-1.333117038011550903e-01
3.362780809402465820e-01
-9.741954505443572998e-02
2.302621454000473022e-01
-3.805975243449211121e-02
3.753038868308067322e-02
2.712472379207611084e-01
1.958906054496765137e-01
6.498477607965469360e-02
9.086727350950241089e-02
2.196084558963775635e-01
1.250953376293182373e-01
-1.882959455251693726e-01
-3.275717198848724365e-01
3.211651444435119629e-01
1.451473236083984375e-01
2.354988455772399902e-01
-1.265287548303604126e-01
-1.254358291625976562e-01
3.405708968639373779e-01
-8.869136124849319458e-02
1.915363967418670654e-01
3.350805938243865967e-01
-1.893915385007858276e-01
-1.448665410280227661e-01
6.247737258672714233e-02
5.659808218479156494e-02
2.329542934894561768e-01
-1.497944165021181107e-02
-5.090844258666038513e-02
3.222314715385437012e-01
2.202857732772827148e-01
1.172055304050445557e-01
-1.729057878255844116e-01
-1.488323360681533813e-01
1.302781607955694199e-02
-1.030591800808906555e-01
-1.085283830761909485e-01
1.385590136051177979e-01
1.410452574491500854e-01
-5.579184740781784058e-02
9.002511203289031982e-02
9.373714029788970947e-02
-5.867740884423255920e-02
1.559357196092605591e-01
4.546312689781188965e-01
2.776375114917755127e-01
3.293251395225524902e-01
2.074018567800521851e-01
-7.034894824028015137e-02
1.226620152592658997e-01
2.791691422462463379e-01
7.881046272814273834e-03
1.666758507490158081e-01
5.003285408020019531e-01
-1.618923395872116089e-01
-9.757372736930847168e-02
1.172255575656890869e-01
-5.460859462618827820e-02
-2.517984509468078613e-01
-2.281294465065002441e-01
-4.930625669658184052e-03
-9.821042418479919434e-02
8.450862951576709747e-03
-4.020084068179130554e-02
-3.735827803611755371e-01
-1.597272753715515137e-01
3.247370719909667969e-01
4.824456572532653809e-02
-7.339183241128921509e-02
-2.392597496509552002e-01
1.445863991975784302e-01
-8.567356318235397339e-02
9.932298213243484497e-02
1.606206744909286499e-01
-2.219777256250381470e-01
-6.111634522676467896e-02
-5.662580579519271851e-02
9.589838981628417969e-02
4.745718464255332947e-02
-3.296641260385513306e-02
5.198494344949722290e-02
3.966985642910003662e-01
-3.411820530891418457e-01
-1.733364015817642212e-01
3.135031461715698242e-01
3.938093483448028564e-01
1.088315472006797791e-01
1.335612535476684570e-01
-5.036066286265850067e-03
1.396926343441009521e-01
-3.061689808964729309e-02
-2.492942214012145996e-01
-2.001773193478584290e-02
3.146977722644805908e-01
-1.325994282960891724e-01
-2.149500250816345215e-01
1.640771180391311646e-01
2.820447385311126709e-01
-1.627434790134429932e-01
-1.103466749191284180e-01
-1.423593312501907349e-01
-7.787624001502990723e-02
-1.122817024588584900e-01
1.085119470953941345e-01
-7.282539457082748413e-02
1.670523732900619507e-01
-4.988332465291023254e-02
2.887044548988342285e-01
2.481874972581863403e-01
-2.892630994319915771e-01
1.021929830312728882e-01
-1.198916882276535034e-02
2.311303019523620605e-01
-1.438777297735214233e-01
-9.446852654218673706e-02
-1.706779152154922485e-01
-2.813588455319404602e-02
-5.019549131393432617e-01
-4.663798511028289795e-01
1.639391332864761353e-01
4.724297299981117249e-02
2.662789821624755859e-01
-2.315772473812103271e-01
-1.754615008831024170e-01
-2.923039793968200684e-01
1.962603181600570679e-01
1.302977204322814941e-01
1.854757070541381836e-01
3.759651184082031250e-01
-5.019572377204895020e-02
-3.843744397163391113e-01
-2.712587118148803711e-01
-2.980242967605590820e-01
-3.541435301303863525e-01
2.634987235069274902e-01
2.071232348680496216e-01
1.265224367380142212e-01
2.753060460090637207e-01
4.059716314077377319e-02
7.056129723787307739e-02
-1.688786149024963379e-01
-3.070858418941497803e-01
3.030835092067718506e-01
2.095364034175872803e-01
-3.119009546935558319e-02
-2.245903909206390381e-01
-4.749833792448043823e-02
-1.867169141769409180e-01
-2.207482606172561646e-01
-1.846219301223754883e-01
-4.861733317375183105e-02
2.326585650444030762e-01
2.545306682586669922e-01
1.217073500156402588e-01
-9.196025133132934570e-02
-6.715494394302368164e-02
8.592794649302959442e-03
-5.781621672213077545e-03
1.908226013183593750e-01
1.042782738804817200e-01
1.096459180116653442e-01
-2.988618053495883942e-02
-4.832743480801582336e-02
8.531408756971359253e-02
1.679368615150451660e-01
9.711985476315021515e-03
-1.528364568948745728e-01
3.064605221152305603e-02
9.197176247835159302e-02
1.833961606025695801e-01
-1.598692834377288818e-01
4.015657305717468262e-02
-9.265971183776855469e-02
1.010620668530464172e-01
-1.088467836380004883e-01
-1.585195660591125488e-01
1.811198294162750244e-01
-2.269402295351028442e-01
-2.620198428630828857e-01
-1.536369621753692627e-01
3.178283870220184326e-01
2.036994546651840210e-01
3.112616837024688721e-01
1.370151489973068237e-01
1.733877807855606079e-01
-2.629173733294010162e-02
-2.882373929023742676e-01
5.092803016304969788e-02
1.389058679342269897e-01
4.226495698094367981e-02
-4.088670015335083008e-02
-1.205469295382499695e-01
-1.391497701406478882e-01
-1.366282701492309570e-01
-1.000578030943870544e-01
-3.697066605091094971e-01
-2.820824086666107178e-01
4.242964982986450195e-01
-2.247761338949203491e-01
-4.407714903354644775e-01
5.951215028762817383e-01
2.864246070384979248e-01
1.360921002924442291e-02
1.961315870285034180e-01
2.220259159803390503e-01
7.846809029579162598e-01
7.468368858098983765e-02
5.765810012817382812e-01
-3.254533186554908752e-02
-2.717986702919006348e-01
2.070546001195907593e-01
-5.337697267532348633e-01
-1.805824190378189087e-01
-5.834318399429321289e-01
1.820956170558929443e-01
-5.928744748234748840e-02
-4.769635498523712158e-01
-2.242527753114700317e-01
1.430342942476272583e-01
-4.282161891460418701e-01
3.668268024921417236e-02
-1.251641511917114258e-01
1.525535732507705688e-01
3.666249811649322510e-01
1.236244067549705505e-01
2.449930757284164429e-01
-1.534088999032974243e-01
1.043416187167167664e-02
-6.175321340560913086e-01
-1.529045253992080688e-01
2.413981705904006958e-01
9.976191213354468346e-04
1.226430982351303101e-01
-1.895980983972549438e-01
-1.538947671651840210e-01
2.832010574638843536e-02
4.541581869125366211e-01
1.355689167976379395e-01
1.815496385097503662e-01
2.234376221895217896e-02
1.926836669445037842e-01
1.152465865015983582e-01
-3.134480863809585571e-02
-2.949439287185668945e-01
1.380621194839477539e-01
5.066684260964393616e-02
1.509923040866851807e-01
-2.063693106174468994e-02
5.230276584625244141e-01
-4.009968340396881104e-01
2.791347801685333252e-01
-2.205160707235336304e-01
-9.854782372713088989e-03
-2.887062430381774902e-01
1.334198098629713058e-02
-6.386268138885498047e-02
3.349338173866271973e-01
-2.456064336001873016e-02
1.241951063275337219e-01
1.523628085851669312e-01
-1.629247814416885376e-01
1.426743716001510620e-01
1.233578920364379883e-01
8.416242897510528564e-02
2.528614699840545654e-01
2.310296595096588135e-01
-7.996120303869247437e-02
1.932634860277175903e-01
1.012135073542594910e-01
-1.977369002997875214e-02
9.631457179784774780e-02
-2.488302141427993774e-01
-1.002281382679939270e-01
-2.357380837202072144e-01
-7.787020504474639893e-02
-2.440158724784851074e-01
5.743374675512313843e-02
1.806300133466720581e-01
-1.186622902750968933e-01
-6.899660080671310425e-02
-2.642314434051513672e-01
-1.533339023590087891e-01
5.530625954270362854e-02
-1.902443915605545044e-01
2.939900457859039307e-01
-2.467962056398391724e-01
-1.279758810997009277e-01
1.293756254017353058e-02
1.720416247844696045e-01
2.800165712833404541e-01
-1.373767852783203125e-01
5.166631191968917847e-02
-7.451415061950683594e-02
-1.561624705791473389e-01
-6.069255992770195007e-02
5.359837785363197327e-02
-1.556214392185211182e-01
-3.645843863487243652e-01
-1.568451076745986938e-01
-5.832747556269168854e-03
2.675335109233856201e-01
2.414822392165660858e-02
-1.840784102678298950e-01
7.298775017261505127e-02
-2.427005767822265625e-02
9.282461553812026978e-02
-8.658644556999206543e-02
2.323960810899734497e-01
-8.052992820739746094e-02
1.822903305292129517e-01
-8.259613998234272003e-03
-1.165750175714492798e-01
-5.809860303997993469e-02
2.049687132239341736e-02
-1.765474081039428711e-01
4.383117333054542542e-02
-3.922519385814666748e-01
-6.474924832582473755e-02
-2.470769733190536499e-01
5.779743660241365433e-03
9.444952756166458130e-02
2.972121238708496094e-01
-7.959922403097152710e-02
7.029366493225097656e-02
1.110849156975746155e-01
-2.180127203464508057e-01
-2.020624279975891113e-01
2.133226022124290466e-02
9.674658626317977905e-02
-9.906561672687530518e-02
-3.382788598537445068e-01
-2.394997626543045044e-01
-3.749573528766632080e-01
1.228606794029474258e-02
-4.861663654446601868e-02
-3.269910113885998726e-03
3.642063140869140625e-01
7.033218145370483398e-01
1.985238790512084961e-01
1.732544898986816406e-01
-3.049116730690002441e-01
-6.271832436323165894e-02
2.737987637519836426e-01
-5.708669424057006836e-01
-1.687687784433364868e-01
-8.794237673282623291e-02
2.997196316719055176e-01
-2.753297612071037292e-02
6.951974630355834961e-01
1.947690397500991821e-01
3.860076963901519775e-01
2.801145017147064209e-01
1.461160648614168167e-02
7.665732502937316895e-02
-1.993799209594726562e-01
3.557664155960083008e-01
-2.079461328685283661e-02
2.324784547090530396e-01
2.917322814464569092e-01
1.060420125722885132e-01
-3.137815594673156738e-01
-2.475484460592269897e-01
2.521024942398071289e-01
1.229440644383430481e-01
-2.855868041515350342e-01
-4.803158044815063477e-01
-1.835105195641517639e-02
-4.137929081916809082e-01
-9.541486203670501709e-02
1.998186856508255005e-01
-7.229370623826980591e-02
3.644004762172698975e-01
7.827346026897430420e-02
3.699424564838409424e-01
-1.039109081029891968e-01
2.949738875031471252e-02
1.201932653784751892e-01
2.016907334327697754e-01
-2.838715314865112305e-01
-3.828372955322265625e-01
3.118137419223785400e-01
-1.466216444969177246e-01
1.319672614336013794e-01
4.858368933200836182e-01
-2.295419424772262573e-01
1.312827616930007935e-01
1.843116134405136108e-01
-3.177882134914398193e-01
-4.807836413383483887e-01
-3.174616992473602295e-01
-7.353309392929077148e-01
1.653808355331420898e-01
-2.829335629940032959e-01
2.538801431655883789e-01
2.840904295444488525e-01
2.087192982435226440e-01
-9.276782721281051636e-02
7.702412456274032593e-02
-5.551217123866081238e-03
4.777850583195686340e-02
-2.080862522125244141e-01
-1.555577963590621948e-01
-1.075283288955688477e-01
3.745196759700775146e-01
-2.346070259809494019e-01
-5.456918478012084961e-01
-6.196077466011047363e-01
-2.433993071317672729e-01
-3.021707292646169662e-03
1.615098714828491211e-01
-2.927022874355316162e-01
8.037777245044708252e-02
2.524587698280811310e-02
4.052967429161071777e-01
2.246110886335372925e-02
7.095771282911300659e-02
2.885769009590148926e-01
5.866792798042297363e-02
2.278946042060852051e-01
1.480447947978973389e-01
-2.920061945915222168e-01
7.510268688201904297e-02
-2.636059820652008057e-01
5.216907709836959839e-03
-1.218290925025939941e-01
-1.091516241431236267e-01
-2.254451066255569458e-01
-7.227194309234619141e-02
1.896383166313171387e-01
2.915227040648460388e-02
-2.716466486454010010e-01
-4.408132284879684448e-02
-2.518227100372314453e-01
4.041794538497924805e-01
1.321600284427404404e-02
-7.096988707780838013e-02
-1.516391187906265259e-01
-1.929029077291488647e-01
-2.200499325990676880e-01
-1.470277458429336548e-01
1.372492406517267227e-02
-7.094148546457290649e-02
-2.824646234512329102e-01
2.507992088794708252e-01
-2.253324985504150391e-01
-3.290535509586334229e-01
-1.134745925664901733e-01
-2.074893862009048462e-01
-3.351751863956451416e-01
2.126034647226333618e-01
-4.051643908023834229e-01
1.564137488603591919e-01
8.888255059719085693e-02
2.697955667972564697e-01
-2.195321470499038696e-01
1.395861059427261353e-01
3.284294605255126953e-01
-6.314810365438461304e-02
2.682069242000579834e-01
-9.063822031021118164e-02
-2.832635343074798584e-01
2.878102660179138184e-02
-3.165886104106903076e-01
-4.178095757961273193e-01
7.623924314975738525e-02
-1.602802872657775879e-01
-1.493636220693588257e-01
-1.898113042116165161e-01
7.036971859633922577e-03
3.570238947868347168e-01
-1.780819445848464966e-01
-1.113223098218441010e-02
2.547376155853271484e-01
7.973520457744598389e-02
-1.379971355199813843e-01
2.517658174037933350e-01
1.406113356351852417e-01
6.843642890453338623e-02
-4.031631350517272949e-01
-2.991755902767181396e-01
3.105486929416656494e-01
2.956688106060028076e-01
2.472631186246871948e-01
1.802119016647338867e-01
-1.754510700702667236e-01
-1.070296540856361389e-01
-3.066983222961425781e-01
-2.677725255489349365e-01
-1.632888615131378174e-01
-3.918136656284332275e-01
-2.461814731359481812e-01
-7.827613502740859985e-02
-9.478409588336944580e-02
3.720452189445495605e-01
1.815262734889984131e-01
5.116518959403038025e-02
4.330894649028778076e-01
6.569565534591674805e-01
1.926582604646682739e-01
2.056320458650588989e-01
-2.484906017780303955e-01
-8.759776502847671509e-02
5.308815240859985352e-01
-9.565504193305969238e-01
-8.375757932662963867e-02
2.368113249540328979e-01
2.666714489459991455e-01
1.565236300230026245e-01
7.756428718566894531e-01
-6.378988921642303467e-02
8.445936441421508789e-01
1.794602870941162109e-01
-1.399779021739959717e-01
-3.246698081493377686e-01
1.920993328094482422e-01
-1.914156675338745117e-01
-2.711526751518249512e-01
-3.560325801372528076e-01
-1.559628397226333618e-01
-9.054216742515563965e-02
3.341952562332153320e-01
3.987929224967956543e-02
-4.362196624279022217e-01
5.849964022636413574e-01
-1.151013970375061035e-01
1.303315460681915283e-01
-2.820085883140563965e-01
5.163629725575447083e-02
-4.817079603672027588e-01
-9.437491744756698608e-02
-5.144626498222351074e-01
-1.639423072338104248e-01
-8.564721792936325073e-02
-3.708832338452339172e-02
-1.255620718002319336e-01
2.618562877178192139e-01
-9.806390106678009033e-02
-6.046474575996398926e-01
1.425697747617959976e-02
-5.531933903694152832e-02
-4.268205538392066956e-02
2.475210838019847870e-02
-6.861678957939147949e-01
3.977400958538055420e-01
-3.906720876693725586e-02
1.346234530210494995e-01
-1.181953027844429016e-01
1.062906831502914429e-01
-1.116140961647033691e+00
1.554790735244750977e-01
-7.185848951339721680e-01
-1.532752215862274170e-01
6.087081506848335266e-02
-9.002077579498291016e-02
-9.731486439704895020e-02
3.250966966152191162e-01
-2.420128583908081055e-01
-6.777074886485934258e-04
-8.445461094379425049e-02
-2.122361510992050171e-01
-1.054821014404296875e-01
6.443989276885986328e-02
2.827434055507183075e-02
1.512712091207504272e-01
-1.108872815966606140e-01
-3.436814248561859131e-02
2.079389095306396484e-01
-1.159661486744880676e-01
-1.822748184204101562e-01
-1.999540254473686218e-02
-2.198754847049713135e-01
1.651882082223892212e-01
-8.013574033975601196e-02
-5.323148891329765320e-02
8.150872588157653809e-02
-1.580926217138767242e-02
4.695929884910583496e-01
-5.207449197769165039e-02
1.855326443910598755e-02
4.762485995888710022e-02
5.553192645311355591e-02
2.931903898715972900e-01
8.216440677642822266e-02
-6.508911401033401489e-02
1.377334445714950562e-01
-3.525369241833686829e-02
1.809247881174087524e-01
1.433425992727279663e-01
3.178322017192840576e-01
-2.647195570170879364e-02
2.541484534740447998e-01
-1.972561180591583252e-01
-4.825168848037719727e-02
6.407053768634796143e-02
-1.740294545888900757e-01
2.781209051609039307e-01
-3.006055578589439392e-02
-1.171011030673980713e-01
-3.744178637862205505e-02
-2.833331935107707977e-02
1.628022342920303345e-01
2.641719281673431396e-01
-7.391861826181411743e-02
3.282185643911361694e-02
-1.103070825338363647e-01
-1.269334107637405396e-01
3.144089877605438232e-01
7.928695529699325562e-02
1.520226001739501953e-01
5.024487525224685669e-02
-6.530052423477172852e-02
9.390730410814285278e-02
3.610526910051703453e-03
-2.674535512924194336e-01
-1.456014811992645264e-01
4.646042734384536743e-02
5.063713788986206055e-01
-2.222342044115066528e-01
-2.586303949356079102e-01
1.971427351236343384e-01
1.674901396036148071e-01
-2.232372313737869263e-01
1.766926646232604980e-01
1.152295544743537903e-01
2.241892516613006592e-01
-1.739800572395324707e-01
4.874968528747558594e-02
1.227358914911746979e-02
1.777975121513009071e-04
2.003005743026733398e-01
3.263346552848815918e-01
-1.700031310319900513e-01
1.626811772584915161e-01
2.144868522882461548e-01
-2.136537134647369385e-01
-4.016555249691009521e-01
-1.509112715721130371e-01
-3.933686017990112305e-01
1.368627995252609253e-01
1.774792075157165527e-01
-4.660359025001525879e-02
7.413784414529800415e-02
3.018357418477535248e-02
6.193797104060649872e-03
-2.793342471122741699e-01
1.489498764276504517e-01
3.880923688411712646e-01
-1.880805939435958862e-02
1.090274676680564880e-01
7.552154362201690674e-02
-1.110261529684066772e-01
-1.404947042465209961e-01
3.343006130307912827e-03
-5.598711967468261719e-02
-8.708394318819046021e-02
-2.752965390682220459e-01
1.142042279243469238e-01
1.240551844239234924e-01
1.302102953195571899e-01
1.780959963798522949e-01
6.628049910068511963e-02
2.184459567070007324e-01
-1.775774657726287842e-01
-1.785806007683277130e-02
7.287479937076568604e-02
-1.605173498392105103e-01
-1.155584454536437988e-01
6.754863262176513672e-02
7.451756298542022705e-02
-4.183471947908401489e-02
-5.104993581771850586e-01
2.786816060543060303e-01
2.649777233600616455e-01
-1.143120303750038147e-01
1.281665358692407608e-02
1.641610562801361084e-01
-6.384689360857009888e-02
-3.198365271091461182e-01
-2.330142408609390259e-01
-2.753217332065105438e-02
4.149163961410522461e-01
2.572135627269744873e-01
-3.316915929317474365e-01
1.341130733489990234e-01
-6.925628334283828735e-02
1.653311252593994141e-01
1.272805482149124146e-01
2.764575779438018799e-01
-1.066010966897010803e-01
2.257308363914489746e-01
-4.528580307960510254e-01
3.014868199825286865e-01
7.613896578550338745e-02
-2.463630586862564087e-01
-2.943158522248268127e-02
5.823511257767677307e-02
-3.205010294914245605e-01
4.844125732779502869e-02
2.604060769081115723e-01
1.671408563852310181e-01
-9.630484133958816528e-02
-2.046195864677429199e-01
-6.194231286644935608e-02
-1.658060699701309204e-01
-3.208370208740234375e-01
-2.829458378255367279e-02
9.957907348871231079e-02
-2.396556138992309570e-01
1.397770196199417114e-01
-3.728574514389038086e-01
-8.934291452169418335e-02
2.714519798755645752e-01
1.573935598134994507e-01
-2.205014973878860474e-01
3.502956330776214600e-01
3.498488366603851318e-01
4.247889220714569092e-01
-3.771794587373733521e-02
-1.775876879692077637e-01
-2.647935971617698669e-02
-8.611000329256057739e-02
-1.851104944944381714e-01
2.500900924205780029e-01
-2.998867258429527283e-02
3.686484098434448242e-01
8.564806729555130005e-02
3.407448530197143555e-02
-9.137584269046783447e-02
-8.749638497829437256e-02
3.380694091320037842e-01
2.282536625862121582e-01
6.697391718626022339e-02
1.925085633993148804e-01
-8.079933375120162964e-02
-3.405764997005462646e-01
-2.046959996223449707e-01
-6.425833702087402344e-02
7.012277841567993164e-03
1.069693863391876221e-01
2.738142609596252441e-01
-1.225483193993568420e-01
-2.526201773434877396e-03
1.838902831077575684e-01
2.822265326976776123e-01
-4.037607014179229736e-01
1.367322504520416260e-01
-4.134373366832733154e-02
1.156242266297340393e-01
8.291812241077423096e-02
-4.211329817771911621e-01
2.208860367536544800e-01
-4.895372986793518066e-01
-2.481264173984527588e-01
-3.286699056625366211e-01
4.374801516532897949e-01
-1.342837661504745483e-01
-3.413324356079101562e-01
3.927377052605152130e-03
6.809275597333908081e-02
2.035152167081832886e-01
1.284627616405487061e-01
2.751178294420242310e-02
-9.534560143947601318e-02
1.226482167840003967e-02
1.306724250316619873e-01
1.396066695451736450e-01
1.146538928151130676e-01
3.393462002277374268e-01
7.767684757709503174e-02
-4.898387938737869263e-02
-3.482268452644348145e-01
-3.740954399108886719e-02
-3.905270248651504517e-02
3.650752454996109009e-02
-3.450002148747444153e-02
-1.889804750680923462e-01
-4.099270105361938477e-01
8.235122263431549072e-02
2.251981049776077271e-01
9.538316726684570312e-02
6.384515762329101562e-02
-4.410542845726013184e-01
-1.734849065542221069e-01
-9.707834571599960327e-02
-3.625022992491722107e-02
-1.323857307434082031e-01
-1.163588315248489380e-01
-1.830913573503494263e-01
1.577968746423721313e-01
-1.849884986877441406e-01
-2.671260237693786621e-01
-4.635503515601158142e-03
-1.016080155968666077e-01
1.865550316870212555e-02
2.937146723270416260e-01
-3.658912181854248047e-01
-4.173730611801147461e-01
2.829876244068145752e-01
1.660187393426895142e-01
-7.567896973341703415e-04
7.660083472728729248e-02
-7.626868039369583130e-02
-5.043721571564674377e-02
2.568150162696838379e-01
-1.744170933961868286e-01
-5.770321190357208252e-02
5.186175107955932617e-01
1.103307232260704041e-01
3.210435807704925537e-01
1.924979537725448608e-01
-4.074520170688629150e-01
8.848228305578231812e-02
1.294994950294494629e-01
-8.531837165355682373e-02
1.353052556514739990e-01
3.452729582786560059e-01
-9.266443550586700439e-02
3.013534843921661377e-01
-7.283477485179901123e-02
-3.196481466293334961e-01
-1.512257009744644165e-01
2.919844388961791992e-01
-2.507224380970001221e-01
-4.170520603656768799e-01
1.304142549633979797e-02
-3.300108481198549271e-03
-2.277275472879409790e-01
-2.494996972382068634e-02
-3.650015294551849365e-01
-7.829407602548599243e-02
-2.649830095469951630e-02
-1.843120716512203217e-02
-2.835496328771114349e-02
1.898903101682662964e-01
5.427578091621398926e-02
-5.171107873320579529e-02
1.735147982835769653e-01
-2.765148878097534180e-01
-1.144699305295944214e-01
5.176662001758813858e-03
1.075019165873527527e-01
2.163427770137786865e-01
-2.055297344923019409e-01
-5.906144157052040100e-03
1.325989365577697754e-01
9.744746237993240356e-02
-3.794158995151519775e-02
2.821832001209259033e-01
6.096994131803512573e-02
2.978561446070671082e-02
-4.500550627708435059e-01
1.481013838201761246e-02
4.093326926231384277e-01
-3.882695361971855164e-02
-2.806556820869445801e-01
9.536091238260269165e-02
5.124318599700927734e-01
-1.309935897588729858e-01
4.075964912772178650e-03
4.990294948220252991e-02
3.508054018020629883e-01
3.815181851387023926e-01
-3.981495201587677002e-01
-3.265736401081085205e-01
-9.698383510112762451e-02
-2.755796909332275391e-01
-2.963065505027770996e-01
-1.437281221151351929e-01
-2.735764086246490479e-01
1.235580369830131531e-01
-1.545966416597366333e-01
2.266903370618820190e-01
2.440538406372070312e-01
1.404026988893747330e-02
-9.063214808702468872e-02
-3.408811613917350769e-02
-4.265440702438354492e-01
1.280527114868164062e-01
9.378829598426818848e-02
1.494420021772384644e-01
1.215359494090080261e-01
-1.545662879943847656e-01
-1.116743683815002441e-01
3.923255205154418945e-02
-1.578494459390640259e-01
9.243142604827880859e-02
3.922206163406372070e-02
1.463535577058792114e-01
-1.094903447665274143e-03
-6.914765108376741409e-03
-1.984298080205917358e-01
1.821884885430335999e-02
-1.039872840046882629e-01
-1.794728636741638184e-01
4.702478349208831787e-01
4.208947718143463135e-01
-2.250480949878692627e-01
6.470201164484024048e-02
3.586452901363372803e-01
-3.914180397987365723e-02
4.799379408359527588e-01
2.374285459518432617e-01
-5.952733755111694336e-01
-3.047846853733062744e-01
-1.818923801183700562e-01
-1.568775922060012817e-01
1.194415390491485596e-01
9.933032840490341187e-02
-2.405220568180084229e-01
-2.282739281654357910e-01
-6.389696598052978516e-01
6.847013831138610840e-01
3.479494750499725342e-01
-2.924572527408599854e-01
-1.167279295623302460e-02
-2.522879838943481445e-02
-2.055603116750717163e-01
4.462897405028343201e-02
6.031034141778945923e-02
7.351859658956527710e-02
1.036763638257980347e-01
-2.852551341056823730e-01
-1.176880374550819397e-01
8.802809566259384155e-02
-1.467297226190567017e-01
-9.554490447044372559e-02
1.819183826446533203e-01
1.174188107252120972e-01
3.728792769834399223e-03
-4.801974594593048096e-01
-8.067574352025985718e-02
9.420596994459629059e-03
2.601041831076145172e-02
-4.672333225607872009e-02
2.519448399543762207e-01
9.439390152692794800e-02
1.478321105241775513e-02
7.717225700616836548e-02
-2.255250215530395508e-01
-1.136119663715362549e-01
9.290830045938491821e-02
-5.963933095335960388e-02
-1.163840293884277344e-01
1.199046336114406586e-02
4.038869217038154602e-02
-1.179239451885223389e-01
-1.990605443716049194e-01
-1.831680834293365479e-01
-4.485144466161727905e-02
3.669211864471435547e-01
2.642752230167388916e-01
1.522194296121597290e-01
5.323019810020923615e-03
8.132114261388778687e-02
1.726214289665222168e-01
-5.422962903976440430e-01
-2.607289850711822510e-01
-8.005224913358688354e-02
-1.728553324937820435e-01
3.264669477939605713e-01
-5.181342363357543945e-01
-5.903736948966979980e-01
7.708732485771179199e-01
2.997617125511169434e-01
1.560508012771606445e-01
4.062785208225250244e-01
-9.914461523294448853e-02
5.844062194228172302e-02
9.379740357398986816e-01
-5.833085626363754272e-02
1.120145693421363831e-01
-3.139227628707885742e-01
-3.735247254371643066e-01
1.596265435218811035e-01
-3.240964710712432861e-01
-9.965144842863082886e-02
-2.182861864566802979e-01
1.119804102927446365e-03
-5.413379520177841187e-02
-4.341345280408859253e-02
5.893009901046752930e-02
-1.676211506128311157e-01
-1.225202754139900208e-01
3.287705779075622559e-01
-9.149312227964401245e-02
-1.941190659999847412e-01
2.391459643840789795e-01
4.269557818770408630e-02
1.724261641502380371e-01
8.668179810047149658e-02
3.758759424090385437e-02
9.050999581813812256e-02
-6.239417474716901779e-03
-2.258260399103164673e-01
-7.016409188508987427e-02
4.547472298145294189e-02
1.746643334627151489e-01
-1.526856571435928345e-01
-7.430525962263345718e-03
-2.005341351032257080e-01
2.170849218964576721e-02
3.008832037448883057e-01
1.400172263383865356e-01
-1.329818926751613617e-02
4.204795062541961670e-01
2.296111732721328735e-01
-8.003260940313339233e-02
-2.120799273252487183e-01
-1.683753728866577148e-01
5.065527558326721191e-01
2.879208624362945557e-01
-2.055515497922897339e-01
-2.553088068962097168e-01
1.588420420885086060e-01
-3.003359735012054443e-01
-1.119680050760507584e-02
2.594553828239440918e-01
5.635849386453628540e-02
2.600890100002288818e-01
-4.842987284064292908e-02
-1.473966334015130997e-02
-3.758771345019340515e-02
1.666424870491027832e-01
-2.132909893989562988e-01
-3.681372106075286865e-02
-2.706556618213653564e-01
8.160547167062759399e-02
1.578634083271026611e-01
2.286637574434280396e-01
-3.459922224283218384e-02
-6.734568625688552856e-03
-1.278189718723297119e-01
-5.504438877105712891e-01
2.721506357192993164e-01
-1.542300730943679810e-01
-2.427354305982589722e-01
2.777876555919647217e-01
-1.766863316297531128e-01
1.393945515155792236e-02
3.341511487960815430e-01
-9.181931614875793457e-02
1.433750241994857788e-01
2.212609499692916870e-01
3.760626316070556641e-01
6.429592519998550415e-02
-7.826405018568038940e-02
1.457189470529556274e-01
4.130037268623709679e-04
-1.232504937797784805e-02
7.225194573402404785e-02
2.028593271970748901e-01
-2.328828722238540649e-01
3.437364697456359863e-01
2.385111898183822632e-01
-4.781365096569061279e-01
-3.774695843458175659e-02
-2.114358544349670410e-01
-3.377632200717926025e-01
-5.094621703028678894e-02
-3.285098969936370850e-01
4.476701021194458008e-01
-1.350160092115402222e-01
-8.376231044530868530e-02
-5.156234502792358398e-01
-2.515580952167510986e-01
9.131341427564620972e-02
-2.924793660640716553e-01
-3.021435439586639404e-01
-2.746450901031494141e-01
-1.933363378047943115e-01
-4.019648730754852295e-01
1.546206325292587280e-01
-9.223631769418716431e-02
1.829514056444168091e-01
4.054878354072570801e-01
4.746662080287933350e-01
1.993218064308166504e-02
2.250225096940994263e-02
-8.279506000690162182e-04
-3.276153802871704102e-01
4.492319822311401367e-01
9.087867289781570435e-02
1.211376562714576721e-01
-1.365433633327484131e-01
1.464973986148834229e-01
7.771100103855133057e-02
8.778301626443862915e-02
4.138576984405517578e-02
-3.045397102832794189e-01
-3.971720933914184570e-01
-3.209180533885955811e-01
1.483446508646011353e-01
-1.387670189142227173e-01
1.175291910767555237e-01
1.455523073673248291e-01
-8.004713058471679688e-02
1.140625178813934326e-01
1.045139729976654053e-01
-1.554715353995561600e-02
2.146246433258056641e-01
-1.879175901412963867e-01
3.816438913345336914e-01
-9.571126848459243774e-02
1.431560516357421875e-01
4.688925147056579590e-01
-3.266409039497375488e-01
-4.843715429306030273e-01
-5.280422419309616089e-02
4.942702949047088623e-01
1.392129808664321899e-01
1.241897344589233398e-01
2.053961455821990967e-01
-6.394294649362564087e-02
3.311217129230499268e-01
-4.119362831115722656e-01
1.938803791999816895e-01
2.860995829105377197e-01
3.878838419914245605e-01
-1.629149019718170166e-01
8.019429445266723633e-02
-5.608187615871429443e-02
2.373379468917846680e-02
6.859536468982696533e-02
2.625738978385925293e-01
2.414452880620956421e-01
1.571527495980262756e-02
-7.650112360715866089e-02
3.676355779170989990e-01
-6.834456697106361389e-03
6.141476333141326904e-02
-4.541859403252601624e-02
2.505410611629486084e-01
-2.552158236503601074e-01
2.636061906814575195e-01
-8.842995017766952515e-02
3.294334188103675842e-02
-2.565042674541473389e-01
5.265768617391586304e-03
-1.832695156335830688e-01
-2.658459544181823730e-01
2.264994233846664429e-01
-1.902156025171279907e-01
1.004717200994491577e-01
-4.564473405480384827e-02
-4.248333871364593506e-01
1.528267865069210529e-03
1.859429180622100830e-01
-1.082178801298141479e-01
-5.923259854316711426e-01
-5.261570811271667480e-01
-1.308867186307907104e-01
1.758243292570114136e-01
9.863542765378952026e-02
-3.814672529697418213e-01
9.557279944419860840e-02
1.246926039457321167e-01
-1.413151621818542480e-01
-1.537885889410972595e-02
-3.342002630233764648e-02
-1.981038153171539307e-01
4.286746084690093994e-01
1.606912910938262939e-02
-1.586550623178482056e-01
7.323689758777618408e-02
-2.853896319866180420e-01
-9.511691331863403320e-02
1.449600234627723694e-02
-1.971770524978637695e-01
-6.285003423690795898e-01
-2.313140332698822021e-01
-1.749708801507949829e-01
-9.642654657363891602e-02
1.830883622169494629e-01
4.956244677305221558e-02
3.908589184284210205e-01
4.765453040599822998e-01
-7.982456684112548828e-02
9.616012126207351685e-02
-4.370260834693908691e-01
-1.910076290369033813e-01
1.488550100475549698e-02
2.628153264522552490e-01
-3.473703563213348389e-01
3.500239551067352295e-02
-7.718415581621229649e-04
-5.811914056539535522e-02
-4.049481749534606934e-01
-6.251582503318786621e-02
-1.201910078525543213e-01
-3.822750747203826904e-01
-4.090712964534759521e-02
8.938467502593994141e-02
3.440360426902770996e-01
-1.627394258975982666e-01
-1.028487160801887512e-01
-1.325221508741378784e-01
-1.356306821107864380e-01
1.810910254716873169e-01
3.781284689903259277e-01
-3.985886287409812212e-04
-1.007593795657157898e-01
-2.483568489551544189e-01
7.993051409721374512e-02
-2.412905097007751465e-01
-9.945371747016906738e-02
-4.519180953502655029e-02
3.090937733650207520e-01
3.153246343135833740e-01
-1.006376817822456360e-01
1.421164423227310181e-01
2.047664374113082886e-01
-2.327704280614852905e-01
-1.400585025548934937e-01
-1.669122874736785889e-01
-6.457149237394332886e-02
3.472127318382263184e-01
-8.990482240915298462e-02
1.760746352374553680e-02
4.473581165075302124e-02
-1.969193369150161743e-01
1.100721582770347595e-01
1.233543176203966141e-02
-2.313722074031829834e-01
-2.255216389894485474e-01
-1.875997185707092285e-01
-1.421951800584793091e-01
-7.242774218320846558e-02
1.562471501529216766e-02
-2.683598697185516357e-01
-2.149678021669387817e-01
-1.112787351012229919e-01
2.065963298082351685e-01
-1.495561935007572174e-02
-2.132229954004287720e-01
1.274080127477645874e-01
-2.725107967853546143e-01
8.434040844440460205e-02
2.661442756652832031e-01
2.635543942451477051e-01
-6.212952546775341034e-03
-2.166452556848526001e-01
-1.750649511814117432e-01
2.214423418045043945e-01
-1.718108505010604858e-01
-1.150073260068893433e-01
9.924221783876419067e-02
2.213813811540603638e-01
3.138847947120666504e-01
1.339444667100906372e-01
-4.162086546421051025e-02
5.379395931959152222e-02
-1.893482953310012817e-01
-2.377392947673797607e-01
1.162826120853424072e-01
-6.031799688935279846e-02
2.717644274234771729e-01
1.105291172862052917e-01
-2.404415234923362732e-02
-6.980745494365692139e-02
-5.652365684509277344e-01
2.516869902610778809e-01
-2.309563010931015015e-01
4.928807914257049561e-02
-4.776093363761901855e-01
-2.261051684617996216e-01
-1.880212873220443726e-01
2.943878807127475739e-02
-1.633150316774845123e-02
-3.628693222999572754e-01
-4.635714590549468994e-01
-4.182939827442169189e-01
-5.998259782791137695e-02
3.299327790737152100e-01
-1.439287215471267700e-01
4.091399610042572021e-01
-2.016947120428085327e-01
3.530758023262023926e-01
-1.618199646472930908e-01
-1.731372922658920288e-01
2.576559782028198242e-01
-2.128371447324752808e-01
4.688746631145477295e-01
2.968958914279937744e-01
2.349556684494018555e-01
3.316648006439208984e-01
-1.336628794670104980e-01
-4.926243051886558533e-02
-7.238098978996276855e-02
3.473256826400756836e-01
4.117705672979354858e-02
2.736018598079681396e-01
-2.589837610721588135e-01
-1.314691901206970215e-01
3.761506974697113037e-01
-3.500081300735473633e-01
2.067396342754364014e-01
-2.043802291154861450e-01
6.100414693355560303e-02
2.637282907962799072e-01
-2.163409441709518433e-01
5.632773041725158691e-01
-2.255313843488693237e-02
1.525494307279586792e-01
-5.452833697199821472e-02
-4.970114827156066895e-01
-1.839920580387115479e-01
-9.353768080472946167e-02
-2.017325907945632935e-01
6.555525213479995728e-02
-2.815634608268737793e-01
-6.069559976458549500e-02
-2.345238775014877319e-01
8.135430514812469482e-02
-8.617886155843734741e-02
-1.229245290160179138e-01
1.197947636246681213e-01
-2.375018447637557983e-01
-3.522262722253799438e-02
1.247443705797195435e-01
-2.323044985532760620e-01
2.016848474740982056e-01
-1.964707523584365845e-01
-1.742626130580902100e-01
2.288538366556167603e-01
-3.964152634143829346e-01
2.247851043939590454e-01
1.908437907695770264e-01
-2.018048912286758423e-01
5.485179834067821503e-03
-2.355734705924987793e-01
8.635280281305313110e-02
-8.955069631338119507e-02
2.772560119628906250e-01
-2.462714612483978271e-01
3.373036906123161316e-02
-2.110450267791748047e-01
-1.556598991155624390e-01
-2.999688871204853058e-02
-9.380666166543960571e-02
2.267391681671142578e-01
-9.140459448099136353e-02
-2.433736920356750488e-01
-1.488955765962600708e-01
4.425306320190429688e-01
-6.766424048691987991e-03
1.853504478931427002e-01
8.409282565116882324e-02
-6.672296673059463501e-02
-9.425950236618518829e-03
-8.549539744853973389e-02
9.572000056505203247e-02
1.453120261430740356e-01
2.241981327533721924e-01
-2.345299720764160156e-01
-2.447363436222076416e-01
3.150652348995208740e-01
1.595595777034759521e-01
-1.882656067609786987e-01
5.213319882750511169e-02
-4.576849043369293213e-01
2.965717017650604248e-01
-1.193944588303565979e-01
-2.062182426452636719e-01
-3.076989948749542236e-01
-7.053904235363006592e-02
-1.444481015205383301e-01
4.182168543338775635e-01
1.358086615800857544e-01
-1.566734760999679565e-01
-2.960888743400573730e-01
-1.727481484413146973e-01
-2.904095314443111420e-02
1.412938684225082397e-01
4.892927035689353943e-02
-8.114148862659931183e-03
-1.177399680018424988e-01
-3.559593856334686279e-01
3.026045858860015869e-02
-3.326302766799926758e-01
-6.839808821678161621e-02
3.107905089855194092e-01
-2.324474155902862549e-01
-2.548318207263946533e-01
-1.463767886161804199e-01
-3.297141492366790771e-01
1.614747643470764160e-01
-1.662087887525558472e-01
2.316619753837585449e-01
-1.541799400001764297e-03
2.231424115598201752e-02
-4.187105000019073486e-01
2.102982699871063232e-01
9.286260604858398438e-02
-1.076481193304061890e-01
1.025287583470344543e-01
-2.210786044597625732e-01
-1.021138057112693787e-01
-2.067921608686447144e-01
2.112077176570892334e-02
-7.893890142440795898e-02
3.012171089649200439e-01
-2.326228767633438110e-01
-1.457253247499465942e-01
4.047995433211326599e-02
-9.377728402614593506e-02
3.434087634086608887e-01
7.951975613832473755e-02
1.095076277852058411e-01
-5.131697282195091248e-03
-1.517065912485122681e-01
-1.345315724611282349e-01
2.526046931743621826e-01
-8.416711539030075073e-02
-5.232023820281028748e-02
2.487433701753616333e-01
3.046539127826690674e-01
5.716929435729980469e-01
7.919766008853912354e-02
5.070614218711853027e-01
-4.509691148996353149e-02
-1.256862282752990723e-01
1.903415620326995850e-01
9.531095623970031738e-02
-1.547182798385620117e-01
-8.475450426340103149e-02
-3.390332162380218506e-01
6.838882714509963989e-02
-3.711236119270324707e-01
9.069367498159408569e-02
-1.033982560038566589e-01
1.562870144844055176e-01
-3.845070004463195801e-01
-1.463758200407028198e-01
2.672183513641357422e-01
-1.074146255850791931e-01
6.816729158163070679e-02
-8.319205045700073242e-02
-1.257102787494659424e-01
-8.697521686553955078e-02
-2.643656730651855469e-01
-2.581992745399475098e-01
-3.821161091327667236e-01
-1.937222778797149658e-01
-4.665322974324226379e-02
-1.629495024681091309e-01
-8.162921667098999023e-02
-2.303277105093002319e-01
1.850263923406600952e-01
-1.711799800395965576e-01
1.196019500494003296e-01
-2.588575184345245361e-01
-1.376851350069046021e-01
-9.958484023809432983e-02
8.742511272430419922e-02
-1.561560034751892090e-01
3.885439336299896240e-01
-3.867946267127990723e-01
-4.523193240165710449e-01
2.152016609907150269e-01
-1.554224640130996704e-01
-3.439196646213531494e-01
-4.341809153556823730e-01
-2.644743919372558594e-01
1.390206813812255859e-01
-4.757987856864929199e-01
1.400415748357772827e-01
-6.294332742691040039e-01
3.054540157318115234e-01
-2.906897068023681641e-01
-3.156712651252746582e-01
1.526170875877141953e-02
-4.727461040019989014e-01
-2.778494060039520264e-01
-3.569840788841247559e-01
1.660237014293670654e-01
4.875546693801879883e-02
2.239258587360382080e-01
-1.022147610783576965e-01
-3.524034321308135986e-01
-5.731071829795837402e-01
-1.679997704923152924e-02
-6.667150557041168213e-02
-1.464834064245223999e-01
8.858212083578109741e-02
-1.939744949340820312e-01
3.548577055335044861e-02
7.205285131931304932e-02
-2.875666618347167969e-01
2.515865862369537354e-01
5.471478104591369629e-01
3.012728095054626465e-01
-1.745838075876235962e-01
-3.810501471161842346e-02
-1.306119412183761597e-01
9.613062441349029541e-02
1.618885546922683716e-01
1.566143035888671875e-01
-2.337582856416702271e-01
-2.397444397211074829e-01
-6.449452042579650879e-02
3.323249816894531250e-01
9.895215183496475220e-02
9.209465235471725464e-02
1.160397157073020935e-01
-2.324712425470352173e-01
9.188331663608551025e-02
-9.378878772258758545e-02
-2.624833881855010986e-01
-3.189911842346191406e-01
2.194466888904571533e-01
5.508625507354736328e-01
-3.614670336246490479e-01
2.316412478685379028e-01
3.259617090225219727e-01
-4.388608932495117188e-01
6.560578942298889160e-02
2.131197452545166016e-01
-6.324316263198852539e-01
