-1.165101826190948486e-01
8.999173641204833984e-01
2.570265531539916992e-01
2.187728166580200195e+00
5.030590295791625977e-01
-1.757344305515289307e-01
-4.907665550708770752e-01
-8.097649216651916504e-01
-6.138440966606140137e-01
8.654137142002582550e-03
6.050959229469299316e-01
-7.202659249305725098e-01
3.036628067493438721e-01
9.072324037551879883e-01
-1.312730908393859863e-01
-2.891976237297058105e-01
-1.643286496400833130e-01
-4.009269773960113525e-01
1.029740739613771439e-02
6.379621624946594238e-01
4.621709287166595459e-01
-1.000795483589172363e+00
5.232035517692565918e-01
6.914504170417785645e-01
2.869109511375427246e-01
-1.202832818031311035e+00
3.848199248313903809e-01
3.860791921615600586e-01
-3.124389052391052246e-01
8.886415362358093262e-01
6.446114778518676758e-01
2.226123511791229248e-01
-6.782961487770080566e-01
-9.809340238571166992e-01
-4.561398029327392578e-01
2.436619549989700317e-01
3.928133845329284668e-01
1.835464090108871460e-01
-1.788901835680007935e-01
9.252611994743347168e-01
-5.081225633621215820e-01
3.191036880016326904e-01
6.095201969146728516e-01
-3.868257105350494385e-01
4.865973591804504395e-01
1.110313460230827332e-01
-3.663831651210784912e-01
-4.045899808406829834e-01
8.174529671669006348e-01
-2.229158021509647369e-02
9.591256380081176758e-01
8.113784790039062500e-01
1.749598830938339233e-01
-7.348487377166748047e-01
-5.072315335273742676e-01
5.093104839324951172e-01
4.911998808383941650e-01
3.661040961742401123e-01
-7.184703946113586426e-01
-1.204146265983581543e+00
-9.186893105506896973e-01
-3.809312283992767334e-01
3.122785389423370361e-01
6.703026592731475830e-03
9.878224879503250122e-02
3.576587736606597900e-01
-4.532163739204406738e-01
1.128075295127928257e-03
4.843239486217498779e-01
-2.012944221496582031e-01
4.219935834407806396e-01
-2.992476709187030792e-02
4.276376068592071533e-01
-6.894325613975524902e-01
-5.109435692429542542e-02
-3.828485310077667236e-02
5.020181536674499512e-01
-2.287217527627944946e-01
-3.679013550281524658e-01
-4.650642871856689453e-01
-6.920691579580307007e-02
1.418304257094860077e-02
2.774067223072052002e-01
-1.414655447006225586e-01
1.466923207044601440e-01
4.142791330814361572e-01
5.535684823989868164e-01
-5.599131327471695840e-06
-1.269767880439758301e-01
1.868585348129272461e-01
7.543867230415344238e-01
-4.951258748769760132e-02
2.245733588933944702e-01
6.227570772171020508e-02
-3.829391002655029297e-01
2.389044165611267090e-01
-4.573964178562164307e-01
5.225305631756782532e-02
-2.741349637508392334e-01
1.256413757801055908e-01
1.152199506759643555e-01
-4.702016115188598633e-01
-1.006226167082786560e-01
1.961639970541000366e-01
1.008375287055969238e-01
2.177320718765258789e-01
-2.638770081102848053e-02
4.633183777332305908e-02
-2.377022355794906616e-01
8.133085817098617554e-02
-2.248916774988174438e-01
1.350781917572021484e-01
1.663767546415328979e-01
2.280645072460174561e-02
-7.039160467684268951e-03
1.319151464849710464e-02
-2.292986065149307251e-01
-2.565215341746807098e-02
-6.344977021217346191e-02
6.095096468925476074e-01
5.901586636900901794e-02
1.898780614137649536e-01
-3.474867045879364014e-01
2.961964607238769531e-01
1.094665899872779846e-01
-2.612724304199218750e-01
-3.024356067180633545e-01
3.964595496654510498e-01
-1.672279685735702515e-01
-6.216020137071609497e-02
-3.041022121906280518e-01
-2.298628538846969604e-01
-5.865439176559448242e-01
-3.341555967926979065e-02
2.285209596157073975e-01
5.912848562002182007e-02
3.695914754644036293e-03
-5.853259935975074768e-02
4.860454052686691284e-02
-1.176591962575912476e-01
1.748878695070743561e-02
-4.575789868831634521e-01
7.153840363025665283e-02
4.170488938689231873e-02
2.992605976760387421e-02
-5.085215903818607330e-03
-2.647558413445949554e-02
1.718461811542510986e-01
-4.597395658493041992e-02
4.149033501744270325e-02
-1.195848882198333740e-01
-3.384243324398994446e-02
1.040297150611877441e-01
-1.337621659040451050e-01
1.329410225152969360e-01
8.423389494419097900e-02
1.585785895586013794e-01
-1.839607954025268555e-02
-1.732608973979949951e-01
1.415176838636398315e-01
-1.213003993034362793e-01
2.377995401620864868e-01
1.002396121621131897e-01
2.591888047754764557e-02
-1.823513656854629517e-01
-4.892016649246215820e-01
-8.586299419403076172e-02
5.532278865575790405e-02
2.781965211033821106e-02
-6.373713165521621704e-02
-1.848029494285583496e-01
5.880103632807731628e-02
-2.135309875011444092e-01
2.109562605619430542e-01
6.365554034709930420e-02
3.033997677266597748e-02
3.407829403877258301e-01
1.150909289717674255e-01
1.494034826755523682e-01
-2.756766974925994873e-01
-9.910231083631515503e-02
1.975762099027633667e-02
-2.512807724997401237e-03
1.434660553932189941e-01
2.794488370418548584e-01
-2.305845618247985840e-01
-2.074547410011291504e-01
-2.016536192968487740e-03
2.498031109571456909e-01
4.489140957593917847e-02
4.244341254234313965e-01
1.661489009857177734e-01
2.721108198165893555e-01
-1.605418324470520020e-01
1.356932818889617920e-01
1.856068819761276245e-01
-2.280347347259521484e-01
-6.144478451460599899e-03
-3.433987200260162354e-01
-1.627358198165893555e-01
1.666058413684368134e-02
-6.744681298732757568e-02
-6.320018321275711060e-02
-2.151978015899658203e-02
2.799012660980224609e-01
1.004506126046180725e-01
3.343054354190826416e-01
-3.596041724085807800e-02
7.747173309326171875e-02
7.273517549037933350e-02
2.511359751224517822e-02
5.712665617465972900e-02
3.146584033966064453e-01
1.616480201482772827e-01
1.073192954063415527e-01
-7.901884615421295166e-03
-2.531240284442901611e-01
-7.164828479290008545e-02
-2.325632870197296143e-01
1.527389585971832275e-01
8.809057623147964478e-02
2.406258732080459595e-01
-2.130859494209289551e-01
7.379484176635742188e-02
-5.449792742729187012e-02
1.402236670255661011e-01
-1.001199409365653992e-01
2.144501358270645142e-01
-2.654416859149932861e-02
-1.489151567220687866e-01
2.148249149322509766e-01
1.431646049022674561e-01
1.277489066123962402e-01
2.275486290454864502e-01
-4.142040759325027466e-02
5.843721795827150345e-03
-2.775602787733078003e-02
-6.777025014162063599e-02
1.871340908110141754e-02
2.241959422826766968e-02
-2.816249728202819824e-01
2.104795873165130615e-01
1.989600434899330139e-02
-8.278933912515640259e-02
7.981928437948226929e-02
3.693150822073221207e-03
-1.737941950559616089e-01
-1.260515302419662476e-01
8.338022045791149139e-03
-1.947643160820007324e-01
6.375910341739654541e-02
2.337880060076713562e-02
-3.136734962463378906e-01
6.520587950944900513e-02
3.743714839220046997e-02
8.088877797126770020e-02
8.744332194328308105e-02
-1.075729653239250183e-01
-1.111468821763992310e-01
-1.938732713460922241e-01
2.859591841697692871e-01
3.512216210365295410e-01
-4.794601351022720337e-02
-3.172897696495056152e-01
-3.244244158267974854e-01
-3.470719754695892334e-01
-7.114283740520477295e-03
-1.759059429168701172e-01
4.805860668420791626e-02
5.684158205986022949e-01
-4.846444725990295410e-01
3.397050127387046814e-02
-5.792919993400573730e-01
-1.250657886266708374e-01
4.184073507785797119e-01
1.561933904886245728e-01
-2.994962036609649658e-01
-1.948046386241912842e-01
2.476059943437576294e-01
2.597464621067047119e-01
7.483696565032005310e-03
2.833708226680755615e-01
-3.407877087593078613e-01
2.522856295108795166e-01
-1.949249953031539917e-01
-9.207544475793838501e-02
-3.793468773365020752e-01
3.559906482696533203e-01
-2.058947980403900146e-01
2.314448356628417969e-03
-6.280139088630676270e-02
-3.136215806007385254e-01
-2.126945257186889648e-01
1.471871323883533478e-02
-8.341614902019500732e-02
-1.450360268354415894e-01
2.696025073528289795e-01
-1.183473244309425354e-01
5.350240692496299744e-02
-2.401379197835922241e-01
2.089316248893737793e-01
7.175502181053161621e-01
-1.041738465428352356e-01
-5.382189154624938965e-01
-2.299250811338424683e-01
-2.070054560899734497e-01
2.264958471059799194e-01
-5.961303114891052246e-01
-2.337009087204933167e-02
4.497572183609008789e-01
1.479641199111938477e-01
4.408315718173980713e-01
-5.409939214587211609e-02
-8.504925668239593506e-02
-3.787217289209365845e-02
1.394659131765365601e-01
-9.777462482452392578e-02
-1.343069374561309814e-01
-1.395366936922073364e-01
-1.798752248287200928e-01
-1.547362655401229858e-01
3.760911822319030762e-01
7.587973773479461670e-02
2.033746540546417236e-01
2.908305905293673277e-04
-4.522046819329261780e-02
-1.147322133183479309e-01
9.728379547595977783e-02
-2.298666685819625854e-01
1.627707481384277344e-01
-7.338632643222808838e-02
-9.639020264148712158e-02
-1.068277359008789062e-01
1.113893315196037292e-01
-1.083155572414398193e-01
1.377770453691482544e-01
1.802100539207458496e-01
1.378846168518066406e-01
-4.981559887528419495e-02
-3.288410902023315430e-01
5.058752298355102539e-01
2.818520665168762207e-01
-1.116138882935047150e-02
-2.598739266395568848e-01
1.828260272741317749e-01
3.294605314731597900e-01
9.063997864723205566e-01
-1.276428718119859695e-02
-1.474253535270690918e-01
5.103121995925903320e-01
-1.706486940383911133e-01
1.017632409930229187e-01
2.373226583003997803e-01
1.373143196105957031e-01
1.357917934656143188e-01
-1.306667476892471313e-01
-6.981586813926696777e-01
2.844570875167846680e-01
6.747829169034957886e-02
2.084331214427947998e-01
4.804107174277305603e-02
7.628793269395828247e-02
2.014736533164978027e-01
-2.247164100408554077e-01
1.754955388605594635e-02
2.506443299353122711e-02
-9.773981571197509766e-02
-2.989524900913238525e-01
2.437988109886646271e-02
1.474010348320007324e-01
7.726959139108657837e-02
-7.571937888860702515e-02
3.011329174041748047e-01
-1.472170650959014893e-01
-2.396547794342041016e-02
-7.281116396188735962e-02
-7.002385705709457397e-02
-4.550180211663246155e-02
-2.123403847217559814e-01
-7.273463904857635498e-02
-2.654003202915191650e-01
6.155201196670532227e-01
5.063711404800415039e-01
-5.118910670280456543e-01
-6.586187332868576050e-02
1.898367106914520264e-01
1.340087354183197021e-01
-3.667022883892059326e-01
8.100976794958114624e-02
1.074694395065307617e-01
9.149476885795593262e-01
5.628522038459777832e-01
1.346884965896606445e-01
-2.575619146227836609e-02
-3.717173635959625244e-01
5.296729207038879395e-01
2.070462256669998169e-01
4.231927171349525452e-02
-9.328544884920120239e-02
-3.659618198871612549e-01
1.167080923914909363e-01
2.744275629520416260e-01
1.567252576351165771e-01
1.463218778371810913e-01
-1.290062218904495239e-01
-1.438147574663162231e-01
-1.853614300489425659e-01
1.219959482550621033e-01
1.768578216433525085e-02
9.391903877258300781e-02
8.096799999475479126e-02
1.173647940158843994e-01
-9.877577424049377441e-02
1.230567395687103271e-01
3.180732131004333496e-01
1.811457425355911255e-01
3.749643266201019287e-01
-1.714847534894943237e-01
-4.002895951271057129e-02
-2.398709803819656372e-01
7.295188307762145996e-01
-3.565946221351623535e-02
1.416195929050445557e-01
-1.880093812942504883e-01
-3.517175316810607910e-01
-1.133140325546264648e-01
3.006649315357208252e-01
-1.428700983524322510e-01
-5.119945406913757324e-01
2.548235952854156494e-01
-1.463680267333984375e-01
-1.474011689424514771e-01
3.224488198757171631e-01
8.900297433137893677e-02
-7.334225624799728394e-02
-1.292852908372879028e-01
-3.201148509979248047e-01
1.033650934696197510e-01
3.782970011234283447e-01
5.881539583206176758e-01
9.861756861209869385e-02
-1.335454434156417847e-01
-1.521335095167160034e-01
2.084707766771316528e-01
1.614036709070205688e-01
1.534463614225387573e-01
2.585910260677337646e-01
-3.869891911745071411e-02
-7.800488919019699097e-02
-5.202654376626014709e-02
3.166111707687377930e-01
-6.133983284235000610e-02
8.390857279300689697e-02
-1.643801182508468628e-01
-1.980815231800079346e-01
-1.356801241636276245e-01
-3.663111105561256409e-02
-1.773845553398132324e-01
-1.468326747417449951e-01
1.486821752041578293e-02
2.122679352760314941e-01
1.757441759109497070e-01
2.882356643676757812e-01
-1.431954000145196915e-02
-4.486177116632461548e-02
1.493835356086492538e-02
1.110682263970375061e-01
-7.371590286493301392e-02
-2.515532374382019043e-01
2.773683285340666771e-03
7.487885653972625732e-02
-1.363251656293869019e-01
1.003367081284523010e-01
-2.311600185930728912e-02
1.014606207609176636e-01
2.813241183757781982e-01
2.100690007209777832e-01
-2.416680753231048584e-01
-1.710525602102279663e-01
7.057405263185501099e-02
3.164410293102264404e-01
-9.579316526651382446e-02
3.031059503555297852e-01
-5.186572670936584473e-02
8.676785975694656372e-02
1.164546534419059753e-01
-2.895903214812278748e-02
-1.063472554087638855e-01
1.621854007244110107e-01
-2.376437038183212280e-01
2.123476862907409668e-01
-1.421790868043899536e-01
-1.062328070402145386e-01
-8.494406193494796753e-02
-2.228338420391082764e-01
-1.736739128828048706e-01
-1.131846532225608826e-01
-1.325557380914688110e-01
2.795948088169097900e-01
1.006972044706344604e-02
1.352130472660064697e-01
-2.331970185041427612e-01
-1.831257343292236328e-01
1.576506197452545166e-01
8.471794426441192627e-02
3.186135590076446533e-01
1.611066013574600220e-01
1.797891594469547272e-02
1.497044414281845093e-01
1.410985440015792847e-01
1.150411739945411682e-01
2.692010998725891113e-01
-2.103232443332672119e-01
4.819587469100952148e-01
-1.344533115625381470e-01
-2.253655642271041870e-01
-3.346223384141921997e-02
3.997052609920501709e-01
-5.284462124109268188e-02
-2.756199240684509277e-01
3.281200304627418518e-02
-1.453131586313247681e-01
8.181132078170776367e-01
1.286433488130569458e-01
3.816660046577453613e-01
7.200187444686889648e-02
-1.407995447516441345e-02
8.404231816530227661e-02
-4.678036086261272430e-03
-1.762986741960048676e-02
4.332035023253411055e-04
-1.097828671336174011e-01
-5.282170176506042480e-01
-1.094943732023239136e-01
-5.009344965219497681e-02
-8.144163340330123901e-02
-1.377902328968048096e-01
-2.271081358194351196e-01
1.224097236990928650e-01
6.363188475370407104e-02
5.002601146697998047e-01
-1.435630172491073608e-01
2.359060645103454590e-01
-7.325365394353866577e-02
1.623524576425552368e-01
-2.516195643693208694e-03
1.086816117167472839e-01
-1.160894408822059631e-01
-2.405226826667785645e-01
1.270880401134490967e-01
1.421550065279006958e-01
1.700782179832458496e-01
-2.710147202014923096e-01
-4.841195419430732727e-02
-3.206725120544433594e-01
6.241830810904502869e-02
-1.258222311735153198e-01
-1.019756746245548129e-04
-3.186354637145996094e-01
1.860043853521347046e-01
2.570586204528808594e-01
-7.210756093263626099e-02
1.078929826617240906e-01
1.542042195796966553e-01
-5.790506303310394287e-02
-1.755805313587188721e-01
-1.568412184715270996e-01
2.349482029676437378e-01
-4.457565024495124817e-02
-5.325148254632949829e-02
1.582027971744537354e-02
-1.902723610401153564e-01
-9.788532555103302002e-02
-2.783336043357849121e-01
-5.186244472861289978e-02
8.096791803836822510e-02
-5.814282298088073730e-01
1.676017791032791138e-01
6.705464422702789307e-02
2.977393567562103271e-01
-2.112213820219039917e-01
8.995926380157470703e-02
4.641349613666534424e-02
-3.174078762531280518e-01
-4.618361964821815491e-02
5.596525594592094421e-02
1.168671771883964539e-01
2.981251776218414307e-01
4.535368643701076508e-04
-4.363524913787841797e-02
-5.904467105865478516e-01
1.197882741689682007e-01
8.245129883289337158e-02
-1.596817821264266968e-01
-1.722152829170227051e-01
1.813028305768966675e-01
1.153039410710334778e-01
1.123509407043457031e-01
-2.302991300821304321e-01
-1.520578712224960327e-01
3.681748211383819580e-01
3.802626207470893860e-02
1.622638106346130371e-01
-1.097769066691398621e-01
-1.321486532688140869e-01
-1.259508430957794189e-01
-5.183155648410320282e-03
-3.726503625512123108e-02
-1.787156164646148682e-01
1.329726278781890869e-01
2.146673947572708130e-01
-5.258752405643463135e-02
-8.230597525835037231e-02
-1.234477683901786804e-01
1.246895734220743179e-02
-6.237848848104476929e-02
-2.055023014545440674e-01
9.871692955493927002e-02
-5.680656433105468750e-02
-1.313314139842987061e-01
-6.113290321081876755e-03
-2.392421811819076538e-01
-5.126077532768249512e-01
-1.902177184820175171e-01
-2.565421760082244873e-01
-1.550744473934173584e-01
1.427880823612213135e-01
-1.713715642690658569e-01
2.313281893730163574e-01
-3.299393653869628906e-01
-8.234615623950958252e-02
2.137282192707061768e-01
-1.973215937614440918e-01
1.834890395402908325e-01
1.889824718236923218e-01
-1.351459324359893799e-01
-8.014680445194244385e-02
-6.382271647453308105e-02
4.283664748072624207e-02
4.344657808542251587e-02
-2.490440905094146729e-01
6.908253580331802368e-02
-1.902334988117218018e-01
1.806573122739791870e-01
-2.398804426193237305e-01
1.271626651287078857e-01
2.925512380897998810e-02
2.383607923984527588e-01
8.503684401512145996e-02
1.208828315138816833e-01
-3.262684941291809082e-01
1.914390921592712402e-01
9.635891020298004150e-02
-1.571208052337169647e-02
1.010839566588401794e-01
-1.519733965396881104e-01
1.421891450881958008e-01
5.998535081744194031e-02
2.139532417058944702e-01
1.450057700276374817e-02
1.256113052368164062e-01
-1.502622216939926147e-01
-6.802221536636352539e-01
1.300939321517944336e-01
-1.621686816215515137e-01
2.327663749456405640e-01
-1.454395591281354427e-03
-2.710187733173370361e-01
6.010320037603378296e-02
2.120637744665145874e-01
7.342216372489929199e-02
-1.021141856908798218e-01
-4.062478989362716675e-02
6.373332738876342773e-01
-4.735754132270812988e-01
1.734907552599906921e-02
-2.420460805296897888e-02
2.945747971534729004e-01
-2.468707412481307983e-01
-7.896102964878082275e-02
-1.256850361824035645e-01
3.025534451007843018e-01
-3.276431560516357422e-01
-2.969919145107269287e-01
-2.774573862552642822e-01
-1.877621561288833618e-01
3.657540678977966309e-02
-1.837302744388580322e-01
3.296185433864593506e-01
-9.904085658490657806e-03
-1.357762049883604050e-02
8.717197179794311523e-02
3.553921282291412354e-01
-1.129682064056396484e-01
3.486963361501693726e-02
6.455441564321517944e-02
5.534533783793449402e-02
-7.322920858860015869e-02
1.964628696441650391e-01
-9.773594886064529419e-02
2.339729368686676025e-01
1.012210026383399963e-01
4.061398506164550781e-01
-1.078089401125907898e-01
1.434912085533142090e-01
-3.494405373930931091e-02
1.750382781028747559e-01
2.775320708751678467e-01
-7.018615305423736572e-02
9.371719509363174438e-02
-2.382308393716812134e-01
-6.320232897996902466e-02
2.460622228682041168e-03
-3.590608537197113037e-01
2.316249608993530273e-01
8.217582106590270996e-02
4.933572188019752502e-02
-3.370993435382843018e-01
1.873421370983123779e-01
3.061736524105072021e-01
3.443968296051025391e-01
-1.875358670949935913e-01
3.285817503929138184e-01
2.569833993911743164e-01
2.121796160936355591e-01
-1.544527113437652588e-01
-2.429767884314060211e-02
5.038355663418769836e-02
5.145837739109992981e-02
9.221696853637695312e-02
1.575664728879928589e-01
-6.089308112859725952e-02
-3.683574870228767395e-02
-3.055644333362579346e-01
-2.920518219470977783e-01
1.950330883264541626e-01
-3.061415441334247589e-02
4.074729979038238525e-02
-4.415412992238998413e-02
2.314988225698471069e-01
1.852934062480926514e-01
8.683202862739562988e-01
1.745451241731643677e-01
-3.206198513507843018e-01
-2.534420788288116455e-01
-3.593868911266326904e-01
1.422811746597290039e-01
2.445162832736968994e-01
-1.006141155958175659e-01
2.036632448434829712e-01
1.434706151485443115e-01
-3.315791487693786621e-01
2.637364901602268219e-02
-4.814648628234863281e-01
-1.214268207550048828e-01
2.806275524199008942e-02
6.599686741828918457e-01
-3.607169389724731445e-01
2.045150846242904663e-01
1.510638557374477386e-02
-2.208959870040416718e-02
9.768260270357131958e-02
-2.639747262001037598e-01
2.188899070024490356e-01
-3.500511050224304199e-01
-4.823523387312889099e-02
1.925868168473243713e-02
2.968924045562744141e-01
-8.828536421060562134e-02
2.765378355979919434e-02
4.827813208103179932e-01
-1.173545569181442261e-01
5.080648064613342285e-01
3.479464445263147354e-03
1.561993807554244995e-01
1.166521608829498291e-01
2.878873944282531738e-01
-2.273279875516891479e-01
2.915618419647216797e-01
-3.429851261898875237e-03
-7.629652321338653564e-02
4.703224301338195801e-01
4.659424722194671631e-01
-3.417095541954040527e-01
1.060835197567939758e-01
-1.696160882711410522e-01
2.419438213109970093e-01
2.068685442209243774e-01
-2.637009918689727783e-01
-3.169200718402862549e-01
-7.582011818885803223e-02
-3.699415922164916992e-01
1.248351205140352249e-02
-6.289041042327880859e-01
2.259881347417831421e-01
2.152950763702392578e-01
-1.394992172718048096e-01
-2.789703309535980225e-01
9.489731490612030029e-02
4.562400877475738525e-01
1.026225313544273376e-01
-2.284564077854156494e-02
6.334355473518371582e-01
-2.045739293098449707e-01
-7.766379509121179581e-03
3.075215965509414673e-02
-2.149035595357418060e-02
8.789014071226119995e-02
-4.841079115867614746e-01
-2.829537391662597656e-01
-5.179676413536071777e-02
1.202752515673637390e-01
-1.386911123991012573e-01
-2.050633877515792847e-01
1.869327425956726074e-01
-7.262496650218963623e-02
-3.703820109367370605e-01
1.565411537885665894e-01
3.691928386688232422e-01
-1.409605443477630615e-01
4.017920196056365967e-01
8.763793110847473145e-02
8.459836244583129883e-02
-1.826948672533035278e-01
-1.205354407429695129e-01
1.586365401744842529e-01
-3.452199995517730713e-01
-1.095989346504211426e-01
-2.679646909236907959e-01
-2.095970660448074341e-01
5.077192187309265137e-01
1.816879510879516602e-01
2.360007315874099731e-01
6.971544772386550903e-02
1.012296974658966064e-01
-2.411119788885116577e-01
-7.642500102519989014e-02
1.685873568058013916e-01
1.056740432977676392e-01
-2.817938923835754395e-01
3.294128477573394775e-01
-1.796063780784606934e-01
1.683846861124038696e-01
8.697150647640228271e-02
2.845433950424194336e-01
8.338087052106857300e-02
-1.740518510341644287e-01
-2.295475751161575317e-01
-5.100902915000915527e-02
1.830934584140777588e-01
3.771261572837829590e-01
-2.772572338581085205e-01
-4.609267041087150574e-02
-2.148492336273193359e-01
-2.318835258483886719e-01
1.773493736982345581e-01
-1.678244918584823608e-01
-1.317940503358840942e-01
-4.269674792885780334e-02
-1.604271233081817627e-01
3.709425404667854309e-02
-2.972054481506347656e-01
-2.678990662097930908e-01
1.854950338602066040e-01
-1.740227937698364258e-01
2.162715196609497070e-01
1.843790858983993530e-01
1.466961950063705444e-01
1.578930299729108810e-03
2.249062210321426392e-01
3.389875292778015137e-01
2.428801953792572021e-01
2.600480914115905762e-01
5.308008790016174316e-01
-8.575708419084548950e-02
1.674913428723812103e-02
2.453772872686386108e-01
2.217257171869277954e-01
-1.165426596999168396e-01
-6.020665541291236877e-02
3.135482966899871826e-01
-7.090339809656143188e-02
1.933578252792358398e-01
1.197404637932777405e-01
-1.673667728900909424e-01
-9.056297712959349155e-04
1.208519414067268372e-01
-1.554399281740188599e-01
3.206391260027885437e-02
-8.728805929422378540e-02
-1.580828987061977386e-02
1.893656402826309204e-01
1.866587251424789429e-01
1.388231664896011353e-01
-1.216364055871963501e-01
2.887025661766529083e-02
8.649695664644241333e-02
-7.778680883347988129e-03
8.532232046127319336e-02
-1.722988486289978027e-01
-3.413013815879821777e-01
1.105010882019996643e-01
-6.142309308052062988e-02
-3.404313921928405762e-01
1.793118268251419067e-01
2.655212879180908203e-01
-4.720359444618225098e-01
4.768988788127899170e-01
3.445526212453842163e-02
-1.406428683549165726e-02
2.917628362774848938e-02
-6.753020733594894409e-02
-2.731646299362182617e-01
-1.524313837289810181e-01
-2.377706021070480347e-01
-2.275762706995010376e-01
-1.672094166278839111e-01
-6.732876896858215332e-01
-2.267871610820293427e-02
-9.115488827228546143e-02
5.802656710147857666e-02
-1.456366777420043945e-01
-8.789317309856414795e-02
-1.166119277477264404e-01
1.431474834680557251e-01
2.619388699531555176e-01
-4.278350174427032471e-01
1.159985810518264771e-01
2.801496088504791260e-01
1.704838573932647705e-01
-4.288371186703443527e-03
-1.381982564926147461e-01
7.692570984363555908e-02
-1.058611087501049042e-02
2.934067696332931519e-02
1.323032528162002563e-01
6.041370332241058350e-02
-3.100391924381256104e-01
-3.213848471641540527e-01
2.188716530799865723e-01
4.298807382583618164e-01
1.950577795505523682e-01
-7.870094478130340576e-02
1.282301098108291626e-01
1.692348718643188477e-01
1.708447784185409546e-01
5.870719552040100098e-01
1.804887801408767700e-01
-2.535256445407867432e-01
2.248460054397583008e-01
-2.188678644597530365e-02
-1.890826821327209473e-01
2.830537855625152588e-01
3.013666868209838867e-01
1.767338067293167114e-01
1.240385025739669800e-01
-4.957156721502542496e-03
2.424173951148986816e-01
2.561687491834163666e-02
-3.018616735935211182e-01
7.653223723173141479e-02
-3.759194910526275635e-01
4.008398577570915222e-02
-4.409151524305343628e-02
4.993057996034622192e-02
2.296853810548782349e-01
3.185038268566131592e-01
-4.307150244712829590e-01
2.497484721243381500e-02
-2.225770354270935059e-01
2.327952906489372253e-02
3.396164178848266602e-01
-1.578781455755233765e-01
-1.369951516389846802e-01
-2.388273328542709351e-01
1.526486128568649292e-01
3.187209367752075195e-01
1.590379476547241211e-01
-2.246441394090652466e-01
-4.899847507476806641e-01
1.059065818786621094e+00
-2.108269333839416504e-01
8.356933295726776123e-02
-5.051439162343740463e-03
-1.957842111587524414e-01
1.047268882393836975e-01
-7.927247881889343262e-02
-2.628667978569865227e-03
-8.681093156337738037e-02
9.323832392692565918e-02
1.319310963153839111e-01
-6.807420402765274048e-02
-5.984736606478691101e-02
3.736775219440460205e-01
4.447503685951232910e-01
2.496120333671569824e-01
1.623048037290573120e-01
5.774584412574768066e-02
-8.442512154579162598e-02
-1.454440802335739136e-01
-7.831138558685779572e-03
-4.978482052683830261e-02
3.401281312108039856e-02
2.439634203910827637e-01
-8.442142605781555176e-02
1.043357029557228088e-01
2.903228998184204102e-01
-4.234769642353057861e-01
-2.126293480396270752e-01
-1.217473596334457397e-01
-1.819275021553039551e-01
9.404726326465606689e-02
2.239793241024017334e-01
1.710640341043472290e-01
3.496985137462615967e-01
-2.402321621775627136e-02
2.091259509325027466e-01
6.747849583625793457e-01
2.918832004070281982e-01
-6.894060969352722168e-02
-4.060246646404266357e-01
9.271697700023651123e-02
4.259838536381721497e-02
1.334358006715774536e-01
-6.318996660411357880e-03
-1.258331984281539917e-01
-1.155648380517959595e-01
1.878905743360519409e-01
1.345331519842147827e-01
1.385781168937683105e-02
-8.792415261268615723e-02
-1.693510115146636963e-01
1.257012039422988892e-01
-2.915716469287872314e-01
-1.187072321772575378e-01
-1.590435057878494263e-01
1.910536363720893860e-02
5.961848050355911255e-02
-1.281765755265951157e-02
1.942841708660125732e-01
2.961747348308563232e-01
-5.904768407344818115e-02
-6.561890244483947754e-02
-2.364566624164581299e-01
1.623674631118774414e-01
-3.608223516494035721e-03
3.897537291049957275e-02
-1.974255889654159546e-01
-8.143176883459091187e-02
2.757281959056854248e-01
2.244993001222610474e-01
-4.119337350130081177e-02
-6.521504372358322144e-02
1.192381232976913452e-02
-1.201831400394439697e-01
-5.786084011197090149e-02
8.333951234817504883e-02
3.536025881767272949e-01
2.167013734579086304e-01
-2.365323156118392944e-01
-2.375339120626449585e-01
-7.805243879556655884e-02
1.389813870191574097e-01
4.653848335146903992e-02
-1.047915369272232056e-01
4.130830168724060059e-01
-1.103396341204643250e-01
2.171108424663543701e-01
3.606269955635070801e-01
1.723221838474273682e-01
2.574464976787567139e-01
-1.730948537588119507e-01
-2.373971045017242432e-01
-7.543473690748214722e-02
9.236298501491546631e-02
-1.356846541166305542e-01
2.425082586705684662e-02
1.182115823030471802e-01
-3.683901727199554443e-01
2.014478147029876709e-01
-3.482175767421722412e-01
-2.408285392448306084e-03
1.953033804893493652e-01
-3.078151941299438477e-01
-1.380823701620101929e-01
9.070626646280288696e-02
-8.826271444559097290e-02
1.368017494678497314e-01
-1.333212852478027344e-01
1.507124602794647217e-01
1.440073996782302856e-01
-6.508827954530715942e-02
-2.668790519237518311e-01
1.738423295319080353e-02
-3.092227280139923096e-01
1.295080482959747314e-01
-2.522353827953338623e-01
-4.433697760105133057e-01
-2.476197481155395508e-01
1.575614959001541138e-01
-1.903421580791473389e-01
-2.607881426811218262e-01
3.704614564776420593e-02
2.065619677305221558e-01
-1.921496689319610596e-01
1.195231154561042786e-01
-9.087637811899185181e-02
-7.006765902042388916e-02
1.624028533697128296e-01
-2.629669904708862305e-01
-1.602364145219326019e-02
4.760218411684036255e-02
6.341188400983810425e-02
4.298467040061950684e-01
-1.265621483325958252e-01
2.980295717716217041e-01
4.002450034022331238e-02
-3.256396353244781494e-01
-7.241535931825637817e-02
-1.215363815426826477e-01
-2.083275169134140015e-01
-1.817159913480281830e-02
-2.583640515804290771e-01
7.357182353734970093e-02
-1.511561423540115356e-01
7.410393655300140381e-02
1.528585609048604965e-02
-8.460008352994918823e-02
1.542227715253829956e-01
2.445207908749580383e-02
5.578854680061340332e-02
-2.741248309612274170e-01
-1.323520671576261520e-02
-1.837419271469116211e-01
-8.663951605558395386e-02
-3.246212601661682129e-01
-7.838765531778335571e-02
9.675406664609909058e-02
-7.859753072261810303e-02
2.466811835765838623e-01
2.734957039356231689e-01
-1.756847947835922241e-01
-1.096028387546539307e-01
-1.052153781056404114e-01
2.162634953856468201e-02
1.095496043562889099e-01
3.643492162227630615e-01
-1.753947585821151733e-01
-1.518730819225311279e-01
8.071028441190719604e-02
1.694773435592651367e-01
3.137057423591613770e-01
5.430551618337631226e-02
-6.405770778656005859e-02
-2.367798835039138794e-01
2.527801096439361572e-01
1.032899692654609680e-01
1.721991747617721558e-01
-1.009653955698013306e-01
-8.033588528633117676e-02
-1.893647015094757080e-01
-1.507173925638198853e-01
6.900050491094589233e-02
-1.761025190353393555e-02
2.421557009220123291e-01
3.294509947299957275e-01
7.420465350151062012e-03
4.110898077487945557e-02
-1.355587840080261230e-01
-2.851423062384128571e-02
2.830750048160552979e-01
-1.414245516061782837e-01
-1.871111094951629639e-01
8.692632615566253662e-02
-2.670062184333801270e-01
-7.972742617130279541e-02
1.146999839693307877e-02
-1.831610500812530518e-01
-2.714377939701080322e-01
3.979692608118057251e-02
1.220739930868148804e-01
7.016263902187347412e-03
1.172118633985519409e-01
-3.133186995983123779e-01
4.902447015047073364e-02
-2.333666384220123291e-01
-1.464748196303844452e-02
1.091428846120834351e-01
9.458850324153900146e-02
-1.991406083106994629e-01
2.253789603710174561e-01
-1.884670108556747437e-01
1.216451227664947510e-01
-2.899760566651821136e-02
9.668251872062683105e-02
-6.481751799583435059e-02
2.680826187133789062e-01
1.501507610082626343e-01
-1.330079883337020874e-01
3.829848468303680420e-01
-3.957011178135871887e-02
-4.627023637294769287e-01
3.160145282745361328e-01
7.457462698221206665e-02
-2.246340513229370117e-01
1.614721268415451050e-01
-1.902351528406143188e-01
-1.961544901132583618e-01
-5.504933372139930725e-02
-1.209681555628776550e-01
6.013065576553344727e-02
2.410265058279037476e-01
7.822550088167190552e-02
4.641425013542175293e-01
2.145936787128448486e-01
1.921456754207611084e-01
1.677989363670349121e-01
-5.841532256454229355e-03
-1.407508403062820435e-01
-8.752761781215667725e-02
-2.474243491888046265e-01
-7.728300243616104126e-02
-1.833998858928680420e-01
-8.711796998977661133e-02
-1.159052401781082153e-01
1.866262257099151611e-01
-1.587164998054504395e-01
2.738817930221557617e-01
1.342037320137023926e-01
1.268036961555480957e-01
-1.526480168104171753e-01
-8.868183195590972900e-02
-2.036559283733367920e-01
-2.123358286917209625e-02
-1.690600961446762085e-01
-6.767436116933822632e-02
-1.034380719065666199e-01
-3.117420077323913574e-01
-3.064731955528259277e-01
-1.592311263084411621e-01
-1.370583474636077881e-01
9.317359887063503265e-03
1.555132959038019180e-02
-2.386980950832366943e-01
3.042580373585224152e-02
3.333158195018768311e-01
-3.724186420440673828e-01
3.339578807353973389e-01
-1.312854588031768799e-01
4.817820154130458832e-04
1.274758130311965942e-01
5.488894879817962646e-02
-9.329996258020401001e-02
2.953148819506168365e-02
1.581821441650390625e-01
8.489707112312316895e-02
1.318411529064178467e-01
-1.147756427526473999e-01
-2.143000811338424683e-01
9.344597160816192627e-02
3.047663867473602295e-01
-4.378935098648071289e-01
1.540736258029937744e-01
-2.202293574810028076e-01
3.391644656658172607e-01
2.078050971031188965e-01
1.962517648935317993e-01
-2.383002787828445435e-01
-1.451857984066009521e-01
-6.551097035408020020e-01
-2.125869989395141602e-01
5.211123228073120117e-01
1.487333625555038452e-01
3.585911095142364502e-01
2.430903613567352295e-01
3.991928398609161377e-01
4.140582382678985596e-01
5.335414409637451172e-02
2.838811874389648438e-01
-3.525888919830322266e-01
7.920675277709960938e-01
2.721616625785827637e-01
4.833849072456359863e-01
3.408913314342498779e-01
-1.122108995914459229e-01
-3.301489949226379395e-01
4.602802693843841553e-01
1.373388618230819702e-01
-5.046424865722656250e-01
-5.760097503662109375e-02
-6.366881132125854492e-01
1.046734526753425598e-01
2.917061150074005127e-01
-1.868325918912887573e-01
-2.484725862741470337e-01
-1.577140986919403076e-01
5.577003955841064453e-01
-7.533678784966468811e-03
3.275489211082458496e-01
-9.073555469512939453e-02
-1.327836811542510986e-01
-9.446045756340026855e-02
-2.460499852895736694e-01
-1.967484131455421448e-03
1.603221446275711060e-01
1.832980960607528687e-01
2.670703455805778503e-02
2.192595452070236206e-01
-2.412318736314773560e-01
-1.472773104906082153e-01
8.300679922103881836e-02
-2.216758579015731812e-01
2.168464064598083496e-01
7.269638776779174805e-02
9.499057382345199585e-02
1.610470712184906006e-01
-2.208057045936584473e-01
-2.755517959594726562e-01
-8.194445632398128510e-03
-1.062721610069274902e-01
5.070928111672401428e-02
1.383343786001205444e-01
5.523370206356048584e-02
2.261241674423217773e-01
2.159715890884399414e-01
-7.270516455173492432e-02
-3.605526685714721680e-02
1.453960537910461426e-01
2.323467135429382324e-01
1.649937927722930908e-01
-4.915178567171096802e-02
4.218600690364837646e-02
3.774911165237426758e-03
4.478392004966735840e-01
-2.106314599514007568e-01
1.390641182661056519e-01
2.392175942659378052e-01
2.379980087280273438e-01
-7.104226201772689819e-02
1.124334055930376053e-02
1.735213398933410645e-01
3.288685381412506104e-01
-2.411121428012847900e-01
-2.259175628423690796e-01
-3.735937774181365967e-01
-2.590833306312561035e-01
3.241171836853027344e-01
-3.926913440227508545e-01
2.762807905673980713e-01
3.137108385562896729e-01
-2.168016880750656128e-01
3.606095612049102783e-01
-4.716372489929199219e-01
1.132880449295043945e-01
-9.454488754272460938e-03
-1.508572697639465332e-02
2.040932625532150269e-01
-6.538818031549453735e-02
-4.191856384277343750e-01
-1.609877794981002808e-01
-3.776815533638000488e-01
-1.583355963230133057e-01
2.132765054702758789e-01
-5.484630819410085678e-03
2.365026473999023438e-01
3.871982991695404053e-01
-2.529490292072296143e-01
3.125401437282562256e-01
-1.648048758506774902e-01
-2.250647097826004028e-01
2.060091644525527954e-01
-6.694101542234420776e-02
2.487810999155044556e-01
-2.569197416305541992e-01
-4.380501434206962585e-02
8.119307458400726318e-03
-4.085382819175720215e-01
-2.110411822795867920e-01
3.072232902050018311e-01
2.387699931859970093e-01
-6.221113204956054688e-01
-4.348419606685638428e-01
-3.769197035580873489e-03
2.874658107757568359e-01
1.551114916801452637e-01
4.521071910858154297e-01
8.219002932310104370e-02
4.504130184650421143e-01
-2.485096156597137451e-01
-2.989705502986907959e-01
-2.981856279075145721e-02
-1.097476854920387268e-01
-7.465090602636337280e-02
8.849167823791503906e-02
-6.070775911211967468e-02
2.243679761886596680e-01
-5.010814666748046875e-01
-2.024629712104797363e-01
4.299717545509338379e-01
3.270479738712310791e-01
7.853167504072189331e-02
-7.939111441373825073e-03
-9.732279926538467407e-02
2.013726681470870972e-01
1.831208318471908569e-01
-1.415852643549442291e-02
-1.890881061553955078e-01
6.240075826644897461e-02
-8.318707346916198730e-02
3.297206461429595947e-01
1.287050396203994751e-01
4.691553476732224226e-04
1.775015145540237427e-01
2.821295261383056641e-01
1.318658590316772461e-01
-7.743410021066665649e-02
-5.454428493976593018e-02
-1.382522657513618469e-02
-3.089064955711364746e-01
-3.592568635940551758e-01
1.957445293664932251e-01
-1.121288980357348919e-03
7.909516245126724243e-02
2.589037716388702393e-01
2.120259702205657959e-01
-2.057853192090988159e-01
-1.755356043577194214e-01
2.843725495040416718e-02
-3.890088573098182678e-02
3.072882890701293945e-01
-2.109059542417526245e-01
1.296470761299133301e-01
1.626086086034774780e-01
1.044014841318130493e-01
6.333779543638229370e-02
-5.190064385533332825e-02
-1.131799886934459209e-03
2.502575516700744629e-01
-1.420993823558092117e-03
-2.993625998497009277e-01
-2.628842890262603760e-01
-2.647269070148468018e-01
1.019314378499984741e-01
-1.851676255464553833e-01
-1.879596859216690063e-01
1.679311990737915039e-01
-1.784864068031311035e-02
-3.816654980182647705e-01
-4.540731012821197510e-01
2.384766936302185059e-02
2.627247869968414307e-01
7.525895535945892334e-02
-2.147748619318008423e-01
-1.128352507948875427e-01
6.947693228721618652e-02
1.055694520473480225e-01
-1.276579201221466064e-01
5.550019815564155579e-02
-1.407255828380584717e-01
9.884099662303924561e-02
-6.019820570945739746e-01
-2.948305308818817139e-01
-9.688580781221389771e-02
1.838091462850570679e-01
3.971947880927473307e-04
4.036837220191955566e-01
1.420919746160507202e-01
3.231296539306640625e-01
-4.583593308925628662e-01
-3.571265041828155518e-01
9.099226444959640503e-02
-3.568025529384613037e-01
2.816758751869201660e-01
-8.438096940517425537e-02
-2.632248103618621826e-01
1.543279886245727539e-01
-9.714613854885101318e-02
-5.500193685293197632e-02
2.112851440906524658e-01
8.276404440402984619e-02
6.996545791625976562e-01
2.754080891609191895e-01
-5.164585709571838379e-01
7.921549677848815918e-02
-1.016956940293312073e-01
-4.968102276325225830e-01
6.895525753498077393e-02
-4.344827830791473389e-01
1.341994013637304306e-02
4.629245400428771973e-02
-7.928884029388427734e-02
-1.211953312158584595e-01
-1.232654079794883728e-01
2.248566895723342896e-01
2.225702069699764252e-02
-8.182467520236968994e-02
1.746520847082138062e-01
3.364787995815277100e-01
-3.671759068965911865e-01
-2.672742307186126709e-01
3.216344416141510010e-01
1.328353285789489746e-01
1.681797206401824951e-02
-2.584750950336456299e-01
-1.035360544919967651e-01
-1.343524754047393799e-01
7.520512491464614868e-02
-4.030204713344573975e-01
4.876703768968582153e-02
1.457713395357131958e-01
2.010591328144073486e-02
7.660890370607376099e-02
-4.175184071063995361e-01
-1.104354038834571838e-01
-2.848538383841514587e-02
1.823279857635498047e-01
1.100502237677574158e-01
2.439516782760620117e-01
1.670729964971542358e-01
-2.620969526469707489e-02
3.556860387325286865e-01
4.009186327457427979e-01
-2.418743818998336792e-02
-4.242261871695518494e-02
-1.426421254873275757e-01
-4.576432108879089355e-01
1.659906655550003052e-01
-2.596442699432373047e-01
4.331485927104949951e-02
3.777560293674468994e-01
-2.948512323200702667e-02
1.848836615681648254e-02
2.062226086854934692e-01
4.976125955581665039e-01
-2.160275727510452271e-01
-1.909362375736236572e-01
1.568843871355056763e-01
-1.551113184541463852e-02
-2.967565655708312988e-01
-1.053279452025890350e-02
2.785535752773284912e-01
3.510275185108184814e-01
-3.088486790657043457e-01
-1.269206255674362183e-01
7.265086472034454346e-02
-3.298762142658233643e-01
2.352292239665985107e-01
-1.595572829246520996e-01
-7.441391050815582275e-02
3.320870697498321533e-01
-1.849819421768188477e-01
1.989242583513259888e-01
-5.544983968138694763e-02
1.833221912384033203e-01
-7.272777706384658813e-02
-2.180175781250000000e-01
9.633247554302215576e-02
2.036595344543457031e-01
-2.589535117149353027e-01
-1.442512422800064087e-01
-2.181992977857589722e-01
-6.132539734244346619e-02
-9.681961499154567719e-03
-1.593539565801620483e-01
9.583839774131774902e-02
2.604751586914062500e-01
1.522322893142700195e-01
-3.047904968261718750e-01
-1.562459617853164673e-01
4.734278842806816101e-02
2.521399557590484619e-01
-5.814958736300468445e-02
-2.540761232376098633e-01
-1.721872389316558838e-01
-3.621700704097747803e-01
-1.157576441764831543e-01
-3.074568510055541992e-02
-3.832947611808776855e-01
-9.295034222304821014e-03
1.575211286544799805e-01
3.104204535484313965e-01
-2.866647392511367798e-02
5.264172703027725220e-02
-1.817076057195663452e-01
-4.440453052520751953e-01
-7.515580207109451294e-02
3.091762363910675049e-01
-1.168374493718147278e-01
3.365352749824523926e-02
-2.913119643926620483e-02
-4.493795633316040039e-01
-1.472421269863843918e-02
-1.895396262407302856e-01
3.657494485378265381e-02
1.006540842354297638e-02
-4.547120332717895508e-01
2.309149950742721558e-01
-3.219577297568321228e-02
-1.248072609305381775e-01
-1.111668124794960022e-01
-6.106727570295333862e-02
2.787610888481140137e-01
5.651989579200744629e-02
2.736404538154602051e-01
-5.897914245724678040e-02
5.756695941090583801e-02
-5.975209921598434448e-02
3.852299451828002930e-01
2.652479112148284912e-01
2.085157483816146851e-01
-3.176313184667378664e-04
-7.608576118946075439e-02
6.543498486280441284e-02
2.169142216444015503e-01
1.249865815043449402e-01
6.776067614555358887e-02
1.906469911336898804e-01
2.612138688564300537e-01
8.651725947856903076e-02
2.702679857611656189e-02
1.845805048942565918e-01
2.506677508354187012e-01
-3.180569708347320557e-01
1.085367240011692047e-02
-1.849422305822372437e-01
-1.841335445642471313e-01
1.980053484439849854e-01
-2.332518696784973145e-01
1.308072060346603394e-01
8.116257935762405396e-02
1.348022669553756714e-01
1.481315195560455322e-01
-7.079166918992996216e-02
-1.924308389425277710e-01
1.755719929933547974e-01
-1.514724195003509521e-01
2.482030093669891357e-01
6.270085275173187256e-02
-2.321908948943018913e-03
-1.364493519067764282e-01
-2.245730310678482056e-01
-2.236786931753158569e-01
3.247756883502006531e-02
7.161188870668411255e-02
-1.010765209794044495e-01
-5.266075953841209412e-02
1.582552194595336914e-01
1.325017958879470825e-01
1.573196053504943848e-01
-6.993811577558517456e-02
-3.053368031978607178e-01
-2.792413718998432159e-02
-1.341903805732727051e-01
-4.484393168240785599e-03
-4.989764466881752014e-02
-8.984611928462982178e-02
-2.336120903491973877e-01
2.037372291088104248e-01
6.673350185155868530e-02
1.968715339899063110e-02
1.687156707048416138e-01
-1.324707716703414917e-01
-3.033329248428344727e-01
-1.642542928457260132e-01
-1.689714938402175903e-02
-6.367628276348114014e-02
4.082557931542396545e-02
8.997874334454536438e-03
-2.487039417028427124e-01
-1.381352171301841736e-02
-1.718489527702331543e-01
-2.893150746822357178e-01
1.337129026651382446e-01
-3.278821408748626709e-01
2.629884481430053711e-01
1.353732496500015259e-01
-1.914419829845428467e-01
-2.353541553020477295e-01
-1.126840114593505859e-01
2.158182859420776367e-01
-2.074042260646820068e-01
7.470538467168807983e-02
-1.460230946540832520e-01
-1.106090173125267029e-01
-1.589365899562835693e-01
1.401280462741851807e-01
1.980469934642314911e-02
-8.431956171989440918e-02
-1.390266325324773788e-02
1.405702158808708191e-02
-2.292634360492229462e-02
-1.083821728825569153e-01
-1.484138667583465576e-01
-8.001636713743209839e-02
-1.779758930206298828e-01
-7.727025449275970459e-02
-2.543299198150634766e-01
-9.991662204265594482e-02
-1.534797996282577515e-01
2.125558406114578247e-01
2.451485246419906616e-01
3.458288013935089111e-01
-1.904032826423645020e-01
1.028094068169593811e-01
-2.536562383174896240e-01
-3.035676777362823486e-01
-8.931871503591537476e-03
-1.904236376285552979e-01
2.727864980697631836e-01
-5.997667834162712097e-02
2.254567146301269531e-01
1.219080314040184021e-01
-1.478316038846969604e-01
2.163039445877075195e-01
-5.390673130750656128e-02
-7.768164854496717453e-03
1.384349614381790161e-01
-5.545382201671600342e-02
1.064973026514053345e-01
-3.358369469642639160e-01
2.569802999496459961e-01
-5.955338850617408752e-02
5.822142213582992554e-02
1.856700330972671509e-01
-2.234925925731658936e-01
-1.985093951225280762e-01
2.595175206661224365e-01
1.511779427528381348e-01
-4.578949213027954102e-01
-1.032926738262176514e-01
9.883454442024230957e-02
-2.984536290168762207e-01
1.817921251058578491e-01
7.908168435096740723e-02
8.252242952585220337e-02
-1.975925862789154053e-01
2.491405308246612549e-01
2.617250941693782806e-02
-1.407191455364227295e-01
3.128708899021148682e-02
-2.886290252208709717e-01
-2.123737931251525879e-01
2.691996395587921143e-01
3.098869919776916504e-01
-4.389848709106445312e-01
-2.097545713186264038e-01
4.796028602868318558e-03
3.558054268360137939e-01
-5.322152972221374512e-01
-1.768439114093780518e-01
-4.772668704390525818e-02
-3.528135716915130615e-01
1.004475504159927368e-01
-1.964002698659896851e-01
-3.102765381336212158e-01
-3.306898474693298340e-01
1.541861295700073242e-01
1.534977257251739502e-01
1.180485561490058899e-01
-2.046215236186981201e-01
-1.453434228897094727e-01
-5.781887844204902649e-02
-1.280357092618942261e-01
-1.395737528800964355e-01
2.750801742076873779e-01
2.592980563640594482e-01
-2.377515286207199097e-02
9.219012409448623657e-02
1.529420763254165649e-01
-3.753486573696136475e-01
2.403812855482101440e-01
-2.411585450172424316e-01
-2.231939584016799927e-01
1.293947249650955200e-01
-8.712901920080184937e-02
-1.248789876699447632e-01
1.896397024393081665e-02
3.809466063976287842e-01
7.170242071151733398e-02
-1.745450943708419800e-01
7.029303908348083496e-02
8.265293389558792114e-02
4.454810405150055885e-04
1.382178068161010742e-01
3.699664771556854248e-01
3.439371287822723389e-01
-2.591649293899536133e-01
-2.511275112628936768e-01
1.385670155286788940e-01
-4.150164723396301270e-01
5.131392925977706909e-02
-2.059216052293777466e-01
-2.515489161014556885e-01
1.491563916206359863e-01
1.575508266687393188e-01
-2.480221092700958252e-01
1.358893215656280518e-01
-2.961442172527313232e-01
-1.555777713656425476e-02
-2.749843597412109375e-01
1.303531378507614136e-01
1.004064008593559265e-01
-1.085558012127876282e-01
