4.648516774177551270e-01
-4.790854752063751221e-01
-4.123326390981674194e-02
1.018892645835876465e+00
-2.631485462188720703e-01
1.882008463144302368e-01
1.492803394794464111e-01
-1.633560657501220703e-01
3.046871125698089600e-01
-6.332208514213562012e-01
-3.814446330070495605e-01
-1.076261520385742188e+00
4.328131675720214844e-01
1.199378609657287598e+00
-1.234796121716499329e-01
6.774492263793945312e-01
5.646529197692871094e-01
5.736952424049377441e-01
9.943623840808868408e-02
-2.192099332809448242e+00
-3.449410572648048401e-02
-8.856103420257568359e-01
4.825533628463745117e-01
-1.897189170122146606e-01
7.547258138656616211e-01
2.652487345039844513e-02
4.034852981567382812e-02
1.315236806869506836e+00
-1.663111299276351929e-01
-4.047943949699401855e-01
8.664503693580627441e-01
-3.980542123317718506e-01
2.920846939086914062e-01
-2.790490537881851196e-02
-9.037538617849349976e-02
-1.132923960685729980e+00
-7.033073902130126953e-01
2.055721282958984375e-01
-3.151822388172149658e-01
8.453865647315979004e-01
5.495299696922302246e-01
7.381010651588439941e-01
5.795975327491760254e-01
4.079713821411132812e-01
6.291285157203674316e-01
4.947717189788818359e-01
-8.848337531089782715e-01
-6.612995266914367676e-01
-6.548299193382263184e-01
-7.919721007347106934e-01
-8.766249567270278931e-02
-7.187371253967285156e-01
7.058697342872619629e-01
-9.018906354904174805e-01
4.280088841915130615e-01
7.699665427207946777e-01
7.271861433982849121e-01
1.216612756252288818e-01
4.390601813793182373e-01
-6.823543906211853027e-01
2.159513086080551147e-01
3.281097859144210815e-02
-6.570059061050415039e-02
1.405764222145080566e-01
-1.974337249994277954e-01
2.234882265329360962e-01
2.942263484001159668e-01
-4.061253368854522705e-01
1.441163271665573120e-01
6.005508303642272949e-01
3.627943694591522217e-01
9.389088302850723267e-02
-1.808399707078933716e-01
-2.563108503818511963e-01
2.562208473682403564e-01
-1.164324879646301270e-01
1.207716688513755798e-01
5.750859379768371582e-01
1.146502979099750519e-02
-3.788560628890991211e-02
3.567564189434051514e-01
-6.057875156402587891e-01
-2.308600097894668579e-01
1.482990831136703491e-01
5.184205770492553711e-01
3.869467973709106445e-02
1.866998821496963501e-01
-2.764703035354614258e-01
2.517778873443603516e-01
8.678187727928161621e-01
3.682291805744171143e-01
1.271600462496280670e-02
-1.340938545763492584e-02
1.537039130926132202e-02
2.319035679101943970e-01
4.851496517658233643e-01
-3.924127202481031418e-03
2.587104439735412598e-01
1.384650617837905884e-01
-1.980740875005722046e-01
1.125815976411104202e-02
-2.127239406108856201e-01
4.445142671465873718e-02
-2.523660957813262939e-01
-2.897531688213348389e-01
1.910975128412246704e-01
-1.214300282299518585e-02
4.484508931636810303e-02
-3.600108027458190918e-01
4.181475937366485596e-01
-1.049941480159759521e-01
-2.963041514158248901e-02
-3.821280002593994141e-01
1.600923687219619751e-01
6.107656657695770264e-02
-6.944299489259719849e-02
-1.869504526257514954e-02
2.410481721162796021e-01
8.247347921133041382e-02
2.751675248146057129e-01
6.236822158098220825e-02
-1.631132662296295166e-01
7.877989113330841064e-02
-3.420323133468627930e-02
-6.094047427177429199e-02
2.675017118453979492e-01
-5.341547075659036636e-03
1.533858757466077805e-02
5.282399430871009827e-02
-2.305450290441513062e-02
1.807292252779006958e-01
2.127844244241714478e-01
1.187452375888824463e-01
-1.719511300325393677e-01
-5.050646141171455383e-02
7.389263808727264404e-02
-5.739775672554969788e-02
4.597993791103363037e-01
-2.608945406973361969e-02
-5.161105468869209290e-02
1.868017613887786865e-01
-3.165270015597343445e-02
2.379654049873352051e-01
1.344582587480545044e-01
2.086468487977981567e-01
4.224102571606636047e-02
-2.401410341262817383e-01
-8.469273149967193604e-02
-2.186110764741897583e-01
6.645639240741729736e-02
-1.966081410646438599e-01
1.260334849357604980e-01
2.094222009181976318e-01
-3.843343555927276611e-01
-5.967574939131736755e-02
1.161850392818450928e-01
-4.167640581727027893e-02
-8.770698308944702148e-02
1.634295433759689331e-01
9.818833321332931519e-02
9.301957488059997559e-02
3.036782145500183105e-01
2.401821017265319824e-01
2.355577796697616577e-01
-1.968059688806533813e-01
-2.899145781993865967e-01
1.448290199041366577e-01
4.773611947894096375e-02
9.717601537704467773e-02
1.872010380029678345e-01
-1.969867348670959473e-01
-2.476664185523986816e-01
-4.498206824064254761e-02
2.568161189556121826e-01
3.121446061413735151e-04
3.314241766929626465e-01
2.870381996035575867e-02
-4.027048647403717041e-01
7.199344038963317871e-02
9.723603725433349609e-04
3.042327165603637695e-01
2.271422892808914185e-01
-1.733034662902355194e-02
4.388270080089569092e-01
4.600617289543151855e-01
1.586903333663940430e-01
-1.634864211082458496e-01
-2.603220343589782715e-01
7.179050892591476440e-02
6.350418180227279663e-02
5.628298223018646240e-02
8.672959357500076294e-02
4.532921910285949707e-01
-2.729893922805786133e-01
1.192196235060691833e-01
9.753250330686569214e-02
3.920114338397979736e-01
1.425424707122147083e-03
-2.341711074113845825e-01
-3.248033523559570312e-01
2.839763760566711426e-01
5.794446542859077454e-02
-2.277440279722213745e-01
2.239285111427307129e-01
5.296814441680908203e-01
4.524410068988800049e-01
-2.911254763603210449e-01
-6.665933728218078613e-01
-2.844983637332916260e-01
-7.132161408662796021e-02
2.706999778747558594e-01
6.848843768239021301e-03
1.739138960838317871e-01
-6.491928696632385254e-01
4.696747660636901855e-01
-1.190937533974647522e-01
1.113535016775131226e-01
5.209943652153015137e-01
-2.592919021844863892e-02
-2.719604372978210449e-01
2.805330157279968262e-01
-2.173078805208206177e-01
-7.702420651912689209e-02
4.773232620209455490e-03
1.349185109138488770e-01
2.683475911617279053e-01
-1.907560974359512329e-01
-4.736739397048950195e-01
1.614016443490982056e-01
-2.873178943991661072e-02
6.120179891586303711e-01
-5.413825437426567078e-02
-1.583500653505325317e-01
-4.699380397796630859e-01
-1.396156847476959229e-01
-7.536800950765609741e-02
-1.272166669368743896e-01
1.021949529647827148e+00
6.954750418663024902e-02
-4.533936679363250732e-01
-2.786234915256500244e-01
-2.790440022945404053e-01
1.631150990724563599e-01
-1.410382688045501709e-01
-1.534649133682250977e-01
2.809917330741882324e-01
-3.258086144924163818e-01
1.766974478960037231e-01
-2.002328038215637207e-01
3.855677247047424316e-01
1.219833046197891235e-01
1.388952136039733887e-01
-5.072308182716369629e-01
2.878780066967010498e-01
1.882385164499282837e-01
-2.451139092445373535e-01
1.273974925279617310e-01
2.281623929738998413e-01
1.823781430721282959e-01
1.856131702661514282e-01
5.785379931330680847e-02
4.357044398784637451e-01
6.798096746206283569e-02
7.055279612541198730e-02
-6.222142577171325684e-01
-4.738934934139251709e-01
2.122022211551666260e-02
2.871881052851676941e-02
1.790234148502349854e-01
-4.359341859817504883e-01
-4.666714966297149658e-01
8.012575097382068634e-03
7.782363146543502808e-02
2.265820838510990143e-02
1.571854576468467712e-02
1.089906841516494751e-01
2.109439671039581299e-01
-6.686201095581054688e-01
2.453611493110656738e-01
3.911298215389251709e-01
2.500716745853424072e-01
-1.620009094476699829e-01
-7.418297231197357178e-02
2.776836156845092773e-01
2.404166199266910553e-02
1.554074287414550781e-01
1.634716391563415527e-01
-1.613370925188064575e-01
-3.796084523200988770e-01
-1.112642884254455566e-01
1.727124899625778198e-01
-2.763479948043823242e-01
2.685222327709197998e-01
-5.473946779966354370e-02
3.881347477436065674e-01
1.170726940035820007e-01
2.164314836263656616e-01
9.627160429954528809e-02
9.835477173328399658e-02
-3.719889745116233826e-02
-1.184663921594619751e-01
-1.743359491229057312e-02
2.352648079395294189e-01
2.780631780624389648e-01
-5.994095653295516968e-02
1.090113669633865356e-01
-9.451752901077270508e-02
-4.901444315910339355e-01
-5.393340066075325012e-02
8.420588821172714233e-02
2.172814607620239258e-01
-4.725898802280426025e-02
-7.711794227361679077e-02
-7.682430744171142578e-01
-7.307692617177963257e-02
-4.582055844366550446e-03
9.250964969396591187e-02
7.258368283510208130e-02
-8.627030253410339355e-02
-1.295056194067001343e-01
-1.839113086462020874e-01
9.449867904186248779e-02
-1.569743901491165161e-01
-2.043876647949218750e-01
7.807740569114685059e-02
-2.972241938114166260e-01
2.858412265777587891e-01
2.494798749685287476e-01
-6.165676191449165344e-02
-1.771812289953231812e-01
1.268989755772054195e-03
5.362896993756294250e-02
-6.314878351986408234e-03
7.699930071830749512e-01
-1.895597577095031738e-01
2.704398147761821747e-02
-1.530329138040542603e-01
-3.008840680122375488e-01
5.314825475215911865e-02
2.599951624870300293e-01
1.312044169753789902e-02
8.523791283369064331e-02
1.819904446601867676e-01
-4.014084488153457642e-02
1.233308464288711548e-01
-1.531171984970569611e-02
-1.505201011896133423e-01
-1.154094338417053223e-01
2.494519352912902832e-01
-4.173806905746459961e-01
-1.640765964984893799e-01
-1.128071248531341553e-01
4.087750017642974854e-01
-6.406520307064056396e-02
-1.559209376573562622e-01
3.047400116920471191e-01
-2.946671470999717712e-02
-1.396445035934448242e-01
1.600059494376182556e-02
-2.214130014181137085e-02
1.356794238090515137e-01
8.985866606235504150e-02
1.534420996904373169e-01
-6.363490968942642212e-02
1.037327349185943604e-01
7.792615890502929688e-02
1.168702170252799988e-01
1.010112538933753967e-01
1.426078081130981445e-01
-2.607712745666503906e-01
-1.248104646801948547e-01
1.024316921830177307e-01
1.840051859617233276e-01
5.034398753196001053e-03
-2.459508031606674194e-01
2.359646707773208618e-01
-2.753926441073417664e-02
-2.704506516456604004e-01
-2.106867581605911255e-01
-9.408126026391983032e-02
1.838089674711227417e-01
1.420800238847732544e-01
1.409329921007156372e-01
1.312679052352905273e-01
2.104589939117431641e-01
-1.147412285208702087e-01
-2.788479626178741455e-01
-1.531122326850891113e-01
-3.860814571380615234e-01
-1.608111858367919922e-01
-1.096033528447151184e-01
-1.433247476816177368e-01
1.617420464754104614e-02
1.721068844199180603e-02
2.526104450225830078e-01
-1.490145474672317505e-01
3.923252597451210022e-02
2.018095850944519043e-01
-7.061461359262466431e-02
-2.519479393959045410e-01
4.600395634770393372e-02
9.247997403144836426e-02
-1.647114157676696777e-01
-2.340697497129440308e-02
-1.948655247688293457e-01
1.534771323204040527e-01
1.468705087900161743e-01
-1.638005524873733521e-01
2.888408489525318146e-02
1.494530439376831055e-01
-2.848973572254180908e-01
-1.109250411391258240e-01
9.457892924547195435e-02
-6.534458696842193604e-02
-1.723929345607757568e-01
-2.574680745601654053e-01
1.692617833614349365e-01
-3.483357727527618408e-01
1.541914045810699463e-01
2.352553457021713257e-01
-3.145745992660522461e-01
1.343432813882827759e-01
-2.007894665002822876e-01
-3.026620671153068542e-02
-1.379238627851009369e-02
1.227426528930664062e-01
-3.966973125934600830e-01
4.201456531882286072e-02
-3.718286752700805664e-01
-6.653947234153747559e-01
-1.657570153474807739e-01
1.044247392565011978e-02
-2.638332545757293701e-01
-2.371105924248695374e-02
-1.105322167277336121e-01
-1.491462141275405884e-01
1.186702772974967957e-01
-5.156762003898620605e-01
8.474174886941909790e-02
7.375028729438781738e-02
4.734994173049926758e-01
6.897631883621215820e-01
3.438775837421417236e-01
1.544826179742813110e-01
4.348567426204681396e-01
7.872553467750549316e-01
-7.853462696075439453e-01
-7.024074792861938477e-01
-1.572320014238357544e-01
-4.238720536231994629e-01
-2.022566348314285278e-01
-3.731381297111511230e-01
1.642484366893768311e-01
-8.950861692428588867e-01
3.204758763313293457e-01
1.105120554566383362e-01
1.282607167959213257e-01
2.893813550472259521e-01
-7.075789384543895721e-03
-3.609209954738616943e-01
1.119782850146293640e-01
-4.297221451997756958e-02
-6.622558087110519409e-02
-4.944432899355888367e-02
5.763047561049461365e-02
7.982886582612991333e-02
8.431509137153625488e-02
1.865681493654847145e-03
-1.173104718327522278e-01
-1.524729579687118530e-01
-1.130157783627510071e-01
-3.907792642712593079e-02
1.725298166275024414e-01
3.759190067648887634e-02
4.642516374588012695e-02
-6.266296654939651489e-02
2.612169086933135986e-01
9.741654247045516968e-02
-2.134947925806045532e-01
1.604819893836975098e-01
3.051797151565551758e-01
-2.083254307508468628e-01
-1.019724681973457336e-01
9.020566940307617188e-02
1.923933774232864380e-01
2.821806669235229492e-01
6.248003244400024414e-01
-2.418106198310852051e-01
-5.194197967648506165e-02
-7.861996442079544067e-02
1.449690014123916626e-01
5.417237877845764160e-01
6.613197177648544312e-02
-8.563143759965896606e-02
9.955020993947982788e-02
-3.432757034897804260e-02
4.847095906734466553e-01
1.434100419282913208e-02
-1.242506038397550583e-02
2.503654360771179199e-01
1.161235421895980835e-01
-2.050141990184783936e-01
1.366504877805709839e-01
-3.764705359935760498e-02
-1.946931779384613037e-01
-1.129340529441833496e-01
-1.351520419120788574e-01
-1.374876052141189575e-01
-3.202724084258079529e-02
2.069752514362335205e-01
-3.359450399875640869e-01
-4.085815250873565674e-01
-2.571802139282226562e-01
3.313563466072082520e-01
-1.569229960441589355e-01
2.899738401174545288e-02
-2.842575013637542725e-01
2.588365226984024048e-02
3.047091960906982422e-01
1.152977496385574341e-01
6.084014661610126495e-03
-1.042251214385032654e-01
1.499494165182113647e-01
-1.349736750125885010e-01
2.519970014691352844e-02
1.535862982273101807e-01
-1.788697093725204468e-01
-1.073805093765258789e-01
-1.891140937805175781e-01
-6.326409056782722473e-04
-2.516043484210968018e-01
2.522036731243133545e-01
2.291999757289886475e-01
-1.737341731786727905e-01
-2.494055926799774170e-01
-9.435768425464630127e-02
1.331667304039001465e-01
1.707143634557723999e-01
-3.053110539913177490e-01
-2.168944627046585083e-01
2.509484887123107910e-01
3.373444974422454834e-01
-1.324337273836135864e-01
3.475221395492553711e-01
-1.376752704381942749e-01
-2.810433804988861084e-01
-2.592649869620800018e-02
8.774420619010925293e-02
5.745656490325927734e-01
6.305256392806768417e-03
-1.518831551074981689e-01
1.231039315462112427e-01
1.343629658222198486e-01
-2.602923214435577393e-01
1.886966228485107422e-01
1.343482583761215210e-01
-2.124222368001937866e-01
-2.191167920827865601e-01
1.425588876008987427e-01
-1.289502233266830444e-01
2.206000834703445435e-01
4.688903987407684326e-01
-7.631455361843109131e-02
1.515853106975555420e-01
-1.239133328199386597e-01
4.850927367806434631e-02
3.161650002002716064e-01
6.407053023576736450e-02
5.108440667390823364e-02
-2.929163873195648193e-01
4.142900109291076660e-01
-3.722913935780525208e-02
1.106839329004287720e-01
-5.206447094678878784e-03
3.217503428459167480e-01
3.160339891910552979e-01
-8.017034083604812622e-02
1.045033037662506104e-01
-1.773916035890579224e-01
-1.082797870039939880e-01
9.696933627128601074e-02
1.937675178050994873e-01
2.843198366463184357e-03
-1.503747701644897461e-01
3.096120953559875488e-01
1.540002971887588501e-01
6.585419923067092896e-02
3.234888017177581787e-01
-1.890859305858612061e-01
1.011374779045581818e-02
2.879403531551361084e-01
1.331349462270736694e-01
3.413273394107818604e-01
-3.549247682094573975e-01
1.093627959489822388e-01
-1.600002348423004150e-01
-1.263543665409088135e-01
1.282161474227905273e-01
-1.340145915746688843e-01
-1.304944157600402832e-01
1.335112303495407104e-01
2.216345965862274170e-01
-2.036197930574417114e-01
5.389242768287658691e-01
-6.230802461504936218e-02
-1.881227940320968628e-01
3.286550641059875488e-01
1.351179182529449463e-01
6.358982324600219727e-01
6.816378980875015259e-02
-1.699948608875274658e-01
2.964550554752349854e-01
2.123348861932754517e-01
-4.521914720535278320e-01
1.400462985038757324e-01
9.149914979934692383e-02
-1.527112126350402832e-01
-4.697938561439514160e-01
-5.772978067398071289e-03
3.651659488677978516e-01
3.303679525852203369e-01
-8.815546333789825439e-02
-1.778845787048339844e-01
-1.487010717391967773e-01
1.856808066368103027e-01
2.730509638786315918e-01
3.836981058120727539e-01
-1.698533743619918823e-01
3.467846512794494629e-01
-3.564838171005249023e-01
9.716119617223739624e-02
3.668565154075622559e-01
-1.172758042812347412e-01
2.036850154399871826e-01
-1.156471222639083862e-01
-8.572561293840408325e-02
1.447878777980804443e-01
-8.861482143402099609e-02
8.324111998081207275e-02
3.254449963569641113e-01
-1.697802245616912842e-01
1.025655493140220642e-01
-1.326641291379928589e-01
-2.014021277427673340e-01
-4.262127727270126343e-02
2.868794500827789307e-01
1.787096410989761353e-01
1.463887989521026611e-01
-2.613239586353302002e-01
-3.069688379764556885e-01
4.425825774669647217e-01
-1.721244752407073975e-01
1.599970646202564240e-02
-1.639159619808197021e-01
1.315403543412685394e-02
1.193547397851943970e-01
2.607284784317016602e-01
-2.152633387595415115e-03
-2.644466757774353027e-01
-1.455244719982147217e-01
1.127963364124298096e-01
1.806103996932506561e-02
-8.293923735618591309e-02
1.201507151126861572e-01
-1.221360638737678528e-01
-2.307106703519821167e-01
7.713169604539871216e-02
-4.039983451366424561e-01
4.550279378890991211e-01
2.517781555652618408e-01
-1.714652180671691895e-01
4.983063042163848877e-02
-1.273581087589263916e-01
7.824910432100296021e-02
1.500878669321537018e-02
-7.478521019220352173e-02
1.382942348718643188e-01
-1.277996152639389038e-01
8.992829918861389160e-02
4.797945618629455566e-01
3.512490689754486084e-01
2.756241559982299805e-01
-7.517023384571075439e-02
-2.735430300235748291e-01
4.792218282818794250e-02
2.770082950592041016e-01
7.506784051656723022e-02
1.684014797210693359e-01
-3.920143842697143555e-01
7.677805423736572266e-02
-4.139735102653503418e-01
-4.653601441532373428e-03
1.289572864770889282e-01
2.986609004437923431e-02
1.617289334535598755e-01
-1.553120017051696777e-01
7.295248657464981079e-02
-6.832057237625122070e-02
-3.971239179372787476e-02
-6.861691474914550781e-01
-5.032249689102172852e-01
-2.956432402133941650e-01
-2.740081846714019775e-01
8.215685933828353882e-02
1.388110965490341187e-01
9.929990023374557495e-02
-1.067271903157234192e-01
-1.716226935386657715e-01
6.481146812438964844e-02
-2.438689172267913818e-01
4.174641668796539307e-01
-1.744667738676071167e-01
7.228920608758926392e-02
3.731689229607582092e-02
1.676327735185623169e-01
4.689290001988410950e-02
7.211460918188095093e-02
-1.333274543285369873e-01
2.855029404163360596e-01
4.580989480018615723e-01
-2.924765832722187042e-02
-1.077819392085075378e-01
-1.366644352674484253e-01
2.062782878056168556e-03
-2.608506381511688232e-01
1.971115767955780029e-01
1.476037800312042236e-01
-5.749677419662475586e-01
-3.654408082365989685e-02
-6.446706503629684448e-02
5.064263567328453064e-02
-1.647432297468185425e-01
-1.901376694440841675e-01
5.715001225471496582e-01
-4.647583141922950745e-02
1.347203254699707031e-01
-2.303576767444610596e-01
-1.719843596220016479e-01
-3.577024117112159729e-02
6.999577879905700684e-01
-5.081979632377624512e-01
-2.701863944530487061e-01
-3.089401721954345703e-01
-1.406276039779186249e-02
-1.695255339145660400e-01
-1.210150644183158875e-01
2.007451951503753662e-01
1.158756241202354431e-01
4.627653211355209351e-02
-3.495090305805206299e-01
4.764422774314880371e-01
-1.096742823719978333e-01
-4.506351798772811890e-02
1.364788711071014404e-01
3.824829161167144775e-01
3.805454671382904053e-01
8.513895422220230103e-02
-1.200026124715805054e-01
2.348195761442184448e-01
5.031341910362243652e-01
4.157648980617523193e-02
1.995464265346527100e-01
3.820939362049102783e-02
1.557821482419967651e-01
-1.782812327146530151e-01
-2.194048315286636353e-01
9.371016919612884521e-02
-1.201478689908981323e-01
9.273470193147659302e-02
-1.601735055446624756e-01
2.056515812873840332e-01
1.385081410408020020e-01
-2.807945907115936279e-01
9.188368171453475952e-02
8.507184684276580811e-02
3.157188594341278076e-01
-8.700381219387054443e-02
-1.436333656311035156e-01
-3.896942734718322754e-01
-1.330799609422683716e-01
-1.493196338415145874e-01
-1.534158587455749512e-01
2.183034420013427734e-01
5.645868950523436069e-04
-6.969682127237319946e-02
3.819336369633674622e-02
-2.213208377361297607e-01
8.035577833652496338e-02
2.860608398914337158e-01
2.514756619930267334e-01
-1.515574306249618530e-01
-8.185207843780517578e-02
-1.698135398328304291e-02
-9.589028358459472656e-02
3.975570667535066605e-03
-2.045502215623855591e-01
-1.082492172718048096e-01
1.988320946693420410e-01
2.507845163345336914e-01
6.782528758049011230e-01
3.117307648062705994e-02
1.327255666255950928e-01
-3.289621770381927490e-01
2.510222047567367554e-02
1.948995590209960938e-01
2.365672886371612549e-01
6.602933257818222046e-02
2.130122631788253784e-01
-1.751772165298461914e-01
-7.334531098604202271e-02
-1.729643642902374268e-01
-7.584319263696670532e-02
2.343142181634902954e-01
-1.568503677845001221e-01
3.094756603240966797e-01
2.006883360445499420e-02
-2.061295807361602783e-01
-3.147832350805401802e-03
-3.764610737562179565e-02
1.137842312455177307e-01
-5.570868775248527527e-02
3.064575195312500000e-01
-3.566353917121887207e-01
2.184103131294250488e-01
4.411251097917556763e-02
2.215242683887481689e-01
1.971999257802963257e-01
1.365608870983123779e-01
-1.660220623016357422e-01
-5.184882879257202148e-01
3.914154767990112305e-01
4.434887468814849854e-01
-2.727120518684387207e-01
-1.682725995779037476e-01
-6.386774033308029175e-02
2.543005347251892090e-01
-1.110759899020195007e-01
7.838186807930469513e-03
-3.998469114303588867e-01
-9.902023524045944214e-02
-1.136905550956726074e-01
2.135675847530364990e-01
-2.770804166793823242e-01
-7.536685466766357422e-02
1.008716076612472534e-01
1.029849797487258911e-01
3.354457393288612366e-02
-7.597889006137847900e-02
2.291404306888580322e-01
2.370126843452453613e-01
-2.444317489862442017e-01
-2.499576359987258911e-01
6.602257490158081055e-02
1.875425428152084351e-01
2.376153916120529175e-01
2.723416686058044434e-01
-4.099897295236587524e-02
-2.192402631044387817e-01
2.627265453338623047e-01
2.644717395305633545e-01
2.040856331586837769e-01
-4.348372668027877808e-02
1.635231822729110718e-02
-1.976474821567535400e-01
1.527140438556671143e-01
-1.055069118738174438e-01
-1.946475058794021606e-01
3.549485802650451660e-01
-5.193076655268669128e-02
8.696580678224563599e-02
4.736432433128356934e-02
2.105473577976226807e-01
1.675134897232055664e-01
-4.324385151267051697e-02
-3.852749615907669067e-02
-1.934615820646286011e-01
1.289549916982650757e-01
2.062538713216781616e-01
6.161145493388175964e-02
-6.388408541679382324e-01
-5.587087571620941162e-02
-1.683452278375625610e-01
-6.123235449194908142e-02
2.085443139076232910e-01
-1.660676747560501099e-01
1.802002489566802979e-01
-5.912903696298599243e-03
-8.465941995382308960e-02
1.755931228399276733e-01
2.295221202075481415e-02
2.873396873474121094e-01
-2.493283748626708984e-01
-1.270067244768142700e-01
9.200347587466239929e-03
1.503578014671802521e-02
-7.227157801389694214e-02
5.570443347096443176e-02
2.704749703407287598e-01
-7.328093051910400391e-03
8.789858222007751465e-02
1.164450347423553467e-01
-2.710234522819519043e-01
2.158823311328887939e-01
-3.518503531813621521e-02
-1.998573243618011475e-01
1.740153580904006958e-01
-2.106687873601913452e-01
-1.532713789492845535e-02
7.981051504611968994e-02
-4.319165945053100586e-01
-1.155971512198448181e-01
1.483293529599905014e-02
-2.301023453474044800e-01
1.205982044339179993e-01
1.144368723034858704e-01
-1.724662780761718750e-01
8.527332544326782227e-02
-7.734921574592590332e-02
-3.137578964233398438e-01
-4.804072435945272446e-03
-4.837196692824363708e-02
-8.555515855550765991e-02
-2.464951276779174805e-01
-4.304222390055656433e-02
2.539952099323272705e-01
3.507122993469238281e-01
-2.508456707000732422e-01
-1.403345763683319092e-01
-6.947834044694900513e-02
-2.547178268432617188e-01
1.002230420708656311e-01
4.599733278155326843e-02
-2.488933056592941284e-01
-2.253415584564208984e-01
-4.110041633248329163e-02
-2.037348002195358276e-01
3.788487017154693604e-01
-4.228713363409042358e-02
2.514655888080596924e-01
-8.992804586887359619e-02
-5.291564017534255981e-02
6.207431852817535400e-02
1.387669742107391357e-01
4.499443620443344116e-02
-1.636926531791687012e-01
3.632652014493942261e-02
-2.213337272405624390e-01
-8.917522430419921875e-02
-1.071731597185134888e-01
3.093794733285903931e-02
2.112810760736465454e-01
-6.649875640869140625e-01
-3.331312537193298340e-01
-3.428558409214019775e-01
1.043928340077400208e-01
-2.242179661989212036e-01
-2.715459652245044708e-02
-2.249187082052230835e-01
-2.240820974111557007e-01
2.389778047800064087e-01
-7.080432027578353882e-02
-2.347629815340042114e-01
3.559035435318946838e-02
-1.295033097267150879e-01
4.619663208723068237e-02
2.349862754344940186e-01
-1.633881628513336182e-01
7.302568107843399048e-02
1.764163933694362640e-02
-2.450098693370819092e-01
3.985062241554260254e-01
-2.081032991409301758e-01
-1.517100334167480469e-01
-1.180542260408401489e-01
-9.147965162992477417e-02
-1.900377869606018066e-01
-6.504727061837911606e-03
3.577428683638572693e-02
1.685235202312469482e-01
1.377985328435897827e-01
8.382335305213928223e-02
-2.177606523036956787e-01
-2.890637703239917755e-02
-8.785644173622131348e-02
-1.611058264970779419e-01
3.075098991394042969e-01
-4.008412361145019531e-01
5.692859739065170288e-02
-1.390143781900405884e-01
-2.630698978900909424e-01
3.035219013690948486e-01
-3.619673848152160645e-01
1.373554617166519165e-01
-1.785432547330856323e-02
-2.214288115501403809e-01
7.999495416879653931e-02
6.762927770614624023e-02
-4.398821387439966202e-03
-4.833190701901912689e-03
3.190500289201736450e-02
-8.114288747310638428e-02
2.324126511812210083e-01
-5.904727615416049957e-03
8.906199038028717041e-02
2.230402231216430664e-01
1.068155914545059204e-01
2.554969489574432373e-01
-1.916896365582942963e-02
2.294464856386184692e-01
-2.807674705982208252e-01
3.387401625514030457e-02
-1.088844537734985352e-01
1.210477203130722046e-01
1.382795125246047974e-01
3.809360563755035400e-01
-2.942242026329040527e-01
-4.487369954586029053e-02
-2.816081233322620392e-02
5.742321908473968506e-02
-1.444223523139953613e-01
-2.522343993186950684e-01
1.208735704421997070e-01
1.891762763261795044e-01
-3.643685877323150635e-01
-5.793827399611473083e-02
1.661268621683120728e-01
-4.586513042449951172e-01
1.167700886726379395e-01
-2.344909496605396271e-02
-1.125436648726463318e-01
8.420069515705108643e-02
1.804758794605731964e-02
-1.532953083515167236e-01
-1.331444829702377319e-01
-1.517533659934997559e-01
-2.345940172672271729e-01
-2.538354694843292236e-01
1.181219965219497681e-01
-1.771685332059860229e-01
2.100102156400680542e-01
2.293888181447982788e-01
2.799377143383026123e-01
-6.857343763113021851e-02
1.983402669429779053e-01
-3.564873933792114258e-01
-2.801595926284790039e-01
-1.726539731025695801e-01
3.659447133541107178e-01
-3.316630721092224121e-01
5.243287421762943268e-03
-3.286924064159393311e-01
-1.293331012129783630e-02
2.033526450395584106e-01
2.669343650341033936e-01
-2.012746222317218781e-02
3.094005286693572998e-01
-3.592605888843536377e-02
-3.168536722660064697e-01
1.676187068223953247e-01
-1.692374497652053833e-01
-1.873214691877365112e-01
4.487060606479644775e-01
-2.925493009388446808e-02
2.823954224586486816e-01
-3.486022353172302246e-01
-3.881226480007171631e-01
2.031176239252090454e-01
7.033417373895645142e-02
-2.867634296417236328e-01
9.448202699422836304e-02
-2.476435154676437378e-01
1.853159070014953613e-01
7.991861552000045776e-02
3.084058463573455811e-01
-1.191965043544769287e-01
4.819716513156890869e-01
-2.251755297183990479e-01
-6.733872294425964355e-01
1.318078022450208664e-02
-1.417618244886398315e-01
1.829857751727104187e-02
-5.508408881723880768e-03
8.772842586040496826e-03
1.330493837594985962e-01
-2.390732020139694214e-01
-4.024721682071685791e-01
2.622118592262268066e-01
-8.373241126537322998e-02
-1.730352789163589478e-01
8.217062056064605713e-02
3.616574034094810486e-02
2.719129025936126709e-01
1.715552620589733124e-02
2.841056585311889648e-01
-2.441073954105377197e-01
3.235704004764556885e-01
-2.205679714679718018e-01
-4.516756907105445862e-02
9.257296472787857056e-02
-2.097292840480804443e-01
-9.962025284767150879e-02
4.456008225679397583e-02
3.161169886589050293e-01
1.068514660000801086e-01
-2.279210686683654785e-01
-1.450261566787958145e-02
-1.281697303056716919e-01
-4.599545001983642578e-01
-3.097119927406311035e-02
-1.013939976692199707e-01
6.322635412216186523e-01
-1.952270418405532837e-01
1.305850688368082047e-02
-4.462468922138214111e-01
-2.546256780624389648e-01
1.456546336412429810e-01
6.008805707097053528e-02
-2.642049193382263184e-01
-3.260859847068786621e-01
2.440916001796722412e-01
4.826346039772033691e-02
-1.193229705095291138e-01
8.777064830064773560e-02
-2.034921348094940186e-01
2.473398344591259956e-03
7.369106262922286987e-02
-1.354546695947647095e-01
-9.096971154212951660e-02
-3.691517114639282227e-01
4.112503826618194580e-01
-2.891590893268585205e-01
7.932322472333908081e-02
1.748354434967041016e-01
-3.858993574976921082e-02
-3.094738423824310303e-01
4.590257108211517334e-01
2.659929394721984863e-01
-2.511305510997772217e-01
2.331608207896351814e-03
2.372111193835735321e-02
-2.709824144840240479e-01
-2.009735675528645515e-03
-2.014606744050979614e-01
1.408125609159469604e-01
6.098475679755210876e-02
1.970620900392532349e-01
-2.034421265125274658e-01
-2.278340309858322144e-01
3.981902822852134705e-02
-3.489601016044616699e-01
-3.700803592801094055e-02
-1.431952267885208130e-01
-1.616876944899559021e-02
1.063876152038574219e-01
-2.763217389583587646e-01
-1.645547896623611450e-01
2.928563058376312256e-01
-2.759150266647338867e-01
1.481303572654724121e-01
1.173484921455383301e-01
3.822859525680541992e-01
-3.972066044807434082e-01
1.768971085548400879e-01
-1.964835673570632935e-01
-2.450039982795715332e-01
2.814801633358001709e-01
-2.012219727039337158e-01
3.182450830936431885e-01
-1.231857016682624817e-01
-1.909319758415222168e-01
4.254965856671333313e-02
1.040985621511936188e-02
-2.866714000701904297e-01
5.088883265852928162e-02
-2.781229913234710693e-01
-2.228192239999771118e-01
2.671204879879951477e-02
-1.405732780694961548e-01
-7.697378098964691162e-02
7.143742870539426804e-03
1.300856769084930420e-01
2.181553095579147339e-01
2.546128034591674805e-01
-2.390162497758865356e-01
-4.919886589050292969e-01
1.756826788187026978e-02
-5.208411812782287598e-02
-3.253113850951194763e-02
-3.365742564201354980e-01
-6.099431216716766357e-02
-4.078155383467674255e-02
9.595344215631484985e-02
-1.273444741964340210e-01
-3.480335772037506104e-01
-2.302600741386413574e-01
2.450825124979019165e-01
-2.474847137928009033e-01
-2.117268443107604980e-01
-1.006086170673370361e-01
2.656157612800598145e-01
-3.086756542325019836e-02
1.779683679342269897e-01
2.302705543115735054e-03
3.347213566303253174e-01
-3.392425924539566040e-02
-4.009978473186492920e-02
-8.994768373668193817e-03
3.276808261871337891e-01
3.792642429471015930e-02
3.102305233478546143e-01
-5.785383284091949463e-02
2.712655663490295410e-01
3.435590267181396484e-01
1.620002985000610352e-01
3.568384423851966858e-02
6.599813699722290039e-02
2.331912666559219360e-01
-2.340950770303606987e-03
2.547863721847534180e-01
-3.071481287479400635e-01
9.860461950302124023e-02
-3.355421125888824463e-02
-4.157484322786331177e-02
-1.768936216831207275e-02
-4.671951234340667725e-01
2.046341001987457275e-01
-1.948446780443191528e-01
1.133231297135353088e-01
3.032197058200836182e-02
-4.007938783615827560e-03
-1.568345278501510620e-01
-1.481661051511764526e-01
-2.451089024543762207e-01
-2.638553678989410400e-01
-2.037697583436965942e-01
5.478407070040702820e-02
-2.297993004322052002e-01
-3.013416230678558350e-01
-1.549422442913055420e-01
3.616378307342529297e-01
-5.351231247186660767e-02
1.322336196899414062e-01
-3.880462422966957092e-02
1.396818906068801880e-01
-5.619639530777931213e-02
-3.332836329936981201e-01
2.462059408426284790e-01
-1.881087869405746460e-01
-2.711935341358184814e-01
5.819216370582580566e-01
-6.880962848663330078e-02
1.085418313741683960e-01
1.412699967622756958e-01
-1.114456877112388611e-01
9.216542541980743408e-02
2.202556729316711426e-01
1.893429607152938843e-01
7.044436037540435791e-02
2.933685779571533203e-01
-2.539945542812347412e-01
1.405291110277175903e-01
2.277556993067264557e-02
-1.318315267562866211e-01
9.299942292273044586e-03
-1.605517566204071045e-01
3.360809385776519775e-01
-5.950951948761940002e-02
-4.674464091658592224e-02
-2.341603040695190430e-01
-2.676212787628173828e-01
2.557640373706817627e-01
-1.262792646884918213e-01
-4.435167610645294189e-01
-1.879761070013046265e-01
3.613566607236862183e-02
6.750206649303436279e-02
2.007168978452682495e-01
-5.889650434255599976e-02
1.375921964645385742e-01
-7.509032636880874634e-02
-4.288984537124633789e-01
-4.527455940842628479e-02
-1.520101446658372879e-02
-1.692485809326171875e-01
1.036879420280456543e-01
3.864340782165527344e-01
-2.499669641256332397e-01
-2.572226822376251221e-01
6.268638372421264648e-02
-4.943575859069824219e-01
2.101955860853195190e-01
-2.119546681642532349e-01
-4.480697512626647949e-01
-1.532275527715682983e-01
-1.516262292861938477e-01
1.924764215946197510e-01
8.425068855285644531e-02
5.671954900026321411e-02
-3.425034508109092712e-02
3.974216282367706299e-01
2.885310053825378418e-01
1.776978820562362671e-01
5.296180397272109985e-02
1.056254580616950989e-01
2.030032873153686523e-01
4.077783599495887756e-02
5.595273338258266449e-03
-1.202495321631431580e-01
-1.066102981567382812e-01
-9.446403384208679199e-02
2.557766437530517578e-01
-2.893731594085693359e-01
2.400008589029312134e-01
-4.860595613718032837e-02
1.777098774909973145e-01
-1.173019036650657654e-01
9.248106181621551514e-02
-2.057929933071136475e-01
1.986243724822998047e-01
-1.713819652795791626e-01
-1.484989225864410400e-01
1.514318734407424927e-01
1.380628347396850586e-01
-2.759733498096466064e-01
-8.534764498472213745e-02
2.646510899066925049e-01
8.898168802261352539e-02
-8.905873447656631470e-02
1.923152357339859009e-01
-2.396641373634338379e-01
-1.149933934211730957e-01
2.391566485166549683e-01
4.112215712666511536e-02
-3.274110853672027588e-01
-1.848244220018386841e-01
1.186071112751960754e-01
-3.990786671638488770e-01
-9.024909883737564087e-02
-2.474054992198944092e-01
-5.722452700138092041e-02
-1.767733544111251831e-01
1.299794018268585205e-01
-1.451794814784079790e-04
4.083808884024620056e-02
-2.030508816242218018e-01
3.818877637386322021e-01
-3.014254868030548096e-01
-1.895886212587356567e-01
-1.750812083482742310e-01
-3.275282680988311768e-01
-1.591253876686096191e-01
6.894624233245849609e-02
-1.180365458130836487e-01
-2.949600219726562500e-01
-4.848245978355407715e-01
1.449075937271118164e-01
-1.796734780073165894e-01
2.875640690326690674e-01
-1.283777039498090744e-02
6.614470481872558594e-02
-5.615707859396934509e-02
3.212028741836547852e-01
3.516991436481475830e-01
3.988353312015533447e-01
1.157649084925651550e-01
-8.270792663097381592e-02
1.866753250360488892e-01
-5.785719752311706543e-01
-4.818094670772552490e-01
-3.231047987937927246e-01
2.988706231117248535e-01
-1.697629392147064209e-01
2.159805893898010254e-01
7.500075548887252808e-02
-5.430328845977783203e-02
-1.745858937501907349e-01
8.663189411163330078e-02
-2.243269085884094238e-01
3.857373297214508057e-01
-1.871941983699798584e-02
-1.504131257534027100e-01
-7.794907689094543457e-02
5.453479290008544922e-02
9.992973506450653076e-02
-2.273664027452468872e-01
1.779860109090805054e-01
-1.277983486652374268e-01
2.982134819030761719e-01
5.765342339873313904e-02
1.597253829240798950e-01
-1.719610095024108887e-01
6.161982193589210510e-02
1.382287293672561646e-01
-3.314493298530578613e-01
-2.276920527219772339e-01
-3.451019525527954102e-02
-1.836860328912734985e-01
2.552303671836853027e-01
-1.914697885513305664e-01
3.593660518527030945e-02
-1.023679785430431366e-02
2.478532046079635620e-01
1.435154080390930176e-01
-3.271063417196273804e-02
2.314554452896118164e-01
2.599866688251495361e-01
2.193820923566818237e-01
-3.072923980653285980e-02
-1.534415874630212784e-03
-1.103795394301414490e-01
2.164558619260787964e-01
7.453190535306930542e-02
2.706292271614074707e-01
1.280468404293060303e-01
-1.197708845138549805e-01
6.470818072557449341e-02
-1.717242598533630371e-01
-3.650649189949035645e-01
3.083234131336212158e-01
-2.056377939879894257e-02
4.742588102817535400e-02
1.764754354953765869e-01
1.781788617372512817e-01
-3.280033543705940247e-02
2.344957441091537476e-01
-2.560387253761291504e-01
3.036284148693084717e-01
-2.633211575448513031e-02
-8.578464388847351074e-02
-2.291861362755298615e-02
-1.503275334835052490e-01
5.970604345202445984e-02
-1.447623074054718018e-01
2.541913390159606934e-01
1.667396575212478638e-01
1.160182282328605652e-01
2.257717698812484741e-01
-8.335615694522857666e-02
2.407434433698654175e-01
1.930239051580429077e-01
-3.968214616179466248e-02
-2.218633443117141724e-01
-2.201455086469650269e-01
-1.852547973394393921e-01
-2.832679450511932373e-02
1.690563261508941650e-01
9.734196960926055908e-02
1.018994394689798355e-02
8.293059468269348145e-02
2.004058659076690674e-01
-2.683125138282775879e-01
-5.119076743721961975e-02
-6.617323309183120728e-02
-2.625669538974761963e-01
-5.328740552067756653e-02
-1.139589175581932068e-01
9.599146991968154907e-02
1.801997572183609009e-01
-1.539126932621002197e-01
-4.425650835037231445e-01
1.069076918065547943e-02
-9.832338243722915649e-02
-5.732703581452369690e-02
-3.564926683902740479e-01
-2.925746738910675049e-01
-2.431883662939071655e-01
-2.336163371801376343e-01
-3.749973326921463013e-02
2.267932742834091187e-01
1.944727897644042969e-01
-2.007402926683425903e-01
2.116078138351440430e-01
-2.295153290033340454e-01
-1.668241322040557861e-01
6.301670521497726440e-02
-6.705482304096221924e-02
-1.322819143533706665e-01
8.632972836494445801e-02
-3.987226635217666626e-02
-5.781926587224006653e-02
1.249613240361213684e-01
-2.792065031826496124e-02
9.820447117090225220e-02
-1.145248785614967346e-01
-5.109991133213043213e-02
6.973249912261962891e-01
1.083367466926574707e-01
-4.922742843627929688e-01
-3.892532885074615479e-01
5.155041813850402832e-02
-1.485763937234878540e-01
-7.006424665451049805e-01
-3.140993714332580566e-01
1.778190284967422485e-01
6.922597438097000122e-02
-4.049767851829528809e-01
-3.682136535644531250e-02
-2.626677751541137695e-01
1.511873006820678711e-01
1.282243728637695312e-01
3.093602359294891357e-01
-8.468309789896011353e-02
3.649804741144180298e-02
7.678058743476867676e-02
-8.343911916017532349e-02
3.352302908897399902e-01
1.144626960158348083e-01
-2.960201501846313477e-01
-3.652790784835815430e-01
-2.250256389379501343e-01
2.737304866313934326e-01
-2.118665874004364014e-01
-5.381217226386070251e-02
6.608817726373672485e-02
-1.491715162992477417e-01
-5.294861793518066406e-01
-1.531550139188766479e-01
-3.113292455673217773e-01
-7.486344873905181885e-02
5.186119675636291504e-01
-1.153093427419662476e-01
5.557458102703094482e-02
-3.916670754551887512e-02
1.555026471614837646e-01
2.148128151893615723e-01
-2.095847129821777344e-01
2.665180861949920654e-01
5.297193676233291626e-02
-2.731128036975860596e-02
-4.636775329709053040e-02
4.304237663745880127e-01
5.726364254951477051e-02
3.297825157642364502e-01
-1.112515106797218323e-01
1.226836144924163818e-01
-2.503608167171478271e-01
4.279391840100288391e-02
-2.272461950778961182e-01
1.929752975702285767e-01
5.710827112197875977e-01
-2.124815583229064941e-01
4.973057657480239868e-02
-1.836834847927093506e-01
-4.089714884757995605e-01
2.523026615381240845e-02
1.300614625215530396e-01
-1.258277595043182373e-01
3.640772104263305664e-01
3.929693400859832764e-01
2.137753516435623169e-01
-2.246401458978652954e-01
2.984893023967742920e-01
-1.633578836917877197e-01
-4.983190819621086121e-02
-2.141898125410079956e-01
8.906466513872146606e-02
-1.437658965587615967e-01
1.094688996672630310e-01
-5.266903899610042572e-03
-1.463503092527389526e-01
-2.044563144445419312e-01
3.563467785716056824e-02
-7.743861526250839233e-02
3.320924937725067139e-02
-1.247636079788208008e-01
9.926009178161621094e-02
-2.732565104961395264e-01
1.621777005493640900e-02
1.394511610269546509e-01
1.270502656698226929e-01
1.884347051382064819e-01
2.751419544219970703e-01
-1.742377430200576782e-01
-1.304314732551574707e-01
-5.260881781578063965e-02
4.280813410878181458e-02
-3.125588297843933105e-01
3.041685819625854492e-01
-3.766689896583557129e-01
-2.316920310258865356e-01
1.570071429014205933e-01
-9.987868368625640869e-02
1.704686731100082397e-01
1.498102694749832153e-01
2.008965313434600830e-01
2.335688471794128418e-02
1.171031743288040161e-01
-7.018640637397766113e-02
3.565477952361106873e-02
9.788466989994049072e-02
1.819523237645626068e-02
-3.110319972038269043e-01
3.707929551601409912e-01
1.933267116546630859e-01
1.321735829114913940e-01
-2.057910338044166565e-02
6.830855458974838257e-02
-2.094792127609252930e-01
-1.717287348583340645e-03
-9.576459974050521851e-02
-1.159071177244186401e-01
3.160001933574676514e-01
-1.278088688850402832e-01
2.033988535404205322e-01
2.398164719343185425e-01
2.054389938712120056e-02
1.019133105874061584e-01
-8.685412257909774780e-02
-1.932422257959842682e-02
-3.038064539432525635e-01
1.315026357769966125e-02
-6.917887181043624878e-02
2.860723137855529785e-01
1.698676347732543945e-01
-1.941486001014709473e-01
-1.459445804357528687e-02
-1.510998159646987915e-01
9.490312077105045319e-03
6.159653514623641968e-02
1.768596768379211426e-01
5.781260132789611816e-02
-5.754353106021881104e-02
1.739479452371597290e-01
-9.027787297964096069e-02
-2.871947363018989563e-02
-1.718315631151199341e-01
-1.894124899990856647e-03
-2.943088999018073082e-03
8.969707041978836060e-02
8.719367533922195435e-02
2.640345692634582520e-01
1.581943780183792114e-01
-1.792105473577976227e-02
8.288348466157913208e-02
4.880318343639373779e-01
-3.097024559974670410e-01
5.162431001663208008e-01
-1.418367624282836914e-01
1.478368341922760010e-01
2.562682330608367920e-01
1.149969846010208130e-01
1.172798126935958862e-01
1.576023399829864502e-01
1.405896693468093872e-01
1.370200961828231812e-01
2.297241836786270142e-01
4.504126608371734619e-01
-2.138859331607818604e-01
-3.076351284980773926e-01
-2.752245366573333740e-01
1.490049958229064941e-01
-2.878602743148803711e-01
1.529385596513748169e-01
1.272231936454772949e-01
1.070992127060890198e-01
-3.450724482536315918e-01
-3.729168698191642761e-02
-1.433827728033065796e-01
2.073182612657546997e-01
2.624462544918060303e-01
2.955634891986846924e-01
5.738716572523117065e-02
-3.122298792004585266e-02
4.356648325920104980e-01
1.886599659919738770e-01
-9.417419880628585815e-02
-1.247002091258764267e-02
-3.195171654224395752e-01
-3.534985780715942383e-01
-2.688139677047729492e-01
-7.410110533237457275e-02
-5.415474995970726013e-02
2.920553684234619141e-01
2.200666069984436035e-01
-7.934089004993438721e-02
-2.461936473846435547e-01
8.216446638107299805e-02
-1.962273009121417999e-02
1.797996312379837036e-01
2.975232005119323730e-01
2.616593837738037109e-01
3.446739614009857178e-01
7.837858051061630249e-02
4.990869760513305664e-02
1.708354651927947998e-01
-1.480945795774459839e-01
1.408469229936599731e-01
1.316823251545429230e-02
1.774136424064636230e-01
1.240719631314277649e-01
-9.330824017524719238e-02
-2.309904620051383972e-02
2.107099890708923340e-01
-1.879910528659820557e-01
-1.062794029712677002e-02
-1.173304766416549683e-01
-1.654378920793533325e-01
7.322591543197631836e-02
1.700455248355865479e-01
2.599265575408935547e-01
2.609507064335048199e-04
3.531147539615631104e-01
2.544913589954376221e-01
2.746928334236145020e-01
-5.062380060553550720e-02
2.221779674291610718e-01
-9.245853126049041748e-02
9.924320876598358154e-02
-1.731675565242767334e-01
-3.257500827312469482e-01
-5.178053304553031921e-02
1.388145536184310913e-01
2.141941897571086884e-02
-2.659060010046232492e-05
1.650383025407791138e-01
-1.936253011226654053e-01
2.264331877231597900e-01
-3.555937707424163818e-01
2.598926126956939697e-01
4.087949991226196289e-01
-1.880727112293243408e-01
-1.183097735047340393e-01
1.686755567789077759e-01
-1.595601141452789307e-01
9.855432063341140747e-02
-9.904538840055465698e-02
1.560206711292266846e-01
-2.444238215684890747e-01
3.332578539848327637e-01
-1.132746934890747070e-01
6.150589510798454285e-02
-2.431431598961353302e-02
7.684536278247833252e-02
2.594687640666961670e-01
2.371512651443481445e-01
6.122516002506017685e-03
4.174235463142395020e-02
-6.109141930937767029e-02
6.040981784462928772e-02
2.938621938228607178e-01
-1.961284875869750977e-01
-1.187724992632865906e-01
2.834489345550537109e-01
-2.793683409690856934e-01
1.802816987037658691e-01
2.476197630167007446e-01
-9.380811452865600586e-02
-2.492567598819732666e-01
1.472271978855133057e-01
1.958386301994323730e-01
2.509976327419281006e-01
-3.411013185977935791e-01
-2.525711953639984131e-01
1.694374233484268188e-01
3.291766941547393799e-01
3.434545099735260010e-01
3.806154429912567139e-01
3.586549460887908936e-01
2.875859737396240234e-01
1.265767812728881836e-01
2.243658900260925293e-01
7.406511157751083374e-02
7.651740312576293945e-02
6.944603472948074341e-02
7.084373384714126587e-02
-1.933835744857788086e-01
-2.055261470377445221e-02
-1.844041645526885986e-01
-2.789857983589172363e-01
-4.637884497642517090e-01
3.264662325382232666e-01
4.898723680526018143e-03
1.555648893117904663e-01
1.458514779806137085e-01
2.015480250120162964e-01
-1.911635845899581909e-01
1.063281204551458359e-02
1.048700734972953796e-01
3.524138927459716797e-01
1.301410496234893799e-01
3.690711855888366699e-01
3.803366720676422119e-01
-2.516156733036041260e-01
1.248416975140571594e-01
3.250392079353332520e-01
-7.326409686356782913e-03
-1.373716443777084351e-01
1.891659572720527649e-02
-2.003595791757106781e-02
1.206501126289367676e-01
-1.136879473924636841e-01
-1.654146052896976471e-02
1.940554380416870117e-01
-2.743315100669860840e-01
3.405552804470062256e-01
-2.975266277790069580e-01
1.739689111709594727e-01
-1.559128016233444214e-01
2.860718071460723877e-01
8.391754329204559326e-02
-7.051383703947067261e-02
-5.336877703666687012e-02
-2.298163622617721558e-01
