-2.270627170801162720e-01
-6.428835988044738770e-01
-4.468318521976470947e-01
1.186256259679794312e-01
3.209903836250305176e-01
5.704987049102783203e-01
4.804449379444122314e-01
3.610815703868865967e-01
-3.165293633937835693e-01
-2.477540075778961182e-02
6.193152666091918945e-01
6.932837367057800293e-01
-6.739984452724456787e-02
-9.184142947196960449e-01
-6.123297214508056641e-01
1.520616412162780762e-01
2.096377685666084290e-02
1.234009385108947754e+00
1.029966324567794800e-01
-3.931177258491516113e-01
-1.084800735116004944e-01
1.079331636428833008e+00
-2.665393054485321045e-01
1.614492058753967285e+00
8.314161002635955811e-02
-1.145907863974571228e-02
3.848462402820587158e-01
-6.753574013710021973e-01
-5.073208212852478027e-01
-2.720999419689178467e-01
-8.547566831111907959e-03
1.354579627513885498e-02
-1.456684619188308716e-01
-6.475289463996887207e-01
-3.756585717201232910e-01
-7.196608781814575195e-01
2.017425298690795898e-01
6.004965305328369141e-01
2.359553724527359009e-01
7.127887010574340820e-02
-2.324282675981521606e-01
2.660178244113922119e-01
-6.559616327285766602e-01
4.098486602306365967e-01
-6.645676493644714355e-01
-1.070307269692420959e-01
2.100097388029098511e-01
-5.027093291282653809e-01
1.648453176021575928e-01
5.901255086064338684e-02
-1.137831568717956543e+00
-8.132025599479675293e-02
-5.936273932456970215e-01
5.969235897064208984e-01
-3.750184476375579834e-01
7.279627323150634766e-01
5.649811625480651855e-01
-4.855488240718841553e-01
-3.248909711837768555e-01
3.165257573127746582e-01
1.466260105371475220e-01
-1.016501113772392273e-01
2.381936162710189819e-01
-1.729815080761909485e-02
2.331404387950897217e-02
1.941339671611785889e-02
-1.435973644256591797e-01
2.012657821178436279e-01
-8.008666336536407471e-02
9.742440283298492432e-02
1.788007915019989014e-01
-1.041429042816162109e-01
2.514924108982086182e-02
1.151221916079521179e-01
-1.692066155374050140e-02
-1.710063517093658447e-01
-3.514647483825683594e-01
1.702337563037872314e-01
2.948473393917083740e-01
2.817678824067115784e-02
-1.014474328258074820e-04
2.861957550048828125e-01
-4.986898601055145264e-02
-2.232478186488151550e-02
-6.721594184637069702e-02
-1.293508708477020264e-01
-1.469446569681167603e-01
4.139847755432128906e-01
2.800739407539367676e-01
4.600636661052703857e-02
-3.189891576766967773e-01
4.935429990291595459e-01
-2.201927453279495239e-02
5.494623258709907532e-02
5.901421979069709778e-02
-7.986573874950408936e-02
-1.342842578887939453e-01
-1.322778016328811646e-01
1.882525533437728882e-01
-1.545272171497344971e-01
-6.102233380079269409e-02
-3.125832602381706238e-02
1.288677752017974854e-01
1.097048372030258179e-01
2.405449002981185913e-01
8.780976384878158569e-02
-1.242595985531806946e-01
-3.335903882980346680e-01
-1.480240225791931152e-01
-1.025112047791481018e-01
3.089950978755950928e-01
5.966832861304283142e-03
3.221893608570098877e-01
1.901867538690567017e-01
-1.364113241434097290e-01
-2.452387362718582153e-01
-3.585891127586364746e-01
-1.571212261915206909e-01
4.016715586185455322e-01
-1.359183043241500854e-01
-1.435259878635406494e-01
-1.467100810259580612e-02
2.901464998722076416e-01
2.814286053180694580e-01
1.650655120611190796e-01
5.536863803863525391e-01
-8.537417650222778320e-01
2.350789606571197510e-01
1.208925247192382812e-01
-3.269261419773101807e-01
1.167177796363830566e+00
-1.433781068772077560e-02
-4.464285820722579956e-02
-7.339474558830261230e-01
3.069064393639564514e-02
1.769567281007766724e-01
-3.607198596000671387e-01
-3.338255882263183594e-01
6.290555596351623535e-01
-1.541649550199508667e-01
-8.019972592592239380e-02
-1.044760178774595261e-02
-5.535619333386421204e-03
-5.623206961899995804e-03
4.553750902414321899e-02
1.114375591278076172e-01
2.127649039030075073e-01
-2.780472636222839355e-01
-1.978150606155395508e-01
-5.244727060198783875e-02
-1.686023771762847900e-01
1.390390843152999878e-01
-5.319426581263542175e-02
8.032558858394622803e-02
-1.293492466211318970e-01
-7.739908248186111450e-02
5.238811671733856201e-02
2.077471613883972168e-01
8.165320008993148804e-02
-3.524245694279670715e-02
-1.428315341472625732e-01
-1.278044581413269043e-01
-2.750089764595031738e-01
-2.203067392110824585e-02
-1.184274163097143173e-02
-1.947388947010040283e-01
4.345951676368713379e-01
-3.613568469882011414e-02
1.497599333524703979e-01
5.545812249183654785e-01
-9.330801367759704590e-01
2.543808817863464355e-01
1.399633884429931641e-01
8.673200011253356934e-02
9.399778209626674652e-03
3.174752742052078247e-02
4.439814984798431396e-01
5.860745161771774292e-02
-1.191166862845420837e-01
1.164257526397705078e-02
-9.831567108631134033e-02
8.928284794092178345e-02
3.843927010893821716e-02
3.784469664096832275e-01
-1.380431056022644043e-01
-1.162748225033283234e-02
-1.352915912866592407e-02
-3.990792483091354370e-02
-9.935823082923889160e-02
-2.267054319381713867e-01
2.542477846145629883e-01
8.450765907764434814e-02
1.816486418247222900e-01
-8.777486532926559448e-02
-1.947392374277114868e-01
1.220478937029838562e-01
-2.020487487316131592e-01
2.415167354047298431e-02
2.159684598445892334e-01
2.076796740293502808e-01
-1.966146193444728851e-02
1.969057619571685791e-01
3.798514306545257568e-01
2.190032787621021271e-02
-2.413964420557022095e-01
2.623571753501892090e-01
2.973087728023529053e-01
-1.556224673986434937e-01
-1.998416930437088013e-01
1.957540214061737061e-01
-3.535093739628791809e-02
-4.624641239643096924e-01
-3.489678204059600830e-01
1.476959884166717529e-01
-7.051438838243484497e-02
2.621634900569915771e-01
-7.815163582563400269e-02
2.527474425733089447e-02
3.104894757270812988e-01
3.679804503917694092e-01
-2.483060956001281738e-01
5.135396122932434082e-02
4.539895057678222656e-01
1.502010822296142578e-01
1.028471738100051880e-01
2.901670932769775391e-01
-2.813842892646789551e-01
1.921132653951644897e-01
-1.441306918859481812e-01
-2.397020757198333740e-01
6.958709359169006348e-01
-7.137592136859893799e-02
1.635432839393615723e-01
-3.386520147323608398e-01
-5.534965544939041138e-02
1.539802085608243942e-02
-3.996599316596984863e-01
-1.421365141868591309e-01
2.337035983800888062e-01
2.048985511064529419e-01
-4.897047579288482666e-02
1.307887285947799683e-01
6.849306076765060425e-02
2.203887999057769775e-01
-2.564779520034790039e-01
1.554134488105773926e-01
8.640581369400024414e-02
2.662091329693794250e-02
-7.572632282972335815e-02
1.258058995008468628e-01
2.040751427412033081e-01
-2.022235244512557983e-01
-9.649577736854553223e-02
-8.688913285732269287e-02
-1.368203014135360718e-01
1.708991974592208862e-01
-1.214988082647323608e-01
-2.101843804121017456e-01
1.262332405894994736e-02
1.455525010824203491e-01
7.585178315639495850e-02
-9.207952767610549927e-02
8.998857438564300537e-02
-2.309070676565170288e-01
2.263612449169158936e-01
-2.604056894779205322e-01
1.985604017972946167e-01
4.112317562103271484e-01
-9.104452282190322876e-02
-1.498758196830749512e-01
-7.927494496107101440e-02
2.296692281961441040e-01
1.959044933319091797e-01
-2.548611164093017578e-01
1.687801331281661987e-01
-4.116107895970344543e-02
8.223561942577362061e-02
-6.510593742132186890e-02
2.752975001931190491e-02
-3.691499233245849609e-01
-2.110790759325027466e-01
-2.789407074451446533e-01
2.880789637565612793e-01
1.629830896854400635e-01
-3.960306197404861450e-02
1.312280297279357910e-01
3.395830690860748291e-01
-1.013450231403112411e-02
-5.329438298940658569e-02
-3.924206644296646118e-02
-4.165783524513244629e-01
3.264965713024139404e-01
2.316379398107528687e-01
1.228710412979125977e-01
1.220060605555772781e-02
-1.707220822572708130e-01
1.709733158349990845e-01
-6.493826210498809814e-02
-1.595686562359333038e-02
8.270104974508285522e-02
2.647823691368103027e-01
1.188734266906976700e-02
-2.002470195293426514e-02
-6.457228958606719971e-02
-1.725614517927169800e-01
6.086474750190973282e-03
1.058432534337043762e-01
1.616068929433822632e-01
-3.718505799770355225e-01
-5.798197910189628601e-02
6.737771034240722656e-01
-5.024434924125671387e-01
-1.407856345176696777e-01
-7.705799490213394165e-02
-7.210771739482879639e-02
1.619770228862762451e-01
-1.288075894117355347e-01
2.020316869020462036e-01
-1.637025624513626099e-01
-5.259628966450691223e-02
-1.035168915987014771e-01
-2.363416403532028198e-01
1.326558291912078857e-01
2.346115261316299438e-01
-1.758298426866531372e-01
2.039076238870620728e-01
-2.054139971733093262e-01
-3.749513328075408936e-01
-3.818057477474212646e-02
-2.210119366645812988e-01
-3.304851949214935303e-01
2.159764468669891357e-01
8.181749284267425537e-02
2.784401178359985352e-01
-4.543129503726959229e-01
1.458215266466140747e-01
1.134889125823974609e-01
-3.934159874916076660e-01
7.835479080677032471e-02
2.564674913883209229e-01
6.889039278030395508e-02
2.362378872931003571e-02
2.387254983186721802e-01
-2.231207191944122314e-01
6.401418894529342651e-02
-1.875549554824829102e-01
-2.430304586887359619e-01
-2.532639307901263237e-03
-1.678722649812698364e-01
-4.809699654579162598e-01
2.519998848438262939e-01
1.230933815240859985e-01
1.145391613245010376e-01
-3.310370445251464844e-01
1.381799727678298950e-01
1.500924676656723022e-01
-7.014870643615722656e-02
2.846108078956604004e-01
-3.826277330517768860e-02
1.062365621328353882e-01
-5.250014364719390869e-02
-1.926120072603225708e-01
-3.044616878032684326e-01
7.112433761358261108e-02
-6.653038412332534790e-02
-1.021986305713653564e-01
9.077571332454681396e-02
1.632232666015625000e-01
-6.636141985654830933e-02
-8.880537003278732300e-03
-4.392697215080261230e-01
2.284777909517288208e-01
5.550929158926010132e-02
-1.666461974382400513e-01
7.648193836212158203e-02
4.040339495986700058e-03
2.081101387739181519e-01
-1.640264689922332764e-01
-1.178084537386894226e-01
-2.334357351064682007e-01
2.354753613471984863e-01
2.868106365203857422e-01
5.659284442663192749e-02
-8.472960442304611206e-02
-1.467920001596212387e-02
-1.441060472279787064e-02
7.248817384243011475e-02
7.678898517042398453e-03
-5.129382014274597168e-01
-1.142159700393676758e-01
5.610876083374023438e-01
-6.886512637138366699e-01
-3.230308890342712402e-01
-7.854285091161727905e-02
5.744855105876922607e-02
5.220399051904678345e-02
-2.171083688735961914e-01
4.068477824330329895e-02
2.008658349514007568e-01
1.257839500904083252e-01
-5.704784020781517029e-02
-2.949310243129730225e-01
-1.258915662765502930e-01
-7.409615814685821533e-02
-2.310394495725631714e-01
-1.260594427585601807e-01
-3.907025232911109924e-02
-3.268190100789070129e-02
3.103917837142944336e-01
-1.536169648170471191e-01
-5.810422897338867188e-01
4.783804118633270264e-01
4.970654263161122799e-04
9.973326325416564941e-02
9.427566081285476685e-02
-1.543267816305160522e-01
-5.606340989470481873e-02
-2.239719033241271973e-01
-1.664275079965591431e-01
1.921534240245819092e-01
-2.232302278280258179e-01
8.156465739011764526e-02
2.971543967723846436e-01
5.676010623574256897e-02
7.098644971847534180e-02
6.785486638545989990e-02
-6.259002089500427246e-01
1.036684587597846985e-01
4.886705875396728516e-01
-1.241943687200546265e-01
5.669501423835754395e-01
5.258889198303222656e-01
1.154313459992408752e-01
-5.040130019187927246e-01
-1.670392304658889771e-01
7.245551049709320068e-02
-2.030400037765502930e-01
-1.710024327039718628e-01
4.527979195117950439e-01
-5.274678114801645279e-04
1.959139257669448853e-01
1.645192801952362061e-01
1.526376008987426758e-01
-4.439062997698783875e-02
2.473106533288955688e-01
4.205375537276268005e-02
-1.319642737507820129e-02
7.520817965269088745e-02
-1.693812385201454163e-02
-1.681612432003021240e-01
2.874207496643066406e-01
-1.824836581945419312e-01
-5.448931828141212463e-02
-1.379270851612091064e-01
1.589159667491912842e-01
-1.568796634674072266e-01
-1.163516566157341003e-01
2.440429180860519409e-01
1.677369475364685059e-01
-1.149962004274129868e-02
-6.509509682655334473e-02
-2.769366204738616943e-01
2.885532565414905548e-02
6.396101415157318115e-02
8.174058049917221069e-02
-1.088967174291610718e-01
-9.353384375572204590e-02
1.741121858358383179e-01
-1.171848028898239136e-01
7.368954271078109741e-02
-8.573121577501296997e-02
-1.152036525309085846e-02
1.895180791616439819e-01
-7.923360913991928101e-02
-7.964172959327697754e-02
-1.429944038391113281e-01
3.288072645664215088e-01
-1.176269054412841797e-01
-1.226598024368286133e-02
-2.918103933334350586e-01
7.743871212005615234e-02
5.712094716727733612e-04
7.368676364421844482e-02
-2.879563868045806885e-01
-1.139471456408500671e-01
1.595349013805389404e-01
6.206670776009559631e-02
-5.767668485641479492e-01
-1.304679661989212036e-01
-3.630591332912445068e-01
3.305726647377014160e-01
-1.555533856153488159e-01
2.608106434345245361e-01
-5.830706357955932617e-01
4.558616876602172852e-01
1.931742876768112183e-01
1.798485815525054932e-01
1.040134504437446594e-01
2.655147314071655273e-01
2.420971691608428955e-01
-2.163791060447692871e-01
-7.007522881031036377e-02
1.616718024015426636e-01
-5.840010643005371094e-01
7.196638733148574829e-02
1.268514245748519897e-01
-8.316507935523986816e-02
-1.014420315623283386e-01
-1.720021516084671021e-01
-1.571670025587081909e-01
-7.797638326883316040e-02
2.448647618293762207e-01
1.082573309540748596e-01
-2.180544435977935791e-01
-2.415860593318939209e-01
-1.251914203166961670e-01
1.376478970050811768e-01
3.382418751716613770e-01
1.397881209850311279e-01
6.493165343999862671e-02
-9.325541555881500244e-02
-1.283766329288482666e-01
4.002035409212112427e-02
7.056542485952377319e-02
2.109517753124237061e-01
-6.710164248943328857e-02
-1.318094432353973389e-01
-2.239609211683273315e-01
-1.286109238862991333e-01
-2.180024832487106323e-01
2.951342612504959106e-02
-1.854483187198638916e-01
-1.107653528451919556e-01
-1.174689754843711853e-01
2.474262565374374390e-01
1.618574708700180054e-01
-2.350728362798690796e-01
-1.955652087926864624e-01
-4.516122043132781982e-01
-5.319576337933540344e-02
-1.868308782577514648e-01
-1.646601781249046326e-02
4.018499329686164856e-02
-9.455638937652111053e-03
-5.944501236081123352e-02
-3.466391935944557190e-02
-9.422045946121215820e-02
1.490018516778945923e-01
-1.967359781265258789e-01
2.764612734317779541e-01
-2.418507039546966553e-01
-1.529134660959243774e-01
1.009588688611984253e-02
8.231306821107864380e-02
1.145339533686637878e-01
-2.996676564216613770e-01
-2.970611453056335449e-01
-5.520008876919746399e-02
3.479334712028503418e-01
1.191966235637664795e-02
3.318905085325241089e-02
-3.879761695861816406e-01
-2.305406704545021057e-02
-7.871127873659133911e-02
2.646044194698333740e-01
-2.314474135637283325e-01
-1.956606060266494751e-01
4.691322147846221924e-01
1.296491175889968872e-01
3.582594450563192368e-03
-3.646909594535827637e-01
1.406497061252593994e-01
-1.695676594972610474e-01
4.840909540653228760e-01
-1.077918708324432373e-01
8.419043570756912231e-02
-2.912238985300064087e-02
-2.118893265724182129e-01
-1.055852603167295456e-02
-1.834014356136322021e-01
-1.067855134606361389e-01
-2.272753566503524780e-01
-3.312215954065322876e-02
-6.179009750485420227e-02
2.627068459987640381e-01
-1.717517822980880737e-01
4.935953766107559204e-02
2.093971967697143555e-01
-9.778789430856704712e-02
-5.860710889101028442e-02
1.403593719005584717e-01
-2.155402600765228271e-01
2.173949033021926880e-01
1.720114201307296753e-01
2.978624701499938965e-01
-1.154093220829963684e-01
7.821521908044815063e-02
1.256661117076873779e-01
-2.296804636716842651e-01
1.762701570987701416e-01
1.141496151685714722e-01
-1.048671826720237732e-01
2.796424031257629395e-01
3.811675310134887695e-02
5.108000338077545166e-02
-3.114476799964904785e-01
-9.146633744239807129e-02
3.780910372734069824e-01
-8.571699261665344238e-02
1.364705264568328857e-01
-1.526894718408584595e-01
7.102388143539428711e-02
-2.535299062728881836e-01
-8.222984522581100464e-02
-1.905233711004257202e-01
-4.229240715503692627e-01
1.201112717390060425e-01
-2.175310552120208740e-01
4.504842311143875122e-02
3.229604065418243408e-01
-6.432130187749862671e-02
-6.450689584016799927e-02
-1.803602576255798340e-01
-4.821961224079132080e-01
-9.500411152839660645e-02
3.965246975421905518e-01
1.480785310268402100e-01
2.124121934175491333e-01
-4.347282946109771729e-01
-1.171201393008232117e-01
3.533006832003593445e-02
2.577806413173675537e-01
4.074125364422798157e-02
-6.963251531124114990e-02
-4.565083980560302734e-01
6.505328416824340820e-02
-2.537925541400909424e-01
8.405599743127822876e-02
-1.785224676132202148e-02
-1.380181461572647095e-01
3.552629798650741577e-02
1.160306185483932495e-01
-2.758001089096069336e-01
-7.700493186712265015e-02
-1.122537627816200256e-01
1.020447686314582825e-01
-3.009989261627197266e-01
-1.920419335365295410e-01
1.659577363170683384e-03
-2.740853130817413330e-01
3.797411322593688965e-01
1.182013601064682007e-01
-1.646125316619873047e-01
-1.724367141723632812e-01
2.086865007877349854e-01
2.188974022865295410e-01
-1.671706587076187134e-01
1.497311145067214966e-01
-4.177488982677459717e-01
1.711481958627700806e-01
1.048512533307075500e-01
2.215356528759002686e-01
-1.537504196166992188e-01
-9.672035276889801025e-02
1.003262251615524292e-01
4.680910408496856689e-01
1.625029370188713074e-02
-2.569706737995147705e-01
1.036906912922859192e-01
-2.602475881576538086e-01
2.906092405319213867e-01
3.305218815803527832e-01
-7.727374434471130371e-01
2.743193209171295166e-01
2.340485453605651855e-01
2.312687933444976807e-01
-1.198640942573547363e+00
4.871976375579833984e-01
2.944606840610504150e-01
-1.099671050906181335e-01
5.837719514966011047e-02
-1.942320317029953003e-01
-3.296439768746495247e-03
-3.258638456463813782e-02
-2.141993939876556396e-01
-4.235512614250183105e-01
-2.697595953941345215e-01
5.167788825929164886e-03
1.702947914600372314e-01
-8.650611340999603271e-02
-1.913583464920520782e-02
-2.697968780994415283e-01
7.797548770904541016e-01
-5.425298810005187988e-01
2.496505677700042725e-01
8.464653044939041138e-02
8.700882196426391602e-01
-5.846794247627258301e-01
-1.870773285627365112e-01
9.227508306503295898e-02
-1.006660684943199158e-01
-8.068575523793697357e-03
1.693857759237289429e-01
-3.003644347190856934e-01
-6.602549552917480469e-02
-1.922065615653991699e-01
1.075653731822967529e-01
-3.069656789302825928e-01
1.991504579782485962e-01
-2.182185463607311249e-02
-2.053344994783401489e-01
3.965452313423156738e-02
-2.127516567707061768e-01
1.860373169183731079e-01
-1.324640661478042603e-01
1.417983472347259521e-01
-2.240740358829498291e-01
-2.384431846439838409e-02
3.279356360435485840e-01
-7.155520468950271606e-02
2.434176355600357056e-01
2.438656687736511230e-01
-1.587040871381759644e-01
-1.027124095708131790e-02
-1.598325818777084351e-01
5.016981437802314758e-02
-6.766140460968017578e-02
-3.105457425117492676e-01
1.835781037807464600e-01
-2.051289081573486328e-01
1.169836446642875671e-01
-2.640673890709877014e-02
2.071347832679748535e-02
-4.980638027191162109e-01
3.484151065349578857e-01
1.289394497871398926e-01
-3.248449787497520447e-02
-1.147939637303352356e-01
-3.899010121822357178e-01
1.858057230710983276e-01
-3.533742204308509827e-02
-2.386302500963211060e-02
-5.276577919721603394e-02
-3.876362740993499756e-01
-1.270900964736938477e-01
8.304733783006668091e-02
-2.883600816130638123e-02
-2.940498888492584229e-01
3.504095226526260376e-02
1.187770962715148926e-01
-2.903141975402832031e-01
3.847885504364967346e-02
-8.645108342170715332e-02
1.595758199691772461e-01
-2.266040295362472534e-01
1.978258341550827026e-01
-1.545442491769790649e-01
-1.879006475210189819e-01
-3.692237660288810730e-03
-2.212492674589157104e-01
-8.408685028553009033e-02
-4.053388908505439758e-02
-2.284653633832931519e-01
5.346710085868835449e-01
5.067401565611362457e-03
5.718810856342315674e-02
9.942067414522171021e-02
-7.365082949399948120e-02
-2.286460436880588531e-02
-2.771407365798950195e-02
-2.201595529913902283e-02
1.975455433130264282e-01
1.244392544031143188e-01
5.562784150242805481e-02
-1.868222057819366455e-01
5.700817331671714783e-02
1.622321903705596924e-01
2.818814516067504883e-01
-5.717265605926513672e-01
4.700778052210807800e-02
-2.679168879985809326e-01
3.724267184734344482e-01
-2.052295804023742676e-01
-5.475190281867980957e-01
8.316469192504882812e-02
4.911957085132598877e-01
-1.760943382978439331e-01
-3.222095072269439697e-01
-4.908718764781951904e-01
-1.548959612846374512e-01
-2.674111723899841309e-02
1.146068945527076721e-01
-5.178716778755187988e-01
6.457437574863433838e-02
-1.968058794736862183e-01
5.606085062026977539e-01
-7.100265026092529297e-01
7.641779184341430664e-01
7.127069681882858276e-02
-2.333043515682220459e-01
1.768838912248611450e-01
1.816135197877883911e-01
2.372097223997116089e-01
1.227325350046157837e-01
-1.141898259520530701e-01
2.434864938259124756e-01
1.258709430694580078e-01
2.937292158603668213e-01
-2.270112931728363037e-01
1.203394606709480286e-01
3.874267637729644775e-02
2.043142318725585938e-01
-4.367664754390716553e-01
4.130579829216003418e-01
-1.077716127038002014e-01
6.992328912019729614e-02
-4.209775626659393311e-01
3.026618957519531250e-01
1.042156368494033813e-01
6.196997314691543579e-02
-1.547499001026153564e-01
3.052455484867095947e-01
-1.454179286956787109e-01
3.060382008552551270e-01
-1.104960292577743530e-01
1.380115747451782227e-01
1.474164985120296478e-02
-2.906626164913177490e-01
3.234415650367736816e-01
-2.110699713230133057e-01
2.169529050588607788e-01
-1.934707909822463989e-01
-3.236052393913269043e-01
3.751555830240249634e-02
-1.145470701158046722e-02
-2.343622734770178795e-03
-4.314418435096740723e-01
6.301306933164596558e-02
4.443612396717071533e-01
2.736465632915496826e-01
-3.823160193860530853e-03
2.225498482584953308e-02
-1.586449444293975830e-01
-3.107257783412933350e-01
-2.523722648620605469e-01
2.927767634391784668e-01
-1.027418151497840881e-01
9.090846776962280273e-02
-6.796363741159439087e-02
-2.217870801687240601e-01
1.092631965875625610e-01
2.943658828735351562e-02
-5.706685185432434082e-01
4.143660068511962891e-01
-1.544677466154098511e-01
9.668101370334625244e-02
-5.014891624450683594e-01
7.506161332130432129e-01
-2.110707946121692657e-02
2.013023942708969116e-02
6.724062561988830566e-02
-5.871217697858810425e-02
-3.368110954761505127e-01
2.524025142192840576e-01
-1.626824885606765747e-01
-7.960587739944458008e-02
-3.921322152018547058e-02
3.498142957687377930e-01
2.594642937183380127e-01
1.299443095922470093e-01
1.438197940587997437e-01
-2.269084304571151733e-01
1.834261268377304077e-01
-1.865864843130111694e-01
-1.549341976642608643e-01
6.639573723077774048e-02
2.396531552076339722e-01
-2.362041771411895752e-01
-3.582837581634521484e-01
-1.749424338340759277e-01
-1.633785068988800049e-01
9.614995121955871582e-02
-2.803104519844055176e-01
2.488048076629638672e-01
1.749978959560394287e-02
-7.669783383607864380e-02
-2.053401619195938110e-01
6.101769953966140747e-02
1.025722920894622803e-02
-2.309209899976849556e-03
1.029652357101440430e-01
1.341493576765060425e-01
-2.794591784477233887e-01
1.280496865510940552e-01
-3.060837648808956146e-02
5.215203389525413513e-02
-1.172837093472480774e-01
-3.055267333984375000e-01
-2.983397841453552246e-01
3.154237270355224609e-01
1.393627654761075974e-02
1.903286576271057129e-01
-2.150144800543785095e-02
1.426051408052444458e-01
1.526608020067214966e-01
1.661265641450881958e-01
1.328467428684234619e-01
1.357579827308654785e-01
-3.164037168025970459e-01
-3.833344578742980957e-01
1.907996982336044312e-01
1.481346338987350464e-01
-1.808373481035232544e-01
-4.030930250883102417e-02
-8.443407714366912842e-02
-8.007276654243469238e-01
-2.021791487932205200e-01
1.317076617851853371e-03
-4.206469357013702393e-01
5.111460685729980469e-01
-1.215836256742477417e-01
4.869920387864112854e-02
-3.502612933516502380e-02
2.152892053127288818e-01
-2.071676999330520630e-01
-3.298934996128082275e-01
-3.250559568405151367e-01
-2.036714367568492889e-02
1.998004131019115448e-02
5.258515104651451111e-02
9.788116067647933960e-02
1.877727806568145752e-01
-3.145636022090911865e-01
2.625727951526641846e-01
3.130663558840751648e-02
7.356168627738952637e-01
1.413188278675079346e-01
1.553310900926589966e-01
3.069886267185211182e-01
1.273342370986938477e-01
-3.211691379547119141e-01
-1.815182119607925415e-01
-7.910576462745666504e-02
-2.046880871057510376e-01
2.979208230972290039e-01
2.681589126586914062e-01
-3.112435340881347656e-02
1.338564753532409668e-01
1.038697510957717896e-01
1.624471545219421387e-01
-1.111606881022453308e-01
-2.007435560226440430e-01
-1.563136279582977295e-01
9.185490012168884277e-02
4.140826463699340820e-01
8.581991493701934814e-02
4.977048560976982117e-02
-1.668913960456848145e-01
-1.100599542260169983e-01
3.007447421550750732e-01
-1.404716670513153076e-01
2.314414829015731812e-01
-4.498426243662834167e-02
1.008532270789146423e-01
5.844267457723617554e-02
2.390028163790702820e-02
1.630177795886993408e-01
1.289038062095642090e-01
1.043730527162551880e-01
-3.359031975269317627e-01
2.711866982281208038e-02
3.660131394863128662e-01
-1.470579653978347778e-01
3.485332131385803223e-01
-3.356458544731140137e-01
-3.381478786468505859e-01
2.796335220336914062e-01
-3.279200196266174316e-02
2.654508948326110840e-01
-3.059802055358886719e-01
1.110869646072387695e-01
1.406438499689102173e-01
-2.968412041664123535e-01
-4.764451831579208374e-02
-2.293815612792968750e-01
1.502442657947540283e-01
1.221103221178054810e-01
1.914462894201278687e-01
-3.805218636989593506e-01
-3.188643231987953186e-02
3.068000674247741699e-01
1.365000158548355103e-01
-2.233054190874099731e-01
-9.517460316419601440e-02
1.084641516208648682e-01
-6.574815511703491211e-01
-3.530242145061492920e-01
5.598295014351606369e-03
-3.824380040168762207e-01
3.912560343742370605e-01
1.526212096214294434e-01
-3.341007530689239502e-01
1.966315358877182007e-01
-3.056227862834930420e-01
1.364746224135160446e-02
2.779549956321716309e-01
-2.656749635934829712e-02
-1.366948038339614868e-01
2.475521415472030640e-01
5.435510277748107910e-01
-1.701152771711349487e-01
9.680584073066711426e-02
2.422596663236618042e-01
4.088006541132926941e-02
-1.624838113784790039e-01
3.027442693710327148e-01
6.710311025381088257e-02
1.790739744901657104e-01
2.774431705474853516e-01
-3.982056081295013428e-01
3.415793776512145996e-01
3.737554550170898438e-01
-1.162101700901985168e-01
1.618562936782836914e-01
-4.807209074497222900e-01
-2.225111722946166992e-01
-5.906946659088134766e-01
3.986213505268096924e-01
1.281690597534179688e-01
-2.918546795845031738e-01
3.024373576045036316e-02
-2.797584421932697296e-02
1.228998824954032898e-01
2.525547742843627930e-01
-1.406928747892379761e-01
-3.400527238845825195e-01
-2.036459892988204956e-01
-8.443390578031539917e-02
-6.344151496887207031e-02
6.871474534273147583e-02
-1.445087045431137085e-01
-1.651992201805114746e-01
1.610131561756134033e-01
-1.192268580198287964e-01
1.231242343783378601e-01
1.544075608253479004e-01
-3.760996460914611816e-02
-4.775304347276687622e-02
2.129882723093032837e-01
1.509265303611755371e-01
-1.826067864894866943e-01
-3.311257660388946533e-01
-2.885150536894798279e-02
-2.386118024587631226e-01
1.473814528435468674e-02
-4.625303298234939575e-02
1.508173048496246338e-01
-1.529742032289505005e-01
-9.627367556095123291e-02
3.588602244853973389e-01
-1.839281618595123291e-01
-1.215411946177482605e-01
2.432872802019119263e-01
-2.086198031902313232e-01
1.649671643972396851e-01
1.118132919073104858e-01
1.011152639985084534e-01
5.588775500655174255e-02
6.857135146856307983e-02
1.847973167896270752e-01
-5.666561052203178406e-02
-7.962827384471893311e-02
-1.015580594539642334e-01
-2.008936703205108643e-01
1.309568583965301514e-01
9.582909941673278809e-02
4.272683709859848022e-02
-3.049829006195068359e-01
-2.133820801973342896e-01
-8.276028186082839966e-02
-4.408557340502738953e-02
-1.264789253473281860e-01
-2.250097133219242096e-02
-1.652114391326904297e-01
1.003778204321861267e-01
1.560757011175155640e-01
1.505077630281448364e-01
-1.800409406423568726e-01
-3.056732937693595886e-02
-2.864079773426055908e-01
7.642147690057754517e-02
1.234957277774810791e-01
3.775504603981971741e-02
-2.379793226718902588e-01
2.850102782249450684e-01
1.540798097848892212e-01
1.863026618957519531e-01
-1.991975307464599609e-02
-2.137830555438995361e-01
4.842767491936683655e-02
4.633814394474029541e-01
-5.208350419998168945e-01
4.475305080413818359e-01
-3.915403485298156738e-01
-2.541878819465637207e-01
-1.198148876428604126e-01
-2.148949354887008667e-01
1.010050103068351746e-01
2.156889885663986206e-01
5.654342770576477051e-01
1.036125607788562775e-02
-1.058371886610984802e-01
4.042947292327880859e-01
-1.245399489998817444e-01
5.128777027130126953e-01
8.666602969169616699e-01
-1.625400781631469727e-01
3.997907638549804688e-01
1.002355664968490601e-01
1.573838889598846436e-01
7.214078307151794434e-02
-1.774866282939910889e-01
-2.479790151119232178e-01
9.716752171516418457e-02
-5.399124324321746826e-02
-1.324018388986587524e-01
-9.879099577665328979e-02
-1.502692401409149170e-01
-2.370371520519256592e-01
-4.822148382663726807e-01
2.217103987932205200e-01
-1.384462416172027588e-01
1.118974238634109497e-01
-1.259227842092514038e-01
1.078631877899169922e-01
-6.099683642387390137e-01
-5.829566121101379395e-01
-2.015640437602996826e-01
-3.476847708225250244e-01
3.842586874961853027e-01
-1.344779133796691895e-01
4.609112069010734558e-02
1.366537064313888550e-01
-2.023615390062332153e-01
1.789978444576263428e-01
3.975235819816589355e-01
-1.858432963490486145e-02
-3.673962652683258057e-01
3.672497868537902832e-01
-4.233650267124176025e-01
5.757284909486770630e-02
-5.752618983387947083e-02
-2.702612429857254028e-02
1.622829027473926544e-02
1.606714129447937012e-01
-5.542418956756591797e-01
-2.259468138217926025e-01
-6.578464806079864502e-02
-1.097541972994804382e-01
3.131436407566070557e-01
-1.376464068889617920e-01
-2.350204586982727051e-01
2.924813032150268555e-01
-2.760503292083740234e-01
-1.999598145484924316e-01
3.240270167589187622e-02
2.251592278480529785e-02
-3.085926175117492676e-01
1.386269032955169678e-01
4.339755475521087646e-01
5.227413028478622437e-02
-7.756393402814865112e-02
2.541674077510833740e-01
-1.529824286699295044e-01
-3.316285461187362671e-02
2.244766205549240112e-01
1.571516990661621094e-01
-2.167198061943054199e-01
-1.060851439833641052e-01
1.488653272390365601e-01
-1.125152334570884705e-01
7.422480732202529907e-02
-1.438539177179336548e-01
1.819718778133392334e-01
-1.869542524218559265e-02
-2.119280025362968445e-02
-8.621338754892349243e-02
3.558494448661804199e-01
2.055063843727111816e-01
-4.794213473796844482e-01
1.201856583356857300e-01
9.152685105800628662e-02
-1.763441562652587891e-01
1.802632659673690796e-01
-4.086331427097320557e-01
-1.351433247327804565e-02
2.263433784246444702e-01
-8.270338876172900200e-04
2.066972851753234863e-01
-3.457825481891632080e-01
3.583539128303527832e-01
-1.153205409646034241e-01
2.236568741500377655e-02
1.488719880580902100e-01
-3.482882082462310791e-01
-1.541336774826049805e-01
-4.740647971630096436e-01
-2.919267117977142334e-01
2.621946930885314941e-01
-6.088991463184356689e-02
-9.867893904447555542e-02
9.054714441299438477e-02
1.276664584875106812e-01
2.980949282646179199e-01
5.863305926322937012e-02
7.986591011285781860e-02
-2.671281695365905762e-01
2.382353246212005615e-01
-1.927508264780044556e-01
1.137243285775184631e-01
-2.533210217952728271e-01
-4.186887145042419434e-01
1.743853539228439331e-01
-1.772435307502746582e-01
9.742347896099090576e-02
-1.379099786281585693e-01
2.533437907695770264e-01
-1.136988550424575806e-01
-2.151161246001720428e-02
2.339799702167510986e-01
-1.957666724920272827e-01
-7.277045398950576782e-02
5.911807343363761902e-02
-1.817957609891891479e-01
3.273145258426666260e-01
2.995691262185573578e-02
-6.685351580381393433e-02
1.030835807323455811e-01
-1.333222687244415283e-01
1.920862346887588501e-01
1.815957874059677124e-01
4.755450189113616943e-01
-2.960623800754547119e-01
-4.616335034370422363e-02
3.382746130228042603e-02
-6.056514009833335876e-02
-1.321108788251876831e-01
3.081761002540588379e-01
-1.204927265644073486e-01
-1.672004461288452148e-01
9.842533618211746216e-02
-2.536373911425471306e-03
-3.454842045903205872e-02
3.081651628017425537e-01
-1.631595641374588013e-01
-7.394535094499588013e-02
-1.983919441699981689e-01
-3.139657378196716309e-01
4.918293356895446777e-01
-2.720671594142913818e-01
-1.978187635540962219e-02
1.046735793352127075e-01
5.878425016999244690e-02
-1.407537907361984253e-01
1.652103513479232788e-01
3.423383831977844238e-01
-1.330116689205169678e-01
1.295643448829650879e-01
1.526354253292083740e-01
-5.906625837087631226e-02
-2.072496563196182251e-01
-5.479532293975353241e-03
8.586906641721725464e-02
-7.458131015300750732e-02
3.830175697803497314e-01
-6.772360205650329590e-02
1.320693790912628174e-01
-3.703762888908386230e-01
-1.091420501470565796e-01
1.974082738161087036e-01
2.333293408155441284e-01
9.098437614738941193e-03
-9.922242909669876099e-02
9.596236795186996460e-02
3.009576536715030670e-02
-3.695736825466156006e-01
-1.265762448310852051e-01
8.288147300481796265e-02
9.069041162729263306e-02
-4.957611113786697388e-02
8.682201802730560303e-02
-2.119398117065429688e-02
1.015362069010734558e-01
1.963427364826202393e-01
-1.368741840124130249e-01
-3.948669731616973877e-01
1.356104761362075806e-01
2.756659686565399170e-01
8.040191978216171265e-02
-2.123573869466781616e-01
2.107235603034496307e-02
7.990485429763793945e-02
-2.122933119535446167e-01
5.894280225038528442e-02
2.420974820852279663e-01
-1.001757085323333740e-01
-1.415590941905975342e-01
-2.190844267606735229e-01
-6.009631603956222534e-02
-9.595354646444320679e-02
-8.044687658548355103e-02
2.753063440322875977e-01
3.900898993015289307e-02
-1.167543604969978333e-01
-2.133358269929885864e-01
2.010850459337234497e-01
-4.133365303277969360e-02
2.293093949556350708e-01
1.098510846495628357e-01
4.785040393471717834e-02
6.637270003557205200e-02
-1.801985353231430054e-01
-1.602542251348495483e-01
-2.056207060813903809e-01
1.268169563263654709e-02
4.557215794920921326e-02
-2.681168615818023682e-01
2.406864166259765625e-01
2.116915136575698853e-01
1.138220205903053284e-01
3.809476792812347412e-01
-1.035285517573356628e-01
7.353121042251586914e-02
1.669195294380187988e-01
-1.119302585721015930e-01
-3.816789388656616211e-02
1.283771693706512451e-01
-7.793264091014862061e-02
5.005938187241554260e-02
1.351128071546554565e-01
3.271943032741546631e-01
3.009514808654785156e-01
-1.937823444604873657e-01
3.453942537307739258e-01
4.573197290301322937e-02
-4.524493589997291565e-03
1.573464423418045044e-01
-1.997840255498886108e-01
-1.149122118949890137e-01
-9.266487509012222290e-02
-4.102928936481475830e-01
4.418233782052993774e-02
-2.802561223506927490e-02
9.429657831788063049e-03
4.304118454456329346e-02
-1.097355261445045471e-01
-3.260760605335235596e-01
3.115005195140838623e-01
-9.470051527023315430e-02
1.686210036277770996e-01
8.068553358316421509e-02
6.946226209402084351e-02
1.913209259510040283e-01
-2.392276823520660400e-01
-5.354931205511093140e-02
2.720817923545837402e-01
-1.801338940858840942e-01
3.124617040157318115e-01
2.205761224031448364e-01
2.286116480827331543e-01
2.296401411294937134e-01
5.879192426800727844e-02
7.005287706851959229e-02
2.739254534244537354e-01
-3.840404748916625977e-01
-1.384016424417495728e-01
2.859057486057281494e-01
-2.800436019897460938e-01
-1.033523753285408020e-01
-1.658745855093002319e-01
2.206070423126220703e-01
5.904203653335571289e-02
-1.547843664884567261e-01
5.537446737289428711e-01
-1.184640452265739441e-01
-2.676670253276824951e-01
2.369022518396377563e-01
-2.880079746246337891e-01
-1.430019736289978027e-01
-1.108795776963233948e-01
-3.761771619319915771e-01
4.018419086933135986e-01
6.236764788627624512e-02
-3.024003803730010986e-01
3.156072795391082764e-01
-1.337776482105255127e-01
-1.126260831952095032e-01
-1.459135860204696655e-01
-3.208181560039520264e-01
3.577975556254386902e-02
1.571559011936187744e-01
-1.870661377906799316e-01
1.653964072465896606e-01
-1.523946761153638363e-03
-1.648202985525131226e-01
1.663231402635574341e-01
-3.556908071041107178e-01
-9.066703915596008301e-02
-8.154960721731185913e-02
1.207281649112701416e-01
-9.795348346233367920e-02
-6.455120444297790527e-02
1.532021909952163696e-01
-1.486633121967315674e-01
4.292550384998321533e-01
-4.991558492183685303e-01
2.422799728810787201e-02
3.295691311359405518e-01
-1.919014006853103638e-01
5.282752960920333862e-02
-1.805018037557601929e-01
1.143658906221389771e-01
-2.177864499390125275e-02
-1.744806766510009766e-01
-1.213268041610717773e-01
-3.115256130695343018e-01
-2.474774233996868134e-02
5.775037780404090881e-02
-3.293477231636643410e-03
-9.247376024723052979e-02
1.659911870956420898e-01
-1.357293426990509033e-01
1.291218250989913940e-01
-1.890305578708648682e-01
-1.714942306280136108e-01
1.931061595678329468e-01
2.169685363769531250e-01
-2.135810106992721558e-01
6.838703155517578125e-02
-1.012578979134559631e-01
-4.289342835545539856e-02
-1.033205538988113403e-01
7.626888900995254517e-02
1.465426832437515259e-01
-2.728994190692901611e-01
5.840558558702468872e-02
-9.542847424745559692e-02
1.253504212945699692e-02
3.102638944983482361e-02
2.975422441959381104e-01
-9.547368437051773071e-02
3.052707388997077942e-02
3.419415354728698730e-01
1.148656457662582397e-01
-1.739275753498077393e-01
-3.824550211429595947e-01
2.063056975603103638e-01
-1.177428960800170898e-01
9.750071913003921509e-03
-2.996876835823059082e-01
1.439735386520624161e-02
3.837226927280426025e-01
-1.346700191497802734e-01
1.284023821353912354e-01
2.757342457771301270e-01
-1.029832139611244202e-01
3.570103347301483154e-01
1.873474940657615662e-02
-1.148532629013061523e-01
-1.708220094442367554e-01
1.089969947934150696e-01
2.342998385429382324e-01
-1.186698675155639648e-01
8.173923939466476440e-02
4.922386631369590759e-02
4.625516831874847412e-01
-3.823014907538890839e-03
2.846147678792476654e-02
1.619175076484680176e-01
1.910357177257537842e-01
4.595718160271644592e-02
2.295372933149337769e-01
-2.215452641248703003e-01
2.189166843891143799e-01
1.411065608263015747e-01
-3.922930061817169189e-01
-1.043126638978719711e-02
-5.069889873266220093e-02
2.985941246151924133e-03
-7.770536839962005615e-02
7.667881995439529419e-02
1.274239867925643921e-01
2.331608831882476807e-01
-1.505791544914245605e-01
2.049123942852020264e-01
1.822207719087600708e-01
-6.648898124694824219e-02
2.841560840606689453e-01
-2.034232020378112793e-01
3.028815984725952148e-01
-1.397594362497329712e-01
8.781482279300689697e-02
-1.576419621706008911e-01
-9.982816129922866821e-02
2.485323101282119751e-01
5.942283198237419128e-02
2.372023761272430420e-01
-6.522610783576965332e-02
-4.187527596950531006e-01
-8.953261189162731171e-03
-1.258193254470825195e-01
1.969052702188491821e-01
1.654247939586639404e-02
-1.585348695516586304e-01
2.512614727020263672e-01
4.492095410823822021e-01
-6.024761125445365906e-02
-6.039863452315330505e-02
-2.855429947376251221e-01
2.122308164834976196e-01
-9.187743067741394043e-02
-1.730684936046600342e-01
-1.355254948139190674e-01
1.181221753358840942e-02
-1.911782473325729370e-01
-3.353106081485748291e-01
-2.584174573421478271e-01
-1.336173266172409058e-01
-2.003339529037475586e-01
-1.740340888500213623e-01
1.811956912279129028e-01
-1.728830188512802124e-01
2.340031862258911133e-01
-2.632796764373779297e-01
-7.135911285877227783e-02
1.742715835571289062e-01
1.564750261604785919e-02
2.786825895309448242e-01
-1.766177862882614136e-01
6.930830329656600952e-02
-5.190757103264331818e-03
1.203055083751678467e-01
-2.596829831600189209e-01
3.188238739967346191e-01
1.828245520591735840e-01
-1.411216855049133301e-01
1.837332695722579956e-01
-6.412823498249053955e-02
-1.063298657536506653e-01
-7.400639355182647705e-02
9.262395650148391724e-02
2.008223682641983032e-01
7.522653043270111084e-02
-2.700076699256896973e-01
3.579506278038024902e-01
-1.138473674654960632e-01
5.127049237489700317e-02
-1.347751542925834656e-02
-1.766164749860763550e-01
2.107896953821182251e-01
2.340826094150543213e-01
1.156251132488250732e-01
4.053214192390441895e-02
6.221522688865661621e-01
2.746050953865051270e-01
-2.804704606533050537e-01
2.725467979907989502e-01
-4.430339336395263672e-01
-3.642180263996124268e-01
-2.851188182830810547e-01
-1.986570060253143311e-01
2.367919087409973145e-01
1.447055339813232422e-01
-5.007221102714538574e-01
6.497563123703002930e-01
2.037613838911056519e-01
-3.175938725471496582e-01
1.782558411359786987e-01
-7.755193859338760376e-02
4.553530737757682800e-02
-3.122273683547973633e-01
-1.608088314533233643e-01
1.328474879264831543e-01
-1.929488778114318848e-01
-4.027890041470527649e-02
-1.041688099503517151e-01
-3.268221020698547363e-02
3.092067539691925049e-01
-4.016794264316558838e-02
3.995136357843875885e-04
3.417675495147705078e-01
-7.675912231206893921e-03
8.621967583894729614e-02
6.895956397056579590e-02
-4.645712971687316895e-01
-2.752492725849151611e-01
-3.365823253989219666e-02
-1.033181548118591309e-01
2.761643193662166595e-02
-2.827439904212951660e-01
-2.503542900085449219e-01
2.440695092082023621e-02
3.279088735580444336e-01
-2.394612580537796021e-01
9.934870898723602295e-02
2.540979981422424316e-01
-2.953119277954101562e-01
-4.914147779345512390e-02
1.211751252412796021e-01
3.712958991527557373e-01
1.485004276037216187e-01
-2.951930165290832520e-01
1.697524487972259521e-01
3.399904668331146240e-01
-9.714542329311370850e-02
-4.023790657520294189e-01
2.888660430908203125e-01
-8.348838239908218384e-02
2.678659558296203613e-01
-4.205253124237060547e-01
-1.323605030775070190e-01
9.467675536870956421e-02
2.881187796592712402e-01
6.433135271072387695e-02
4.312888532876968384e-02
6.397290527820587158e-02
8.697595447301864624e-02
1.046036481857299805e-01
-1.842499896883964539e-02
1.211866736412048340e-02
8.496326953172683716e-02
1.050596311688423157e-01
5.786626785993576050e-02
2.588706016540527344e-01
-3.802205622196197510e-01
5.832471698522567749e-02
2.057884037494659424e-01
-2.969460487365722656e-01
1.023327410221099854e-01
-2.894296050071716309e-01
1.284093707799911499e-01
4.632380306720733643e-01
-2.135529965162277222e-01
2.054291814565658569e-01
2.348049730062484741e-01
9.547268599271774292e-02
6.855820119380950928e-02
-3.224169015884399414e-01
-2.794891595840454102e-01
-3.664858639240264893e-01
2.555260360240936279e-01
-4.372499510645866394e-02
-1.304476112127304077e-01
-4.289513919502496719e-03
3.948745504021644592e-02
5.143562555313110352e-01
-2.139310091733932495e-01
3.047078251838684082e-01
-1.424964666366577148e-01
4.063809514045715332e-01
4.442810714244842529e-01
1.163024008274078369e-01
-3.123857975006103516e-01
5.366305708885192871e-01
3.874398767948150635e-01
1.890369225293397903e-03
-1.108897775411605835e-01
-2.247868031263351440e-01
-1.177880764007568359e-01
5.592050030827522278e-02
-5.291701555252075195e-01
4.070567786693572998e-01
2.072912752628326416e-01
-3.458686172962188721e-01
2.027368992567062378e-01
1.189215481281280518e-01
-8.634654432535171509e-02
1.419230401515960693e-01
1.130528971552848816e-01
7.041920721530914307e-02
1.552408039569854736e-01
-3.283054828643798828e-01
1.317369341850280762e-01
7.071857899427413940e-02
8.900946378707885742e-02
5.773069337010383606e-02
-2.115381807088851929e-01
8.848378062248229980e-02
-4.479839466512203217e-03
2.957904934883117676e-01
-3.504447638988494873e-03
-1.736018657684326172e-01
4.151923209428787231e-02
2.439108490943908691e-01
2.472066879272460938e-01
-1.615550965070724487e-01
5.570659413933753967e-02
7.537855766713619232e-03
2.562011182308197021e-01
-2.909456491470336914e-01
-1.720060706138610840e-01
-1.546455621719360352e-01
-4.186781495809555054e-02
-1.918739974498748779e-01
-3.011339902877807617e-01
4.129896461963653564e-01
-1.403426676988601685e-01
1.376775056123733521e-01
6.398363411426544189e-02
1.329296827316284180e-01
2.189313620328903198e-01
-2.648904621601104736e-01
1.041664481163024902e-01
3.753186762332916260e-01
-2.296981364488601685e-01
1.430018991231918335e-01
1.123653203248977661e-01
-2.796937227249145508e-01
7.624867558479309082e-02
-8.290943503379821777e-02
1.541185677051544189e-01
1.981086879968643188e-01
-2.670860290527343750e-01
1.372722238302230835e-01
-1.092135906219482422e-01
5.759563297033309937e-03
-2.210681885480880737e-01
2.729811891913414001e-02
2.180066108703613281e-01
2.160377241671085358e-02
1.011822745203971863e-01
1.204989925026893616e-01
8.125405758619308472e-02
1.372859925031661987e-01
1.152539700269699097e-01
-3.048579767346382141e-02
-1.450425982475280762e-01
2.694474905729293823e-02
1.076176911592483521e-01
1.987596973776817322e-02
-2.156485021114349365e-01
3.747405409812927246e-01
-2.099978178739547729e-01
3.549013137817382812e-01
-2.973110042512416840e-02
1.249938271939754486e-02
-2.007647901773452759e-01
3.407048285007476807e-01
3.272875249385833740e-01
4.056441783905029297e-01
1.632052063941955566e-01
3.625208139419555664e-01
4.107528924942016602e-01
-2.440765351057052612e-01
-4.266342818737030029e-01
-3.510031998157501221e-01
1.563488543033599854e-01
3.595816195011138916e-01
-2.323228865861892700e-01
-2.824275791645050049e-01
3.320308029651641846e-01
-8.856576681137084961e-02
-2.044983953237533569e-01
-1.508132368326187134e-01
-2.234328072518110275e-03
1.758241504430770874e-01
1.245148628950119019e-01
-7.977609336376190186e-02
1.646089106798171997e-01
1.838810890913009644e-01
4.244406819343566895e-01
3.155660033226013184e-01
-4.994902014732360840e-02
2.896797955036163330e-01
4.501920565962791443e-02
-1.880031377077102661e-01
-1.820708066225051880e-01
-1.236050799489021301e-01
-7.823801785707473755e-02
-3.584257960319519043e-01
7.486776262521743774e-02
-8.592177182435989380e-02
1.081662625074386597e-01
1.379978209733963013e-01
4.360416233539581299e-01
-1.513000577688217163e-01
2.129713445901870728e-01
-4.652580618858337402e-01
-6.737002730369567871e-02
-2.445296198129653931e-01
2.602908313274383545e-01
1.853021681308746338e-01
-2.916645407676696777e-01
-1.406646966934204102e-01
1.239672154188156128e-01
-2.988694608211517334e-01
-1.392068564891815186e-01
2.038739770650863647e-01
2.105087935924530029e-01
-3.637182340025901794e-02
-1.584088616073131561e-02
-1.138954311609268188e-01
-3.195561766624450684e-01
