6.664776802062988281e-01
9.458256512880325317e-02
-2.399440668523311615e-02
2.388775497674942017e-01
3.538411855697631836e-01
3.726430982351303101e-02
-4.008897021412849426e-02
5.975871682167053223e-01
-3.478575050830841064e-01
2.145399004220962524e-01
2.535952031612396240e-01
5.021696686744689941e-01
-4.303106963634490967e-01
-4.327745437622070312e-01
2.902207076549530029e-01
-6.556425690650939941e-01
-6.092636585235595703e-01
1.375048514455556870e-02
-6.252135634422302246e-01
-3.252824842929840088e-01
6.499859690666198730e-01
1.580945253372192383e-01
-4.436756372451782227e-01
-1.283298246562480927e-02
4.056412577629089355e-01
2.162389904260635376e-01
4.666562378406524658e-01
3.457490205764770508e-01
-6.519160866737365723e-01
2.818715274333953857e-01
-6.040154099464416504e-01
2.826957106590270996e-01
-8.174760937690734863e-01
4.147757291793823242e-01
-4.247539043426513672e-01
-4.244953393936157227e-01
-1.649241447448730469e-01
1.629967838525772095e-01
6.500740051269531250e-01
4.100221097469329834e-01
4.651607275009155273e-01
-7.885007858276367188e-01
2.679094970226287842e-01
2.506295144557952881e-01
-4.870875477790832520e-01
-5.918650031089782715e-01
3.584596514701843262e-01
8.285442590713500977e-01
-5.569101572036743164e-01
-6.219996213912963867e-01
-1.267282217741012573e-01
-5.563167333602905273e-01
-3.743459582328796387e-01
-2.215027809143066406e-01
-4.014670550823211670e-01
-4.040714204311370850e-01
-5.337085947394371033e-02
-6.384769082069396973e-01
-5.406622290611267090e-01
1.793775856494903564e-01
-1.744233518838882446e-01
-1.048587635159492493e-01
-1.379928886890411377e-01
2.488306462764739990e-01
-2.022418379783630371e-01
5.936932936310768127e-02
2.813331484794616699e-01
-5.522282794117927551e-02
-1.383816357702016830e-02
1.300772428512573242e-01
-2.362032830715179443e-01
-1.542698889970779419e-01
4.999479278922080994e-02
-1.350431889295578003e-01
3.859232366085052490e-02
2.005689144134521484e-01
1.991068273782730103e-01
-1.847750991582870483e-01
-1.315755397081375122e-01
-1.761192083358764648e-01
3.842025101184844971e-01
-2.117169499397277832e-01
4.087078273296356201e-01
-7.586757838726043701e-02
-2.892799675464630127e-01
1.258587539196014404e-01
-2.218800038099288940e-01
1.923013478517532349e-01
-3.774395287036895752e-01
-9.825475513935089111e-02
3.478805720806121826e-01
-1.600163727998733521e-01
-4.184805229306221008e-02
1.094824448227882385e-01
-6.101480498909950256e-02
-4.100771844387054443e-01
-2.853586375713348389e-01
4.132055118680000305e-02
-7.259848713874816895e-02
3.806903660297393799e-01
-3.378378599882125854e-02
-1.180275622755289078e-02
6.015422195196151733e-02
-8.695670217275619507e-02
1.100180298089981079e-01
-4.256955534219741821e-02
-1.018446385860443115e-01
-1.180334575474262238e-02
-2.367231063544750214e-03
2.276533097028732300e-01
-3.380142897367477417e-02
3.171120882034301758e-01
-6.874860823154449463e-02
-7.147846370935440063e-02
-1.176671683788299561e-01
-1.519324183464050293e-01
-1.396219730377197266e-01
1.161286011338233948e-01
2.796776294708251953e-01
6.315289437770843506e-02
-2.325100302696228027e-01
9.798265248537063599e-02
-5.824530720710754395e-01
1.565590053796768188e-01
5.586034059524536133e-01
-1.334029585123062134e-01
4.595832526683807373e-01
-9.453176707029342651e-02
5.671740770339965820e-01
3.063280018977820873e-05
-4.636424779891967773e-01
3.322196602821350098e-01
-2.158144414424896240e-01
-3.020420074462890625e-01
5.405819416046142578e-01
4.092841148376464844e-01
5.074781775474548340e-01
3.056283891201019287e-01
-6.591571494936943054e-03
-3.906213045120239258e-01
3.548452854156494141e-01
-2.384119480848312378e-02
5.650106072425842285e-01
2.228555083274841309e-01
-5.291825532913208008e-01
1.456005126237869263e-01
-2.921703755855560303e-01
3.748109042644500732e-01
-2.394620627164840698e-01
-3.948341310024261475e-01
6.703615933656692505e-02
-2.910763621330261230e-01
2.172137647867202759e-01
1.454513669013977051e-01
-2.401898205280303955e-01
-3.690080344676971436e-01
-2.040715813636779785e-01
-1.753469705581665039e-01
-2.071980237960815430e-01
3.014122545719146729e-01
-1.293762922286987305e-01
-1.377505362033843994e-01
-1.318377535790205002e-02
2.016160823404788971e-02
2.867854833602905273e-01
-1.842161566019058228e-01
1.362574994564056396e-01
2.430209070444107056e-01
-4.066080600023269653e-02
-7.349243015050888062e-02
5.655051395297050476e-02
-1.188768669962882996e-01
1.212496310472488403e-01
-3.402871787548065186e-01
2.286496460437774658e-01
-3.189858794212341309e-02
6.625123322010040283e-02
8.104470372200012207e-02
4.359245672821998596e-02
-2.618469595909118652e-01
-2.517262101173400879e-01
-6.637001642957329750e-04
-3.403561115264892578e-01
-1.179724037647247314e-01
1.311181336641311646e-01
1.136573851108551025e-01
1.595565378665924072e-01
-3.322178721427917480e-01
2.648223340511322021e-01
3.890578746795654297e-01
3.590727224946022034e-02
3.690038323402404785e-01
6.967973709106445312e-02
-8.784063160419464111e-02
3.446535393595695496e-02
9.491124749183654785e-02
-1.791062392294406891e-02
2.832808494567871094e-01
1.361799240112304688e-01
-4.216578006744384766e-01
2.107129544019699097e-01
-2.748284041881561279e-01
2.391008734703063965e-01
1.230595931410789490e-01
-2.231708168983459473e-01
1.334726661443710327e-01
-1.008496955037117004e-01
1.259255409240722656e-01
-3.334977924823760986e-01
-1.757720559835433960e-01
4.181194007396697998e-01
-3.594230115413665771e-01
1.494337916374206543e-01
1.922686249017715454e-01
-1.365530341863632202e-01
-2.909815311431884766e-01
-3.046264350414276123e-01
-1.737951040267944336e-01
-3.524112105369567871e-01
5.456761270761489868e-02
5.877627804875373840e-02
-2.556251883506774902e-01
2.271070927381515503e-01
8.773645013570785522e-02
-3.501244783401489258e-01
-2.175188213586807251e-01
-5.803956091403961182e-02
2.982103228569030762e-01
-3.329470753669738770e-01
-2.408539354801177979e-01
2.772096097469329834e-01
-1.379982382059097290e-01
6.412797421216964722e-02
2.627491354942321777e-01
-4.588834941387176514e-01
-2.935845553874969482e-01
-3.275758400559425354e-02
1.663593202829360962e-02
-3.080411553382873535e-01
8.652095496654510498e-02
7.599484175443649292e-02
-1.227231174707412720e-01
-3.077644109725952148e-01
-4.336958006024360657e-02
1.977428644895553589e-01
-5.865501612424850464e-02
1.609480232000350952e-01
-4.592844545841217041e-01
-5.966591835021972656e-02
2.535961568355560303e-01
-2.943362593650817871e-01
7.846745848655700684e-02
-2.212481200695037842e-01
-1.449031829833984375e-01
5.451310053467750549e-02
-1.892393454909324646e-02
2.025932818651199341e-01
-5.291924998164176941e-02
-3.091807104647159576e-02
-1.897371262311935425e-01
-1.580488085746765137e-01
8.268935978412628174e-02
-1.694906055927276611e-01
2.381169050931930542e-01
2.408386915922164917e-01
-3.228041343390941620e-03
-2.928367853164672852e-01
-1.028881445527076721e-01
-9.929721802473068237e-02
-9.177488833665847778e-02
-1.957366019487380981e-01
-6.097856536507606506e-02
-1.819466054439544678e-01
1.294089853763580322e-01
9.167851507663726807e-02
9.872158616781234741e-02
-2.493232861161231995e-02
-2.007437348365783691e-01
9.982217103242874146e-02
-2.385320961475372314e-01
-3.925870656967163086e-01
-1.024246029555797577e-02
-4.610926806926727295e-01
-1.013477295637130737e-01
4.464830458164215088e-01
-1.030149757862091064e-01
4.394181817770004272e-02
-2.661979496479034424e-01
1.865808293223381042e-02
1.143979206681251526e-01
-3.317153453826904297e-01
3.197164088487625122e-02
-1.902514845132827759e-01
-2.402001917362213135e-01
1.093326359987258911e-01
2.029362618923187256e-01
1.070182844996452332e-01
1.744922548532485962e-01
5.358267202973365784e-02
-2.931052446365356445e-01
2.135367244482040405e-01
-8.596822619438171387e-02
1.311726570129394531e-01
1.908950507640838623e-01
-1.007702648639678955e-01
9.619213640689849854e-02
1.051822863519191742e-02
2.886182963848114014e-01
-6.126588210463523865e-02
-1.270752251148223877e-01
1.263025104999542236e-01
-3.783405125141143799e-01
8.221019059419631958e-02
4.692610353231430054e-02
-5.661682039499282837e-02
-3.081403672695159912e-01
-3.883978426456451416e-01
-2.418569475412368774e-01
-2.870162725448608398e-01
4.191093146800994873e-01
1.898620724678039551e-01
1.494943052530288696e-01
2.833652198314666748e-01
-1.566675156354904175e-01
6.431476771831512451e-02
3.363057971000671387e-02
-1.709601432085037231e-01
1.489381194114685059e-01
1.055206209421157837e-01
-1.171298921108245850e-01
1.728038787841796875e-01
-2.372068762779235840e-01
-1.955090612173080444e-01
1.376552730798721313e-01
-1.485063731670379639e-01
1.279540266841650009e-02
-1.716843545436859131e-01
1.922622770071029663e-01
-1.969884186983108521e-01
2.607327103614807129e-01
-3.205004632472991943e-01
2.277912348508834839e-01
-4.460403025150299072e-01
3.522532433271408081e-02
3.635134994983673096e-01
1.629426330327987671e-01
3.218330740928649902e-01
-3.529725372791290283e-01
2.476896345615386963e-01
1.807625591754913330e-01
-4.206507503986358643e-01
4.901796281337738037e-01
-1.296764016151428223e-01
-3.057755529880523682e-01
1.051424294710159302e-01
1.482933461666107178e-01
2.244468033313751221e-01
2.315678745508193970e-01
1.152126044034957886e-01
-1.881035268306732178e-01
-1.009962409734725952e-01
1.621486395597457886e-01
-2.145821750164031982e-01
-1.574478745460510254e-01
1.840064674615859985e-01
1.685511022806167603e-01
1.741055995225906372e-01
-2.628439962863922119e-01
-7.974883913993835449e-02
-2.160997688770294189e-02
2.573520690202713013e-02
1.313831359148025513e-01
-1.287820190191268921e-01
1.617222130298614502e-01
2.182711847126483917e-02
-1.220559999346733093e-01
-1.052381545305252075e-01
1.456491947174072266e-01
1.420632451772689819e-01
-3.495525717735290527e-01
1.387121081352233887e-01
-1.674426347017288208e-01
4.944155812263488770e-01
1.658912375569343567e-02
-5.147580504417419434e-01
1.683490574359893799e-01
-1.540583819150924683e-01
3.299669623374938965e-01
-3.771762847900390625e-01
-2.237259000539779663e-01
1.328911334276199341e-01
-4.340277016162872314e-01
3.243868649005889893e-01
2.638313770294189453e-01
-3.441940546035766602e-01
-2.696284949779510498e-01
-3.626068532466888428e-01
-2.280742228031158447e-01
5.688002705574035645e-02
4.464470148086547852e-01
-2.995181679725646973e-01
-1.208035573363304138e-01
1.454081088304519653e-01
1.330080181360244751e-01
-1.654376685619354248e-01
-5.599009618163108826e-02
2.224427610635757446e-01
-8.499938994646072388e-02
1.144940108060836792e-01
2.190609127283096313e-01
7.240017503499984741e-02
-5.098533630371093750e-02
-2.486027628183364868e-01
-9.380655735731124878e-02
1.818068139255046844e-02
4.409105479717254639e-01
4.646489396691322327e-02
-2.281190603971481323e-01
-2.814237400889396667e-02
2.425346150994300842e-02
-3.054426908493041992e-01
-7.743928581476211548e-02
-5.356518626213073730e-01
1.071315854787826538e-01
4.423522055149078369e-01
1.457891706377267838e-02
2.048973739147186279e-01
-4.220638275146484375e-01
5.079787373542785645e-01
2.259987145662307739e-01
-4.698812663555145264e-01
3.468814790248870850e-01
-1.304004155099391937e-02
-4.966579079627990723e-01
5.325625538825988770e-01
2.080675512552261353e-01
2.335610687732696533e-01
2.586501240730285645e-01
9.928928315639495850e-02
-5.284195542335510254e-01
-6.669104844331741333e-02
1.852244734764099121e-01
-8.412361890077590942e-02
-3.514826595783233643e-01
1.327794343233108521e-01
3.484325110912322998e-02
1.526527702808380127e-01
2.889174036681652069e-03
2.559467852115631104e-01
3.015722930431365967e-01
3.954613953828811646e-02
3.487674891948699951e-02
-1.161175519227981567e-01
1.090463399887084961e-01
-4.982390999794006348e-02
1.835969276726245880e-02
-1.710060238838195801e-01
3.181606829166412354e-01
1.860321164131164551e-01
-1.257902532815933228e-01
8.523012697696685791e-02
1.807351713068783283e-03
-2.261350154876708984e-01
-3.435151278972625732e-01
-8.698373287916183472e-02
2.320531308650970459e-01
-5.238161236047744751e-02
-8.161243796348571777e-02
1.623641550540924072e-01
5.166144296526908875e-02
1.343690752983093262e-01
-2.418732084333896637e-02
-1.344000846147537231e-01
-2.940384857356548309e-02
5.320328846573829651e-02
-2.909101545810699463e-01
1.128984615206718445e-01
3.153056278824806213e-02
-8.187114447355270386e-02
9.061162918806076050e-02
-9.556664526462554932e-02
4.095042645931243896e-01
-2.267281711101531982e-01
-5.885694622993469238e-01
3.060233891010284424e-01
-9.509380906820297241e-02
-1.907176077365875244e-01
4.564513266086578369e-01
2.535137534141540527e-01
-1.396331042051315308e-01
1.180536821484565735e-01
-1.589909791946411133e-01
2.210828214883804321e-01
-2.566817856859415770e-04
-3.520528376102447510e-01
3.718978911638259888e-02
3.534337580204010010e-01
7.536339014768600464e-02
-5.578904151916503906e-01
-1.450731456279754639e-01
4.391183704137802124e-02
3.166663348674774170e-01
1.662508994340896606e-01
-8.555126190185546875e-01
4.980669319629669189e-01
-1.464446485042572021e-01
-2.186181098222732544e-01
3.968637883663177490e-01
1.781774014234542847e-01
-1.090482901781797409e-02
1.740508228540420532e-01
-2.061844021081924438e-01
3.492794334888458252e-01
4.206265881657600403e-02
-2.161992788314819336e-01
-1.483414918184280396e-01
2.959626019001007080e-01
-1.574120670557022095e-01
-5.273230671882629395e-01
1.169112995266914368e-01
5.357826873660087585e-02
3.336551189422607422e-01
8.226407319307327271e-02
-4.787088334560394287e-01
4.447762966156005859e-01
-1.090922132134437561e-01
-1.399890780448913574e-01
5.362262129783630371e-01
4.092473685741424561e-01
2.157369405031204224e-01
-1.135130971670150757e-01
-2.879973351955413818e-01
6.063358187675476074e-01
1.550239324569702148e-01
-3.290565311908721924e-01
7.462727278470993042e-02
3.439210951328277588e-01
5.276811122894287109e-02
-3.910523653030395508e-01
8.199100196361541748e-02
-1.847147941589355469e-01
-3.576522171497344971e-01
1.829442679882049561e-01
1.875591278076171875e-01
-7.581791281700134277e-01
-2.101858258247375488e-01
2.827464342117309570e-01
-3.054164946079254150e-01
-4.508229494094848633e-01
1.594770848751068115e-01
1.866932213306427002e-01
3.231254518032073975e-01
-5.993824601173400879e-01
1.665286347270011902e-02
4.132629334926605225e-01
-3.997724130749702454e-02
-4.301415979862213135e-01
-1.193496510386466980e-01
6.111313104629516602e-01
9.336977452039718628e-02
-1.932039409875869751e-01
1.454964578151702881e-01
2.339494973421096802e-01
-5.995138883590698242e-01
-4.935339465737342834e-02
-2.103931456804275513e-01
1.515294909477233887e-01
9.113396704196929932e-02
-1.812014579772949219e-01
-3.091337904334068298e-02
1.267857253551483154e-01
-7.663115113973617554e-02
3.180401027202606201e-01
1.898656189441680908e-01
5.326253920793533325e-02
2.887986898422241211e-01
5.078168511390686035e-01
-1.725584119558334351e-01
-5.689339041709899902e-01
1.525965481996536255e-01
-2.230861932039260864e-01
1.840258389711380005e-01
-4.223071970045566559e-03
-2.565700709819793701e-01
8.595903217792510986e-02
3.089682571589946747e-02
2.067033648490905762e-01
1.170038878917694092e-01
2.510317564010620117e-01
-2.923267483711242676e-01
-1.809729337692260742e-01
-5.784834027290344238e-01
5.513858795166015625e-01
-8.598454296588897705e-02
-8.810553699731826782e-02
1.718763411045074463e-01
3.947490751743316650e-01
-2.778924703598022461e-01
-3.415126800537109375e-01
-1.109198108315467834e-02
3.459747433662414551e-01
7.053876668214797974e-02
-3.302226215600967407e-02
-7.900741696357727051e-02
-2.473516762256622314e-01
2.359109967947006226e-01
-2.436204701662063599e-01
-1.597274094820022583e-01
2.257296629250049591e-02
8.032704144716262817e-02
1.729951053857803345e-01
4.482600688934326172e-01
-4.096803665161132812e-01
-3.653474748134613037e-01
1.365165412425994873e-01
-3.270737528800964355e-01
-4.131424799561500549e-02
2.367150634527206421e-01
3.362537920475006104e-01
8.174702525138854980e-02
1.537514626979827881e-01
2.184575498104095459e-01
-2.518929243087768555e-01
-5.820963978767395020e-01
1.461451798677444458e-01
-8.751582354307174683e-02
1.186690479516983032e-01
4.172244071960449219e-01
-6.365969032049179077e-02
-7.156679779291152954e-02
-6.015790626406669617e-02
-2.898853085935115814e-02
3.383417129516601562e-01
2.032444477081298828e-01
-3.191103339195251465e-01
1.449689269065856934e-02
5.295821428298950195e-01
-5.043125152587890625e-02
-4.087426960468292236e-01
6.650912109762430191e-03
-1.149277947843074799e-02
2.474872022867202759e-01
-1.387349665164947510e-01
-3.936896622180938721e-01
5.069136023521423340e-01
-9.058853983879089355e-02
-3.106302814558148384e-03
4.030825495719909668e-01
4.265834093093872070e-01
-7.406166195869445801e-02
1.250424087047576904e-01
-1.916942745447158813e-01
1.818573772907257080e-01
6.443697214126586914e-02
-3.152880072593688965e-01
-2.103438675403594971e-01
6.132818460464477539e-01
9.430404007434844971e-02
-2.416436225175857544e-01
-9.394558519124984741e-02
1.996204257011413574e-01
-7.480268832296133041e-04
-6.461241096258163452e-02
-1.768796741962432861e-01
9.314791113138198853e-02
1.808874011039733887e-01
-3.635038733482360840e-01
1.835686340928077698e-02
2.566306293010711670e-01
3.157265111804008484e-02
3.343721330165863037e-01
1.130414679646492004e-01
2.007915526628494263e-01
-1.489675492048263550e-01
-6.795788556337356567e-02
-3.337652087211608887e-01
1.178193464875221252e-01
1.895242333412170410e-01
2.691150456666946411e-02
4.257216118276119232e-03
5.341716483235359192e-02
-3.696877956390380859e-01
-2.254069894552230835e-01
2.892657816410064697e-01
-2.991461455821990967e-01
6.235437840223312378e-02
-2.293312251567840576e-01
-3.871647715568542480e-01
-1.563216000795364380e-01
-6.910549104213714600e-02
-8.158732205629348755e-02
1.448756456375122070e-01
-9.729725867509841919e-02
-2.315840572118759155e-01
3.630079329013824463e-01
8.111809194087982178e-02
-2.250944823026657104e-01
1.396045833826065063e-01
1.938722878694534302e-01
-2.041482031345367432e-01
-6.374580785632133484e-03
-7.289808988571166992e-02
1.804571896791458130e-01
5.327991843223571777e-01
-3.062669336795806885e-01
1.073131188750267029e-01
1.626591831445693970e-01
-4.714397490024566650e-01
-3.694136738777160645e-01
1.966046243906021118e-01
-1.040018573403358459e-01
2.231300175189971924e-01
-4.617656469345092773e-01
-1.886239200830459595e-01
5.941650271415710449e-01
2.481362074613571167e-01
-4.071713387966156006e-01
4.470060393214225769e-02
6.791030168533325195e-01
2.206628471612930298e-01
1.485162973403930664e-01
2.943035662174224854e-01
8.804295212030410767e-02
-4.595617353916168213e-01
1.826155334711074829e-01
6.005436927080154419e-02
-5.162671208381652832e-02
4.228671491146087646e-01
2.827099561691284180e-01
6.600216962397098541e-03
6.359992176294326782e-02
-1.247768551111221313e-01
3.802604377269744873e-01
-1.436912566423416138e-01
-4.474833905696868896e-01
-3.207160234451293945e-01
5.035386085510253906e-01
1.913063079118728638e-01
-4.906577765941619873e-01
-1.715256124734878540e-01
-2.533786557614803314e-02
1.552209407091140747e-01
-1.677889227867126465e-01
-6.731573939323425293e-01
5.528597235679626465e-01
-1.379918307065963745e-01
-1.863529384136199951e-01
1.335498243570327759e-01
1.940792500972747803e-01
7.625996321439743042e-02
2.880811877548694611e-02
-8.131546527147293091e-02
2.312132120132446289e-01
-5.123978480696678162e-02
-1.295366138219833374e-01
-2.389174401760101318e-01
2.738800048828125000e-01
-7.946095615625381470e-02
-6.685189008712768555e-01
1.887362301349639893e-01
-3.157747536897659302e-02
-1.428395509719848633e-01
-1.448916792869567871e-01
-1.264478415250778198e-01
1.866703182458877563e-01
2.967067956924438477e-01
-6.483090575784444809e-03
-1.972716301679611206e-01
-1.715151965618133545e-01
1.671044677495956421e-01
2.764745652675628662e-01
-2.460902556777000427e-03
-4.107753336429595947e-01
-4.227634072303771973e-01
-1.001737490296363831e-01
-3.815024197101593018e-01
-1.249180063605308533e-01
1.160978823900222778e-01
5.585312098264694214e-02
-2.483067065477371216e-01
1.353498995304107666e-01
-4.987832009792327881e-01
2.358181327581405640e-01
6.176813244819641113e-01
-3.471092879772186279e-01
5.115730315446853638e-02
1.020996719598770142e-01
-6.439204216003417969e-01
-1.657994091510772705e-01
-2.388179861009120941e-02
-2.019791305065155029e-01
2.637189328670501709e-01
-2.692317664623260498e-01
-2.024138718843460083e-01
5.066009163856506348e-01
-8.797790110111236572e-02
-3.698967397212982178e-01
1.400039345026016235e-01
4.493068754673004150e-01
2.208606451749801636e-01
-1.408655792474746704e-01
9.276866167783737183e-02
-2.773612923920154572e-02
-5.577158331871032715e-01
1.781107038259506226e-01
-2.955085225403308868e-02
-1.515312343835830688e-01
4.375276565551757812e-01
1.151948515325784683e-02
-8.374133147299289703e-03
-1.855425089597702026e-01
-1.188370510935783386e-01
1.466464400291442871e-01
2.012373507022857666e-01
-4.343123137950897217e-01
-1.182256489992141724e-01
9.427985548973083496e-02
1.651816964149475098e-01
-3.511915206909179688e-01
1.620095968246459961e-01
2.650881409645080566e-01
-5.198341012001037598e-01
-2.579765021800994873e-01
2.947517335414886475e-01
-8.163858205080032349e-02
2.150453329086303711e-01
1.732651144266128540e-02
-5.533362627029418945e-01
-2.279753983020782471e-01
2.275531738996505737e-01
4.925911873579025269e-02
4.295135140419006348e-01
-7.707691192626953125e-01
-2.146357446908950806e-01
1.842310279607772827e-01
7.168601453304290771e-02
-3.405145108699798584e-01
3.040096461772918701e-01
3.750420212745666504e-01
-5.295858159661293030e-02
1.241399645805358887e-01
4.318325519561767578e-01
2.790989875793457031e-01
-1.829675734043121338e-01
1.094480529427528381e-01
-1.200408488512039185e-01
-1.113005355000495911e-01
3.174121677875518799e-01
3.742193803191184998e-02
4.442928731441497803e-02
-6.079808250069618225e-02
4.726697504520416260e-02
5.233162045478820801e-01
1.376591473817825317e-01
-3.760105073451995850e-01
3.250085115432739258e-01
5.795610547065734863e-01
6.810689717531204224e-02
-5.779318809509277344e-01
2.366853803396224976e-01
1.542086154222488403e-01
1.485785841941833496e-01
-2.869375422596931458e-02
-2.646601498126983643e-01
1.301334351301193237e-01
1.915509253740310669e-01
-1.978644281625747681e-01
1.733381599187850952e-01
3.032805323600769043e-01
-8.542469888925552368e-02
4.526110365986824036e-02
-3.313387632369995117e-01
3.679389655590057373e-01
1.982577294111251831e-01
-5.187923908233642578e-01
1.589348018169403076e-01
5.208323001861572266e-01
-1.493234187364578247e-01
-4.734275639057159424e-01
1.737241744995117188e-01
5.953179299831390381e-02
4.252609796822071075e-04
-1.650943160057067871e-01
9.591849893331527710e-02
3.437986224889755249e-02
-1.067597866058349609e-01
2.327315658330917358e-01
-6.001238897442817688e-02
1.037147492170333862e-01
-3.110970370471477509e-02
2.497799545526504517e-01
1.191838607192039490e-01
-7.195060700178146362e-02
-1.444674134254455566e-01
2.923097014427185059e-01
-1.208765059709548950e-01
3.374419733881950378e-02
1.654000878334045410e-01
-1.674567908048629761e-01
-1.722979731857776642e-02
2.929632067680358887e-01
2.616364061832427979e-01
3.044737577438354492e-01
-2.663312554359436035e-01
1.256810277700424194e-01
5.351850017905235291e-02
1.271057724952697754e-01
1.059082075953483582e-01
2.392494082450866699e-01
2.123305648565292358e-01
-1.341846436262130737e-01
-1.200559586286544800e-01
4.488365054130554199e-01
2.669654972851276398e-02
-8.074191864579916000e-04
-7.352195680141448975e-02
2.011043280363082886e-01
-1.222150400280952454e-01
2.113439440727233887e-01
3.284230530261993408e-01
-2.726667225360870361e-01
-3.297205567359924316e-01
-4.190219640731811523e-01
3.442932963371276855e-01
-4.417819157242774963e-02
3.516350314021110535e-02
1.172898560762405396e-01
-1.649130582809448242e-01
-2.350430637598037720e-01
-2.059203237295150757e-01
9.531839191913604736e-02
5.648354291915893555e-01
-3.474308848381042480e-01
-4.749596714973449707e-01
6.677538156509399414e-03
3.542778491973876953e-01
1.057719662785530090e-01
1.289897263050079346e-01
-7.833024114370346069e-02
4.009816050529479980e-02
-1.548259109258651733e-01
-2.722554206848144531e-01
-1.571046113967895508e-01
1.641551554203033447e-01
1.949120163917541504e-01
3.074688017368316650e-01
-1.045509949326515198e-01
1.167297642678022385e-02
-1.917141973972320557e-01
-5.122725367546081543e-01
-2.473531812429428101e-01
3.025232553482055664e-01
-3.819018006324768066e-01
-4.901531338691711426e-01
-3.355012834072113037e-01
2.458248585462570190e-01
-1.050044375006109476e-04
-3.315643966197967529e-01
3.593638539314270020e-01
-3.221685290336608887e-01
2.152834087610244751e-01
4.187324345111846924e-01
-2.911472460255026817e-03
-5.402176380157470703e-01
-6.233946606516838074e-02
-4.121001437306404114e-02
4.000599496066570282e-03
2.021714597940444946e-01
7.158672064542770386e-02
1.714652925729751587e-01
-1.441204100847244263e-01
-1.858467757701873779e-01
3.770744204521179199e-01
3.944545090198516846e-01
-1.489509344100952148e-01
-4.205082952976226807e-01
1.128891706466674805e-01
2.610308825969696045e-01
2.586327493190765381e-02
2.244722992181777954e-01
-5.504058003425598145e-01
-5.534303784370422363e-01
-1.808419674634933472e-01
2.153747677803039551e-01
-1.905194669961929321e-01
-3.107444941997528076e-01
8.708798140287399292e-02
-3.361602127552032471e-01
-1.849827319383621216e-01
5.089020356535911560e-02
7.245571166276931763e-02
5.326868295669555664e-01
-4.987450540065765381e-01
-3.574854135513305664e-01
-1.931111700832843781e-02
5.280775427818298340e-01
-6.191137433052062988e-02
2.849964797496795654e-01
-2.478427141904830933e-01
-5.294842123985290527e-01
-3.008044064044952393e-01
-5.879548192024230957e-02
-4.703359678387641907e-03
7.259405851364135742e-01
5.375578626990318298e-02
7.511673960834741592e-03
-5.648195743560791016e-02
7.123428862541913986e-03
-5.779420137405395508e-01
-1.745406985282897949e-01
1.451838165521621704e-01
4.311990141868591309e-01
-4.675704538822174072e-01
-1.631014347076416016e-01
-2.336884140968322754e-01
1.376725137233734131e-01
-1.408689916133880615e-01
3.984026238322257996e-02
7.259286940097808838e-02
-2.721479237079620361e-01
-4.488904476165771484e-01
-5.956304669380187988e-01
-4.828291535377502441e-01
3.718448877334594727e-01
-2.380229979753494263e-01
-1.498893797397613525e-01
-8.245376497507095337e-02
-1.757571250200271606e-01
-6.833000481128692627e-02
-1.514515560120344162e-02
1.003975197672843933e-01
4.184442460536956787e-01
-4.072411656379699707e-01
-3.457164764404296875e-01
6.663191318511962891e-02
6.660706400871276855e-01
1.099618803709745407e-02
-1.157320514321327209e-01
8.657940477132797241e-02
-1.566341370344161987e-01
1.215572282671928406e-01
-7.054745405912399292e-02
-2.141306698322296143e-01
-1.300812810659408569e-01
-4.031131863594055176e-01
-2.518871426582336426e-01
4.681982994079589844e-01
-3.760383129119873047e-01
1.636087894439697266e-01
1.340624988079071045e-01
6.506674885749816895e-01
1.152533339336514473e-03
1.936137974262237549e-01
-1.564931720495223999e-01
-1.878919266164302826e-02
-2.116414904594421387e-01
-4.850775301456451416e-01
4.046367108821868896e-01
-7.395641803741455078e-01
-3.669766783714294434e-01
1.698330193758010864e-01
5.353841185569763184e-01
3.865735232830047607e-01
-4.437928795814514160e-01
1.347786784172058105e-01
8.469716459512710571e-02
-8.838902227580547333e-03
5.221303105354309082e-01
5.201688408851623535e-01
2.659708857536315918e-01
-1.295531392097473145e-01
-3.298811316490173340e-01
3.847267925739288330e-01
2.439195066690444946e-01
1.358778476715087891e-01
-5.404393672943115234e-01
-1.124080717563629150e-01
-1.237890049815177917e-01
-1.120922267436981201e-01
2.217538207769393921e-01
-1.548790484666824341e-01
-2.697489857673645020e-01
-5.735595524311065674e-02
4.411920309066772461e-01
2.955190539360046387e-01
3.771772980690002441e-01
-1.349380463361740112e-01
-1.839205324649810791e-01
-2.367126941680908203e-01
-5.567443966865539551e-01
1.735199093818664551e-01
3.789817690849304199e-01
-1.497969776391983032e-01
-2.450983375310897827e-01
-3.807101547718048096e-01
4.956160485744476318e-01
-2.407122403383255005e-01
-2.961408495903015137e-01
1.648005098104476929e-01
-1.770455986261367798e-01
-4.054389894008636475e-01
-1.779090017080307007e-01
-7.724372297525405884e-02
3.693010285496711731e-02
-3.913202136754989624e-02
-1.325125396251678467e-01
-1.197009440511465073e-02
-1.901766210794448853e-01
-1.905458718538284302e-01
3.112820982933044434e-01
-1.552103608846664429e-01
4.554389715194702148e-01
-3.109395503997802734e-01
-5.333932638168334961e-01
-9.082862734794616699e-02
4.432463645935058594e-01
-3.141156733036041260e-01
-8.358673192560672760e-03
-2.692409604787826538e-02
-2.552285492420196533e-01
1.937573105096817017e-01
2.650192081928253174e-01
1.537045687437057495e-01
-3.646024167537689209e-01
1.168138012290000916e-01
-7.995395362377166748e-02
4.060598090291023254e-02
2.039319574832916260e-01
6.202295422554016113e-01
-2.892244979739189148e-02
-5.478800460696220398e-02
-4.821248054504394531e-01
4.099758863449096680e-01
2.886268496513366699e-01
2.316560745239257812e-01
-4.428724646568298340e-01
8.245638012886047363e-02
1.994881033897399902e-01
6.458644568920135498e-02
1.455057412385940552e-01
-4.451863095164299011e-02
-3.752666413784027100e-01
-9.777584671974182129e-02
6.051216125488281250e-01
1.492220461368560791e-01
1.329259723424911499e-01
-9.080958366394042969e-02
-2.004280984401702881e-01
-3.054898977279663086e-01
-1.332022994756698608e-01
1.745304465293884277e-01
4.685042798519134521e-01
-2.027834653854370117e-01
-4.369205534458160400e-01
-1.546964943408966064e-01
4.297280609607696533e-01
-5.521572008728981018e-02
1.352290213108062744e-01
8.453620597720146179e-03
-2.814888954162597656e-01
-5.137250423431396484e-01
-7.671925425529479980e-01
-8.913542032241821289e-01
1.560050398111343384e-01
-1.257850378751754761e-01
-3.466957807540893555e-01
7.722151279449462891e-02
-7.732998132705688477e-01
-7.524035125970840454e-02
2.603520154953002930e-01
3.632804751396179199e-01
5.128720998764038086e-01
-3.153664469718933105e-01
-1.012777805328369141e+00
2.160524427890777588e-01
4.424549341201782227e-01
-5.697139501571655273e-01
2.984329164028167725e-01
-4.197156429290771484e-01
-9.052155017852783203e-01
-7.993166893720626831e-02
-2.357528656721115112e-01
-1.888172477483749390e-01
3.440024256706237793e-01
1.416461020708084106e-01
3.137466609477996826e-01
-3.298211991786956787e-01
1.287280172109603882e-01
-3.755687475204467773e-01
-4.523510038852691650e-01
-5.558204278349876404e-02
4.106979668140411377e-01
-3.761328458786010742e-01
-1.725388616323471069e-01
-4.378696680068969727e-01
3.885368406772613525e-01
-6.183361262083053589e-02
-1.107504367828369141e-01
1.928397417068481445e-01
-1.468392014503479004e-01
-1.684784591197967529e-01
-1.838446557521820068e-01
-2.229202985763549805e-01
8.482729643583297729e-02
-1.201124116778373718e-01
2.333319745957851410e-02
2.750116959214210510e-02
-6.091131269931793213e-02
-4.389211535453796387e-01
6.057260185480117798e-02
2.061411887407302856e-01
2.994992733001708984e-01
-4.186900258064270020e-01
-3.240967094898223877e-01
1.316697299480438232e-01
5.320413112640380859e-01
8.449738472700119019e-02
1.850079558789730072e-02
1.224822998046875000e-01
-9.107995778322219849e-02
2.518383264541625977e-01
2.289239764213562012e-01
-6.255775690078735352e-02
1.977427452802658081e-01
3.316217064857482910e-01
8.524609357118606567e-02
-2.124438583850860596e-01
2.500763833522796631e-01
-2.230076640844345093e-01
-2.431235313415527344e-01
-3.642033338546752930e-01
-3.030624091625213623e-01
2.112228423357009888e-01
1.593703180551528931e-01
-1.742403507232666016e-01
-3.897373974323272705e-01
2.171473801136016846e-01
-7.035703957080841064e-02
2.006551176309585571e-01
1.549567878246307373e-01
3.229244053363800049e-01
2.574885487556457520e-01
-3.391586542129516602e-01
-1.820221659727394581e-03
-3.593732416629791260e-02
-4.620496034622192383e-01
5.868120789527893066e-01
1.142974197864532471e-01
5.284764990210533142e-02
2.384604066610336304e-01
4.507176280021667480e-01
-1.250621825456619263e-01
-4.616216756403446198e-03
1.507599800825119019e-01
4.531781077384948730e-01
-1.527940481901168823e-01
-4.039977118372917175e-02
4.300345480442047119e-01
-1.742847561836242676e-01
-1.149010658264160156e-01
8.799528330564498901e-02
2.882495224475860596e-01
2.957471311092376709e-01
-4.028815627098083496e-01
1.819652169942855835e-01
-8.821891993284225464e-02
3.779672458767890930e-02
2.746224701404571533e-01
2.171117113903164864e-03
1.336153149604797363e-01
1.306441845372319221e-03
-4.218352586030960083e-02
3.047531247138977051e-01
2.844853997230529785e-01
-9.574274718761444092e-02
-3.732742667198181152e-01
2.224829047918319702e-01
-1.564516574144363403e-01
1.467238813638687134e-01
1.642943769693374634e-01
1.936424970626831055e-01
1.529598832130432129e-01
2.456180751323699951e-01
1.872970759868621826e-01
3.677330911159515381e-01
1.002835392951965332e+00
-4.517627656459808350e-01
4.059675037860870361e-01
-1.474671810865402222e-01
-2.565057873725891113e-01
-7.848485112190246582e-01
-2.056033611297607422e-01
-2.029523998498916626e-01
2.439801394939422607e-02
-3.104235529899597168e-01
1.160571202635765076e-01
3.089676201343536377e-01
-1.060042619705200195e+00
6.643608212471008301e-01
4.724651575088500977e-01
1.674671471118927002e-01
-1.588501408696174622e-02
-2.996806800365447998e-01
-6.480551324784755707e-03
-2.084186077117919922e-01
2.218248881399631500e-02
-1.380718350410461426e-01
3.701390326023101807e-01
-2.080912142992019653e-01
-6.458278000354766846e-02
1.754151284694671631e-01
-1.651251614093780518e-01
-3.382514789700508118e-02
4.542132839560508728e-02
-1.306519955396652222e-01
1.560299936681985855e-02
-2.579841017723083496e-01
2.602120041847229004e-01
-1.580175361596047878e-03
-9.140670299530029297e-02
-8.823121786117553711e-01
-1.203147992491722107e-01
-2.041862308979034424e-01
-4.451002478599548340e-01
6.002082228660583496e-01
1.361172199249267578e-01
-2.781382501125335693e-01
3.985663056373596191e-01
-3.958123177289962769e-02
-3.944667875766754150e-01
3.697477579116821289e-01
9.171330928802490234e-02
-1.912757158279418945e-01
9.962288141250610352e-01
-4.902938902378082275e-01
1.725156009197235107e-01
-8.898046612739562988e-01
5.885282754898071289e-01
-1.301173418760299683e-01
-3.994581997394561768e-01
-3.798172175884246826e-01
-2.043785899877548218e-01
-9.298794269561767578e-01
-3.949973285198211670e-01
2.198056280612945557e-01
-4.447067379951477051e-01
-2.832882702350616455e-01
1.769796609878540039e+00
3.661892712116241455e-01
-7.272432446479797363e-01
1.161774992942810059e-01
6.321592926979064941e-01
-6.661244034767150879e-01
7.110529541969299316e-01
-8.212521672248840332e-01
-4.844179153442382812e-01
-1.337269544601440430e+00
1.790333032608032227e+00
4.978312924504280090e-02
-8.395602107048034668e-01
-6.294308304786682129e-01
-4.408699646592140198e-02
-4.020180106163024902e-01
-1.933712661266326904e-01
9.261474013328552246e-02
-1.286903917789459229e-01
1.660702079534530640e-01
1.244034528732299805e+00
7.143779844045639038e-02
-1.558388024568557739e-01
-3.556159883737564087e-02
2.241372913122177124e-01
-1.659507304430007935e-01
5.874853730201721191e-01
-6.186212897300720215e-01
2.203956544399261475e-01
-6.789816021919250488e-01
9.401612281799316406e-01
-2.756955921649932861e-01
-7.570462822914123535e-01
4.460272490978240967e-01
-2.150918096303939819e-01
-5.511049628257751465e-01
2.116412222385406494e-01
8.410093933343887329e-02
-4.141519963741302490e-01
-1.769991815090179443e-01
1.302319765090942383e-01
2.749614715576171875e-01
-5.894106030464172363e-01
3.790756687521934509e-02
6.100494414567947388e-02
-4.649888277053833008e-01
4.475681856274604797e-02
-6.208360195159912109e-01
-1.614943444728851318e-01
-3.235426545143127441e-01
8.222705870866775513e-02
2.562522888183593750e-01
-3.658726513385772705e-01
2.794695198535919189e-01
-2.383940368890762329e-01
9.020599722862243652e-02
1.267240941524505615e-01
-3.793036639690399170e-01
4.973891773261129856e-04
1.167024597525596619e-01
-1.175436004996299744e-01
2.453474700450897217e-01
2.244582772254943848e-01
-6.395906209945678711e-01
1.446827650070190430e-01
-1.366758160293102264e-02
-6.375682353973388672e-01
4.762518778443336487e-02
-1.420369148254394531e-01
2.364309728145599365e-01
-5.666768550872802734e-01
3.591482639312744141e-01
2.061216086149215698e-01
1.650137454271316528e-02
-3.572325110435485840e-01
-7.045297324657440186e-02
-3.576660819817334414e-04
1.019077897071838379e-01
-6.329221129417419434e-01
-1.038618460297584534e-01
-6.630276888608932495e-02
2.776836454868316650e-01
-8.353572338819503784e-02
4.528973624110221863e-02
4.076963365077972412e-01
-4.472817778587341309e-01
-1.918923705816268921e-01
1.431939452886581421e-01
-4.745882004499435425e-02
-6.054439768195152283e-02
-2.240791916847229004e-01
1.675819046795368195e-02
-1.957261264324188232e-01
3.300913274288177490e-01
-2.302422374486923218e-02
1.523118168115615845e-01
3.145953118801116943e-01
-3.915772736072540283e-01
-2.737911045551300049e-01
-3.373562097549438477e-01
-8.278501033782958984e-02
3.242388367652893066e-01
1.603211909532546997e-01
-2.121658623218536377e-01
-1.173707693815231323e-01
-1.382305175065994263e-01
1.340013295412063599e-01
-6.024039536714553833e-02
-1.819343715906143188e-01
2.071132063865661621e-01
-2.117228507995605469e-01
3.770469129085540771e-01
2.046343088150024414e-01
3.833122551441192627e-01
2.673324942588806152e-02
-4.781682491302490234e-01
2.466978132724761963e-01
-2.515723109245300293e-01
2.008295245468616486e-02
-3.626768887042999268e-01
5.186762213706970215e-01
3.377828896045684814e-01
-5.920118093490600586e-01
-1.686232239007949829e-01
3.726798295974731445e-01
-3.856846094131469727e-01
1.026284024119377136e-01
-4.516839385032653809e-01
-1.806312054395675659e-01
-3.456638157367706299e-01
1.822346746921539307e-01
3.840259909629821777e-01
-4.806201159954071045e-01
-3.490779399871826172e-01
4.348527193069458008e-01
7.213748246431350708e-02
-3.686593472957611084e-01
4.311132133007049561e-01
-2.145270258188247681e-02
2.526309192180633545e-01
2.176104113459587097e-02
-4.812605679035186768e-02
-1.470495760440826416e-01
5.322508215904235840e-01
-3.344628810882568359e-01
-5.358421429991722107e-02
2.536763846874237061e-01
-9.277644008398056030e-02
2.085626125335693359e-01
-6.241925805807113647e-02
8.182214945554733276e-02
-5.322613120079040527e-01
9.311181306838989258e-02
-3.919133543968200684e-02
4.153552353382110596e-01
-1.610031127929687500e-01
-9.717416018247604370e-02
3.928945064544677734e-01
2.009754478931427002e-01
4.327012896537780762e-01
1.069265604019165039e-01
-4.194013178348541260e-01
-1.391269117593765259e-01
1.969196200370788574e-01
-5.788621678948402405e-02
3.693475127220153809e-01
-1.567825675010681152e-01
1.496053300797939301e-03
1.970810890197753906e-01
-1.156547740101814270e-01
3.008455634117126465e-01
-2.646168172359466553e-01
3.214695304632186890e-02
3.927550911903381348e-01
-4.183866083621978760e-01
-4.375491291284561157e-02
4.453620910644531250e-01
-3.881018161773681641e-01
-1.178614646196365356e-01
-2.639468312263488770e-01
-6.185851991176605225e-02
3.671309351921081543e-01
1.140503436326980591e-01
-3.166357576847076416e-01
-3.179877996444702148e-02
6.359380483627319336e-02
-2.993901968002319336e-01
-4.336034879088401794e-02
-1.509910225868225098e-01
2.131051383912563324e-02
-1.426141709089279175e-01
1.708336770534515381e-01
1.187836751341819763e-01
-2.829437144100666046e-02
-1.621219515800476074e-01
2.878884375095367432e-01
-9.454644471406936646e-02
1.138186156749725342e-01
-2.485445514321327209e-02
1.322800479829311371e-02
-5.871012806892395020e-01
-1.015767175704240799e-02
3.784428536891937256e-01
-3.389321565628051758e-01
9.997542202472686768e-02
2.175096422433853149e-01
-6.972131729125976562e-01
3.294304609298706055e-01
1.739176362752914429e-01
5.621380209922790527e-01
8.940087556838989258e-01
-5.943568795919418335e-02
7.716447860002517700e-02
-1.923934072256088257e-01
1.002655997872352600e-01
1.022716760635375977e-01
-3.311176598072052002e-01
5.022101476788520813e-02
2.296602129936218262e-01
3.944131731986999512e-01
1.599152535200119019e-01
-1.230775341391563416e-01
8.657775819301605225e-02
2.508519589900970459e-01
-1.541928201913833618e-01
7.489663362503051758e-02
8.062118291854858398e-02
-1.837681084871292114e-01
2.609010934829711914e-01
1.094130352139472961e-01
1.745149493217468262e-01
-1.760918498039245605e-01
-6.481094658374786377e-02
-3.428809046745300293e-01
3.880566954612731934e-01
5.818910896778106689e-02
-4.541047289967536926e-02
1.676625609397888184e-01
4.882620275020599365e-01
4.585583508014678955e-01
-1.269625723361968994e-01
-5.474941134452819824e-01
-1.353394538164138794e-01
3.057376742362976074e-01
-6.439018249511718750e-01
4.577817320823669434e-01
-6.004955247044563293e-02
4.939747974276542664e-02
7.657266259193420410e-01
-2.498076260089874268e-01
5.842282995581626892e-02
-6.139590740203857422e-01
1.626151651144027710e-01
-1.267092227935791016e-01
7.841298580169677734e-01
3.089302591979503632e-02
-2.455330044031143188e-01
1.782255619764328003e-01
4.904220700263977051e-01
6.723820567131042480e-01
9.979648143053054810e-02
-6.134447455406188965e-01
-4.054295644164085388e-02
1.543268412351608276e-01
-5.193801522254943848e-01
5.557172298431396484e-01
1.990651637315750122e-01
-6.339390575885772705e-02
1.611825227737426758e-01
-7.341018319129943848e-02
2.356065511703491211e-01
-4.230139255523681641e-01
-1.040602922439575195e-01
-3.796480223536491394e-02
3.145651221275329590e-01
5.568420290946960449e-01
-2.479345770552754402e-03
3.051155209541320801e-01
2.463228851556777954e-01
2.356431186199188232e-01
-2.527222931385040283e-01
-2.450213581323623657e-01
4.781756997108459473e-01
-1.570203006267547607e-01
-3.900932073593139648e-01
4.504528045654296875e-01
-1.564256697893142700e-01
4.647423624992370605e-01
2.882033288478851318e-01
2.995594441890716553e-01
6.011495366692543030e-02
6.687302887439727783e-02
2.163927853107452393e-01
-1.807462126016616821e-01
5.920485779643058777e-02
-5.385879054665565491e-02
1.888907998800277710e-01
1.415006965398788452e-01
-2.014164030551910400e-01
8.024792373180389404e-02
-5.281326174736022949e-01
2.240862697362899780e-01
2.031950503587722778e-01
3.078304231166839600e-02
2.770701348781585693e-01
2.892016619443893433e-02
-1.286876946687698364e-01
2.219319939613342285e-01
-1.640786379575729370e-01
9.535942971706390381e-02
-6.070378050208091736e-02
1.278798133134841919e-01
9.116564393043518066e-01
-3.195042312145233154e-01
1.410694122314453125e-01
4.154537320137023926e-01
-2.767168581485748291e-01
3.027107715606689453e-01
1.203087717294692993e-01
-1.043836995959281921e-01
-1.062982380390167236e-01
9.096596390008926392e-02
2.969001829624176025e-01
6.851641088724136353e-02
1.669181734323501587e-01
1.105247288942337036e-01
-2.175863236188888550e-01
4.295556843280792236e-01
-1.198166981339454651e-02
-1.347935199737548828e-01
-1.248921304941177368e-01
-7.795435190200805664e-02
2.649485468864440918e-01
-2.169478237628936768e-01
-6.521177291870117188e-02
-2.990275919437408447e-01
-3.109902143478393555e-01
1.450982391834259033e-01
-1.809588670730590820e-01
-1.237018555402755737e-01
9.272201657295227051e-01
3.906372785568237305e-01
-5.652186870574951172e-01
3.604446351528167725e-01
4.032713472843170166e-01
-3.972736597061157227e-01
4.539887607097625732e-01
-5.263440012931823730e-01
-4.474392160773277283e-02
-3.577329516410827637e-01
1.476253271102905273e+00
1.207089982926845551e-02
-4.573203623294830322e-01
3.105852901935577393e-01
1.344769299030303955e-01
6.168684363365173340e-01
5.101359635591506958e-02
-7.089250534772872925e-02
-1.142516583204269409e-01
2.127341032028198242e-01
-4.941898584365844727e-01
1.217345474287867546e-03
5.551601648330688477e-01
1.818154752254486084e-01
1.804398372769355774e-02
2.770568476989865303e-03
-3.107493221759796143e-01
1.252316385507583618e-01
3.368742018938064575e-02
1.413828879594802856e-01
1.329914033412933350e-01
1.248875185847282410e-01
9.870195984840393066e-01
1.792854815721511841e-01
4.812847673892974854e-01
1.602985113859176636e-01
1.109298393130302429e-01
-2.566365897655487061e-01
1.800254285335540771e-01
-1.005707960575819016e-02
3.265787661075592041e-01
2.111629098653793335e-01
1.250764876604080200e-01
-2.103556180372834206e-03
-3.885174691677093506e-01
-1.576603502035140991e-01
-1.744182854890823364e-01
-4.753754287958145142e-02
-2.482822686433792114e-01
-2.506266832351684570e-01
-4.147343635559082031e-01
4.532212018966674805e-01
-3.599054515361785889e-01
-3.048301339149475098e-01
5.307184457778930664e-01
-2.792901694774627686e-01
-7.869708538055419922e-02
8.103100210428237915e-02
-7.965210080146789551e-02
8.355955034494400024e-02
-6.332554668188095093e-02
-1.438522785902023315e-01
-9.709818661212921143e-02
3.754621744155883789e-01
3.981066048145294189e-01
1.858242787420749664e-02
-2.555917203426361084e-01
-1.952277421951293945e-01
-1.062875613570213318e-01
8.470530807971954346e-02
-9.012570232152938843e-02
2.606554627418518066e-01
2.422484159469604492e-01
2.421506494283676147e-01
-4.078831672668457031e-01
3.461055457592010498e-01
8.618672490119934082e-01
-6.180555224418640137e-01
-4.149954915046691895e-01
-3.333036899566650391e-01
5.338966846466064453e-01
2.915187776088714600e-01
1.084675043821334839e-01
-5.007772147655487061e-02
-7.156909704208374023e-01
3.937045633792877197e-01
3.309676051139831543e-01
1.442589163780212402e-01
-9.690461158752441406e-01
-9.525228738784790039e-01
-8.229103684425354004e-01
2.504390478134155273e-01
-3.906503319740295410e-01
-1.013762116432189941e+00
-1.217281103134155273e+00
-1.228979945182800293e+00
-1.507936358451843262e+00
6.448175311088562012e-01
-1.322790533304214478e-01
3.798475265502929688e-01
-1.535641908645629883e+00
-4.249486029148101807e-01
-2.142608016729354858e-01
2.158358097076416016e-01
8.427740931510925293e-01
-2.485737651586532593e-01
8.349668979644775391e-02
-2.312705665826797485e-02
1.473432064056396484e+00
9.783260226249694824e-01
1.270203828811645508e+00
-1.317468523979187012e+00
1.377711772918701172e+00
-1.488645225763320923e-01
7.983726859092712402e-01
-1.133883237838745117e+00
