7.098250389099121094e-01
1.451592445373535156e-01
5.613036155700683594e-01
6.764283776283264160e-02
-1.157173216342926025e-01
-1.502058625221252441e+00
1.914999634027481079e-01
5.637890100479125977e-01
-5.572802424430847168e-01
-3.277741968631744385e-01
-7.254680395126342773e-01
1.213575452566146851e-01
-2.312418073415756226e-01
8.751071095466613770e-01
-3.583463430404663086e-01
5.991529226303100586e-01
4.587990343570709229e-01
8.893913626670837402e-01
6.113009452819824219e-01
1.243810653686523438e+00
-6.612486839294433594e-01
4.962740540504455566e-01
-2.351607978343963623e-01
8.498696088790893555e-01
-2.859975993633270264e-01
1.073324680328369141e+00
6.261842846870422363e-01
8.787901997566223145e-01
3.151468634605407715e-01
4.204212725162506104e-01
8.604259788990020752e-02
9.805218577384948730e-01
-6.736622750759124756e-02
-7.687616944313049316e-01
3.712873756885528564e-01
-7.533711194992065430e-01
2.257024347782135010e-01
5.754390954971313477e-01
-2.766618728637695312e-01
-7.168117761611938477e-01
1.074367612600326538e-01
2.861964702606201172e-01
-1.676610559225082397e-01
-6.069508790969848633e-01
-6.143813729286193848e-01
-4.177879095077514648e-01
1.244974732398986816e-01
-3.849686682224273682e-01
3.221319913864135742e-01
3.327669203281402588e-01
1.941715925931930542e-01
-9.798802733421325684e-01
3.362444043159484863e-01
-4.178456962108612061e-01
7.300341725349426270e-01
7.175019383430480957e-02
7.692284584045410156e-01
8.927090764045715332e-01
-2.782076001167297363e-01
1.931497454643249512e-01
-1.018551811575889587e-01
-9.461516886949539185e-02
-4.629453271627426147e-02
-1.425519585609436035e-01
8.553316444158554077e-02
-1.062923297286033630e-01
2.375671863555908203e-01
1.940871626138687134e-01
-5.971087142825126648e-02
2.027017027139663696e-01
1.940115839242935181e-01
-3.990307748317718506e-01
8.309402316808700562e-02
2.650419175624847412e-01
-1.389765143394470215e-01
1.074911430478096008e-01
-2.909307777881622314e-01
-5.205167457461357117e-02
-3.797522280365228653e-03
9.644986130297183990e-03
7.284379750490188599e-02
2.904098331928253174e-01
-3.632850348949432373e-01
-1.508199572563171387e-01
7.560286670923233032e-02
3.054258525371551514e-01
-6.535322219133377075e-02
5.447973497211933136e-03
9.239288419485092163e-02
2.762477695941925049e-01
-1.122573390603065491e-01
-8.981346338987350464e-02
-1.294756084680557251e-01
-9.176100045442581177e-02
-7.992565631866455078e-02
-1.994340680539608002e-02
4.858635962009429932e-01
-8.307000249624252319e-02
-2.830548882484436035e-01
3.233981728553771973e-01
-1.666267216205596924e-01
1.105765998363494873e-01
7.764230668544769287e-02
1.653332263231277466e-01
2.562396526336669922e-01
1.408270299434661865e-01
-1.086187213659286499e-01
-8.816938102245330811e-02
2.093772888183593750e-01
1.944343894720077515e-01
-1.494574695825576782e-01
1.948782205581665039e-01
1.383899003267288208e-01
-1.349008530378341675e-01
-8.077101409435272217e-02
-3.323567286133766174e-02
-2.982036471366882324e-01
-1.906528472900390625e-01
-1.251709610223770142e-01
-3.418483436107635498e-01
1.295651793479919434e-01
1.089110001921653748e-01
9.607037901878356934e-02
-3.990138471126556396e-01
-1.556767821311950684e-01
-1.182371303439140320e-01
2.310505881905555725e-02
-1.807729452848434448e-01
9.628767520189285278e-02
1.393931359052658081e-01
9.112161397933959961e-02
-6.668849587440490723e-01
-2.245227396488189697e-01
-7.749103009700775146e-02
1.736188530921936035e-01
2.552716434001922607e-02
9.545151889324188232e-02
2.090129703283309937e-01
-5.216910317540168762e-02
7.877399027347564697e-02
-2.347264140844345093e-01
-1.113723143935203552e-01
-2.625355720520019531e-01
7.710261642932891846e-02
-5.931166186928749084e-02
7.910925894975662231e-02
1.743578352034091949e-02
-6.129415333271026611e-02
-2.603840827941894531e-01
1.757542937994003296e-01
-7.500898092985153198e-02
6.698897480964660645e-02
-2.748239040374755859e-02
1.500023752450942993e-01
-3.292072191834449768e-02
1.339807659387588501e-01
1.931771337985992432e-01
-5.971699580550193787e-02
9.959145635366439819e-02
9.784772992134094238e-02
2.044530659914016724e-01
-2.859292328357696533e-01
1.826345324516296387e-01
2.115987539291381836e-01
2.018431425094604492e-01
2.757752127945423126e-02
-1.938175857067108154e-01
1.985343545675277710e-01
1.128848642110824585e-01
-2.002308070659637451e-01
-1.661468446254730225e-01
-6.499174982309341431e-02
-3.168267011642456055e-01
-9.088969975709915161e-02
-2.074266374111175537e-01
8.468092978000640869e-02
7.942943833768367767e-03
2.625705003738403320e-01
-1.043023392558097839e-01
-2.549248337745666504e-01
7.216474413871765137e-02
-3.847040934488177299e-03
1.614242643117904663e-01
-2.481635510921478271e-01
-1.615841686725616455e-01
1.048783287405967712e-01
-9.642168879508972168e-02
1.004058271646499634e-01
1.329915821552276611e-01
-7.063562422990798950e-02
-2.263530641794204712e-01
2.678205668926239014e-01
-1.434300690889358521e-01
-1.232415065169334412e-01
-1.405107229948043823e-01
-1.787950843572616577e-01
1.381348222494125366e-01
8.751237764954566956e-03
-2.594776749610900879e-01
1.129654943943023682e-01
1.874766796827316284e-01
-2.948932647705078125e-01
4.539769589900970459e-01
-1.343203485012054443e-01
3.010144233703613281e-01
6.043346226215362549e-02
-7.063620090484619141e-01
-4.524007141590118408e-01
-5.017881393432617188e-01
-2.321767061948776245e-01
-3.845625221729278564e-01
-4.310263395309448242e-01
-7.810319662094116211e-01
-1.623187363147735596e-01
-2.698734402656555176e-01
-4.683851003646850586e-01
-9.516302496194839478e-02
6.123771667480468750e-01
-8.652739971876144409e-02
2.858611047267913818e-01
-7.595062255859375000e-02
9.276479482650756836e-02
-3.734093308448791504e-01
-1.038597449660301208e-01
-1.907006502151489258e-01
2.024269662797451019e-02
1.985565200448036194e-02
8.963054418563842773e-02
-9.059869498014450073e-02
6.871660053730010986e-02
-2.619315311312675476e-02
2.773611545562744141e-01
-3.369200602173805237e-02
3.031647391617298126e-02
1.169612854719161987e-01
2.617470920085906982e-01
7.944656163454055786e-02
-1.149894073605537415e-01
1.030513346195220947e-01
2.530800104141235352e-01
-7.191709429025650024e-02
2.039787173271179199e-01
3.084251880645751953e-01
-4.559449255466461182e-01
9.699647873640060425e-02
-1.803036592900753021e-02
-2.574358284473419189e-01
-1.912796795368194580e-01
2.698955824598670006e-03
-1.896257102489471436e-01
1.065700277686119080e-01
-9.240013360977172852e-01
-2.335572540760040283e-01
-1.965672522783279419e-01
-6.601853668689727783e-02
-1.518150120973587036e-01
7.615652084350585938e-01
3.978245854377746582e-01
-1.890062540769577026e-01
3.623347878456115723e-01
-5.679081007838249207e-02
-4.038521647453308105e-02
6.018407344818115234e-01
-4.836025238037109375e-01
-1.489925384521484375e-01
-1.871975660324096680e-01
-4.406522214412689209e-01
-4.280631244182586670e-01
-3.542495146393775940e-02
-2.373360395431518555e-01
-1.809097677469253540e-01
-4.411870241165161133e-01
-3.865365087985992432e-01
-3.955381512641906738e-01
9.539192169904708862e-02
-5.939315557479858398e-01
4.756059646606445312e-01
3.637611269950866699e-01
-2.211144864559173584e-01
4.030964374542236328e-01
-5.022514984011650085e-02
-1.123301982879638672e-01
-1.555371582508087158e-01
1.538257766515016556e-02
-9.710601717233657837e-02
-2.439702451229095459e-01
3.141870349645614624e-02
7.298135198652744293e-03
1.221004221588373184e-02
2.910540401935577393e-01
-1.345989853143692017e-01
-4.178855160716921091e-04
-1.595946587622165680e-02
3.137615025043487549e-01
2.743960320949554443e-01
1.873711794614791870e-01
-7.583449035882949829e-02
1.380597054958343506e-01
3.089984953403472900e-01
-1.017328649759292603e-01
9.150958061218261719e-02
-1.472190022468566895e-01
2.987251244485378265e-02
3.997945487499237061e-01
-2.495042420923709869e-02
1.548179332166910172e-02
-1.565131098031997681e-01
-4.709256812930107117e-02
5.042732879519462585e-02
1.303953211754560471e-02
-1.863455623388290405e-01
7.376089096069335938e-01
-4.408012628555297852e-01
3.950651884078979492e-01
-8.376758545637130737e-02
-2.550067603588104248e-01
-5.925410389900207520e-01
-6.790319085121154785e-01
1.442894525825977325e-02
-1.365010589361190796e-01
-3.641123883426189423e-03
-1.466194987297058105e-01
1.964580267667770386e-01
3.884344696998596191e-01
-1.929949671030044556e-01
-2.432388514280319214e-01
1.741011142730712891e-01
3.838916718959808350e-01
2.822936177253723145e-01
2.131265588104724884e-02
-3.457285165786743164e-01
1.006903409957885742e+00
-1.774244606494903564e-01
3.462885022163391113e-01
-1.317353546619415283e-01
2.348339408636093140e-01
-6.606556773185729980e-01
-4.163860082626342773e-01
4.157533049583435059e-01
-1.523833274841308594e-01
-1.460646092891693115e-01
1.124907433986663818e-01
2.950245328247547150e-02
2.732287533581256866e-02
1.364403869956731796e-03
-1.338796317577362061e-01
-2.371983528137207031e-01
-3.810313642024993896e-01
3.905686736106872559e-02
-1.302169729024171829e-02
-2.187036126852035522e-01
-4.143516123294830322e-01
-3.187097012996673584e-01
6.862842291593551636e-02
7.492525875568389893e-02
5.050227418541908264e-02
-2.277693711221218109e-02
4.576813876628875732e-01
-1.071239784359931946e-01
1.937095075845718384e-01
-2.914610505104064941e-01
-4.600276425480842590e-02
2.532823383808135986e-01
-1.925042420625686646e-01
1.802767515182495117e-01
3.789603412151336670e-01
6.040990352630615234e-02
5.794124007225036621e-01
-2.558438479900360107e-01
-3.229215741157531738e-01
1.276862472295761108e-01
3.983510732650756836e-01
-3.445892408490180969e-02
-4.519169032573699951e-02
-1.862900406122207642e-01
1.637119948863983154e-01
-1.432467997074127197e-01
-4.366249740123748779e-01
4.877863451838493347e-02
2.225467264652252197e-01
1.186462342739105225e-01
-3.944694623351097107e-02
-4.502368271350860596e-01
-5.315976217389106750e-02
-1.453790664672851562e-01
-2.039981782436370850e-01
5.454810857772827148e-01
2.012478411197662354e-01
2.859087586402893066e-01
1.736334264278411865e-01
7.829383015632629395e-02
-2.822318971157073975e-01
5.515615940093994141e-01
-2.039561271667480469e-01
2.784723937511444092e-01
4.345891773700714111e-01
1.090033203363418579e-01
1.437345147132873535e-01
2.879971563816070557e-01
-2.700627446174621582e-01
-2.791114449501037598e-01
9.795463830232620239e-02
1.305470615625381470e-01
-1.053762063384056091e-01
-1.024738326668739319e-01
8.995667845010757446e-02
4.258973523974418640e-02
9.480980783700942993e-02
-9.821056574583053589e-02
-2.676199190318584442e-03
-3.015057742595672607e-02
1.653721630573272705e-01
-8.432330936193466187e-02
-1.809440739452838898e-02
1.037593632936477661e-01
9.154668450355529785e-02
-3.308271244168281555e-02
-4.679561853408813477e-01
9.424624592065811157e-02
2.437362521886825562e-01
2.291495352983474731e-01
2.219614759087562561e-02
-1.117537636309862137e-02
1.220443099737167358e-01
1.015182286500930786e-01
1.711594313383102417e-01
2.028503268957138062e-01
3.644107580184936523e-01
7.002725452184677124e-02
1.695018708705902100e-01
2.475435882806777954e-01
3.393774032592773438e-01
-1.436955481767654419e-01
2.842256128787994385e-01
6.012931466102600098e-02
-3.260414674878120422e-02
-2.491221874952316284e-01
-1.882503032684326172e-01
4.820227026939392090e-01
-5.259688496589660645e-01
1.241476088762283325e-01
-1.698703169822692871e-01
-1.443764269351959229e-01
-3.617198392748832703e-02
2.126736193895339966e-01
2.652381062507629395e-01
7.691892236471176147e-02
1.721316128969192505e-01
1.252027899026870728e-01
1.452104896306991577e-01
-2.809899859130382538e-02
-5.330833196640014648e-01
3.130847588181495667e-02
7.507528364658355713e-02
1.280702743679285049e-02
3.589525073766708374e-02
4.184280633926391602e-01
2.155389934778213501e-01
-1.196400001645088196e-01
3.626443445682525635e-02
1.130464002490043640e-01
2.063781321048736572e-01
1.259659789502620697e-02
1.305192857980728149e-01
7.014010101556777954e-02
-4.006587713956832886e-02
1.799666434526443481e-01
-3.831971287727355957e-01
9.555362164974212646e-02
1.502497792243957520e-01
1.342214792966842651e-01
-4.214940592646598816e-02
-2.956517934799194336e-01
-4.661203324794769287e-01
1.834242492914199829e-01
-3.305628299713134766e-01
2.939201891422271729e-01
3.466330841183662415e-02
-3.376431763172149658e-02
-1.252569556236267090e-01
3.498437106609344482e-01
4.344525933265686035e-02
3.638461604714393616e-02
-3.143398836255073547e-02
4.678734764456748962e-02
-4.293405637145042419e-02
-1.866358816623687744e-01
-2.654679119586944580e-01
3.263247609138488770e-01
-7.878779619932174683e-02
-5.383098125457763672e-01
1.672633588314056396e-01
-3.062208648771047592e-03
-1.718705892562866211e-01
-1.053212583065032959e-01
-2.845090329647064209e-01
-2.444467395544052124e-01
4.986620694398880005e-02
1.610511094331741333e-01
3.528453409671783447e-01
7.802583277225494385e-02
1.979026943445205688e-01
3.656544908881187439e-02
1.848389655351638794e-01
-1.408040821552276611e-01
1.562401801347732544e-01
-3.662597015500068665e-02
-6.606931686401367188e-01
-7.552236318588256836e-02
2.424379885196685791e-01
-1.237642243504524231e-01
-1.703217327594757080e-01
-2.583927512168884277e-01
-8.104518055915832520e-01
-1.202672794461250305e-01
-1.944994777441024780e-01
1.145133003592491150e-01
-5.751155782490968704e-03
-2.116795480251312256e-01
3.080135583877563477e-01
-2.256513759493827820e-02
1.177275553345680237e-01
-5.601018667221069336e-03
-1.859670579433441162e-01
6.862611323595046997e-02
-5.339684337377548218e-02
1.298081278800964355e-01
-3.077316284179687500e-01
1.253690421581268311e-01
-1.022163257002830505e-01
1.629083156585693359e-01
-3.279916048049926758e-01
-2.116411328315734863e-01
1.300300508737564087e-01
-5.831800028681755066e-02
1.641692072153091431e-01
-4.062248468399047852e-01
2.397998720407485962e-01
-1.960967630147933960e-01
1.640968471765518188e-01
-1.853668130934238434e-02
-2.443605512380599976e-01
-2.360743433237075806e-01
2.150518596172332764e-01
-3.263978660106658936e-01
4.978994280099868774e-02
-1.928066313266754150e-01
-1.170881465077400208e-01
3.269318863749504089e-02
1.520807445049285889e-01
5.514619350433349609e-01
1.602379828691482544e-01
2.110936641693115234e-01
6.387877464294433594e-02
1.045965682715177536e-02
-2.151650041341781616e-01
-3.835152834653854370e-02
-2.664236724376678467e-01
1.440262198448181152e-01
-5.216464400291442871e-02
-2.778575122356414795e-01
1.151090264320373535e-01
-3.846888244152069092e-01
2.578928768634796143e-01
-3.371388837695121765e-02
-4.801625013351440430e-02
7.938848435878753662e-02
-1.984016448259353638e-01
4.581234976649284363e-02
4.877873063087463379e-01
7.476680725812911987e-02
-1.958990693092346191e-01
-1.952675133943557739e-01
-4.294683337211608887e-01
2.438157647848129272e-01
-1.610212624073028564e-01
-4.431790411472320557e-01
-2.086413651704788208e-01
-3.585597574710845947e-01
2.165442109107971191e-01
-3.709338605403900146e-02
1.340835690498352051e-01
1.873874217271804810e-01
3.319780901074409485e-02
1.128898262977600098e-01
-9.391131252050399780e-02
2.315824180841445923e-01
1.977760717272758484e-02
-2.142913788557052612e-01
6.807608157396316528e-02
1.063323989510536194e-01
-4.183491766452789307e-01
8.259925246238708496e-02
1.077955067157745361e-01
-3.649481832981109619e-01
4.085606038570404053e-01
-3.217325508594512939e-01
2.366094887256622314e-01
-2.256944775581359863e-01
1.887275725603103638e-01
3.896234631538391113e-01
-2.315753400325775146e-01
-5.758930370211601257e-02
-1.914262920618057251e-01
5.091534927487373352e-02
-1.329430192708969116e-01
-1.339972615242004395e-01
-8.002062095329165459e-04
-9.923782199621200562e-02
-3.715340793132781982e-01
1.644770056009292603e-01
-5.681931972503662109e-03
-1.688586920499801636e-01
8.648852258920669556e-02
-6.929726898670196533e-02
1.597697436809539795e-01
9.308528155088424683e-02
-2.220409512519836426e-01
2.561614215373992920e-01
2.244941145181655884e-01
1.802549809217453003e-01
1.235671043395996094e-01
8.901273459196090698e-02
-5.445866659283638000e-02
-1.542275212705135345e-02
-1.450161170214414597e-02
6.006063893437385559e-02
-2.854080796241760254e-01
-2.366510480642318726e-01
-1.529432684183120728e-01
3.509872555732727051e-01
1.851869970560073853e-01
-2.410233952105045319e-02
1.353676319122314453e-01
2.383570969104766846e-01
-1.566787064075469971e-01
-1.709482446312904358e-02
-9.174397564493119717e-04
7.410940527915954590e-02
1.923447698354721069e-01
1.247965022921562195e-01
-1.744444668292999268e-01
1.785221099853515625e-01
-2.801275253295898438e-01
1.673710793256759644e-01
1.932802796363830566e-01
1.476537734270095825e-01
-6.405000388622283936e-02
-5.136496946215629578e-02
-2.470316886901855469e-01
-5.390471965074539185e-02
-1.472809761762619019e-01
2.486631646752357483e-02
-1.221327260136604309e-01
-6.314311176538467407e-02
3.861813247203826904e-01
-3.665064275264739990e-01
-1.595298349857330322e-01
3.984092921018600464e-02
1.701463609933853149e-01
-1.176530048251152039e-01
3.048360645771026611e-01
-4.463106021285057068e-02
-2.754458039999008179e-02
1.920757740736007690e-01
2.278281450271606445e-01
2.028999179601669312e-01
1.826207786798477173e-01
2.721277177333831787e-01
1.918415278196334839e-01
-2.552562654018402100e-01
-1.544232666492462158e-01
-3.264093026518821716e-02
1.816398948431015015e-01
-1.684254854917526245e-01
1.364454627037048340e-01
-1.048727706074714661e-01
1.277219206094741821e-01
-6.474474817514419556e-02
9.009490162134170532e-02
-2.331814169883728027e-01
-4.516306519508361816e-02
-1.091300398111343384e-01
-4.933833610266447067e-03
9.820500016212463379e-02
-4.804664105176925659e-02
1.856555044651031494e-01
1.679268032312393188e-01
2.686690390110015869e-01
2.509144246578216553e-01
-5.019194483757019043e-01
2.672082483768463135e-01
-4.337432980537414551e-02
-6.603357940912246704e-02
-7.002578675746917725e-02
-1.650851070880889893e-01
5.868361890316009521e-02
2.016656696796417236e-01
-8.923077583312988281e-02
-3.410837650299072266e-01
-1.394585967063903809e-01
-1.623905450105667114e-02
-5.861259996891021729e-02
-4.121103286743164062e-01
2.678395509719848633e-01
-3.491555154323577881e-02
-8.006223291158676147e-02
-4.803359806537628174e-01
2.184730321168899536e-01
3.833918645977973938e-02
6.217758171260356903e-03
-3.532240986824035645e-01
-2.062718272209167480e-01
-1.954771578311920166e-01
-6.183088421821594238e-01
4.257729649543762207e-01
4.606567025184631348e-01
5.541045218706130981e-02
-2.774405479431152344e-01
1.882507503032684326e-01
5.945345386862754822e-02
-2.057660818099975586e-01
1.572096943855285645e-01
-2.061711400747299194e-01
-2.880269587039947510e-01
2.498784512281417847e-01
7.480380684137344360e-02
2.659561634063720703e-01
-3.589299023151397705e-01
-2.771027572453022003e-02
4.668567776679992676e-01
1.579696685075759888e-01
-7.405172288417816162e-02
5.424942821264266968e-02
1.772658675909042358e-01
-3.404499590396881104e-02
1.790143549442291260e-01
-2.903827838599681854e-02
-1.522843241691589355e-01
2.289276123046875000e-01
1.543783210217952728e-02
5.502847582101821899e-02
-2.248499989509582520e-01
2.379997670650482178e-01
1.792666129767894745e-02
-1.563662737607955933e-01
-1.125425323843955994e-01
7.080357521772384644e-02
2.343379259109497070e-01
8.428368717432022095e-02
-1.447289437055587769e-01
1.006564423441886902e-01
2.052118182182312012e-01
-3.284569084644317627e-01
1.220258325338363647e-01
-1.200860552489757538e-02
9.592829644680023193e-02
5.831445567309856415e-03
1.230161450803279877e-02
-6.864150613546371460e-02
1.449217647314071655e-01
-5.326746962964534760e-03
1.305578500032424927e-01
-4.787718132138252258e-02
-1.263091564178466797e-01
5.132308695465326309e-03
-1.279570907354354858e-01
-1.876535862684249878e-01
7.503046654164791107e-03
-7.127090692520141602e-01
1.471153646707534790e-01
2.891143858432769775e-01
2.786599397659301758e-01
2.235599309206008911e-01
-9.831475466489791870e-02
3.004430979490280151e-02
1.560206860303878784e-01
-3.391295298933982849e-02
4.659927189350128174e-01
-6.070630252361297607e-02
-2.584576308727264404e-01
-3.886602818965911865e-02
-2.336647957563400269e-01
5.531856417655944824e-02
-9.971135109663009644e-02
1.008695662021636963e-01
2.047448158264160156e-01
-1.787471771240234375e-01
-1.796591281890869141e-01
1.256052851676940918e-01
3.012333512306213379e-01
2.178573310375213623e-01
-4.566763341426849365e-02
-5.508061870932579041e-02
-3.220853209495544434e-02
-1.821617037057876587e-01
-1.843745112419128418e-01
1.630132049322128296e-01
1.114687100052833557e-01
-1.920160278677940369e-02
-1.151095628738403320e-01
-1.592356264591217041e-01
1.818275749683380127e-01
-2.305897325277328491e-01
-3.641438111662864685e-02
-1.191787868738174438e-01
6.237238645553588867e-02
5.402774214744567871e-01
-1.487750280648469925e-02
-2.158983945846557617e-01
1.595330685377120972e-01
-2.212423682212829590e-01
3.118503987789154053e-01
3.871108889579772949e-01
1.644710898399353027e-01
-1.483304202556610107e-01
-2.885796427726745605e-01
-1.679676026105880737e-01
-3.002541512250900269e-02
-4.471315741539001465e-01
5.026625096797943115e-02
2.059806734323501587e-01
1.821209490299224854e-01
1.237554028630256653e-01
-6.621178239583969116e-02
-3.583695366978645325e-02
-2.441236376762390137e-02
-2.576887011528015137e-01
1.913438290357589722e-01
-3.148543089628219604e-02
-1.605928838253021240e-01
-1.449425369501113892e-01
-3.078837394714355469e-01
-2.268568128347396851e-01
6.606157869100570679e-03
-9.061174839735031128e-02
-3.061726987361907959e-01
1.177304983139038086e-01
-2.788009345531463623e-01
3.044801354408264160e-01
2.199525982141494751e-01
2.128903381526470184e-02
-1.736022382974624634e-01
-1.919279992580413818e-02
2.011570781469345093e-01
-1.516665816307067871e-01
-2.289711385965347290e-01
1.019084572792053223e+00
1.438957899808883667e-01
-2.521386444568634033e-01
6.071187183260917664e-02
-4.391635954380035400e-02
9.474996477365493774e-02
8.235376477241516113e-01
6.494206190109252930e-02
2.695828378200531006e-01
-5.970824509859085083e-02
2.170767933130264282e-01
-1.144525781273841858e-02
-3.518883883953094482e-01
4.622894525527954102e-02
-2.109446376562118530e-01
1.707526296377182007e-01
-1.259169131517410278e-01
-1.181706190109252930e-01
7.279472798109054565e-02
1.677357554435729980e-01
7.302197627723217010e-03
1.964905112981796265e-02
-3.340579271316528320e-01
1.614805907011032104e-01
1.725284010171890259e-01
5.059516429901123047e-01
2.893927991390228271e-01
2.810773253440856934e-02
2.162179648876190186e-01
-1.061346009373664856e-02
1.635055094957351685e-01
1.669183820486068726e-01
-5.172324180603027344e-01
1.376580893993377686e-01
-1.214198768138885498e-01
-1.379190534353256226e-01
-1.438054144382476807e-01
1.286825537681579590e-01
7.679013162851333618e-02
3.705861419439315796e-02
-1.235674694180488586e-01
-2.766543626785278320e-01
1.797187626361846924e-01
7.066207379102706909e-02
-2.106104195117950439e-01
-1.239557415246963501e-01
1.900767385959625244e-01
1.217479929327964783e-01
4.622263368219137192e-03
1.134644970297813416e-01
5.802152305841445923e-02
2.169333249330520630e-01
-5.576254054903984070e-02
-6.729125510901212692e-03
-1.692767143249511719e-01
5.028315633535385132e-02
6.810124963521957397e-02
-3.335346877574920654e-01
6.169649213552474976e-02
3.069814443588256836e-01
2.444587498903274536e-01
4.553338140249252319e-02
-1.791523993015289307e-01
-5.515121668577194214e-02
5.201260745525360107e-02
5.931545794010162354e-02
1.210492923855781555e-01
-7.261639833450317383e-02
-7.521568238735198975e-02
-9.750091284513473511e-02
-2.566595077514648438e-01
-3.647775650024414062e-01
8.035378903150558472e-02
2.702763676643371582e-01
-2.835427224636077881e-01
-2.144660204648971558e-01
-2.738577723503112793e-01
6.187567487359046936e-02
1.520727723836898804e-01
-4.458659887313842773e-02
-9.457521140575408936e-02
-2.456586211919784546e-01
2.480676770210266113e-01
-7.109709084033966064e-02
-5.346816778182983398e-02
4.729952290654182434e-02
-1.314236819744110107e-01
-2.080541700124740601e-01
-1.490088403224945068e-01
-7.893981784582138062e-02
1.181348338723182678e-01
4.935908615589141846e-01
-2.327105700969696045e-01
1.229651719331741333e-01
1.034407690167427063e-02
2.814396023750305176e-01
1.203509345650672913e-01
-8.062659204006195068e-02
2.860836982727050781e-01
-4.741929005831480026e-03
-2.686168253421783447e-02
-2.265820652246475220e-02
2.551852762699127197e-01
7.556135952472686768e-02
1.891989856958389282e-01
-2.587282098829746246e-02
-1.819853186607360840e-01
-2.531231343746185303e-01
2.371851056814193726e-01
-6.651883572340011597e-02
-2.638002298772335052e-02
1.321960985660552979e-01
8.178896456956863403e-02
3.659086525440216064e-01
-1.034622415900230408e-01
6.296688690781593323e-03
-1.212554946541786194e-01
-7.690396904945373535e-02
3.952628672122955322e-01
-3.932647109031677246e-01
-1.727579385042190552e-01
-8.175930380821228027e-02
1.727809756994247437e-02
3.577214181423187256e-01
3.230722621083259583e-02
-1.831897199153900146e-01
1.054368317127227783e-01
-1.578292846679687500e-01
-6.341902166604995728e-02
3.324676752090454102e-01
5.964836850762367249e-02
1.405544579029083252e-01
5.099867656826972961e-02
-1.776756048202514648e-01
3.320204019546508789e-01
3.510110378265380859e-01
2.826735377311706543e-01
1.672506704926490784e-02
3.074293397367000580e-02
1.062056496739387512e-01
1.879096180200576782e-01
1.865344494581222534e-01
6.239029765129089355e-02
-9.649874642491340637e-03
2.856492400169372559e-01
1.889541745185852051e-01
-2.370743602514266968e-01
2.377797365188598633e-01
3.167983889579772949e-01
-1.273810267448425293e-01
6.734275259077548981e-03
-4.916350841522216797e-01
-1.186676546931266785e-01
-3.443529903888702393e-01
1.869673728942871094e-01
8.000156283378601074e-02
-1.225967928767204285e-01
-2.197503447532653809e-01
-8.509802073240280151e-02
3.779574632644653320e-01
2.058313414454460144e-02
2.287272959947586060e-01
-2.415885329246520996e-01
-1.262080222368240356e-01
9.852781891822814941e-02
1.113228350877761841e-01
-8.235087990760803223e-02
-3.410351276397705078e-02
-1.771937161684036255e-01
-4.502833355218172073e-03
1.019328683614730835e-01
-4.199680089950561523e-01
1.892204880714416504e-01
-2.362168580293655396e-02
-2.160500288009643555e-01
-2.111653238534927368e-01
2.484590560197830200e-01
-1.928526163101196289e-02
1.414991170167922974e-01
1.395000070333480835e-01
-1.578970402479171753e-01
-2.714146673679351807e-02
1.291488558053970337e-01
1.485661417245864868e-01
-2.964347600936889648e-02
-1.518449932336807251e-01
1.359832286834716797e-01
5.375966429710388184e-02
-1.061506047844886780e-01
-4.779830202460289001e-02
-1.531015783548355103e-01
2.236653268337249756e-01
2.875425517559051514e-01
-2.095273137092590332e-01
2.704737782478332520e-01
-4.031010866165161133e-01
3.092667758464813232e-01
7.375416904687881470e-02
-5.156026482582092285e-01
2.104675397276878357e-03
1.569541394710540771e-01
7.271813601255416870e-02
-4.571109116077423096e-01
9.589010477066040039e-02
1.352959424257278442e-01
2.701685130596160889e-01
-1.610382348299026489e-01
6.718643754720687866e-02
-1.288009583950042725e-01
-2.161437124013900757e-01
-1.948817670345306396e-01
-2.880753278732299805e-01
-1.159625798463821411e-01
-3.697596788406372070e-01
2.359943687915802002e-01
-1.392149627208709717e-01
1.202526018023490906e-01
-2.762286961078643799e-01
-1.611724942922592163e-01
3.841584175825119019e-02
-3.946349024772644043e-02
1.033031865954399109e-01
9.105111658573150635e-02
-1.412923932075500488e-01
6.659561395645141602e-02
4.998535290360450745e-02
-1.837947070598602295e-01
1.222569569945335388e-01
1.101767420768737793e-01
-1.683241575956344604e-01
3.620262444019317627e-02
-2.790310084819793701e-01
2.604408562183380127e-01
2.802090346813201904e-01
-1.558559834957122803e-01
1.035200245678424835e-02
-2.559339702129364014e-01
1.374409943819046021e-01
5.183031782507896423e-02
-1.372750103473663330e-01
-1.969895362854003906e-01
1.053444668650627136e-01
3.994225561618804932e-01
1.194166690111160278e-01
1.816120743751525879e-01
-9.722431004047393799e-02
1.664836108684539795e-01
-6.727515906095504761e-02
-1.025442928075790405e-01
-4.125110507011413574e-01
1.415994018316268921e-01
2.892930507659912109e-01
-1.470653563737869263e-01
-3.894875645637512207e-01
5.764729380607604980e-01
1.357915103435516357e-01
-5.487092770636081696e-03
-1.527858152985572815e-02
2.416554838418960571e-01
2.215709686279296875e-01
1.085371244698762894e-02
4.356848597526550293e-01
-2.129784524440765381e-01
-2.813411876559257507e-02
4.648685753345489502e-01
2.309267967939376831e-01
-5.713078975677490234e-01
-9.366319328546524048e-02
-3.968807756900787354e-01
-3.553645014762878418e-01
2.449784278869628906e-01
-4.372761845588684082e-01
-3.057845830917358398e-01
-6.582817435264587402e-02
8.000071048736572266e-01
2.009789645671844482e-01
-4.056270420551300049e-01
2.938275039196014404e-01
1.610739342868328094e-02
-7.406091690063476562e-02
9.399298578500747681e-02
5.067529901862144470e-02
2.778713963925838470e-02
8.775724470615386963e-02
3.590226545929908752e-02
1.048220992088317871e-01
3.403293713927268982e-02
-7.312152534723281860e-02
1.007855534553527832e-01
-3.241771757602691650e-01
2.429707199335098267e-01
-5.403886437416076660e-01
-6.392191052436828613e-01
-4.205403104424476624e-02
2.108993381261825562e-01
3.677190840244293213e-01
-8.440517634153366089e-02
-1.641641557216644287e-01
1.197830140590667725e-01
2.736266851425170898e-01
3.098073303699493408e-01
1.772077530622482300e-01
-1.719335019588470459e-01
-3.966502547264099121e-01
1.336281746625900269e-01
2.004567682743072510e-01
-2.325954735279083252e-01
1.215006858110427856e-01
-9.169823676347732544e-02
-1.391606181859970093e-01
3.350532948970794678e-01
-2.464218139648437500e-01
-7.961049675941467285e-02
9.156914800405502319e-02
1.914630979299545288e-01
-1.903597265481948853e-01
2.039314508438110352e-01
-3.255737125873565674e-01
-2.156842797994613647e-01
-8.346301317214965820e-02
2.092465609312057495e-01
8.826234191656112671e-02
-3.386302292346954346e-01
-2.345387637615203857e-01
-1.701923608779907227e-01
-1.503858566284179688e-01
-8.022383600473403931e-02
8.276823908090591431e-02
2.862700819969177246e-01
6.289181113243103027e-02
1.087460666894912720e-01
-3.242856860160827637e-01
4.608197510242462158e-02
-2.502516806125640869e-01
2.456206977367401123e-01
-1.592196226119995117e-01
1.313156485557556152e-01
-2.669726014137268066e-01
8.892858028411865234e-02
2.468446046113967896e-01
2.594747245311737061e-01
-4.019534587860107422e-02
-2.168760448694229126e-01
-2.511709630489349365e-01
2.003118693828582764e-01
1.108926832675933838e-01
1.582933664321899414e-01
1.321191489696502686e-01
-1.887960433959960938e-01
3.491053730249404907e-02
1.705837994813919067e-01
-2.195059508085250854e-01
2.259654998779296875e-01
-1.386203616857528687e-01
4.750349745154380798e-02
1.164611428976058960e-01
-7.168719172477722168e-02
-1.793098598718643188e-01
1.885321140289306641e-01
-6.067975983023643494e-02
-2.075967006385326385e-02
1.549109816551208496e-01
-2.077230811119079590e-02
-3.055577874183654785e-01
3.910256922245025635e-01
-1.506409496068954468e-01
-3.554318845272064209e-01
-1.099492702633142471e-02
-1.005075592547655106e-02
-4.646120071411132812e-01
-1.251722872257232666e-01
-1.008417606353759766e-01
2.595284953713417053e-02
-2.163811586797237396e-02
-1.646437495946884155e-01
-1.911394856870174408e-02
-1.739206165075302124e-01
3.070096373558044434e-01
5.020261555910110474e-02
-1.660853475332260132e-01
1.107761338353157043e-01
-9.220685064792633057e-02
3.748078644275665283e-02
2.004291862249374390e-01
7.298363000154495239e-02
-9.111420810222625732e-02
2.770189344882965088e-01
-1.850537508726119995e-01
2.907326221466064453e-01
-1.159012839198112488e-01
7.152906805276870728e-02
-1.038089841604232788e-01
-1.946963518857955933e-01
-1.581895053386688232e-01
6.438330560922622681e-02
3.900964558124542236e-01
-3.173812031745910645e-01
2.201751172542572021e-01
3.529616892337799072e-01
1.349499821662902832e-01
-3.105933666229248047e-01
2.708137333393096924e-01
2.651207447052001953e-01
8.674319088459014893e-02
6.729890406131744385e-02
-2.318747490644454956e-01
-1.279136985540390015e-01
-1.950037628412246704e-01
-3.649256527423858643e-01
4.020691514015197754e-01
2.991898655891418457e-01
3.975540697574615479e-01
-7.511229813098907471e-02
2.447903752326965332e-01
4.276714324951171875e-01
7.296572625637054443e-02
4.704948142170906067e-02
-6.030475720763206482e-02
-1.635064035654067993e-01
2.361733764410018921e-01
2.840136587619781494e-01
1.479749083518981934e-01
-1.381271034479141235e-01
1.273124366998672485e-01
-2.711626142263412476e-02
-2.476894706487655640e-01
-1.075081676244735718e-01
-1.857694238424301147e-01
7.048749923706054688e-02
-4.662773013114929199e-01
1.021014600992202759e-01
-5.252126455307006836e-01
-2.761180102825164795e-01
-7.651062607765197754e-01
2.161667793989181519e-01
1.036010831594467163e-01
-6.518842279911041260e-02
-2.150462567806243896e-02
1.978306919336318970e-01
1.582551300525665283e-01
2.709101438522338867e-01
4.429172277450561523e-01
1.081459745764732361e-01
-4.115190207958221436e-01
2.755528548732399940e-03
1.552263051271438599e-01
-2.461537420749664307e-01
2.159518301486968994e-01
4.342037811875343323e-02
1.110876724123954773e-01
1.588047295808792114e-01
-6.349022984504699707e-01
-1.829785481095314026e-02
-1.086951866745948792e-01
1.197915077209472656e-01
1.032715216279029846e-01
1.139446794986724854e-01
-3.002228438854217529e-01
1.119853034615516663e-01
-1.549498289823532104e-01
1.618586182594299316e-01
-1.881813853979110718e-01
1.315384060144424438e-01
-2.393447756767272949e-01
-1.631416827440261841e-01
-2.158265411853790283e-01
-1.526141315698623657e-01
-1.969684846699237823e-02
-1.601195931434631348e-01
-5.742015317082405090e-02
-1.485334485769271851e-01
1.267291754484176636e-01
-1.005643010139465332e-01
-2.402101308107376099e-01
3.186939954757690430e-01
3.017121553421020508e-01
3.023498356342315674e-01
-1.479714214801788330e-01
-4.870710894465446472e-03
2.307427972555160522e-01
-1.864577978849411011e-01
-9.825187176465988159e-02
3.237561285495758057e-01
-1.003225147724151611e-01
-5.703698098659515381e-02
5.874224007129669189e-02
-3.653095066547393799e-01
-2.066989541053771973e-01
-1.412154524587094784e-03
4.341994524002075195e-01
1.715066730976104736e-01
-7.987432181835174561e-02
3.515219548717141151e-03
1.516846381127834320e-02
2.410988323390483856e-02
1.419190913438796997e-01
1.216872483491897583e-01
2.790293097496032715e-01
-9.744015336036682129e-02
-2.776917219161987305e-01
3.463534265756607056e-02
2.761521339416503906e-01
8.104525506496429443e-02
-9.527827799320220947e-02
-7.040231674909591675e-02
-1.708640605211257935e-01
2.087103277444839478e-01
-2.280818857252597809e-02
3.315106928348541260e-01
8.120298385620117188e-02
-2.193213067948818207e-02
1.490357816219329834e-01
1.345729678869247437e-01
5.251765996217727661e-02
1.931077539920806885e-01
6.230152398347854614e-02
-5.386475473642349243e-03
-8.274023234844207764e-02
-2.994087934494018555e-01
7.890822738409042358e-02
1.640860587358474731e-01
-3.083283603191375732e-01
1.500596851110458374e-01
-3.873464465141296387e-01
-1.247314438223838806e-01
-2.500744760036468506e-01
8.058161288499832153e-02
-1.728437542915344238e-01
-2.225453406572341919e-01
1.910385489463806152e-01
-1.412514150142669678e-01
-1.528201848268508911e-01
-3.543882369995117188e-01
5.411718413233757019e-02
1.144239604473114014e-01
1.129032969474792480e-01
-6.273940950632095337e-02
-3.864804506301879883e-01
-2.083087265491485596e-01
-8.301723748445510864e-03
3.555237501859664917e-02
-1.933971643447875977e-01
1.612178385257720947e-01
-1.289392858743667603e-01
-1.143332794308662415e-01
-2.828032970428466797e-01
1.424867212772369385e-01
-3.152219355106353760e-01
-2.011363953351974487e-01
2.129647731781005859e-01
-5.974886193871498108e-02
-1.110518202185630798e-01
-5.028681159019470215e-01
-2.689329087734222412e-01
9.121167659759521484e-02
1.887336820363998413e-01
6.289408355951309204e-02
-3.541424572467803955e-01
-4.181251823902130127e-01
3.358573839068412781e-02
1.192545145750045776e-01
-8.895327150821685791e-02
1.857306808233261108e-01
-5.667128562927246094e-01
-4.905462265014648438e-02
-5.430935621261596680e-01
-2.153169214725494385e-01
-1.100293919444084167e-01
-1.801988184452056885e-01
-2.336198985576629639e-01
-2.710538208484649658e-01
2.760187685489654541e-01
-9.412406086921691895e-01
-3.339968025684356689e-01
1.242904365062713623e-01
9.423678740859031677e-03
-9.119940549135208130e-02
4.297619685530662537e-02
-2.127773910760879517e-01
-2.312365919351577759e-01
-2.016048878431320190e-02
-3.154411613941192627e-01
-6.319154053926467896e-03
1.004852578043937683e-01
-1.312822550535202026e-01
-8.272496610879898071e-02
-1.174139976501464844e-01
-2.135396003723144531e-02
-3.872961401939392090e-01
3.554773330688476562e-01
2.081506848335266113e-01
-1.171937882900238037e-01
-2.471849769353866577e-01
3.236339092254638672e-01
-2.064296156167984009e-01
-3.104029782116413116e-02
-1.906752586364746094e-01
1.260926425457000732e-01
-1.163284406065940857e-01
-7.014330476522445679e-02
9.557770192623138428e-02
-1.770205982029438019e-02
-4.964767396450042725e-02
3.094373941421508789e-01
2.207635492086410522e-01
5.335216224193572998e-02
-1.309312433004379272e-01
4.470750391483306885e-01
2.195558510720729828e-03
-2.430400848388671875e-01
2.740381285548210144e-02
-2.192419022321701050e-01
4.215807020664215088e-01
3.398967161774635315e-02
3.585436940193176270e-01
-1.500958353281021118e-01
3.867610096931457520e-01
-1.495058834552764893e-01
-3.746246397495269775e-01
2.921749949455261230e-01
-2.540702521800994873e-01
-6.245158910751342773e-01
2.624949514865875244e-01
-3.991090655326843262e-01
-1.206624507904052734e-01
-1.064091250300407410e-01
-2.814647555351257324e-01
-3.674508631229400635e-01
-3.555372953414916992e-01
1.037831082940101624e-01
3.484128788113594055e-02
-5.807253718376159668e-01
-3.077602982521057129e-01
-2.598522603511810303e-01
3.994415700435638428e-01
-9.380315989255905151e-02
-1.181711852550506592e-01
-3.254415690898895264e-01
-1.372216492891311646e-01
-2.185416221618652344e-01
-5.475978925824165344e-02
1.183345392346382141e-01
-1.689381897449493408e-02
-6.912706792354583740e-02
9.256938844919204712e-02
-3.180685639381408691e-01
-2.777268290519714355e-01
-3.160187602043151855e-01
1.114992499351501465e-01
1.016027256846427917e-01
2.951255142688751221e-01
-1.180812343955039978e-01
-1.212008222937583923e-01
1.347579360008239746e-01
-2.946904003620147705e-01
-6.270429491996765137e-02
1.095088124275207520e-01
2.142706140875816345e-02
-1.848020404577255249e-01
1.987391617149114609e-03
1.474485546350479126e-01
2.289720624685287476e-01
-3.101335167884826660e-01
-6.901364773511886597e-02
-8.840836584568023682e-02
5.341802723705768585e-03
1.653470098972320557e-01
-7.678868621587753296e-02
-1.947407275438308716e-01
-1.703748852014541626e-01
-1.848042160272598267e-01
-1.276799291372299194e-01
-3.978475928306579590e-02
2.287891060113906860e-01
-2.142020687460899353e-02
-2.108057588338851929e-01
-2.293732762336730957e-01
-4.192889109253883362e-02
1.251524984836578369e-01
6.559467315673828125e-02
3.001402020454406738e-01
1.494776457548141479e-01
-1.655291616916656494e-01
-1.670544445514678955e-01
-8.328660577535629272e-02
-1.863000243902206421e-01
2.268555611371994019e-01
7.840280979871749878e-02
-1.043041273951530457e-01
-9.222041070461273193e-02
-3.219017684459686279e-01
-2.073839306831359863e-02
-3.909466788172721863e-02
4.044317081570625305e-02
1.495715528726577759e-01
3.660567998886108398e-01
-4.231077153235673904e-03
1.343088001012802124e-01
-1.371317449957132339e-02
1.590670645236968994e-01
-1.562900096178054810e-01
-3.745419979095458984e-01
-3.982534632086753845e-02
-1.614283621311187744e-01
-2.247787714004516602e-01
-2.488140016794204712e-01
-1.168978400528430939e-03
-1.453997492790222168e-01
-1.380324512720108032e-01
1.696025580167770386e-01
-5.768581479787826538e-02
-7.408276665955781937e-03
-1.691492050886154175e-01
1.121254041790962219e-01
-1.935336142778396606e-01
-1.481993198394775391e-01
-5.924716219305992126e-02
8.469475805759429932e-02
-1.373646687716245651e-02
1.137203350663185120e-01
1.232629790902137756e-01
-8.342953771352767944e-02
-2.657341957092285156e-01
-9.985756129026412964e-02
9.324925392866134644e-02
-1.962603628635406494e-01
2.429339736700057983e-01
5.691442266106605530e-02
-5.009914040565490723e-01
-1.874641478061676025e-01
-2.309848368167877197e-01
-2.554349303245544434e-01
9.374888986349105835e-02
7.068613171577453613e-02
-5.112175270915031433e-02
9.772345423698425293e-02
-1.290534734725952148e-01
-3.592219576239585876e-02
1.553930789232254028e-01
-9.008838981389999390e-02
-2.606488466262817383e-01
2.045039832592010498e-01
1.291873902082443237e-01
2.450611069798469543e-02
-9.246078878641128540e-02
-1.137914210557937622e-01
-7.490274310111999512e-02
3.704597651958465576e-01
-4.170011356472969055e-02
-3.106381595134735107e-01
1.201353818178176880e-01
1.440365463495254517e-01
-6.454706937074661255e-02
-8.749407529830932617e-02
3.323895111680030823e-02
1.418639570474624634e-01
-9.943921864032745361e-02
2.598551511764526367e-01
-1.974606513977050781e-01
-3.196664154529571533e-01
1.261829584836959839e-02
9.453710913658142090e-02
-2.938218414783477783e-01
-1.252826899290084839e-01
2.765222787857055664e-01
-8.074609935283660889e-02
1.871714442968368530e-01
2.598025090992450714e-02
-2.064218977466225624e-03
-6.165580078959465027e-02
-1.879595667123794556e-01
2.814521789550781250e-01
3.248480260372161865e-01
1.229377016425132751e-01
-1.550677120685577393e-01
1.592813730239868164e-01
-3.094200491905212402e-01
4.415706396102905273e-01
2.100147902965545654e-01
-2.201510667800903320e-01
-3.214702941477298737e-03
2.780748903751373291e-02
-1.246177107095718384e-01
1.080643385648727417e-01
2.608443200588226318e-01
1.012591924518346786e-02
1.466706097126007080e-01
3.237120807170867920e-01
2.862958312034606934e-01
-3.547747619450092316e-03
5.324044451117515564e-02
1.941819675266742706e-02
4.706392586231231689e-01
2.563996016979217529e-01
-8.663333952426910400e-02
-7.190013676881790161e-02
-2.571135759353637695e-01
-8.240925520658493042e-02
3.461681306362152100e-02
2.177410274744033813e-01
1.084527596831321716e-01
-9.525353461503982544e-02
4.968042671680450439e-02
1.814270019531250000e-01
-1.418059021234512329e-01
1.479056179523468018e-01
4.245833028107881546e-03
3.900792002677917480e-01
-1.045468449592590332e-01
-3.106982409954071045e-01
-2.095971107482910156e-01
1.618348360061645508e-01
3.316601812839508057e-01
1.052635088562965393e-01
-3.317435979843139648e-01
1.062771454453468323e-01
1.110312789678573608e-01
1.553447097539901733e-01
1.919358074665069580e-01
2.159733176231384277e-01
1.929329931735992432e-01
3.273043036460876465e-01
-1.194714009761810303e-02
5.105574056506156921e-02
2.173269391059875488e-01
-1.230176165699958801e-02
-1.228435263037681580e-01
2.393369972705841064e-01
3.190240859985351562e-01
-2.540743649005889893e-01
-1.941707283258438110e-01
1.418178677558898926e-01
1.409566402435302734e-01
-1.217301283031702042e-02
-8.641777187585830688e-02
-6.490428745746612549e-02
1.901452243328094482e-02
4.478748142719268799e-02
1.350464671850204468e-01
-2.582692205905914307e-01
1.680476963520050049e-01
-1.984376907348632812e-01
2.824201881885528564e-01
-6.047946959733963013e-02
1.170282810926437378e-01
-2.879382371902465820e-01
1.115300133824348450e-01
3.476752340793609619e-02
-4.735361784696578979e-02
2.735669612884521484e-01
-9.840299189090728760e-02
5.241580307483673096e-03
1.701063709333539009e-03
-3.311850726604461670e-01
-3.420972824096679688e-02
2.685939669609069824e-01
1.193442046642303467e-01
-1.688621789216995239e-01
-5.001764278858900070e-03
-9.667830169200897217e-02
-7.025574147701263428e-02
-1.425612419843673706e-01
2.601853907108306885e-01
-2.694603502750396729e-01
-5.891622230410575867e-02
-3.826183676719665527e-01
-1.489368230104446411e-01
-6.682786345481872559e-02
-3.121465146541595459e-01
2.067757770419120789e-03
-1.810070574283599854e-01
-5.340813845396041870e-02
-1.798399724066257477e-03
-1.534188240766525269e-01
-2.605912387371063232e-01
2.005414515733718872e-01
3.123343549668788910e-02
4.916484951972961426e-01
1.698502302169799805e-01
-7.403644733130931854e-03
-5.433749780058860779e-02
1.619915366172790527e-01
-1.020920127630233765e-01
1.647306233644485474e-02
1.845997273921966553e-01
-2.931098937988281250e-01
9.070388972759246826e-02
-2.445071041584014893e-01
-9.548880904912948608e-02
4.177963361144065857e-02
-2.559402287006378174e-01
-1.602998077869415283e-01
2.363312691450119019e-01
2.295233160257339478e-01
-4.897780343890190125e-02
2.794105112552642822e-01
3.807188570499420166e-01
2.667577862739562988e-01
3.620270490646362305e-01
-2.783692181110382080e-01
4.570516347885131836e-01
3.146065771579742432e-01
-7.184500992298126221e-02
-2.734704315662384033e-01
1.492268592119216919e-01
-2.135487943887710571e-01
-1.444329619407653809e-01
-1.413335800170898438e-01
-3.017308712005615234e-01
-2.085182070732116699e-01
-3.432100713253021240e-01
2.100303173065185547e-01
1.917886286973953247e-01
2.155198007822036743e-01
-2.960703969001770020e-01
-2.071183323860168457e-01
-1.007066294550895691e-01
-1.730023920536041260e-01
2.588213086128234863e-01
1.185031384229660034e-01
-2.161661982536315918e-01
2.562822103500366211e-01
1.055181547999382019e-01
2.667978405952453613e-01
-8.212019503116607666e-02
1.253932416439056396e-01
-1.322828084230422974e-01
-4.311022758483886719e-01
-9.297234937548637390e-03
1.823304779827594757e-02
-2.444394677877426147e-01
4.092936217784881592e-02
-1.941823661327362061e-01
-3.997216001152992249e-02
-1.078112348914146423e-01
7.709337770938873291e-02
8.891882747411727905e-02
-1.612955480813980103e-01
6.102100387215614319e-02
-1.459448635578155518e-01
1.041261926293373108e-01
-1.429349631071090698e-01
3.150236904621124268e-01
1.753974705934524536e-01
-2.098230719566345215e-01
3.871397376060485840e-01
-2.133314460515975952e-01
1.135268732905387878e-01
-1.121898517012596130e-01
-1.347334682941436768e-01
-1.951435580849647522e-02
7.530367374420166016e-02
-1.640927493572235107e-01
2.140052914619445801e-01
1.553656011819839478e-01
-4.913820326328277588e-02
