7.243759036064147949e-01
-3.728522062301635742e-01
-9.238815307617187500e-02
2.038381844758987427e-01
-4.574251770973205566e-01
9.257375597953796387e-01
-7.291495054960250854e-02
4.004878997802734375e-01
2.870218455791473389e-01
-1.216074347496032715e+00
2.940184809267520905e-02
2.150575220584869385e-01
1.956065744161605835e-01
-1.813507527112960815e-01
-4.458029568195343018e-02
-8.543146848678588867e-01
1.131941378116607666e-02
2.630164921283721924e-01
5.119207501411437988e-01
9.241650104522705078e-01
-1.347079724073410034e-01
-1.542732357978820801e+00
7.879814505577087402e-02
-5.830222368240356445e-01
1.209264434874057770e-02
-6.853651404380798340e-01
1.865046620368957520e-01
1.074473500251770020e+00
-1.730496138334274292e-01
9.947199225425720215e-01
-8.572082966566085815e-02
3.983261287212371826e-01
2.805873155593872070e-01
-5.749070644378662109e-01
-3.641986250877380371e-01
-6.447139978408813477e-01
2.895243167877197266e-01
4.528865218162536621e-01
5.164617896080017090e-01
4.716677591204643250e-02
9.707587361335754395e-01
-8.780441284179687500e-01
6.945564150810241699e-01
-2.542424499988555908e-01
3.432039916515350342e-01
5.072759985923767090e-01
-7.738332152366638184e-01
8.107693791389465332e-01
-5.620440244674682617e-01
2.251147329807281494e-01
-4.089021682739257812e-01
-2.016584277153015137e-01
6.769840121269226074e-01
-3.845813870429992676e-01
1.142129063606262207e+00
2.696772292256355286e-02
6.254602968692779541e-02
-7.655007243156433105e-01
1.544317603111267090e+00
6.535381674766540527e-01
2.396491914987564087e-01
-3.273837566375732422e-01
-9.743519872426986694e-02
9.006609022617340088e-02
2.331535965204238892e-01
2.339322865009307861e-01
1.274862736463546753e-01
8.890983462333679199e-01
-2.712132036685943604e-01
-8.658787608146667480e-01
1.354918479919433594e-01
-1.084752082824707031e-01
1.609477549791336060e-01
-9.692436456680297852e-01
3.577072545886039734e-02
1.435668319463729858e-01
3.277752399444580078e-01
2.288100719451904297e-01
7.950990647077560425e-02
4.070950150489807129e-01
-4.770432412624359131e-01
-8.011177182197570801e-03
-2.763451337814331055e-01
-1.558393537998199463e-01
2.305956929922103882e-01
-4.026042520999908447e-01
2.438605017960071564e-02
1.927994042634963989e-01
6.760143488645553589e-02
-2.495187073945999146e-01
4.278610050678253174e-01
8.585922420024871826e-02
-4.753248393535614014e-02
-4.513539746403694153e-02
-4.084194898605346680e-01
-4.178912043571472168e-01
-8.672549575567245483e-02
6.839393973350524902e-01
-5.357565283775329590e-01
-5.471339225769042969e-01
1.516605168581008911e-01
-1.755453497171401978e-01
5.177697539329528809e-01
2.655464708805084229e-01
-9.152586460113525391e-01
1.177127808332443237e-01
1.706426888704299927e-01
-7.584360986948013306e-02
-2.859330177307128906e-01
3.341979980468750000e-01
-3.712593913078308105e-01
-4.093177318572998047e-01
2.035335749387741089e-01
2.258085906505584717e-01
3.058657348155975342e-01
5.546720623970031738e-01
-4.407477974891662598e-01
-1.282803267240524292e-01
1.251217536628246307e-02
-2.899219393730163574e-01
-4.767780601978302002e-01
2.086067646741867065e-01
2.064919769763946533e-01
1.761178225278854370e-01
2.000909298658370972e-01
-1.928924769163131714e-01
-4.321271181106567383e-02
-1.036808118224143982e-01
3.351468443870544434e-01
-7.183319330215454102e-02
-7.831406779587268829e-03
9.727825969457626343e-02
-1.831070035696029663e-01
-1.441610753536224365e-01
-1.810437813401222229e-02
1.791230142116546631e-01
-3.283900022506713867e-01
1.634820252656936646e-01
3.924207761883735657e-02
-4.548278748989105225e-01
-1.934829950332641602e+00
6.227221488952636719e-01
-1.803106367588043213e-01
7.363606095314025879e-01
3.452065587043762207e-01
-2.947150170803070068e-01
1.134030222892761230e-01
-4.077313244342803955e-01
1.214112639427185059e-01
3.829965293407440186e-01
9.298302233219146729e-02
2.972363829612731934e-01
-3.195671141147613525e-01
5.511341094970703125e-01
-2.895585000514984131e-01
4.521392285823822021e-02
-7.528626322746276855e-01
-9.527993947267532349e-02
-1.031196936964988708e-01
-8.129705190658569336e-01
-2.894144654273986816e-01
2.573584951460361481e-02
1.226005792617797852e+00
4.375857114791870117e-01
-1.189085841178894043e+00
4.241709113121032715e-01
-4.929707050323486328e-01
-1.824538707733154297e-01
-2.491939663887023926e-01
-4.690157175064086914e-01
-8.911791443824768066e-01
-1.298661231994628906e+00
-1.824284046888351440e-01
1.837156265974044800e-01
3.719930350780487061e-01
1.696847081184387207e+00
-3.502772748470306396e-01
4.322870448231697083e-02
-2.095606774091720581e-01
1.560243126004934311e-02
-2.892055213451385498e-01
1.743773184716701508e-02
-6.704136133193969727e-01
-3.216637969017028809e-01
4.875844120979309082e-01
-3.649686649441719055e-02
6.895081400871276855e-01
-1.129459515213966370e-01
5.208169110119342804e-03
-8.677708506584167480e-01
1.711289048194885254e+00
1.166333675384521484e+00
-1.883307397365570068e-01
4.250083863735198975e-02
-6.090031862258911133e-01
-6.603539586067199707e-01
6.884970664978027344e-01
4.011328220367431641e-01
3.359694778919219971e-02
-2.657519876956939697e-01
3.563275635242462158e-01
-4.070396125316619873e-01
4.202964901924133301e-01
-2.956558763980865479e-02
-1.013920642435550690e-02
2.488918304443359375e-01
-2.810105383396148682e-01
3.452390730381011963e-01
-8.214261382818222046e-02
2.400642074644565582e-02
-2.765927910804748535e-01
-1.447171568870544434e-01
7.725604623556137085e-02
-3.087719976902008057e-01
4.220375418663024902e-01
4.117902815341949463e-01
-1.772679835557937622e-01
-4.240521192550659180e-01
1.991115808486938477e-01
2.435382008552551270e-01
-3.158269822597503662e-01
1.346158683300018311e-01
-8.523339033126831055e-02
-3.317833244800567627e-01
-3.927804529666900635e-01
-7.803875207901000977e-02
-1.900142878293991089e-01
2.360700517892837524e-01
-1.794542223215103149e-01
8.531017303466796875e-01
-1.071374416351318359e+00
-5.482129454612731934e-01
4.894672036170959473e-01
1.172475144267082214e-01
1.098306328058242798e-01
2.683962583541870117e-01
-1.937146186828613281e-01
-1.949512064456939697e-01
1.150967329740524292e-01
2.521844394505023956e-02
-4.132209122180938721e-01
-1.010793894529342651e-01
1.040273159742355347e-01
2.344166040420532227e-01
-6.582755595445632935e-02
6.024925783276557922e-02
-2.215148359537124634e-01
-3.619529679417610168e-02
-1.495540142059326172e-01
-1.100666373968124390e-01
8.145022392272949219e-02
1.000066623091697693e-01
1.848082989454269409e-01
3.721503168344497681e-02
1.234799996018409729e-01
1.874651759862899780e-01
-6.367361545562744141e-01
2.725925445556640625e-01
1.083491891622543335e-01
-3.814342319965362549e-01
4.869921505451202393e-01
-1.106850206851959229e-01
-2.630754113197326660e-01
-4.912228882312774658e-01
-3.486424088478088379e-01
-3.130862861871719360e-02
-5.522605031728744507e-02
6.423929929733276367e-01
2.096699923276901245e-02
-2.286715209484100342e-01
-2.733281254768371582e-01
-2.465000189840793610e-02
4.905187785625457764e-01
-7.190529704093933105e-01
-2.322356253862380981e-01
7.221044972538948059e-03
2.595137655735015869e-01
-4.115970805287361145e-02
1.054037734866142273e-01
3.713180078193545341e-03
1.958055794239044189e-01
3.476437628269195557e-01
2.836084365844726562e-01
3.789407908916473389e-01
-1.508069187402725220e-01
-6.586161851882934570e-01
1.082440018653869629e-01
5.519735217094421387e-01
3.623906373977661133e-01
8.175080269575119019e-02
-1.740914434194564819e-01
7.516577839851379395e-02
-2.875501289963722229e-02
-4.209945797920227051e-01
-7.495997101068496704e-02
-1.594421714544296265e-01
-2.903335168957710266e-02
3.418507277965545654e-01
-8.427534103393554688e-01
2.703637480735778809e-01
-1.525649055838584900e-02
-6.671225279569625854e-02
5.553821325302124023e-01
-5.315275192260742188e-01
-1.022153198719024658e-01
-2.171299308538436890e-01
-4.346987307071685791e-01
7.765812873840332031e-01
-2.132064849138259888e-01
2.285914495587348938e-02
-1.181558370590209961e-01
1.435951143503189087e-02
1.287888646125793457e+00
-6.919080615043640137e-01
9.019573330879211426e-01
-2.723520696163177490e-01
3.292120397090911865e-01
1.552916616201400757e-01
6.840038299560546875e-02
1.338707506656646729e-01
3.849109113216400146e-01
5.448345467448234558e-02
-3.436016738414764404e-01
-1.237950921058654785e+00
5.706322193145751953e-01
-5.049445033073425293e-01
2.170750945806503296e-01
5.634409189224243164e-01
6.855424493551254272e-02
2.409470677375793457e-01
2.883066236972808838e-01
4.603432416915893555e-01
1.080260276794433594e+00
-2.910942137241363525e-01
-1.046769693493843079e-01
-8.734909892082214355e-01
6.703199148178100586e-01
-2.520281076431274414e-01
1.107589378952980042e-01
1.475256681442260742e-01
4.449712932109832764e-01
-3.814438283443450928e-01
-1.520807594060897827e-01
3.089824877679347992e-02
1.626420021057128906e-01
2.592423856258392334e-01
-1.924785673618316650e-01
-2.993109524250030518e-01
-2.885406315326690674e-01
7.701184749603271484e-01
4.955817759037017822e-02
3.962148353457450867e-02
8.605378121137619019e-02
3.523043692111968994e-01
2.867440283298492432e-01
2.563324272632598877e-01
9.046382904052734375e-01
-9.127876758575439453e-01
9.041049480438232422e-01
6.728901267051696777e-01
1.502643376588821411e-01
-4.203909933567047119e-01
2.904103696346282959e-01
-4.976453632116317749e-02
2.646508216857910156e-01
1.777657568454742432e-01
-2.435352057218551636e-01
2.945657372474670410e-01
-5.943001061677932739e-02
-1.102882996201515198e-01
-1.832026541233062744e-01
2.783328890800476074e-01
4.466837644577026367e-01
-2.777499258518218994e-01
3.253073990345001221e-01
7.246343046426773071e-02
-5.161593556404113770e-01
-5.868728458881378174e-02
3.764941096305847168e-01
1.173681914806365967e-01
3.716045320034027100e-01
-3.894501626491546631e-01
-6.541825085878372192e-02
-3.284517526626586914e-01
5.122387409210205078e-01
2.319164387881755829e-02
2.653189003467559814e-01
5.978822708129882812e-01
-2.093031108379364014e-01
-6.265081763267517090e-01
6.576100587844848633e-01
4.266102015972137451e-01
2.617139816284179688e-01
-8.485078811645507812e-01
1.576748490333557129e-01
-3.690055012702941895e-01
1.489210575819015503e-01
4.738983213901519775e-01
2.403244376182556152e-02
1.570479273796081543e-01
5.624417066574096680e-01
-4.653509855270385742e-01
-2.689509838819503784e-02
-3.646734058856964111e-01
5.800198912620544434e-01
-4.298199713230133057e-02
-7.528593391180038452e-02
7.488788962364196777e-01
1.423256844282150269e-01
-6.891751885414123535e-01
5.189877152442932129e-01
4.672782421112060547e-01
2.440307885408401489e-01
-1.053114414215087891e+00
1.505958437919616699e-01
-7.735253870487213135e-02
3.947678208351135254e-01
2.792139053344726562e-01
1.344384700059890747e-01
5.260891914367675781e-01
2.643302083015441895e-01
7.066127657890319824e-02
7.774636894464492798e-02
3.299147188663482666e-01
-3.803400993347167969e-01
5.240787863731384277e-01
-1.293814629316329956e-01
-4.017895460128784180e-01
4.006553813815116882e-02
1.342441320419311523e+00
-5.849041938781738281e-01
-5.546469688415527344e-01
2.376505173742771149e-02
4.630078971385955811e-01
3.031924962997436523e-01
1.646783947944641113e-01
9.362634271383285522e-02
-1.422908782958984375e+00
7.649031281471252441e-01
8.137629628181457520e-01
-2.859035730361938477e-01
3.043952882289886475e-01
-3.400896787643432617e-01
6.521225720643997192e-02
5.386136174201965332e-01
-1.232883054763078690e-02
-7.917701452970504761e-02
3.187685012817382812e-01
-1.034675985574722290e-01
-6.464383602142333984e-01
1.041956067085266113e+00
4.110678732395172119e-01
2.384225428104400635e-01
-5.253680944442749023e-01
2.184673696756362915e-01
-1.459566503763198853e-01
4.336843267083168030e-02
1.543449312448501587e-01
1.218691319227218628e-01
-9.958973526954650879e-02
4.506130516529083252e-01
-4.201195836067199707e-01
4.991777539253234863e-01
-2.834148406982421875e-01
-4.172190427780151367e-01
4.729359149932861328e-01
-4.238722324371337891e-01
3.238222002983093262e-01
3.826405704021453857e-01
2.301257401704788208e-01
2.696589007973670959e-02
-4.156887233257293701e-01
3.687971234321594238e-01
2.523358166217803955e-01
4.701651334762573242e-01
6.613457798957824707e-01
-2.208638340234756470e-01
1.669220179319381714e-01
3.104702830314636230e-01
-1.980594396591186523e-01
-1.348870396614074707e-01
-8.929176330566406250e-01
4.938917160034179688e-01
-2.148514986038208008e-01
-2.270404696464538574e-01
4.590260684490203857e-01
-1.300654053688049316e+00
5.826701521873474121e-01
1.410307526588439941e+00
1.895727276802062988e+00
-4.451554715633392334e-01
-1.460580974817276001e-01
4.048800170421600342e-01
5.591465234756469727e-01
6.850601434707641602e-01
6.502400040626525879e-01
-6.044288277626037598e-01
-4.964328408241271973e-01
7.999534606933593750e-01
-8.644828200340270996e-01
-2.967903316020965576e-01
-8.844703435897827148e-02
-1.412985175848007202e-01
-1.786623448133468628e-01
-3.296287059783935547e-01
1.288075349293649197e-03
-4.557162523269653320e-03
-9.773695468902587891e-02
2.025953829288482666e-01
-6.860224008560180664e-01
4.448972642421722412e-03
-1.699121594429016113e+00
-4.923731088638305664e-01
-2.688447758555412292e-02
1.015865877270698547e-01
-7.330011725425720215e-01
1.887023150920867920e-01
2.537238597869873047e-01
-1.613623052835464478e-01
-6.804788857698440552e-02
-1.269456982612609863e+00
-2.712133228778839111e-01
1.545962095260620117e-01
-5.183098912239074707e-01
-2.270432747900485992e-02
4.329055175185203552e-02
-2.587158232927322388e-02
2.005475759506225586e-01
1.959516108036041260e-01
3.031570017337799072e-01
-2.471863627433776855e-01
-4.440854787826538086e-01
-1.757561415433883667e-02
-3.049479424953460693e-02
4.423582181334495544e-02
-8.419910818338394165e-02
9.998810887336730957e-01
9.633615016937255859e-01
-1.069025173783302307e-01
6.623824685811996460e-02
3.348136693239212036e-02
-3.286011815071105957e-01
1.061752717941999435e-02
-5.034753680229187012e-01
-9.340610504150390625e-01
5.011245012283325195e-01
-3.997305929660797119e-01
1.990688145160675049e-01
3.117361962795257568e-01
8.011215925216674805e-02
-5.124748349189758301e-01
-2.250571250915527344e-01
5.273275077342987061e-02
-1.161054521799087524e-01
1.089284755289554596e-02
7.939425110816955566e-02
-2.898044288158416748e-01
-1.937136948108673096e-01
1.605075150728225708e-01
-6.245728135108947754e-01
-2.192926108837127686e-01
-3.363979160785675049e-01
7.092497497797012329e-02
-9.254484772682189941e-01
-4.218140542507171631e-01
5.800398811697959900e-02
-2.876599431037902832e-01
5.788217857480049133e-02
-1.082556620240211487e-01
-4.097291827201843262e-01
-8.263444900512695312e-02
-5.304794311523437500e-01
5.485003441572189331e-02
9.796805679798126221e-02
1.260651051998138428e-01
1.024957373738288879e-01
-1.099443584680557251e-01
1.595727652311325073e-01
3.001643419265747070e-01
-8.404260873794555664e-02
4.111315906047821045e-01
1.120680198073387146e-02
5.641393661499023438e-01
8.356254100799560547e-01
-6.058513373136520386e-02
-4.728011041879653931e-02
-2.021802663803100586e-01
1.345760077238082886e-01
-1.856341585516929626e-02
3.630642890930175781e-01
-7.796962745487689972e-05
7.680217623710632324e-01
1.013810634613037109e+00
-1.979818195104598999e-02
6.348537746816873550e-03
2.684343159198760986e-01
-5.566111207008361816e-02
5.174546241760253906e-01
4.526287317276000977e-02
3.248759806156158447e-01
-1.410098373889923096e-01
1.041805967688560486e-01
8.567619919776916504e-01
7.820847630500793457e-01
2.927824854850769043e-01
-4.450787901878356934e-01
2.748999595642089844e-01
1.317173708230257034e-02
-2.461579740047454834e-01
1.717938929796218872e-01
-6.993660330772399902e-01
4.965824782848358154e-01
2.001434564590454102e-01
2.700694091618061066e-02
-1.200904399156570435e-01
7.739150524139404297e-02
3.404207229614257812e-01
-8.496829122304916382e-02
4.752998054027557373e-02
2.953029572963714600e-01
9.393940120935440063e-02
-5.986272096633911133e-01
2.407723188400268555e+00
-1.358886361122131348e-01
-1.146625801920890808e-01
3.806891739368438721e-01
-2.297077178955078125e-01
4.826943576335906982e-01
5.223721638321876526e-02
2.470988929271697998e-01
-2.032841369509696960e-02
-4.356366991996765137e-01
6.007676720619201660e-01
1.796779632568359375e-01
1.577307432889938354e-01
2.619400322437286377e-01
-2.665307559072971344e-02
-5.971332788467407227e-01
8.667802065610885620e-02
-1.311125159263610840e-01
4.526807665824890137e-01
1.351840794086456299e-01
-3.951821029186248779e-01
6.067767739295959473e-01
4.131763055920600891e-02
2.545124851167201996e-02
-3.593999519944190979e-02
7.273976504802703857e-02
-4.919475913047790527e-01
-1.534150242805480957e-01
2.203255333006381989e-02
1.545323729515075684e-01
-3.257728815078735352e-01
-2.151677310466766357e-01
-2.989709079265594482e-01
-2.661175131797790527e-01
2.750897109508514404e-01
8.939855694770812988e-01
-2.205188274383544922e-01
6.163626313209533691e-01
9.340373426675796509e-02
-1.284347027540206909e-01
5.708703994750976562e-01
-8.074774742126464844e-01
-1.074354290962219238e+00
2.178828418254852295e-01
-3.710844814777374268e-01
4.649257957935333252e-01
5.920993685722351074e-01
3.700607419013977051e-01
8.999794721603393555e-02
3.631458878517150879e-01
5.036314725875854492e-01
5.910083651542663574e-01
7.832562327384948730e-01
6.498263478279113770e-01
-4.515978991985321045e-01
3.824953138828277588e-01
7.399134039878845215e-01
-5.740994215011596680e-01
2.811323702335357666e-01
8.241154551506042480e-01
-1.406171470880508423e-01
1.843789070844650269e-01
1.778355836868286133e-01
-6.536293029785156250e-01
4.595301449298858643e-01
-2.751703560352325439e-01
-9.680312871932983398e-01
1.407322436571121216e-01
2.732961475849151611e-01
2.927228212356567383e-01
-2.631473243236541748e-01
-3.705195486545562744e-01
-4.605903327465057373e-01
-4.505462646484375000e-01
4.876255095005035400e-01
2.817172408103942871e-01
-5.850819349288940430e-01
5.412434935569763184e-01
-4.610690474510192871e-01
-6.304156184196472168e-01
1.297505259513854980e+00
9.899346530437469482e-02
-8.820747137069702148e-01
4.136181175708770752e-01
-2.339013218879699707e-01
5.251852869987487793e-01
1.096632122993469238e+00
6.754759550094604492e-01
-6.018971204757690430e-01
1.911363601684570312e-01
4.589408636093139648e-02
3.017661273479461670e-01
2.277467995882034302e-01
2.869260609149932861e-01
-4.771294891834259033e-01
-4.059324860572814941e-01
3.636864423751831055e-01
-7.408680319786071777e-01
1.114895939826965332e+00
-1.761537492275238037e-01
-3.236151337623596191e-01
-2.736462354660034180e-01
-2.116152495145797729e-01
4.321830570697784424e-01
-2.726080119609832764e-01
1.543850153684616089e-01
7.703064382076263428e-02
-3.961077034473419189e-01
2.100023180246353149e-01
-1.125990524888038635e-01
6.120222806930541992e-01
1.133829262107610703e-02
3.415328860282897949e-01
2.490085065364837646e-01
1.239760294556617737e-01
7.829491496086120605e-01
2.975851595401763916e-01
-2.793065309524536133e-01
-3.175699412822723389e-01
5.919317603111267090e-01
1.902765929698944092e-01
7.545161247253417969e-01
-4.191336035728454590e-01
-1.886305958032608032e-01
8.255959749221801758e-01
-5.774829387664794922e-01
-1.161189302802085876e-01
-4.572805464267730713e-01
1.753968000411987305e-01
4.439156651496887207e-01
-6.062744855880737305e-01
-1.014933943748474121e+00
-1.164622068405151367e+00
-5.934482812881469727e-01
5.894672870635986328e-01
-3.825776875019073486e-01
-9.911077022552490234e-01
5.067138075828552246e-01
-6.198884248733520508e-01
-3.602225184440612793e-01
1.232210874557495117e+00
-1.132664829492568970e-01
-3.594717085361480713e-01
2.516872882843017578e-01
-2.554731667041778564e-01
2.531054913997650146e-01
1.922075450420379639e-01
9.624226950109004974e-03
-4.100297391414642334e-01
3.250435367226600647e-02
-1.676206476986408234e-02
4.030354917049407959e-01
2.212653458118438721e-01
1.793760806322097778e-01
1.751390099525451660e-02
-3.271498680114746094e-01
-6.584230065345764160e-02
-9.712346643209457397e-02
-3.386752307415008545e-01
-4.876730144023895264e-01
6.497280001640319824e-01
-1.451557576656341553e-01
-9.811000227928161621e-01
1.098275110125541687e-01
-5.121776461601257324e-01
1.125733926892280579e-01
1.877635121345520020e-01
5.857488512992858887e-02
-4.992959201335906982e-01
-2.068695724010467529e-01
2.936009168624877930e-01
3.854166865348815918e-01
6.368320584297180176e-01
3.786704838275909424e-01
-1.982530504465103149e-01
-2.149371653795242310e-01
3.241763412952423096e-01
-1.527625173330307007e-01
4.240949451923370361e-01
5.252049565315246582e-01
6.557242274284362793e-01
3.704289793968200684e-01
1.046200632117688656e-03
-7.866664975881576538e-02
1.706159412860870361e-01
8.312063664197921753e-02
2.077829986810684204e-01
3.992719054222106934e-01
3.832619488239288330e-01
3.503819704055786133e-01
-2.998787723481655121e-02
-9.189317375421524048e-02
-6.687111258506774902e-01
-4.728823900222778320e-02
1.018363833427429199e+00
6.334522962570190430e-01
-2.643801569938659668e-01
-1.019698381423950195e-01
-1.786281228065490723e+00
-8.549374341964721680e-02
1.772902533411979675e-02
-4.627310112118721008e-02
-2.348319441080093384e-01
-3.824866190552711487e-02
-2.555634379386901855e-01
1.157912835478782654e-01
6.390218734741210938e-01
4.908971190452575684e-01
5.665263906121253967e-02
-2.469735890626907349e-01
2.723128199577331543e-01
-2.747482955455780029e-01
4.177118241786956787e-01
7.537894695997238159e-02
-3.569273650646209717e-01
-9.727203845977783203e-01
3.486141860485076904e-01
-4.842310249805450439e-01
1.398812294006347656e+00
8.990812301635742188e-02
-6.124296411871910095e-02
2.215789109468460083e-01
1.526223421096801758e+00
-3.050134181976318359e-01
1.034929528832435608e-01
-7.910817116498947144e-02
1.790549606084823608e-01
2.534444928169250488e-01
1.524815917015075684e+00
-1.696008294820785522e-01
4.458838701248168945e-02
-3.799878060817718506e-01
-2.730337381362915039e-01
-7.324660569429397583e-02
-3.104131221771240234e-01
-2.604264318943023682e-01
-2.940580844879150391e-01
1.050912961363792419e-02
-1.142859309911727905e-01
-1.484383130446076393e-03
7.900681495666503906e-01
7.722552418708801270e-01
1.195962801575660706e-01
2.007721923291683197e-03
-1.085021719336509705e-01
-2.595112025737762451e-01
-1.213282719254493713e-02
3.900998234748840332e-01
-8.752844929695129395e-01
2.371222525835037231e-01
5.883003473281860352e-01
1.210525706410408020e-01
-2.125007063150405884e-01
3.908582404255867004e-02
1.624746471643447876e-01
2.241680920124053955e-01
-2.623372077941894531e-01
-1.308326609432697296e-02
6.542290449142456055e-01
-2.083837985992431641e-01
2.139220684766769409e-01
2.891277968883514404e-01
4.485549032688140869e-01
-1.259281486272811890e-01
1.172923296689987183e-02
4.391958415508270264e-01
-1.069987639784812927e-01
6.355562210083007812e-01
-5.498225241899490356e-02
6.126781105995178223e-01
5.016665458679199219e-01
-6.549620032310485840e-01
1.559863686561584473e-01
2.051060646772384644e-01
-2.796015143394470215e-01
2.975210547447204590e-01
-4.306502640247344971e-01
3.860129788517951965e-02
-4.186841100454330444e-02
6.088168621063232422e-01
1.027178950607776642e-02
-1.951219737529754639e-01
4.279242455959320068e-01
-1.312987089157104492e+00
-1.628769636154174805e-01
-7.657343149185180664e-02
-2.692776620388031006e-01
3.227410316467285156e-01
3.333179652690887451e-02
7.946678996086120605e-02
1.337657123804092407e-01
3.003428876399993896e-02
2.042891457676887512e-02
1.696005463600158691e-01
1.803394407033920288e-01
-2.531688194721937180e-03
-1.888921260833740234e-01
-6.547458171844482422e-01
-2.797961235046386719e-02
5.122714042663574219e-01
-7.680622935295104980e-01
3.598661124706268311e-01
5.304203033447265625e-01
-7.300704121589660645e-01
3.097138702869415283e-01
3.349813222885131836e-01
-6.151646375656127930e-02
6.504026055335998535e-01
-8.480104804039001465e-02
-2.970012426376342773e-01
1.282631885260343552e-02
2.154324799776077271e-01
-1.479308754205703735e-01
4.122404456138610840e-01
-8.309183120727539062e-01
1.182694062590599060e-01
6.147530302405357361e-02
-1.994064152240753174e-01
4.609376937150955200e-02
5.429828763008117676e-01
2.279119789600372314e-01
1.926471889019012451e-01
3.635512888431549072e-01
-2.546473741531372070e-01
-3.841732442378997803e-01
4.398155584931373596e-02
-8.421386480331420898e-01
3.454597592353820801e-01
2.293778210878372192e-01
5.720113962888717651e-02
-6.828677654266357422e-01
3.627876192331314087e-02
4.555732309818267822e-01
6.038042157888412476e-02
2.402769178152084351e-01
1.622754454612731934e+00
-3.066393136978149414e-01
-7.808318734169006348e-01
-5.930964946746826172e-01
-2.663497030735015869e-01
-1.338669806718826294e-01
-2.906469702720642090e-01
-2.086759954690933228e-01
4.978289008140563965e-01
-1.509439647197723389e-01
-1.608067899942398071e-01
2.989230155944824219e-01
-2.893521189689636230e-01
2.879294455051422119e-01
-2.706618010997772217e-01
-9.522057324647903442e-02
1.965737789869308472e-01
-6.504069268703460693e-02
-3.151172697544097900e-01
2.432910799980163574e-01
2.990722656250000000e-01
2.561228275299072266e-01
-3.750345110893249512e-01
8.104507625102996826e-02
-6.452878005802631378e-03
8.952680043876171112e-03
2.883392572402954102e-01
-7.634292542934417725e-02
-4.012593999505043030e-02
-5.803448557853698730e-01
4.464534223079681396e-01
-1.864003390073776245e-01
-1.949630379676818848e-01
-2.458382248878479004e-01
4.362709224224090576e-01
1.792353868484497070e+00
-2.287459373474121094e-01
5.841670930385589600e-02
3.037680387496948242e-01
-7.789485156536102295e-02
-1.265884041786193848e+00
-6.927257031202316284e-02
-3.784035444259643555e-01
-4.113409817218780518e-01
-1.528726667165756226e-01
1.379400938749313354e-01
-3.674586117267608643e-01
-9.143661260604858398e-01
-3.577337265014648438e-01
1.138014122843742371e-01
-5.043326020240783691e-01
5.495802164077758789e-01
-1.154013633728027344e+00
4.811551570892333984e-01
-3.143129125237464905e-02
-2.479631304740905762e-01
7.056218385696411133e-01
-1.690110713243484497e-01
-7.235419154167175293e-01
6.402554512023925781e-01
2.500157952308654785e-01
3.039991557598114014e-01
-1.131060943007469177e-01
-5.486697318701772019e-06
-8.038223534822463989e-02
-1.168533489108085632e-01
1.661497354507446289e-01
5.171864628791809082e-01
1.991513743996620178e-02
-1.295680552721023560e-01
1.803220659494400024e-01
-1.024262905120849609e+00
3.343853354454040527e-01
-4.946061372756958008e-01
2.177913635969161987e-01
6.035596728324890137e-01
-5.909993648529052734e-01
1.629529893398284912e-01
2.910839021205902100e-01
-7.178281545639038086e-01
-1.656146496534347534e-01
-7.127941250801086426e-01
-3.444719016551971436e-01
-2.213883697986602783e-01
2.683929540216922760e-02
-4.918470978736877441e-01
5.111974477767944336e-01
7.162832468748092651e-02
-3.032384514808654785e-01
4.131763800978660583e-02
7.639529556035995483e-02
3.869593441486358643e-01
-2.735383808612823486e-01
-1.629578322172164917e-01
-7.861501723527908325e-02
2.026896238327026367e+00
3.543759584426879883e-01
2.521970570087432861e-01
1.334560811519622803e-01
1.079038977622985840e-01
-2.636521458625793457e-01
-4.725018143653869629e-01
-4.337641000747680664e-01
-5.685132928192615509e-03
-1.065015316009521484e+00
-2.717123329639434814e-01
2.777500450611114502e-02
7.809942215681076050e-02
1.912285089492797852e+00
-2.651661634445190430e-02
-2.627773880958557129e-01
-5.591540336608886719e-01
3.210774362087249756e-01
3.280885517597198486e-01
8.075789362192153931e-02
1.231837630271911621e+00
-2.514810860157012939e-01
-1.863215118646621704e-01
-5.887100100517272949e-02
-1.327486932277679443e-01
-4.876337945461273193e-02
-3.711014688014984131e-01
-1.566879391670227051e+00
4.615797400474548340e-01
-1.137796193361282349e-01
5.603741854429244995e-03
5.627337098121643066e-01
7.221418023109436035e-01
4.994378983974456787e-02
-3.081582784652709961e-01
2.536609768867492676e-01
-5.278999209403991699e-01
6.264948248863220215e-01
-3.182027935981750488e-01
3.736756742000579834e-01
3.014771342277526855e-01
-2.818867266178131104e-01
2.261637598276138306e-01
4.891659021377563477e-01
-4.085175991058349609e-01
-1.991162002086639404e-01
-4.279768466949462891e-01
-1.026023402810096741e-01
8.957327157258987427e-02
-4.017334803938865662e-02
-6.011826992034912109e-01
1.895837634801864624e-01
-3.818867728114128113e-02
3.157257437705993652e-01
-1.240595653653144836e-01
3.998815119266510010e-01
2.996721863746643066e-01
6.836868822574615479e-03
-4.883816838264465332e-01
2.966046929359436035e-01
-2.640444755554199219e+00
4.347695782780647278e-02
9.984728693962097168e-02
3.294192850589752197e-01
-3.726131021976470947e-01
2.451863884925842285e-01
8.239455521106719971e-02
-8.106665611267089844e-01
2.462271004915237427e-01
-1.245532631874084473e-01
8.204557746648788452e-02
3.638021051883697510e-01
1.754029691219329834e-01
2.630054354667663574e-01
2.208277285099029541e-01
2.148556858301162720e-01
-6.537894010543823242e-01
4.960066676139831543e-01
3.332287445664405823e-02
2.347470968961715698e-01
-2.470242500305175781e+00
-3.434534966945648193e-01
4.300742149353027344e-01
2.799135744571685791e-01
2.494594082236289978e-02
8.097156286239624023e-01
-2.515246868133544922e-01
6.159510016441345215e-01
-5.900462269783020020e-01
9.653218388557434082e-01
4.665248692035675049e-01
-2.583518922328948975e-01
-2.542271278798580170e-02
-1.325107812881469727e+00
-1.703935861587524414e-01
-4.636663496494293213e-01
1.658046245574951172e-02
-2.766338586807250977e-01
1.500271856784820557e-01
-2.818365693092346191e-01
-3.677452802658081055e-01
-2.822831645607948303e-02
-1.508942246437072754e-01
-3.429322838783264160e-01
4.486535787582397461e-01
5.696614831686019897e-02
-1.637877821922302246e-01
-7.248397469520568848e-01
-2.581590414047241211e-01
-6.300072669982910156e-01
4.315778613090515137e-02
2.506060525774955750e-02
4.582695290446281433e-02
9.984298348426818848e-01
3.100183904170989990e-01
8.757263422012329102e-02
-5.465323925018310547e-01
7.654458284378051758e-02
-6.701765954494476318e-02
-2.588562071323394775e-01
5.258771777153015137e-01
-4.525265991687774658e-01
4.651542007923126221e-01
1.907040923833847046e-02
-1.576509885489940643e-02
-4.945908114314079285e-02
-8.303692191839218140e-02
9.364205002784729004e-01
-1.174060255289077759e-01
1.102062344551086426e+00
9.839820116758346558e-02
-1.026191264390945435e-01
6.935895979404449463e-02
3.650991618633270264e-01
-7.997130751609802246e-01
1.320393830537796021e-01
-3.642505109310150146e-01
9.517247974872589111e-02
1.830458343029022217e-01
2.148105204105377197e-01
4.630587995052337646e-02
-4.393845200538635254e-01
-6.149148344993591309e-01
1.949774771928787231e-01
3.607881441712379456e-02
-2.506658136844635010e-01
1.138620615005493164e+00
-4.106242358684539795e-01
-5.111118555068969727e-01
3.901750147342681885e-01
-1.596790365874767303e-02
1.311862170696258545e-01
8.675031065940856934e-01
-6.654437184333801270e-01
6.856566667556762695e-02
1.798024028539657593e-01
-1.099000573158264160e-01
5.984143167734146118e-02
-1.400981564074754715e-02
-4.760063067078590393e-02
-2.094477862119674683e-01
-1.144911125302314758e-01
4.030330777168273926e-01
3.203121721744537354e-01
-1.138408556580543518e-01
-3.687590062618255615e-01
-6.787705421447753906e-02
-4.413569271564483643e-01
-1.471675783395767212e-01
-2.067988365888595581e-01
-9.465150237083435059e-01
8.611629009246826172e-01
-1.200053170323371887e-01
-4.128259718418121338e-01
3.624188527464866638e-02
-1.301124244928359985e-01
2.635950446128845215e-01
-3.900096416473388672e-01
2.515339255332946777e-01
4.726234078407287598e-01
5.637801885604858398e-01
3.326748013496398926e-01
1.305633485317230225e-01
-7.451876252889633179e-02
6.024122834205627441e-01
-2.139086723327636719e-01
-1.378532648086547852e+00
-1.981328576803207397e-01
2.864782512187957764e-01
-4.638016223907470703e-02
-1.535374857485294342e-02
8.653492480516433716e-02
2.154927700757980347e-01
2.697412371635437012e-01
4.020242691040039062e-01
1.132120728492736816e+00
-4.134089648723602295e-01
-2.159884385764598846e-02
-1.329662054777145386e-01
3.777308762073516846e-01
3.103497624397277832e-01
-3.415355086326599121e-01
8.946053385734558105e-01
4.349220991134643555e-01
-1.762476265430450439e-01
1.580143570899963379e-01
7.323355413973331451e-03
1.669212281703948975e-01
5.920653790235519409e-02
-2.341920435428619385e-01
-3.354886174201965332e-01
4.500017315149307251e-02
-6.790584325790405273e-02
1.617231369018554688e-01
4.002450108528137207e-01
2.662629485130310059e-01
4.827808141708374023e-01
-2.137042582035064697e-01
-1.193278580904006958e-01
-6.372459232807159424e-02
4.133053421974182129e-01
3.698650002479553223e-01
-6.423786878585815430e-01
-1.857298910617828369e-01
-3.586234897375106812e-02
-1.718215793371200562e-01
6.356172561645507812e-01
-1.357843633741140366e-02
3.849542737007141113e-01
-9.213751554489135742e-02
4.199201613664627075e-02
3.900184631347656250e-01
4.703007638454437256e-01
4.901716113090515137e-01
-9.457023441791534424e-02
2.118874043226242065e-01
-6.832543611526489258e-01
7.233046293258666992e-01
-1.359665840864181519e-01
2.337669432163238525e-01
7.041696906089782715e-01
-1.045027375221252441e+00
1.332700848579406738e-01
7.041556239128112793e-01
-5.215352773666381836e-01
-1.993781775236129761e-01
-5.038797855377197266e-01
-1.526059061288833618e-01
-1.569919288158416748e-01
8.484902232885360718e-02
2.659292658790946007e-03
-4.366166889667510986e-02
3.375703692436218262e-01
-1.607374399900436401e-01
2.736366689205169678e-01
1.532238274812698364e-01
-2.164219468832015991e-01
5.795693993568420410e-01
1.823098957538604736e-01
-1.089233607053756714e-01
-2.926978468894958496e-01
1.522230207920074463e-01
-1.466174516826868057e-02
1.920566111803054810e-01
-5.308346450328826904e-02
3.391095995903015137e-01
9.450492262840270996e-02
6.206931173801422119e-02
-1.620369791984558105e+00
-1.195475086569786072e-02
-3.587654605507850647e-02
4.176763892173767090e-01
4.262890517711639404e-01
-6.627438589930534363e-03
-2.416877821087837219e-02
-1.123880036175251007e-02
4.538424313068389893e-02
1.445265412330627441e-01
-1.698768883943557739e-01
1.120706461369991302e-02
-6.651365160942077637e-01
4.083841443061828613e-01
-9.210613965988159180e-01
-5.960334539413452148e-01
1.514569669961929321e-01
3.766032159328460693e-01
-1.035953685641288757e-02
3.389271199703216553e-01
-1.373891532421112061e-01
2.155934870243072510e-01
-3.717614412307739258e-01
-1.509221494197845459e-01
2.311721444129943848e-01
-1.535195559263229370e-01
-1.490732133388519287e-01
4.231694340705871582e-01
-8.235644698143005371e-01
2.323809564113616943e-01
8.767717480659484863e-01
-3.799292743206024170e-01
-2.730919420719146729e-01
-5.093287676572799683e-02
2.844321727752685547e-01
5.502694100141525269e-02
3.151048719882965088e-02
4.745832383632659912e-01
4.244800191372632980e-03
1.497402787208557129e-02
6.520099639892578125e-01
3.246810436248779297e-01
-1.249644160270690918e-01
5.967423785477876663e-03
5.951396822929382324e-01
-1.668156683444976807e-01
3.137481510639190674e-01
1.681784152984619141e+00
-1.488695979118347168e+00
2.701042890548706055e-01
1.082080155611038208e-01
-1.449708938598632812e-01
-5.405500531196594238e-01
1.263511329889297485e-01
1.338431984186172485e-01
3.792155086994171143e-01
5.488067269325256348e-01
4.937499761581420898e-01
-8.966688811779022217e-02
2.257410585880279541e-01
1.871028900146484375e+00
-3.741400241851806641e-01
6.990938447415828705e-03
2.354618757963180542e-01
-3.843564391136169434e-01
2.485818564891815186e-01
-5.887125134468078613e-01
-9.213031083345413208e-02
6.786979436874389648e-01
-6.664710640907287598e-01
5.421688035130500793e-02
1.170855686068534851e-01
6.192345619201660156e-01
6.224949285387992859e-02
2.927072942256927490e-01
3.910100087523460388e-02
-4.282413125038146973e-01
-7.195946574211120605e-01
1.811296194791793823e-01
-4.174104034900665283e-01
-3.100710213184356689e-01
-4.235116839408874512e-01
-1.359067559242248535e-01
-1.120350286364555359e-01
9.915851056575775146e-02
1.584293395280838013e-01
-6.444036960601806641e-02
-7.205059528350830078e-01
-2.170512437820434570e+00
3.794867917895317078e-02
-1.317243218421936035e+00
1.715043783187866211e-01
-2.553838789463043213e-01
7.687494903802871704e-02
-2.368079721927642822e-01
-2.746867537498474121e-01
1.360941827297210693e-01
5.611613765358924866e-02
6.074119210243225098e-01
-4.730770587921142578e-01
-4.199292138218879700e-02
-1.676232516765594482e-01
1.993494778871536255e-01
3.014419972896575928e-01
-7.358155399560928345e-02
3.086542785167694092e-01
-2.467810213565826416e-01
2.163583338260650635e-01
5.006788969039916992e-01
1.357955485582351685e-01
1.446322798728942871e+00
-1.875043213367462158e-01
1.848958432674407959e-01
1.305100619792938232e-01
7.081877589225769043e-01
-3.430730998516082764e-01
1.441344618797302246e-01
-1.312174350023269653e-01
1.929516643285751343e-01
-5.671345591545104980e-01
1.198070049285888672e+00
4.151114225387573242e-01
3.340485095977783203e-01
-3.664769828319549561e-01
-1.104093268513679504e-01
3.322322368621826172e-01
-4.263902902603149414e-01
5.747032165527343750e-01
3.739564418792724609e-01
-3.163662254810333252e-01
3.710249364376068115e-01
7.556559145450592041e-02
4.841799661517143250e-02
1.927740275859832764e-01
-1.454886943101882935e-01
4.240141808986663818e-01
1.679633706808090210e-01
2.236165665090084076e-02
-2.150044292211532593e-01
-7.133012413978576660e-01
1.846439987421035767e-01
-5.051501393318176270e-01
2.327490001916885376e-01
3.415692597627639771e-02
-4.441367089748382568e-01
-7.371391355991363525e-02
-1.122945994138717651e-01
-4.047387838363647461e-01
9.181208610534667969e-01
-4.129121303558349609e-01
-2.328840792179107666e-01
1.841539293527603149e-01
4.719895124435424805e-01
2.431953884661197662e-02
1.118780523538589478e-01
-5.450239032506942749e-02
2.493372410535812378e-01
-4.631733000278472900e-01
-3.224460184574127197e-01
-4.053548909723758698e-03
-3.202934861183166504e-01
-4.262582398951053619e-03
1.469366550445556641e-01
-7.753028720617294312e-02
-4.798168241977691650e-01
4.354626685380935669e-02
-2.801702618598937988e-01
-5.243077278137207031e-01
4.952683746814727783e-01
-1.626690030097961426e-01
-2.764255404472351074e-01
3.888927400112152100e-01
3.214286863803863525e-01
9.196092374622821808e-03
2.649264037609100342e-01
-2.552616894245147705e-01
-2.356307804584503174e-01
-5.612372756004333496e-01
4.165559709072113037e-01
-1.656120121479034424e-01
-1.927562355995178223e-01
-2.216714173555374146e-01
-6.745863556861877441e-01
1.435260474681854248e-01
-2.148197442293167114e-01
7.933446764945983887e-02
-8.790880441665649414e-02
-4.511421620845794678e-01
-6.739116460084915161e-02
-1.285419464111328125e-01
3.924820944666862488e-02
6.121258139610290527e-01
-3.242501523345708847e-03
-6.168184429407119751e-02
1.016952618956565857e-01
-2.670227587223052979e-01
-1.047227755188941956e-01
-1.117727309465408325e-01
5.562905594706535339e-02
-1.275901198387145996e-01
-1.413547247648239136e-01
-9.060813188552856445e-01
1.020916327834129333e-01
-7.869643718004226685e-02
-3.738797605037689209e-01
3.798537328839302063e-02
-1.547036021947860718e-01
-7.278131842613220215e-01
1.148731946945190430e+00
-3.856886029243469238e-01
-1.883309781551361084e-01
1.979302614927291870e-01
2.035382688045501709e-01
1.774633973836898804e-01
-2.742823660373687744e-01
-6.100457906723022461e-02
1.982369869947433472e-01
-2.318037450313568115e-01
-2.623475790023803711e-01
1.838077902793884277e-01
-1.840209364891052246e-01
-3.571238517761230469e-01
-1.308559626340866089e-01
-1.694711893796920776e-01
-5.982970595359802246e-01
9.767539054155349731e-02
-3.395622372627258301e-01
-1.009169220924377441e+00
7.968356609344482422e-01
-1.671739220619201660e-01
-1.577273130416870117e+00
4.514470696449279785e-01
2.260349839925765991e-01
1.404543668031692505e-01
-2.514894120395183563e-02
-1.041422858834266663e-01
-3.773132264614105225e-01
-1.753613650798797607e-01
9.113886952400207520e-02
-9.755407273769378662e-02
-8.204948902130126953e-02
1.551123261451721191e-01
1.863303929567337036e-01
1.797596216201782227e-01
-9.707022905349731445e-01
-1.069855093955993652e-01
8.337738364934921265e-02
-7.475293874740600586e-01
4.201678931713104248e-01
-1.604425758123397827e-01
-1.388936340808868408e-01
5.325101613998413086e-01
1.111003905534744263e-01
-3.389063179492950439e-01
1.088474988937377930e-01
7.222697138786315918e-02
-2.711174786090850830e-01
-2.307648509740829468e-01
5.252515152096748352e-02
2.350105047225952148e-01
5.738760232925415039e-01
5.223942995071411133e-01
-6.949158757925033569e-02
-5.568539500236511230e-01
1.271255165338516235e-01
-4.289958253502845764e-02
1.362892538309097290e-01
-2.311663478612899780e-01
1.822868920862674713e-02
4.051508903503417969e-01
-1.313317799940705299e-03
-1.493062227964401245e-01
7.582378387451171875e-02
1.346850991249084473e-01
1.056468859314918518e-01
5.327650904655456543e-01
-5.416478961706161499e-02
3.701682761311531067e-02
-9.043785929679870605e-02
4.373723268508911133e-02
-5.669712424278259277e-01
-1.360617391765117645e-02
-5.157448053359985352e-01
4.558461606502532959e-01
8.512997031211853027e-01
-1.637205481529235840e-01
3.412151038646697998e-01
4.686402976512908936e-01
-1.019306421279907227e+00
2.609615623950958252e-01
7.998686432838439941e-01
-3.908809125423431396e-01
-3.605377376079559326e-01
-2.799116671085357666e-01
2.637068629264831543e-01
-1.620417237281799316e-01
1.575726568698883057e-01
4.640335440635681152e-01
4.124511480331420898e-01
-1.486511677503585815e-01
-2.281601577997207642e-01
8.806982636451721191e-01
-3.507120013236999512e-01
-2.799062430858612061e-01
1.076284795999526978e-01
-8.686239719390869141e-01
5.008269548416137695e-01
4.581336081027984619e-01
2.006891369819641113e-01
5.965119004249572754e-01
-1.694426983594894409e-01
-4.725707769393920898e-01
-2.885852754116058350e-01
-1.814241707324981689e-01
6.427608430385589600e-02
6.763013601303100586e-01
2.899941802024841309e-01
3.813571035861968994e-01
-1.735453456640243530e-01
7.048794627189636230e-01
-1.028828471899032593e-01
-8.863059431314468384e-02
-1.229490786790847778e-01
6.162658706307411194e-02
1.272917166352272034e-02
1.910031288862228394e-01
2.431424520909786224e-02
4.664867222309112549e-01
1.138997316360473633e+00
1.237161085009574890e-01
4.313002824783325195e-01
-9.492438435554504395e-01
2.100341208279132843e-02
-3.664545416831970215e-01
-6.787874102592468262e-01
5.405026301741600037e-02
1.006634593009948730e+00
3.897769376635551453e-02
3.845464065670967102e-02
-1.994136571884155273e-01
-5.412793755531311035e-01
6.062817573547363281e-01
9.765833616256713867e-03
1.404088586568832397e-01
3.068179190158843994e-01
-5.230348706245422363e-01
4.595149159431457520e-01
3.174548149108886719e-01
-1.215330436825752258e-01
5.666337013244628906e-01
-2.569999694824218750e-01
-1.826818585395812988e-01
-5.439238548278808594e-01
1.115735247731208801e-01
-8.348504304885864258e-01
3.195385932922363281e-01
-1.057750657200813293e-01
4.203137755393981934e-01
-7.411688566207885742e-01
5.650028586387634277e-01
5.958971977233886719e-01
1.365415900945663452e-01
5.720964670181274414e-01
5.236808657646179199e-01
-7.070973515510559082e-01
2.827955484390258789e-01
-1.136795505881309509e-01
-8.476663231849670410e-01
3.178420960903167725e-01
-1.242336556315422058e-01
3.728533685207366943e-01
-9.545040084049105644e-04
2.949084900319576263e-02
-1.424892097711563110e-01
4.129140675067901611e-01
6.357442587614059448e-02
-1.399429887533187866e-01
-2.763351798057556152e-01
-1.015102043747901917e-01
-8.329375833272933960e-02
-6.480554342269897461e-01
-6.365892291069030762e-02
5.874912068247795105e-02
-4.086466133594512939e-02
1.712681651115417480e-01
2.842655181884765625e-01
-1.014731451869010925e-02
-2.185931354761123657e-01
2.245521694421768188e-01
-2.114958316087722778e-02
-1.279538989067077637e+00
1.923619653098285198e-03
2.371177524328231812e-01
-7.415464520454406738e-02
-1.390926599502563477e+00
-1.254107654094696045e-01
4.486102163791656494e-01
-1.056387126445770264e-01
-1.431307047605514526e-01
-1.153075397014617920e-01
5.966143012046813965e-01
3.431429564952850342e-01
6.178069710731506348e-01
-7.246789336204528809e-01
1.106069833040237427e-01
7.656454294919967651e-02
1.805853247642517090e-01
-2.961682379245758057e-01
-2.491269558668136597e-01
-5.127217173576354980e-01
-1.748020201921463013e-01
3.146951086819171906e-03
-2.521942257881164551e-01
2.080525457859039307e-02
3.257062733173370361e-01
1.540005654096603394e-01
7.662370800971984863e-02
3.390479460358619690e-02
6.759094540029764175e-03
-3.480412960052490234e-01
7.629305124282836914e-01
-4.846852719783782959e-01
-4.410209357738494873e-01
3.132964968681335449e-01
-3.564269542694091797e-01
-3.471427559852600098e-01
-4.560666680335998535e-01
-6.581537425518035889e-02
2.799521386623382568e-01
1.208059117197990417e-01
2.905678190290927887e-02
4.017313122749328613e-01
4.484086334705352783e-01
1.098141446709632874e-01
-1.943443566560745239e-01
-8.068006485700607300e-02
-7.074574828147888184e-01
2.415048927068710327e-01
-2.413939237594604492e-01
1.582864522933959961e-01
2.119293808937072754e-01
-1.113047916442155838e-02
-7.396374344825744629e-01
7.239133119583129883e-01
-4.977456852793693542e-02
1.817119121551513672e-01
-2.850302308797836304e-02
4.199794828891754150e-01
5.649100542068481445e-01
2.167161852121353149e-01
4.846155047416687012e-01
3.713500499725341797e-01
5.836897492408752441e-01
-1.894913800060749054e-02
-3.330771327018737793e-01
-2.300763279199600220e-01
-3.754532635211944580e-01
-2.775013148784637451e-01
2.662453055381774902e-01
5.373021587729454041e-03
-9.215948581695556641e-01
-2.506710886955261230e-01
-4.592220485210418701e-01
6.840718984603881836e-01
1.364009380340576172e-01
-1.647571772336959839e-01
7.391058206558227539e-01
6.921111792325973511e-02
1.900117993354797363e-01
-4.152255877852439880e-02
9.130682796239852905e-02
1.019996851682662964e-01
-3.865540772676467896e-02
5.416885614395141602e-01
-3.859053924679756165e-02
1.903815269470214844e-01
-1.087399572134017944e-02
2.447216808795928955e-01
-4.843809828162193298e-02
-9.541057795286178589e-02
1.886155128479003906e+00
-5.543956756591796875e-01
-3.807319104671478271e-01
2.268815636634826660e-01
-2.152144759893417358e-01
2.687209472060203552e-02
4.114355891942977905e-03
2.173991054296493530e-01
5.186914652585983276e-02
1.836760938167572021e-01
2.863702476024627686e-01
3.474400639533996582e-01
1.830501556396484375e-01
-2.121666967868804932e-01
-5.195863842964172363e-01
-2.767419815063476562e-01
-1.793104223906993866e-02
-7.466091774404048920e-03
1.602289825677871704e-01
7.233126163482666016e-01
4.117215573787689209e-01
-4.476848244667053223e-01
-2.904787957668304443e-01
1.149934530258178711e-01
-3.154832124710083008e-01
-3.456716239452362061e-01
-5.320953130722045898e-01
-3.598729670047760010e-01
-5.470129195600748062e-03
7.421603053808212280e-02
3.082972951233386993e-02
3.404708802700042725e-01
4.513875246047973633e-01
2.605172693729400635e-01
-5.783746838569641113e-01
5.938534438610076904e-02
-3.995847702026367188e-01
4.011348187923431396e-01
-1.078537181019783020e-01
3.551408946514129639e-01
3.713061809539794922e-01
1.339686103165149689e-02
2.063359916210174561e-01
-5.012319087982177734e-01
-4.566633701324462891e-01
3.276873612776398659e-03
-4.621683955192565918e-01
-3.457057476043701172e-01
-2.573683559894561768e-01
-2.928046286106109619e-01
-2.912155166268348694e-02
-3.429050743579864502e-01
-7.606751471757888794e-02
1.287925690412521362e-01
-9.022520482540130615e-02
4.262179136276245117e-01
1.401899904012680054e-01
6.295977532863616943e-02
8.134915679693222046e-02
-1.791979521512985229e-01
1.021256804466247559e+00
2.583166398108005524e-02
1.034283190965652466e-01
-6.774610280990600586e-01
-7.509142160415649414e-04
-2.890754044055938721e-01
-1.655018478631973267e-01
-3.315201997756958008e-01
-7.161634415388107300e-02
2.295482903718948364e-01
-3.317171931266784668e-01
-4.151730835437774658e-01
-1.268739104270935059e-01
-7.845606654882431030e-03
8.001901507377624512e-01
3.341704308986663818e-01
4.722032845020294189e-01
1.748060435056686401e-01
3.679926991462707520e-01
4.142535477876663208e-02
4.594424068927764893e-01
9.204856157302856445e-01
-7.540528476238250732e-02
-1.128044426441192627e-01
2.938127517700195312e-01
7.600229382514953613e-01
-3.673124313354492188e-01
2.132004052400588989e-01
-9.231448918581008911e-02
-2.707265317440032959e-01
5.571497231721878052e-02
-6.624326109886169434e-01
-4.550112783908843994e-01
-1.873864680528640747e-01
4.153353869915008545e-01
-2.302839905023574829e-01
9.618955850601196289e-02
-3.987732529640197754e-01
-5.612387508153915405e-02
1.628770232200622559e-01
-4.342553019523620605e-01
5.884757637977600098e-02
2.536229193210601807e-01
5.360085144639015198e-02
-1.190944388508796692e-01
-5.850338935852050781e-01
1.572228521108627319e-01
-9.237630665302276611e-02
-3.394189476966857910e-01
-5.117467418313026428e-02
-3.279765546321868896e-01
-8.897613734006881714e-02
4.954690486192703247e-02
3.804434537887573242e-01
-1.163602694869041443e-01
4.287090301513671875e-01
9.939628839492797852e-02
-1.713961809873580933e-01
6.832316517829895020e-02
-1.103248223662376404e-01
-1.701336503028869629e+00
-2.197841256856918335e-01
6.101168692111968994e-02
-1.151760667562484741e-01
-1.638375669717788696e-01
1.678869873285293579e-02
3.156262636184692383e-01
1.612570323050022125e-02
-1.066817268729209900e-01
-7.529979348182678223e-01
-2.003135383129119873e-01
-1.405920982360839844e-01
6.023479104042053223e-01
5.691604018211364746e-01
-3.485327959060668945e-02
1.354223936796188354e-01
-6.276753265410661697e-03
2.076487243175506592e-01
4.245744347572326660e-01
1.625838428735733032e-01
-2.787864506244659424e-01
4.223500192165374756e-01
-2.554279863834381104e-01
2.692913413047790527e-01
5.385251641273498535e-01
2.565782368183135986e-01
-3.219019994139671326e-02
-3.990251421928405762e-01
3.980662822723388672e-01
-3.820449858903884888e-02
1.526559144258499146e-01
1.326448768377304077e-01
-1.541126072406768799e-01
1.833004504442214966e-01
1.236484169960021973e+00
-6.430273056030273438e-01
-1.482275485992431641e+00
-1.281315386295318604e-01
3.382717072963714600e-01
3.165190815925598145e-01
3.075759112834930420e-01
4.618539512157440186e-01
3.332818746566772461e-01
-6.683409214019775391e-01
-1.339187920093536377e-01
-1.739739924669265747e-01
-5.345654860138893127e-02
-2.334179878234863281e-01
-3.228650689125061035e-01
-6.337966322898864746e-01
-3.992285430431365967e-01
-6.251334547996520996e-01
-4.356042146682739258e-01
2.092296779155731201e-01
4.552603662014007568e-01
1.496179252862930298e-01
5.147391557693481445e-01
2.219113856554031372e-01
-2.614740133285522461e-01
-2.484036087989807129e-01
6.537337601184844971e-02
-1.035763695836067200e-01
-6.637341976165771484e-01
1.686977893114089966e-01
-9.170102328062057495e-02
1.327854394912719727e-01
1.088298186659812927e-01
7.139960527420043945e-01
8.253514766693115234e-01
1.341286599636077881e-01
5.982441902160644531e-01
7.299071550369262695e-01
7.028204202651977539e-01
-5.110371708869934082e-01
-2.950171828269958496e-01
-8.998280763626098633e-02
-3.245149552822113037e-01
-1.812048442661762238e-02
3.730286955833435059e-01
1.694923639297485352e-01
-7.046166807413101196e-02
-4.750830829143524170e-01
-2.023575007915496826e-01
2.770054638385772705e-01
-3.512865304946899414e-01
4.266625642776489258e-01
-1.154780536890029907e-01
5.367651581764221191e-01
6.268260627985000610e-02
6.797532439231872559e-01
3.595457673072814941e-01
-3.818405568599700928e-01
9.681121110916137695e-01
-3.447238504886627197e-01
-4.615420699119567871e-01
-2.113696187734603882e-01
3.054543733596801758e-01
5.578226968646049500e-02
5.539915561676025391e-01
-8.875591754913330078e-01
4.732487797737121582e-01
-6.479477137327194214e-02
1.566640585660934448e-01
-1.973464787006378174e-01
-3.964640796184539795e-01
-4.578308761119842529e-01
-4.456722736358642578e-01
-3.900969028472900391e-01
-3.017759621143341064e-01
-5.591810494661331177e-02
-5.114467144012451172e-01
8.167657256126403809e-02
-2.042827457189559937e-01
1.234962195158004761e-01
4.545336067676544189e-01
8.898903131484985352e-01
1.412809360772371292e-02
6.301451325416564941e-01
-2.279430776834487915e-01
-6.213637590408325195e-01
8.663879632949829102e-01
-3.515579998493194580e-01
-2.166687101125717163e-01
-3.456070423126220703e-01
9.634504094719886780e-03
-3.494774997234344482e-01
-7.263875603675842285e-01
-9.210836887359619141e-02
-7.788251340389251709e-02
8.202127367258071899e-02
-4.622603207826614380e-02
-1.009410470724105835e-01
-2.619830146431922913e-02
-3.092548251152038574e-01
2.704436182975769043e-01
1.536410599946975708e-01
2.079726308584213257e-01
1.038739606738090515e-01
-3.224161267280578613e-01
1.193919703364372253e-01
4.609899520874023438e-01
-3.496703207492828369e-01
-3.499157428741455078e-01
6.010380387306213379e-01
-5.916267260909080505e-02
-2.840411961078643799e-01
9.515025615692138672e-01
3.241834938526153564e-01
-1.906675398349761963e-01
-1.506258100271224976e-01
4.011615812778472900e-01
3.123377263545989990e-01
-9.562642872333526611e-02
1.545728147029876709e-01
-4.782665371894836426e-01
-5.639585852622985840e-02
6.579923033714294434e-01
7.791783660650253296e-02
5.617361143231391907e-02
8.228187263011932373e-02
3.637529909610748291e-02
5.708361268043518066e-01
1.822042837738990784e-02
1.342526227235794067e-01
1.642947345972061157e-01
3.933126628398895264e-01
2.917213141918182373e-01
-1.351069658994674683e-01
2.652616500854492188e-01
-5.596405267715454102e-01
-1.493038237094879150e-01
-3.931483253836631775e-03
-5.560162067413330078e-01
-1.735067665576934814e-01
1.461865901947021484e-01
-2.283039689064025879e-01
3.393466770648956299e-02
-2.617915570735931396e-01
-6.032555699348449707e-01
-1.761143654584884644e-01
1.453309357166290283e-01
-1.796123236417770386e-01
-2.417768687009811401e-01
6.421750783920288086e-01
-1.784593425691127777e-02
5.348643288016319275e-03
3.187053799629211426e-01
3.580893278121948242e-01
3.590872287750244141e-01
1.179609224200248718e-01
5.303332209587097168e-01
-5.055590718984603882e-02
4.576571285724639893e-01
-2.890058457851409912e-01
-2.437093257904052734e-01
-6.245176792144775391e-01
2.681413888931274414e-01
-1.545345485210418701e-01
2.369066625833511353e-01
7.715423405170440674e-02
-8.581753820180892944e-02
4.942954778671264648e-01
2.491356730461120605e-01
-1.725478768348693848e-01
2.064447999000549316e-01
2.096987813711166382e-01
-1.034249886870384216e-01
-2.771294713020324707e-01
-1.630087010562419891e-02
-2.759626209735870361e-01
-2.384773045778274536e-01
-4.356503784656524658e-01
-9.196780622005462646e-02
-1.685616075992584229e-01
5.742112994194030762e-01
-1.496271640062332153e-01
-3.065642714500427246e-01
-4.625276625156402588e-01
2.192438095808029175e-01
-3.014721572399139404e-01
-7.044436782598495483e-02
-4.346628487110137939e-01
-1.220916733145713806e-01
-3.202233314514160156e-01
-2.309491634368896484e-01
4.051328599452972412e-01
3.367505669593811035e-01
2.039641290903091431e-01
1.979092061519622803e-01
7.770285755395889282e-02
-1.241859719157218933e-01
3.814796805381774902e-01
-5.429374575614929199e-01
-2.497550398111343384e-01
5.709900856018066406e-01
1.229435205459594727e-01
-8.275948464870452881e-03
2.436547875404357910e-01
-2.046419829130172729e-01
-7.140921428799629211e-03
-1.479781419038772583e-01
1.152814775705337524e-01
-2.698830664157867432e-01
-6.220778822898864746e-01
-3.218228220939636230e-01
1.479198485612869263e-01
-3.755233436822891235e-02
9.749405980110168457e-01
-1.722655743360519409e-01
-2.741253674030303955e-01
-7.438283413648605347e-02
7.259837817400693893e-03
-2.679711766541004181e-02
8.102961182594299316e-01
1.113569438457489014e-01
1.049461681395769119e-02
-1.496517360210418701e-01
7.076971530914306641e-01
-6.417299807071685791e-02
1.306382775306701660e+00
-2.417203187942504883e-01
-1.862810701131820679e-01
-5.228457157500088215e-04
2.938037812709808350e-01
-1.080413833260536194e-01
-1.251753717660903931e-01
1.549573615193367004e-02
1.483019004808738828e-04
6.216354295611381531e-02
-3.050257684662938118e-03
8.856017142534255981e-02
2.189691960811614990e-01
-2.443420290946960449e-01
-7.665133476257324219e-02
-3.486443459987640381e-01
5.991932004690170288e-03
1.975677311420440674e-01
-6.267172098159790039e-02
1.362370252609252930e-01
-5.208600685000419617e-02
-5.808409303426742554e-02
-9.895914047956466675e-02
2.820473909378051758e-01
1.242891401052474976e-01
6.194318644702434540e-03
-4.181771874427795410e-01
-9.668610990047454834e-02
-2.430012822151184082e-02
7.865964621305465698e-02
6.436508893966674805e-01
-1.044807434082031250e-01
-7.074868679046630859e-02
2.069322913885116577e-01
2.356388233602046967e-02
-7.075491547584533691e-02
-4.024243652820587158e-01
2.590518072247505188e-02
1.508411616086959839e-01
5.997470766305923462e-02
1.464360058307647705e-01
-2.159236073493957520e-01
9.520605951547622681e-02
-2.274990547448396683e-04
