7.804341316223144531e-01
-3.700977563858032227e-01
-2.458756417036056519e-01
1.218505501747131348e-01
-4.854266047477722168e-01
5.703985095024108887e-01
-2.488916367292404175e-01
2.395521253347396851e-01
4.462725222110748291e-01
-9.932844638824462891e-01
2.487941458821296692e-02
2.735758125782012939e-01
1.468588262796401978e-01
-2.981672808527946472e-02
4.012591391801834106e-02
-1.198499560356140137e+00
-1.618276350200176239e-02
2.159260213375091553e-02
5.285408496856689453e-01
9.925674796104431152e-01
-8.453620225191116333e-02
-1.400002002716064453e+00
5.423111375421285629e-03
-3.761661946773529053e-01
5.127524957060813904e-02
-6.001327037811279297e-01
1.135812476277351379e-01
1.084585785865783691e+00
-3.038367331027984619e-01
5.273825526237487793e-01
-4.282487556338310242e-03
1.458804458379745483e-01
3.264998197555541992e-01
-2.800618112087249756e-01
-4.893704056739807129e-01
-9.706343412399291992e-01
7.583805322647094727e-01
6.369343996047973633e-01
4.955112636089324951e-01
1.262714117765426636e-01
1.049370288848876953e+00
-8.585195541381835938e-01
8.789491653442382812e-01
-4.339214861392974854e-01
-4.839963018894195557e-01
4.395813047885894775e-01
-6.443079710006713867e-01
1.052993416786193848e+00
-5.839762687683105469e-01
1.150948703289031982e-01
-6.273786425590515137e-01
-2.338949739933013916e-01
6.903412938117980957e-01
-9.529022574424743652e-01
1.154409885406494141e+00
3.423742949962615967e-02
1.991351395845413208e-01
-6.183781623840332031e-01
1.325272321701049805e+00
7.636027336120605469e-01
4.612764716148376465e-01
-4.507129192352294922e-01
7.102290540933609009e-02
5.784689914435148239e-03
-3.947071731090545654e-02
3.169365525245666504e-01
-3.989078849554061890e-02
1.026076436042785645e+00
-4.500659108161926270e-01
-5.919647812843322754e-01
-3.870078921318054199e-02
-2.370952367782592773e-01
3.607603013515472412e-01
-1.149022936820983887e+00
1.518862098455429077e-01
1.403653174638748169e-01
3.286117017269134521e-01
2.950485423207283020e-02
2.405406534671783447e-01
6.000049710273742676e-01
-1.854469180107116699e-01
-2.825956642627716064e-01
-2.495307624340057373e-01
-5.203842520713806152e-01
6.392165422439575195e-01
-2.220320701599121094e-01
-1.161218509078025818e-01
4.790824055671691895e-01
-1.925693303346633911e-01
-2.648398578166961670e-01
6.643581986427307129e-01
2.300879061222076416e-01
2.663985788822174072e-01
-2.963594496250152588e-01
-2.125788033008575439e-01
-4.838458001613616943e-01
3.707928657531738281e-01
5.034547448158264160e-01
-3.985111117362976074e-01
-2.782439887523651123e-01
-6.180691719055175781e-02
1.526579856872558594e-01
4.619498848915100098e-01
2.702339291572570801e-01
-4.320113062858581543e-01
-1.127667278051376343e-01
2.343191951513290405e-01
-1.988942623138427734e-01
4.207427613437175751e-03
1.234086602926254272e-01
-1.328470110893249512e-01
1.079788897186517715e-02
2.158514410257339478e-01
3.519536852836608887e-01
1.818093806505203247e-01
1.784291267395019531e-01
-3.524647653102874756e-01
1.560693532228469849e-01
-3.623382151126861572e-01
-5.032626390457153320e-01
-3.137968480587005615e-01
2.018652111291885376e-01
2.873185575008392334e-01
9.320065379142761230e-02
1.450023353099822998e-01
-1.335774511098861694e-01
-1.620254814624786377e-01
-1.391537580639123917e-02
2.471783310174942017e-01
-1.251500695943832397e-01
2.517292834818363190e-02
8.193330466747283936e-02
-9.349954128265380859e-02
-2.052990347146987915e-01
6.496061384677886963e-02
9.590721875429153442e-02
-5.148602128028869629e-01
1.545566469430923462e-01
8.686099946498870850e-02
-3.444927632808685303e-01
-8.161547780036926270e-01
5.315074324607849121e-01
-5.574976094067096710e-03
7.441118955612182617e-01
1.347344666719436646e-01
-1.193659380078315735e-01
-2.080910839140415192e-02
1.180022140033543110e-03
1.049869135022163391e-01
7.066076993942260742e-01
-1.343128681182861328e-01
8.800099045038223267e-02
8.078575730323791504e-01
2.453921586275100708e-01
-1.078388690948486328e-01
2.608916461467742920e-01
-8.258292078971862793e-01
-2.822114825248718262e-01
5.339770764112472534e-02
-8.845412135124206543e-01
-7.348657250404357910e-01
1.405366510152816772e-01
2.876325845718383789e-01
9.038975834846496582e-01
-1.349300861358642578e+00
4.979810416698455811e-01
-2.011997550725936890e-01
-4.338214397430419922e-01
-2.481189966201782227e-01
-2.267297357320785522e-01
-1.287463426589965820e+00
-9.305595755577087402e-01
-4.345863461494445801e-01
3.848841488361358643e-01
2.540991604328155518e-01
1.436677336692810059e+00
-6.128588914871215820e-01
-6.519211083650588989e-02
-7.207696884870529175e-02
-2.837979197502136230e-01
-1.708193123340606689e-01
2.467822842299938202e-02
-6.366995573043823242e-01
-2.696905434131622314e-01
3.604509532451629639e-01
-7.299382984638214111e-02
6.151669621467590332e-01
1.926995664834976196e-01
3.987796232104301453e-02
1.429488807916641235e-01
1.448556631803512573e-01
2.264552563428878784e-01
-2.518345415592193604e-02
-2.942648231983184814e-01
-4.252938330173492432e-01
-7.303579449653625488e-01
6.334722042083740234e-01
2.211704254150390625e-01
9.201913326978683472e-02
-1.044104173779487610e-01
4.282672405242919922e-01
-4.853931963443756104e-01
4.882853329181671143e-01
-2.447143942117691040e-02
-7.900315523147583008e-02
3.162194788455963135e-01
-2.999889552593231201e-01
1.814721077680587769e-01
-1.608197540044784546e-01
5.223573744297027588e-02
-2.643791437149047852e-01
-2.435559630393981934e-01
-3.508125990629196167e-02
-1.911458075046539307e-01
4.636350274085998535e-01
4.363213181495666504e-01
-1.545299887657165527e-01
-4.872311055660247803e-01
2.745703160762786865e-01
4.060726165771484375e-01
-3.338601291179656982e-01
1.766564399003982544e-01
-7.749184966087341309e-02
-2.923932075500488281e-01
-3.556164205074310303e-01
-1.374430656433105469e-01
-1.704582422971725464e-01
2.441778779029846191e-01
-1.134512349963188171e-01
6.219403147697448730e-01
-7.552498579025268555e-01
-2.720513045787811279e-01
4.676318168640136719e-01
8.180981874465942383e-02
3.356553241610527039e-02
2.018539607524871826e-01
-2.177869528532028198e-01
-1.518140435218811035e-01
9.558891505002975464e-02
8.219028823077678680e-03
-8.333048224449157715e-02
-8.798681944608688354e-02
9.672766178846359253e-02
5.159219503402709961e-01
-4.579307511448860168e-02
2.262120544910430908e-01
-2.976521551609039307e-01
-8.099194169044494629e-01
-1.052196100354194641e-01
7.403016090393066406e-01
2.484693191945552826e-02
-2.606648504734039307e-01
-3.479743599891662598e-01
6.997233033180236816e-01
1.969615966081619263e-01
1.836837679147720337e-01
-3.860299289226531982e-01
-1.737572550773620605e-01
2.952837646007537842e-01
8.691637217998504639e-02
5.491402745246887207e-01
-8.988021314144134521e-02
-2.648876607418060303e-01
-6.503454446792602539e-01
-3.611286282539367676e-01
-5.702091380953788757e-02
-4.229347780346870422e-02
6.758328080177307129e-01
2.198547683656215668e-02
2.003950998187065125e-03
-3.725056350231170654e-01
-4.326602444052696228e-02
4.712886214256286621e-01
-5.916393399238586426e-01
-2.437379062175750732e-01
-1.108767688274383545e-01
4.233812987804412842e-01
-1.708661466836929321e-01
1.512407064437866211e-01
1.132095530629158020e-01
1.614535450935363770e-01
3.551849126815795898e-01
1.411264240741729736e-01
2.344484925270080566e-01
2.609830535948276520e-02
-7.135079503059387207e-01
1.615124344825744629e-01
5.879725217819213867e-01
3.796706497669219971e-01
-3.148865401744842529e-01
2.607983537018299103e-02
2.457713037729263306e-01
1.257472187280654907e-01
-3.881060183048248291e-01
-1.068044528365135193e-01
-3.087200224399566650e-01
5.754102393984794617e-02
4.775179624557495117e-01
-8.919198513031005859e-01
1.844796091318130493e-01
-5.290751159191131592e-02
2.527243085205554962e-02
4.611897766590118408e-01
-8.271234482526779175e-02
-6.722278147935867310e-02
-2.790392339229583740e-01
-3.829984366893768311e-01
9.888968467712402344e-01
-1.242562979459762573e-01
-1.922609843313694000e-02
-3.874422609806060791e-02
7.721272110939025879e-02
1.330932855606079102e+00
-9.565417170524597168e-01
8.106540441513061523e-01
-2.917225658893585205e-01
-2.163733094930648804e-01
2.038871496915817261e-01
2.679781988263130188e-02
1.282739043235778809e-01
-2.940550213679671288e-03
-6.123380735516548157e-02
2.254509329795837402e-01
-1.313142478466033936e-01
-2.855480313301086426e-01
4.960099235177040100e-02
-3.384929299354553223e-01
2.496032267808914185e-01
-2.196845263242721558e-01
1.844978332519531250e-01
-2.683285176753997803e-01
-1.393421441316604614e-01
5.892530083656311035e-01
-4.580834135413169861e-02
2.244956642389297485e-01
1.008192300796508789e-01
-3.258453607559204102e-01
-4.183900058269500732e-01
2.850029170513153076e-01
2.613916434347629547e-02
3.713436424732208252e-01
-4.211496412754058838e-01
-4.773988947272300720e-02
7.229755073785781860e-02
-1.183750480413436890e-01
3.624511957168579102e-01
-2.694171965122222900e-01
-2.839168608188629150e-01
-2.988761365413665771e-01
7.288779616355895996e-01
-2.962208390235900879e-01
-2.229096442461013794e-01
8.177043497562408447e-02
3.791430890560150146e-01
3.614646494388580322e-01
5.268429517745971680e-01
2.413144260644912720e-01
-1.330274581909179688e+00
1.005586743354797363e+00
6.228435635566711426e-01
1.052859202027320862e-01
-4.841702282428741455e-01
3.704006671905517578e-01
2.128175199031829834e-01
4.166818782687187195e-02
3.806673884391784668e-01
-2.901372611522674561e-01
-6.711670011281967163e-02
-1.438506394624710083e-01
1.166641861200332642e-01
-3.611230552196502686e-01
-3.308352231979370117e-01
-2.305025607347488403e-02
-5.687726289033889771e-02
3.815062642097473145e-01
3.913738727569580078e-01
-4.353554248809814453e-01
-2.911444604396820068e-01
4.990343153476715088e-01
2.241843044757843018e-01
-5.859392881393432617e-01
2.390339225530624390e-01
-2.576405107975006104e-01
2.554513216018676758e-01
9.516674280166625977e-02
-3.261418342590332031e-01
5.484266877174377441e-01
4.130582790821790695e-03
3.098321557044982910e-01
-4.492509067058563232e-01
1.223993152379989624e-01
4.475924372673034668e-01
-4.075333774089813232e-01
-3.897238969802856445e-01
-2.762570679187774658e-01
-2.177358418703079224e-01
-2.533952295780181885e-01
7.015460133552551270e-01
-4.416161179542541504e-01
-4.393422603607177734e-01
3.593638837337493896e-01
-2.642314136028289795e-01
-9.032685309648513794e-02
-3.633582592010498047e-01
3.069806396961212158e-01
-1.687586754560470581e-01
4.221012443304061890e-02
5.932132005691528320e-01
2.919967770576477051e-01
-8.336740732192993164e-01
2.295190244913101196e-01
4.016067385673522949e-01
7.725554704666137695e-02
-9.151107072830200195e-01
2.756230533123016357e-02
-5.565629899501800537e-02
2.237448245286941528e-01
4.959337413311004639e-01
-4.963159188628196716e-02
2.655903398990631104e-01
-3.962390720844268799e-01
3.318506479263305664e-01
8.320443332195281982e-02
9.216939210891723633e-01
3.757755756378173828e-01
3.220888078212738037e-01
-7.042771577835083008e-02
-1.051134347915649414e+00
1.606212258338928223e-01
1.184736967086791992e+00
3.035044670104980469e-01
-7.215899974107742310e-02
-8.668189644813537598e-01
8.621219396591186523e-01
8.922157436609268188e-02
-1.067996770143508911e-01
1.328004598617553711e-01
-4.443756937980651855e-01
5.224141478538513184e-01
1.477190405130386353e-01
-2.920904159545898438e-01
3.934697806835174561e-01
-3.838178515434265137e-01
3.788577020168304443e-02
3.404779732227325439e-01
-1.727613359689712524e-01
-2.949520014226436615e-02
1.751951128244400024e-01
-6.827495247125625610e-02
-6.864612102508544922e-01
8.675495982170104980e-01
3.877887427806854248e-01
1.929217278957366943e-01
-3.915071189403533936e-01
1.190858334302902222e-01
-6.958660203963518143e-03
4.392349720001220703e-02
4.766831994056701660e-01
-7.879369705915451050e-02
-2.402541041374206543e-01
5.823880434036254883e-01
-1.842842847108840942e-01
2.966490983963012695e-01
-1.994272023439407349e-01
-2.354730516672134399e-01
4.340880513191223145e-01
-4.313441812992095947e-01
3.532817959785461426e-01
3.428492546081542969e-01
2.310918718576431274e-01
8.710512891411781311e-03
-4.384959936141967773e-01
2.859590053558349609e-01
4.924744963645935059e-01
5.209566354751586914e-01
7.045481204986572266e-01
-8.194987773895263672e-01
-4.742916673421859741e-02
1.304937899112701416e-01
-3.115182816982269287e-01
1.412427872419357300e-01
-1.381982803344726562e+00
-4.641000926494598389e-02
-3.648253977298736572e-01
-4.926636219024658203e-01
5.678524971008300781e-01
-1.201528310775756836e+00
8.431007266044616699e-01
1.459171772003173828e+00
2.173429965972900391e+00
-1.756742447614669800e-01
-7.185658216476440430e-01
6.770277619361877441e-01
8.500992059707641602e-01
9.456269145011901855e-01
9.444270730018615723e-01
-8.615895509719848633e-01
-4.029437899589538574e-01
1.459000408649444580e-01
-7.123092412948608398e-01
-3.470787703990936279e-01
-1.344611346721649170e-01
-3.246577084064483643e-01
-2.566545307636260986e-01
-4.605770707130432129e-01
2.422143705189228058e-02
-5.283196642994880676e-02
-7.651552557945251465e-02
2.667268514633178711e-01
-7.755746841430664062e-01
1.230588462203741074e-02
-1.757332563400268555e+00
-5.210784673690795898e-01
2.033903896808624268e-01
1.300421953201293945e-01
-7.329505681991577148e-01
-2.419243603944778442e-01
3.043656647205352783e-01
-7.680782079696655273e-01
-5.934973433613777161e-02
-5.548941493034362793e-01
9.695404767990112305e-02
-7.214081287384033203e-02
1.478394567966461182e-01
3.654966354370117188e-01
-1.925780475139617920e-01
4.972861409187316895e-01
-3.024943470954895020e-01
-2.741691172122955322e-01
-1.597483903169631958e-01
-5.891606677323579788e-03
-7.074306905269622803e-02
-2.512310743331909180e-01
-5.905408263206481934e-01
-4.332040548324584961e-01
-5.778509974479675293e-01
4.484787583351135254e-01
-2.143380418419837952e-02
-2.663205564022064209e-01
5.263636708259582520e-01
1.073167845606803894e-01
-1.740187287330627441e+00
6.479561328887939453e-01
-3.393031656742095947e-01
-8.860325217247009277e-01
5.771826505661010742e-01
-7.022728919982910156e-01
3.419176936149597168e-01
5.974231362342834473e-01
5.541322231292724609e-01
-3.637601137161254883e-01
-4.951154291629791260e-01
1.152460873126983643e-01
1.474720090627670288e-01
2.439656704664230347e-01
2.425862103700637817e-01
3.368611261248588562e-02
-2.445058822631835938e-01
3.019517958164215088e-01
-1.405727148056030273e+00
-2.866265773773193359e-01
-4.253225624561309814e-01
7.867500185966491699e-02
-6.252964735031127930e-01
-4.663009345531463623e-01
1.970165222883224487e-02
-2.920393943786621094e-01
5.407065153121948242e-02
3.212280943989753723e-02
-3.214741647243499756e-01
-1.780036240816116333e-01
-7.559681534767150879e-01
8.340337313711643219e-03
-5.335964262485504150e-03
1.324742436408996582e-01
9.755681455135345459e-02
-2.384487092494964600e-01
-1.507207304239273071e-01
1.675563156604766846e-01
-2.227381020784378052e-01
5.789166092872619629e-01
2.305388823151588440e-02
5.528087019920349121e-01
8.363068103790283203e-01
-2.364598773419857025e-02
7.010509818792343140e-02
-2.363342195749282837e-01
1.609168350696563721e-01
1.124302297830581665e-01
1.943401545286178589e-01
2.127301543951034546e-01
7.300326228141784668e-01
8.866271376609802246e-01
7.315669208765029907e-02
3.107292205095291138e-02
2.928529083728790283e-01
4.425988346338272095e-02
6.649555563926696777e-01
1.440810319036245346e-02
2.209438085556030273e-01
1.268597543239593506e-01
6.772285699844360352e-02
9.630441069602966309e-01
5.302352905273437500e-01
1.125937819480895996e+00
-3.415350615978240967e-01
2.367846220731735229e-01
5.336613953113555908e-02
-2.292488813400268555e-01
2.144729904830455780e-02
-5.285030007362365723e-01
4.575931727886199951e-01
2.682681195437908173e-02
1.120741385966539383e-02
-8.146810531616210938e-02
1.180983707308769226e-01
2.747068405151367188e-01
-1.192877143621444702e-01
6.702257692813873291e-02
2.522126138210296631e-01
1.465970575809478760e-01
-1.192738533020019531e+00
1.890530109405517578e+00
-1.735641658306121826e-01
-1.658296287059783936e-01
4.594863057136535645e-01
-2.916685044765472412e-01
5.378990173339843750e-01
4.401853382587432861e-01
5.032413005828857422e-01
3.973035141825675964e-02
-5.718234181404113770e-01
6.536974310874938965e-01
2.595585286617279053e-01
2.608163952827453613e-01
3.244645893573760986e-01
-3.271554112434387207e-01
-6.893695592880249023e-01
1.769500784575939178e-02
-6.481841802597045898e-01
4.813015460968017578e-01
3.263468146324157715e-01
-1.720960587263107300e-01
4.969002008438110352e-01
-2.738723345100879669e-02
-2.284497395157814026e-02
-2.085776627063751221e-01
1.005780622363090515e-01
-3.696665465831756592e-01
-2.574331462383270264e-01
5.741856992244720459e-02
3.237342238426208496e-01
-2.979587614536285400e-01
-2.009411901235580444e-01
-2.781145274639129639e-01
-2.341455519199371338e-01
1.221167668700218201e-02
1.207158923149108887e+00
-1.128182932734489441e-01
1.520454734563827515e-01
7.714450359344482422e-02
-2.352521866559982300e-01
1.972021460533142090e-01
-8.608115911483764648e-01
-1.066921353340148926e+00
2.297557741403579712e-01
-4.112520217895507812e-01
4.833098053932189941e-01
5.760852694511413574e-01
3.395173251628875732e-01
8.733854442834854126e-02
-2.283827587962150574e-02
4.899035990238189697e-01
6.675941944122314453e-01
8.951774239540100098e-01
6.681224107742309570e-01
-9.742618799209594727e-01
3.894912078976631165e-02
4.442297816276550293e-01
-8.395132422447204590e-01
1.085333377122879028e-01
1.559600472450256348e+00
-3.747146129608154297e-01
1.559287756681442261e-01
3.512747287750244141e-01
-6.465146541595458984e-01
5.344069600105285645e-01
-4.523339271545410156e-01
-9.001377820968627930e-01
-2.220091521739959717e-01
9.552749246358871460e-02
3.628025650978088379e-01
-4.409053325653076172e-01
-5.521425604820251465e-01
-6.424148082733154297e-01
-6.326091289520263672e-01
6.879666447639465332e-01
3.768467307090759277e-01
6.961048580706119537e-03
7.635350227355957031e-01
-3.698761463165283203e-01
-1.198820948600769043e+00
4.581021368503570557e-01
-2.585430145263671875e-01
-9.813244342803955078e-01
1.892271041870117188e+00
-3.294474780559539795e-01
5.863327383995056152e-01
4.495236873626708984e-01
-2.127402275800704956e-02
-5.064983963966369629e-01
-1.307169348001480103e-01
9.393630921840667725e-02
4.001222252845764160e-01
3.863676786422729492e-01
3.312764465808868408e-01
-3.877328634262084961e-01
-1.430498659610748291e-01
3.909038007259368896e-01
-8.488553166389465332e-01
7.794719934463500977e-01
-5.522045493125915527e-02
-2.310664206743240356e-01
-2.658487260341644287e-01
-1.070854440331459045e-01
3.372867107391357422e-01
-1.397271603345870972e-01
4.391488060355186462e-02
-3.607755154371261597e-02
-7.031742334365844727e-01
3.066030144691467285e-02
-2.216197736561298370e-02
1.485243998467922211e-02
9.567175060510635376e-03
2.290423512458801270e-01
1.107448711991310120e-01
2.390233427286148071e-01
1.048276185989379883e+00
7.221406698226928711e-01
-1.663129329681396484e-01
1.986514180898666382e-01
1.584062933921813965e+00
4.969995841383934021e-02
5.195172429084777832e-01
-8.166673183441162109e-01
-5.394195765256881714e-02
4.772914946079254150e-01
-1.602450460195541382e-01
-5.029542446136474609e-01
-3.246169686317443848e-01
6.204147338867187500e-01
7.684469223022460938e-01
-1.456983536481857300e-01
-5.489786267280578613e-01
-9.610766768455505371e-01
-1.805321574211120605e-01
9.437078833580017090e-01
6.530014872550964355e-01
-7.968156933784484863e-01
8.294035792350769043e-01
-4.578689038753509521e-01
-2.275259345769882202e-01
7.327916026115417480e-01
-6.929235905408859253e-02
-1.198930516839027405e-01
1.101264283061027527e-01
-1.045878827571868896e-01
1.548366993665695190e-01
-2.023430615663528442e-01
-1.206031665205955505e-01
-5.475758910179138184e-01
1.193912178277969360e-01
-3.570050746202468872e-02
4.022135138511657715e-01
1.214023977518081665e-01
8.160622417926788330e-02
1.730668842792510986e-01
-3.598999679088592529e-01
-5.951384305953979492e-01
-3.499318286776542664e-02
-2.728511989116668701e-01
-4.093107283115386963e-01
2.218028753995895386e-01
-1.996448338031768799e-01
-1.069743514060974121e+00
2.142690820619463921e-03
-5.425103902816772461e-01
1.725998818874359131e-01
3.241725564002990723e-01
-8.019749820232391357e-02
-4.400251209735870361e-01
-2.442048192024230957e-01
2.980031073093414307e-01
4.833816587924957275e-01
7.032843232154846191e-01
4.306878745555877686e-01
-4.928373992443084717e-01
-5.706786736845970154e-02
2.284038811922073364e-02
-3.814651966094970703e-01
1.302490979433059692e-01
1.300252437591552734e+00
-1.586621552705764771e-01
6.377266645431518555e-01
2.389166206121444702e-01
-9.679188728332519531e-01
4.268547296524047852e-01
-1.871791332960128784e-01
-6.900038719177246094e-01
-1.362306326627731323e-01
1.021002903580665588e-01
4.720391631126403809e-01
-2.833890914916992188e-01
-4.269787967205047607e-01
-9.465941786766052246e-01
-3.094000518321990967e-01
1.017040252685546875e+00
2.181232869625091553e-01
-1.210071817040443420e-01
1.014893889427185059e+00
-1.819199323654174805e+00
-7.863049209117889404e-02
1.118074804544448853e-01
-1.378411352634429932e-01
-1.487629860639572144e-01
-1.627811640501022339e-01
-1.593445688486099243e-01
5.176711082458496094e-02
6.017114520072937012e-01
2.956155836582183838e-01
6.683660298585891724e-02
-1.883018463850021362e-01
2.313687950372695923e-01
2.446096763014793396e-02
3.250686824321746826e-01
1.446774322539567947e-02
-2.981784641742706299e-01
-8.125945925712585449e-01
1.643841862678527832e-01
-3.395096063613891602e-01
4.005230367183685303e-01
-1.858350783586502075e-01
-7.148042321205139160e-01
2.254971414804458618e-01
1.735405683517456055e+00
-1.283023953437805176e+00
2.360413037240505219e-02
-3.346448540687561035e-01
1.331535577774047852e-01
7.887079119682312012e-01
4.882014691829681396e-01
1.721911877393722534e-01
-1.794779896736145020e-01
-5.311551690101623535e-01
-4.976291954517364502e-01
-3.232077956199645996e-01
-7.845883816480636597e-02
2.614962756633758545e-01
-4.391690492630004883e-01
7.070552557706832886e-02
-6.961064785718917847e-02
7.882591336965560913e-03
7.383080720901489258e-01
7.250740528106689453e-01
9.557406604290008545e-02
8.425571024417877197e-02
-1.042437627911567688e-01
-2.567428052425384521e-01
3.015926852822303772e-02
3.080174624919891357e-01
-8.238324522972106934e-01
1.853276491165161133e-01
6.773316860198974609e-01
3.110583126544952393e-02
-1.933820396661758423e-01
5.183537676930427551e-02
2.999560236930847168e-01
2.317852675914764404e-01
-8.114699125289916992e-01
-7.987090200185775757e-02
9.243949055671691895e-01
-1.892432421445846558e-01
-2.877629101276397705e-01
4.229227602481842041e-01
4.424858391284942627e-01
-1.014152318239212036e-01
5.088467150926589966e-02
4.915652275085449219e-01
-7.948073744773864746e-02
6.482914686203002930e-01
-2.323884516954421997e-01
6.701146960258483887e-01
3.899996876716613770e-01
-2.400059998035430908e-01
5.955303832888603210e-02
2.648916244506835938e-01
-5.373114347457885742e-01
2.345008999109268188e-01
-6.926909685134887695e-01
4.061707109212875366e-02
-4.463910125195980072e-03
6.660363674163818359e-01
-4.773652926087379456e-02
-1.591147780418395996e-01
4.563548564910888672e-01
-1.326502442359924316e+00
-2.082317620515823364e-01
-9.989107400178909302e-02
-4.078118801116943359e-01
3.612950444221496582e-01
-3.812895156443119049e-03
1.208164840936660767e-01
2.032976746559143066e-01
2.809325046837329865e-02
3.114514350891113281e-01
2.158123105764389038e-01
1.046588122844696045e-01
9.293168783187866211e-02
6.964155472815036774e-03
-4.145335853099822998e-01
1.392920613288879395e-01
5.323185324668884277e-01
-4.804598093032836914e-01
5.240067839622497559e-01
6.766334772109985352e-01
-7.623059153556823730e-01
1.623503416776657104e-01
4.927148520946502686e-01
-2.306409180164337158e-01
8.180572390556335449e-01
-2.586138546466827393e-01
9.660774841904640198e-03
6.908319890499114990e-02
1.427180916070938110e-01
4.702892899513244629e-01
5.852907299995422363e-01
-4.732392728328704834e-02
-3.683870732784271240e-01
-1.885306537151336670e-01
5.101192370057106018e-02
2.711649425327777863e-02
6.758579611778259277e-01
1.159555464982986450e-01
1.745534837245941162e-01
3.703949451446533203e-01
-2.532103359699249268e-01
-3.757606744766235352e-01
5.816639587283134460e-02
-5.386381745338439941e-01
3.262233436107635498e-01
2.474884241819381714e-01
-8.721068501472473145e-02
-6.645819544792175293e-01
-1.946050524711608887e-01
1.034426316618919373e-01
2.694358490407466888e-02
1.694723367691040039e-01
1.460921764373779297e+00
-2.137208580970764160e-01
-1.121415734291076660e+00
-5.082288980484008789e-01
-1.389742270112037659e-02
-1.307417005300521851e-01
-2.030184864997863770e-01
-9.296311438083648682e-02
4.364316165447235107e-01
-9.907505661249160767e-02
-3.954663872718811035e-02
7.303652167320251465e-02
-2.047303766012191772e-01
1.962987333536148071e-01
-9.749791026115417480e-02
-5.167133808135986328e-01
3.613254800438880920e-02
3.256479203701019287e-01
-2.354302108287811279e-01
1.175020560622215271e-01
8.936357498168945312e-01
1.259884536266326904e-01
-5.021600723266601562e-01
-5.412936955690383911e-02
-8.200756907463073730e-01
3.560362383723258972e-02
1.532631665468215942e-01
-2.077212780714035034e-01
1.389870643615722656e-01
-3.863644003868103027e-01
3.062359392642974854e-01
-6.125159934163093567e-02
-3.301617503166198730e-01
-1.101126670837402344e-01
3.010072708129882812e-01
1.649140000343322754e+00
-9.375693649053573608e-02
-1.085533127188682556e-01
1.668485850095748901e-01
5.751162022352218628e-02
-1.282431364059448242e+00
4.766075313091278076e-02
-6.359400749206542969e-01
-4.297974109649658203e-01
-2.444707453250885010e-01
3.391762673854827881e-01
-3.838294446468353271e-01
-9.523100256919860840e-01
-3.381052911281585693e-01
8.294565230607986450e-02
-4.785580039024353027e-01
5.863378643989562988e-01
-1.172425746917724609e+00
4.725373983383178711e-01
-1.273995041847229004e-01
-2.383842468261718750e-01
6.382662057876586914e-01
-3.238888680934906006e-01
-7.380103468894958496e-01
7.775278091430664062e-01
1.249307543039321899e-01
3.200123608112335205e-01
-3.500670790672302246e-01
-5.063383653759956360e-02
1.551644057035446167e-01
-2.950241863727569580e-01
1.742251515388488770e-01
5.281894803047180176e-01
-7.883313298225402832e-02
1.431514415889978409e-02
2.005206942558288574e-01
-1.107815742492675781e+00
2.848512530326843262e-01
-3.759623765945434570e-01
2.583257257938385010e-01
4.748893380165100098e-01
-5.229822397232055664e-01
2.609630227088928223e-01
2.424699664115905762e-01
-7.335035204887390137e-01
-1.024212315678596497e-01
-6.249725222587585449e-01
4.363871179521083832e-03
-1.835144758224487305e-01
-6.093880534172058105e-01
-2.310522496700286865e-01
5.480001568794250488e-01
1.111872047185897827e-01
-3.249132335186004639e-01
4.730405285954475403e-02
1.135879680514335632e-01
3.467143177986145020e-01
-2.355922907590866089e-01
-2.006124407052993774e-01
-4.270264133810997009e-02
1.972205281257629395e+00
3.182840347290039062e-01
2.608277201652526855e-01
1.714818775653839111e-01
1.499164998531341553e-01
-2.451986074447631836e-01
-5.698812007904052734e-01
-7.008278369903564453e-01
5.556025542318820953e-03
-8.377901315689086914e-01
-2.598889470100402832e-01
4.030049219727516174e-02
8.782511949539184570e-02
1.589349627494812012e+00
2.043862454593181610e-02
-2.504390776157379150e-01
-5.839601755142211914e-01
3.323151767253875732e-01
3.164627254009246826e-01
9.210503101348876953e-02
1.205475687980651855e+00
-2.723608016967773438e-01
-2.942632734775543213e-01
-4.790403321385383606e-02
-1.545011848211288452e-01
-1.456127967685461044e-02
-4.020668268203735352e-01
-1.760761976242065430e+00
4.312072098255157471e-01
-1.465154439210891724e-01
-9.855058044195175171e-02
5.078969001770019531e-01
6.203184723854064941e-01
2.934946417808532715e-01
-1.740715205669403076e-01
1.861126124858856201e-01
-4.334430396556854248e-01
5.962229371070861816e-01
-2.733686864376068115e-01
3.912609815597534180e-01
2.027898877859115601e-01
-1.946727782487869263e-01
1.377368420362472534e-01
4.527509808540344238e-01
-4.159006476402282715e-01
-3.556092381477355957e-01
-4.041774570941925049e-01
1.132869422435760498e-01
3.032109327614307404e-02
1.488215476274490356e-01
-2.546062469482421875e-01
1.257544755935668945e-01
-1.547442972660064697e-01
3.284263908863067627e-01
-6.966075394302606583e-03
3.278885185718536377e-01
3.362767696380615234e-01
-5.242392420768737793e-02
-4.345261752605438232e-01
2.504682540893554688e-01
-2.818201065063476562e+00
1.258462071418762207e-01
-3.068312406539916992e-01
2.670371532440185547e-01
-2.072386145591735840e-01
-6.158626452088356018e-02
2.233051694929599762e-02
-4.350263476371765137e-01
1.720285862684249878e-01
2.208695560693740845e-01
-5.106617510318756104e-02
2.915898561477661133e-01
5.808183550834655762e-02
-6.662961095571517944e-02
2.167722284793853760e-01
1.505012661218643188e-01
-6.139743924140930176e-01
4.217776060104370117e-01
1.069797948002815247e-01
2.160349041223526001e-01
-2.525596618652343750e+00
-2.710197865962982178e-01
6.172921508550643921e-02
1.945186555385589600e-01
-2.635160088539123535e-02
7.192328572273254395e-01
-2.452484220266342163e-01
6.277624368667602539e-01
-5.105645060539245605e-01
3.661983609199523926e-01
3.837173581123352051e-01
-1.806869804859161377e-01
3.805433213710784912e-02
-1.332659721374511719e+00
-2.821559309959411621e-01
-3.984335362911224365e-01
6.393053568899631500e-03
-1.979286372661590576e-01
7.345280051231384277e-02
-2.247667461633682251e-01
2.893332839012145996e-01
-1.071663275361061096e-01
-1.793498545885086060e-01
-2.678132057189941406e-01
4.003904461860656738e-01
1.515644788742065430e-01
-2.837498784065246582e-01
-1.240425482392311096e-01
-3.014606535434722900e-01
-2.444486469030380249e-01
-2.251159399747848511e-02
-1.204251218587160110e-02
8.399806171655654907e-02
1.109182715415954590e+00
4.974741339683532715e-01
1.588083952665328979e-01
-7.713387608528137207e-01
3.284367918968200684e-02
-4.448271170258522034e-02
-1.455028951168060303e-01
5.131242871284484863e-01
-5.952043533325195312e-01
4.894625842571258545e-01
-1.166193373501300812e-02
-4.797007516026496887e-02
-2.294537276029586792e-01
-2.338930033147335052e-02
6.432631015777587891e-01
-1.721078455448150635e-01
6.574221849441528320e-01
1.131913438439369202e-01
-1.627278625965118408e-01
-6.150263920426368713e-02
-2.221907228231430054e-01
-7.118486762046813965e-01
8.080834150314331055e-02
-3.642368316650390625e-01
4.062596708536148071e-02
2.504547834396362305e-01
2.092633694410324097e-01
-2.685468196868896484e-01
-3.072599470615386963e-01
-7.535719275474548340e-01
1.311045736074447632e-01
-8.764488995075225830e-02
1.973569393157958984e-01
1.169275045394897461e+00
-9.203028082847595215e-01
-3.949068486690521240e-01
3.640578687191009521e-01
-7.792124152183532715e-02
2.478074431419372559e-01
9.549390077590942383e-01
-8.298882842063903809e-01
-3.313630819320678711e-02
2.188054919242858887e-01
-5.023122299462556839e-03
1.767027825117111206e-01
-1.108690947294235229e-01
3.234548121690750122e-02
-1.237896457314491272e-01
-1.008547469973564148e-01
5.052114129066467285e-01
4.345430731773376465e-01
-7.170625030994415283e-02
-2.969889640808105469e-01
-2.650197595357894897e-02
-4.623413980007171631e-01
4.114089533686637878e-02
2.991910696029663086e+00
-1.760334670543670654e-01
1.047124743461608887e+00
-2.768273837864398956e-02
1.843819208443164825e-02
-2.734325453639030457e-02
3.959818929433822632e-02
4.063896834850311279e-01
-2.020528763532638550e-01
6.960794329643249512e-02
4.953621625900268555e-01
-1.419384181499481201e-01
1.443817317485809326e-01
9.292652457952499390e-02
1.082454994320869446e-01
1.608144938945770264e-01
-7.532927989959716797e-01
-1.306718230247497559e+00
3.829059898853302002e-01
3.867665827274322510e-01
-6.495319772511720657e-03
-3.101433813571929932e-01
1.147407963871955872e-01
2.676444649696350098e-01
3.584725856781005859e-01
2.960045337677001953e-01
9.006328582763671875e-01
-3.378054797649383545e-01
8.016357570886611938e-02
-2.112671881914138794e-01
4.062132239341735840e-01
4.159901142120361328e-01
-3.876144289970397949e-01
5.559095740318298340e-01
5.298290848731994629e-01
-4.131528437137603760e-01
5.639847368001937866e-02
-8.559399098157882690e-02
2.311333566904067993e-01
1.373876482248306274e-01
-8.523659706115722656e-01
-1.136640757322311401e-01
1.323136836290359497e-01
-1.366981863975524902e-02
4.694975018501281738e-01
3.941739797592163086e-01
3.478748798370361328e-01
3.398452401161193848e-01
-1.354203373193740845e-01
-2.038211673498153687e-01
1.856646239757537842e-01
4.918289184570312500e-01
2.902708351612091064e-01
-5.972155332565307617e-01
-1.097093597054481506e-01
-7.677454967051744461e-03
-1.021475419402122498e-01
4.908588528633117676e-01
1.635689884424209595e-01
-1.295295655727386475e-01
-3.225540518760681152e-01
1.428566575050354004e-01
-1.222701743245124817e-01
-2.183706872165203094e-02
4.702346026897430420e-01
5.699453949928283691e-01
-1.451042741537094116e-01
-4.340460896492004395e-01
2.090402692556381226e-01
3.670862317085266113e-01
-1.746757477521896362e-01
9.951234608888626099e-02
-5.330143570899963379e-01
1.403270959854125977e+00
1.979546844959259033e-01
-2.501151859760284424e-01
-1.377858072519302368e-01
-2.199239563196897507e-03
5.634844303131103516e-01
-1.187130287289619446e-01
2.522319853305816650e-01
-1.599457859992980957e-02
4.101412743330001831e-02
2.023810446262359619e-01
-1.791110634803771973e-01
2.238845527172088623e-01
1.911722719669342041e-01
-2.051970511674880981e-01
5.491502285003662109e-01
1.231194958090782166e-01
-1.830844879150390625e-01
-2.138377577066421509e-01
1.082629933953285217e-01
-6.932962685823440552e-02
3.088656365871429443e-01
1.350152939558029175e-01
4.407249093055725098e-01
1.727017611265182495e-01
-4.525098502635955811e-01
-1.674544095993041992e+00
-1.173417270183563232e-01
-2.894498175010085106e-03
4.397901296615600586e-01
2.292080670595169067e-01
4.448636621236801147e-02
-7.458500564098358154e-02
4.972869902849197388e-02
-4.824760183691978455e-02
9.351719915866851807e-02
3.157673180103302002e-01
1.677708476781845093e-01
-4.460782408714294434e-01
4.562649726867675781e-01
-3.683167994022369385e-01
-6.323155760765075684e-01
3.667411804199218750e-01
3.566565811634063721e-01
1.829163730144500732e-01
-6.657271087169647217e-02
-2.463012188673019409e-01
4.730513691902160645e-02
-6.562430858612060547e-01
2.193174138665199280e-02
-6.124907732009887695e-02
1.997112855315208435e-02
-3.234401643276214600e-01
2.452839016914367676e-01
-8.835060596466064453e-01
5.873128771781921387e-02
6.556553244590759277e-01
-6.032277941703796387e-01
-2.857812866568565369e-02
-3.149305284023284912e-01
3.248040378093719482e-01
-2.041556537151336670e-01
1.257988717406988144e-02
2.843757867813110352e-01
2.133295685052871704e-01
-2.471199035644531250e-01
5.124427676200866699e-01
8.647429198026657104e-02
-4.268711507320404053e-01
1.171013265848159790e-01
2.492384910583496094e-01
2.812170796096324921e-02
1.183918789029121399e-01
1.369434833526611328e+00
-1.716995954513549805e+00
7.506830990314483643e-02
4.875093996524810791e-01
-1.010371968150138855e-01
-3.370106220245361328e-01
-1.460500508546829224e-01
2.960174083709716797e-01
1.419258564710617065e-01
1.241853713989257812e+00
2.954887151718139648e-01
-9.582621455192565918e-01
2.477291226387023926e-02
2.107760667800903320e+00
-1.850291341543197632e-01
1.866908818483352661e-01
7.497233897447586060e-02
-1.937392204999923706e-01
5.369962751865386963e-02
-3.935853540897369385e-01
1.040459498763084412e-01
9.031491279602050781e-01
-4.716194570064544678e-01
-2.655905783176422119e-01
4.039803147315979004e-01
9.220931529998779297e-01
-1.875603795051574707e-01
4.631308615207672119e-01
2.345268130302429199e-01
-3.395001888275146484e-01
-5.189049243927001953e-01
-8.219680935144424438e-02
-1.722755730152130127e-01
-4.469422101974487305e-01
-5.608271956443786621e-01
-2.875786423683166504e-01
5.952361971139907837e-02
-6.509576737880706787e-02
3.296873867511749268e-01
-2.358246892690658569e-01
-9.047914147377014160e-01
-2.096249818801879883e+00
-1.334418505430221558e-01
-7.330963760614395142e-02
4.100466147065162659e-02
-7.203257828950881958e-02
-6.747471541166305542e-02
1.502857506275177002e-01
-4.432158172130584717e-01
-1.724419891834259033e-01
-1.148738861083984375e-01
8.083407282829284668e-01
-6.134964823722839355e-01
-1.628754734992980957e-01
-1.068157255649566650e-01
7.136982679367065430e-02
2.836759984493255615e-01
-7.698365300893783569e-02
2.919946908950805664e-01
-2.305271774530410767e-01
2.014074921607971191e-01
2.902181744575500488e-01
1.524236053228378296e-01
8.153403997421264648e-01
-6.099616885185241699e-01
1.441238075494766235e-01
1.088081747293472290e-01
6.513608694076538086e-01
-3.430539071559906006e-01
3.634421229362487793e-01
-1.235598176717758179e-01
3.374416232109069824e-01
-6.266912817955017090e-01
1.218219995498657227e+00
3.085983917117118835e-02
4.045355319976806641e-01
-1.423290073871612549e-01
-1.948813498020172119e-01
4.476999640464782715e-01
-5.414340496063232422e-01
4.168084859848022461e-01
3.205114901065826416e-01
-4.318693280220031738e-01
2.664063274860382080e-01
-5.520678684115409851e-02
2.299332469701766968e-01
-3.221597373485565186e-01
6.041333079338073730e-01
3.110555112361907959e-01
-1.894051209092140198e-02
-9.855969995260238647e-02
4.317880794405937195e-02
-1.142749786376953125e+00
5.118321776390075684e-01
4.876010119915008545e-02
6.095227003097534180e-01
-8.768376708030700684e-02
-2.369398027658462524e-01
-2.484769970178604126e-01
6.292162090539932251e-02
-1.680929064750671387e-01
9.835651516914367676e-01
-2.381646782159805298e-01
-3.444912433624267578e-01
6.679930090904235840e-01
4.948690831661224365e-01
-1.232395395636558533e-01
4.127598702907562256e-01
1.208955347537994385e-01
-5.688236281275749207e-02
-2.916947305202484131e-01
-1.091850280761718750e+00
1.065200269222259521e-01
-5.562487244606018066e-01
1.261089742183685303e-01
7.605841010808944702e-02
-1.171003654599189758e-01
-2.491620033979415894e-01
-1.153699830174446106e-01
-1.194902732968330383e-01
-2.870548367500305176e-01
7.378062009811401367e-01
-3.692443016916513443e-03
-2.194168418645858765e-01
4.699689447879791260e-01
2.308018803596496582e-01
6.813300400972366333e-02
6.172345280647277832e-01
-9.727607667446136475e-02
7.954111695289611816e-02
-3.940537869930267334e-01
4.822874069213867188e-01
-4.716741740703582764e-01
-1.180236563086509705e-01
-4.569233395159244537e-03
-4.895903468132019043e-01
-8.051067590713500977e-02
-3.123736679553985596e-01
-1.017892137169837952e-01
9.340418130159378052e-02
-3.149996101856231689e-01
8.195438235998153687e-02
5.270687118172645569e-02
1.277095079421997070e-01
8.454244136810302734e-01
-1.924026012420654297e-01
2.748367786407470703e-01
-1.693575978279113770e-01
-1.742176711559295654e-01
3.593740463256835938e-01
4.835218191146850586e-02
-2.717138528823852539e-01
-2.082249149680137634e-03
-1.871520280838012695e-01
-2.330575585365295410e-01
3.878144314512610435e-03
1.889331825077533722e-02
-5.034669041633605957e-01
1.681929230690002441e-01
-2.849363386631011963e-01
-8.770657777786254883e-01
8.903864026069641113e-01
-5.158206820487976074e-01
-6.035373732447624207e-02
2.591230571269989014e-01
3.611726164817810059e-01
-1.842150390148162842e-01
1.044390350580215454e-02
-1.699547320604324341e-01
-2.992457449436187744e-01
-3.643878400325775146e-01
-9.064494818449020386e-02
1.229671463370323181e-01
-2.569406330585479736e-01
-1.731336116790771484e-01
-3.869683295488357544e-02
-2.604560256004333496e-01
-4.534144103527069092e-01
3.056813403964042664e-02
-2.719556987285614014e-01
-9.166018366813659668e-01
8.974418640136718750e-01
-1.000174209475517273e-01
-1.467303514480590820e+00
5.271257162094116211e-01
2.128126770257949829e-01
2.119265347719192505e-01
1.205481216311454773e-01
-4.009335488080978394e-02
-6.486034393310546875e-01
-1.027634665369987488e-01
4.932307600975036621e-01
-2.465055324137210846e-02
-1.769414097070693970e-01
-8.401084691286087036e-02
4.168850183486938477e-02
2.980058491230010986e-01
-1.094360113143920898e+00
5.032764002680778503e-02
-7.398283481597900391e-02
-9.057821631431579590e-01
3.961176574230194092e-01
-3.177947998046875000e-01
-6.565207242965698242e-02
3.665870130062103271e-01
2.600904107093811035e-01
-2.385729104280471802e-01
-2.794001810252666473e-02
-3.997479751706123352e-02
-2.585409879684448242e-01
-3.890517354011535645e-01
9.804377704858779907e-02
1.983668059110641479e-01
4.847695529460906982e-01
5.856165289878845215e-01
2.133371680974960327e-02
-5.902045369148254395e-01
2.424387335777282715e-01
-8.769205957651138306e-02
1.810983270406723022e-01
-1.909306496381759644e-01
4.282443597912788391e-02
4.499567151069641113e-01
1.980453431606292725e-01
-2.750287652015686035e-01
2.179621346294879913e-02
1.524167805910110474e-01
7.445044070482254028e-02
5.828307867050170898e-01
-4.180710762739181519e-02
8.155484497547149658e-02
5.806961283087730408e-02
4.158934950828552246e-02
-6.210359334945678711e-01
-2.632841095328330994e-02
-5.623877644538879395e-01
5.216126441955566406e-01
7.291857600212097168e-01
-1.712740808725357056e-01
3.484944999217987061e-01
4.967143833637237549e-01
-8.387048244476318359e-01
2.685171365737915039e-01
1.148664236068725586e+00
-2.317070215940475464e-01
-3.096125721931457520e-01
-3.340856432914733887e-01
2.048015594482421875e-01
-1.349361389875411987e-01
3.452574610710144043e-01
4.699078500270843506e-01
3.871109485626220703e-01
-2.925169467926025391e-01
-2.599068284034729004e-01
1.074586153030395508e+00
-2.734389305114746094e-01
3.807595372200012207e-02
2.469666302204132080e-01
-5.869250893592834473e-01
2.190320044755935669e-01
1.324295997619628906e-01
-6.795520335435867310e-02
3.148150146007537842e-01
3.090536296367645264e-01
-1.190055847167968750e+00
-9.648851305246353149e-02
-2.081755995750427246e-01
2.410604059696197510e-01
2.897317111492156982e-01
-1.001887954771518707e-02
9.628375619649887085e-02
6.160671710968017578e-01
9.618196636438369751e-02
-2.373650074005126953e-01
3.614186942577362061e-01
9.583445638418197632e-02
-1.273082941770553589e-01
2.641128003597259521e-01
7.038466283120214939e-04
2.146204560995101929e-01
5.325179696083068848e-01
8.303669691085815430e-01
3.140272200107574463e-01
1.360236853361129761e-01
-3.073419630527496338e-01
-1.219216063618659973e-01
3.145542286802083254e-04
-7.085483670234680176e-01
2.221109718084335327e-01
6.840823888778686523e-01
2.312250584363937378e-01
-2.674954533576965332e-01
-1.275921799242496490e-02
-7.612088322639465332e-01
2.621420025825500488e-01
-2.813394069671630859e-01
4.507504999637603760e-01
5.676962137222290039e-01
-1.812434941530227661e-01
1.179737672209739685e-01
3.290720283985137939e-02
3.829872310161590576e-01
2.247141152620315552e-01
-5.856940150260925293e-01
-1.135795235633850098e+00
-3.235329687595367432e-01
9.134951233863830566e-02
-4.398290514945983887e-01
-4.701847955584526062e-02
-4.995683431625366211e-01
7.987805455923080444e-02
-1.860773563385009766e-01
6.018926203250885010e-02
3.754386603832244873e-01
-1.104989927262067795e-02
4.031838476657867432e-01
6.581119298934936523e-01
-8.962107896804809570e-01
4.767037630081176758e-01
-3.076026141643524170e-01
-1.009170413017272949e+00
3.266835212707519531e-01
-3.181889653205871582e-01
5.643377900123596191e-01
-1.269908100366592407e-01
1.478931307792663574e-01
-1.806473135948181152e-01
2.445622235536575317e-01
-4.378282278776168823e-02
-3.612159788608551025e-01
-4.715614616870880127e-01
1.889836229383945465e-02
-2.400507479906082153e-01
-3.037228286266326904e-01
-1.132984012365341187e-01
1.151880249381065369e-01
3.693034499883651733e-02
5.803760513663291931e-02
3.690322935581207275e-01
-9.511842578649520874e-02
-2.644685804843902588e-01
2.794850431382656097e-02
-1.060061752796173096e-01
-1.637750506401062012e+00
-2.870003283023834229e-01
3.171300590038299561e-01
-1.297795027494430542e-01
-1.015703558921813965e+00
-4.032763838768005371e-01
5.791851878166198730e-01
-2.044132351875305176e-01
4.510203376412391663e-02
-1.494328826665878296e-01
5.453764796257019043e-01
1.696300655603408813e-01
4.227595031261444092e-01
-5.299182534217834473e-01
-6.067514419555664062e-02
9.323338419198989868e-02
6.512607634067535400e-02
-1.213830038905143738e-01
-9.025457501411437988e-02
-3.317072093486785889e-01
-3.050538897514343262e-01
7.024663686752319336e-02
-4.094436764717102051e-01
6.559741497039794922e-02
3.333120942115783691e-01
-1.276654750108718872e-01
2.669404745101928711e-01
-3.079918026924133301e-01
-1.871600896120071411e-01
-4.328003525733947754e-01
2.091912925243377686e-02
-3.142742514610290527e-01
-4.998059570789337158e-01
6.595548391342163086e-01
-1.622654199600219727e-01
8.988854289054870605e-02
-6.818664073944091797e-01
4.465304315090179443e-01
3.611589670181274414e-01
5.726090818643569946e-02
2.541049122810363770e-01
3.447418510913848877e-01
6.396636962890625000e-01
-8.775199949741363525e-02
-3.342291116714477539e-01
-3.534589409828186035e-01
-5.230829715728759766e-01
4.529762566089630127e-01
4.722543817479163408e-04
1.796333342790603638e-01
-1.386677622795104980e-01
-3.494017422199249268e-01
-6.175222992897033691e-01
7.113254666328430176e-01
-1.654379367828369141e-01
2.744925916194915771e-01
-6.096193566918373108e-02
7.994878888130187988e-01
5.521018505096435547e-01
1.426621675491333008e+00
3.971801996231079102e-01
3.269871175289154053e-01
8.985814452171325684e-01
9.968475252389907837e-02
-5.451762676239013672e-01
-1.908895224332809448e-01
-1.803726106882095337e-01
-3.550918102264404297e-01
4.303182363510131836e-01
-1.049769073724746704e-01
-9.088117480278015137e-01
-5.900654196739196777e-01
-5.610893964767456055e-01
7.307175993919372559e-01
1.425543427467346191e-01
-3.437073901295661926e-02
9.231621026992797852e-01
1.899365931749343872e-01
1.272851228713989258e-01
-3.262217044830322266e-01
1.420379579067230225e-01
2.991969510912895203e-02
-7.188387215137481689e-02
4.656389057636260986e-01
3.665155917406082153e-02
2.687464356422424316e-01
-1.133188698440790176e-02
4.579283297061920166e-01
-2.367636412382125854e-01
-1.196392327547073364e-01
1.896990656852722168e+00
-1.189550876617431641e+00
-3.905300498008728027e-01
6.784164160490036011e-02
-2.209111154079437256e-01
1.576178520917892456e-01
-1.556080952286720276e-02
7.063040137290954590e-02
1.076319068670272827e-01
-4.667242765426635742e-01
2.672182917594909668e-01
6.864609718322753906e-01
1.065423116087913513e-01
-2.045578509569168091e-01
6.679170727729797363e-01
-1.737956106662750244e-01
-2.258726209402084351e-02
-1.187381744384765625e-01
7.702478021383285522e-02
3.888787329196929932e-01
1.247502118349075317e-01
-8.917860686779022217e-02
-3.671101331710815430e-01
-2.034227401018142700e-01
-1.968866288661956787e-01
7.974665611982345581e-03
-1.434095740318298340e+00
3.151526451110839844e-01
2.049770355224609375e-01
2.600165270268917084e-02
1.295827180147171021e-01
5.008589029312133789e-01
6.165918111801147461e-01
1.389338076114654541e-01
-4.648062586784362793e-01
1.422010827809572220e-02
-8.549951016902923584e-02
7.392388582229614258e-01
4.202233254909515381e-02
4.513370096683502197e-01
1.409953236579895020e-01
-1.088530272245407104e-01
3.879287838935852051e-01
-3.825280666351318359e-01
-5.993346571922302246e-01
1.258082687854766846e-01
-3.041692674160003662e-01
-3.070788979530334473e-01
-3.690473139286041260e-01
-2.582724988460540771e-01
-1.905199289321899414e-01
-4.478310942649841309e-01
-1.980128139257431030e-01
3.169442713260650635e-01
-2.585980594158172607e-01
4.791210591793060303e-01
2.611038982868194580e-01
1.328482329845428467e-01
3.572071902453899384e-03
-3.248196244239807129e-01
5.086885690689086914e-01
-8.065640181303024292e-02
1.567304283380508423e-01
-8.916715979576110840e-01
-4.999739676713943481e-02
1.334444135427474976e-01
-1.783914417028427124e-01
-4.883529543876647949e-01
-1.418128609657287598e-01
2.981543540954589844e-01
-3.567718267440795898e-01
-5.651578903198242188e-01
-9.272258728742599487e-02
-2.513039298355579376e-02
2.547865211963653564e-01
2.779009044170379639e-01
5.152751803398132324e-01
-6.086238026618957520e-01
3.302318751811981201e-01
3.456127364188432693e-03
3.147483468055725098e-01
5.060142278671264648e-01
7.724939286708831787e-02
-2.609212994575500488e-01
1.910058557987213135e-01
9.388066083192825317e-02
-9.397214651107788086e-02
-2.237330526113510132e-01
-3.021289408206939697e-01
-1.010827254503965378e-02
-1.132201030850410461e-01
-1.046416521072387695e+00
-5.777919292449951172e-01
-2.112579904496669769e-02
5.035372376441955566e-01
-1.434285044670104980e-01
5.846679210662841797e-02
-8.819847106933593750e-01
-1.232352331280708313e-01
-7.063109427690505981e-02
-2.467747181653976440e-01
-6.002766489982604980e-01
1.182662397623062134e-01
3.034088313579559326e-01
-3.463509306311607361e-02
-3.818765282630920410e-01
-9.184079617261886597e-02
6.040982604026794434e-01
-3.257541954517364502e-01
-4.768093228340148926e-01
-1.822288781404495239e-01
8.417050540447235107e-02
1.940915919840335846e-02
2.479635924100875854e-01
-7.858818769454956055e-02
3.827052414417266846e-01
-1.301368027925491333e-01
-4.306828379631042480e-01
-1.760776191949844360e-01
-2.146418904885649681e-03
-1.003770232200622559e+00
-1.011796295642852783e-01
-4.434305801987648010e-02
-9.394697099924087524e-02
-1.925324946641921997e-01
-8.235368132591247559e-02
1.540830433368682861e-01
1.833900660276412964e-01
2.239490002393722534e-01
-8.769338130950927734e-01
-1.159858778119087219e-01
1.310248225927352905e-01
4.380462467670440674e-01
4.280077219009399414e-01
-2.403839230537414551e-01
8.057419955730438232e-02
-1.173269450664520264e-01
2.111728936433792114e-01
1.474423110485076904e-01
3.515048921108245850e-01
4.880917072296142578e-01
-8.624143600463867188e-01
-1.437390744686126709e-01
-1.655187457799911499e-01
2.406411319971084595e-01
3.396065533161163330e-01
-1.517315506935119629e-01
1.599984914064407349e-01
7.488419115543365479e-02
-1.426379978656768799e-01
5.697384104132652283e-02
3.779947757720947266e-02
-2.878484725952148438e-01
2.750247120857238770e-01
1.206680297851562500e+00
-1.406708955764770508e-01
-5.748769044876098633e-01
-4.124498665332794189e-01
1.909253597259521484e-01
2.081739753484725952e-01
3.308258354663848877e-01
3.806534409523010254e-01
4.038338065147399902e-01
-6.455838680267333984e-01
-1.830851137638092041e-01
-3.245064914226531982e-01
9.136522561311721802e-02
-1.566838026046752930e-01
-4.945615828037261963e-01
-6.564981937408447266e-01
-4.753298759460449219e-01
-7.407753467559814453e-01
-5.101467370986938477e-01
2.641315758228302002e-01
4.554011821746826172e-01
2.305126041173934937e-01
5.979977846145629883e-01
2.450374960899353027e-01
-3.463453650474548340e-01
-3.046372532844543457e-01
-2.040584385395050049e-01
-1.934772878885269165e-01
-6.347206830978393555e-01
1.160498633980751038e-01
-1.989633440971374512e-01
-8.633591234683990479e-03
2.456992417573928833e-01
8.453640937805175781e-01
7.539975047111511230e-01
-3.580898344516754150e-01
4.668018817901611328e-01
7.347840070724487305e-01
5.448706150054931641e-01
-3.909251093864440918e-01
-1.678038239479064941e-01
2.027130499482154846e-02
-1.889449059963226318e-01
5.771429538726806641e-01
5.354696139693260193e-02
5.765666812658309937e-02
-2.462548762559890747e-01
-4.935920536518096924e-01
-1.421306878328323364e-01
3.107993006706237793e-01
-4.148643314838409424e-01
6.791108101606369019e-02
2.163439430296421051e-02
7.483007907867431641e-01
1.843462325632572174e-02
7.857314348220825195e-01
3.012688755989074707e-01
-3.438741564750671387e-01
9.650101661682128906e-01
-2.556065618991851807e-01
-6.556514501571655273e-01
-1.820028126239776611e-01
3.092198371887207031e-01
2.762252986431121826e-01
7.099024057388305664e-01
-9.705541729927062988e-01
1.132098197937011719e+00
-2.054230719804763794e-01
2.643848955631256104e-01
-9.812631607055664062e-01
-5.022900700569152832e-01
4.371413588523864746e-01
-5.662803053855895996e-01
-5.546172261238098145e-01
-9.528362751007080078e-02
-8.773367106914520264e-02
-6.369407176971435547e-01
8.125656098127365112e-02
-2.568284571170806885e-01
2.465092986822128296e-01
6.197292208671569824e-01
9.383189082145690918e-01
1.419398784637451172e-01
1.231634497642517090e+00
-1.848581135272979736e-01
-7.414909601211547852e-01
3.345922231674194336e-01
-4.650642275810241699e-01
-2.412453591823577881e-01
-4.818216860294342041e-01
-2.774336026050150394e-04
-4.865350425243377686e-01
-8.018652796745300293e-01
-2.406540662050247192e-01
-4.530440270900726318e-01
6.136138439178466797e-01
-7.176144421100616455e-02
5.629360675811767578e-02
4.594287276268005371e-02
-2.407573163509368896e-01
1.153680086135864258e-01
2.548036910593509674e-02
2.535639107227325439e-01
1.371669322252273560e-01
-1.443040519952774048e-01
-1.108143329620361328e-01
-1.627158969640731812e-01
-2.010008990764617920e-01
-5.544083118438720703e-01
7.295842766761779785e-01
1.483787149190902710e-01
3.914278373122215271e-02
8.476690649986267090e-01
5.041221380233764648e-01
1.081031560897827148e-01
8.302819728851318359e-02
6.029166579246520996e-01
3.283704519271850586e-01
1.273914277553558350e-01
-4.611663892865180969e-02
-1.970386505126953125e-02
-1.155046224594116211e-01
6.816765666007995605e-02
-3.400737643241882324e-01
1.309383064508438110e-01
3.229782879352569580e-01
2.212734520435333252e-02
7.105477452278137207e-01
1.789189130067825317e-02
3.070516586303710938e-01
1.691427379846572876e-01
4.660911262035369873e-01
1.322884410619735718e-01
1.394366323947906494e-01
2.823388576507568359e-01
2.766123712062835693e-01
-1.229773685336112976e-01
4.250142350792884827e-02
-5.082665085792541504e-01
-2.020445913076400757e-01
2.620725892484188080e-02
-1.735248416662216187e-01
1.389073729515075684e-01
-2.904403805732727051e-01
-5.688327550888061523e-01
-1.656786054372787476e-01
1.165860444307327271e-01
9.443807601928710938e-02
-3.941935896873474121e-01
2.868696451187133789e-01
1.290560811758041382e-01
1.090665981173515320e-01
1.903746277093887329e-01
3.334594368934631348e-01
5.047769546508789062e-01
7.659798488020896912e-03
7.137337327003479004e-01
-7.456031162291765213e-03
5.623602867126464844e-01
-4.473001658916473389e-01
1.884249001741409302e-01
-6.647766232490539551e-01
1.063508316874504089e-01
-2.558576166629791260e-01
3.132354617118835449e-01
2.188277691602706909e-01
-1.202325075864791870e-01
1.124592900276184082e+00
2.267866879701614380e-01
-3.572362661361694336e-02
2.237827777862548828e-01
2.924687266349792480e-01
-1.452756524085998535e-01
-3.471166193485260010e-01
2.831764519214630127e-02
-3.074243068695068359e-01
-2.093135863542556763e-01
-3.850897848606109619e-01
-1.939039863646030426e-02
-1.915233582258224487e-01
8.404368162155151367e-01
-1.378058642148971558e-01
-3.075203597545623779e-01
-1.594351083040237427e-01
2.256406694650650024e-01
-2.095251530408859253e-01
-2.506754100322723389e-01
-3.139772415161132812e-01
-2.297353446483612061e-01
-3.036171197891235352e-01
-3.334749341011047363e-01
5.856979489326477051e-01
3.549909889698028564e-01
3.573400378227233887e-01
7.574939727783203125e-02
-3.331928700208663940e-02
-8.140775375068187714e-03
4.378894865512847900e-01
-4.343711137771606445e-01
-1.805102378129959106e-01
6.756131052970886230e-01
1.654471158981323242e-01
-2.106911540031433105e-01
2.412971407175064087e-01
-3.507032692432403564e-01
-3.118031471967697144e-02
-2.471830397844314575e-01
1.892374269664287567e-02
-2.957414090633392334e-01
-6.423929333686828613e-01
-3.863610625267028809e-01
2.407921701669692993e-01
-3.438573703169822693e-02
5.862017869949340820e-01
-1.540702432394027710e-01
-3.851610422134399414e-01
-1.023088023066520691e-01
9.993959963321685791e-02
-1.211276277899742126e-01
1.872828006744384766e+00
2.481466233730316162e-01
1.435605138540267944e-01
-2.468981146812438965e-01
4.843562245368957520e-01
-1.678448766469955444e-01
1.296238780021667480e+00
-2.064038962125778198e-01
-1.571861803531646729e-01
1.401777267456054688e-01
3.588761985301971436e-01
-2.220085076987743378e-02
-1.483372449874877930e-01
4.152312874794006348e-02
7.068992406129837036e-02
6.882230192422866821e-02
-2.174850702285766602e-01
1.135133504867553711e-01
1.915225684642791748e-01
-1.984298229217529297e-01
-1.823467016220092773e-01
-3.706121146678924561e-01
2.110750041902065277e-02
1.275219321250915527e-01
1.514128744602203369e-01
1.551312506198883057e-01
-5.886792391538619995e-02
8.742474019527435303e-02
-3.854540362954139709e-02
3.621788620948791504e-01
-2.840212546288967133e-02
1.825000047683715820e-01
-4.204536974430084229e-01
-1.051386743783950806e-01
-6.669956445693969727e-02
1.329407375305891037e-02
4.837215542793273926e-01
-4.282097797840833664e-03
-1.291453093290328979e-01
2.966421544551849365e-01
1.289515346288681030e-01
1.130757108330726624e-01
-5.654125213623046875e-01
-3.477646037936210632e-03
5.706763863563537598e-01
2.639869600534439087e-02
1.317585110664367676e-01
-1.207275837659835815e-01
6.929869949817657471e-02
-6.011910736560821533e-02
