7.364061474800109863e-01
-2.907393276691436768e-01
-3.113519251346588135e-01
1.278720498085021973e-01
-3.951961398124694824e-01
6.677240133285522461e-01
-1.493513733148574829e-01
2.016030848026275635e-01
4.562661051750183105e-02
-1.229444265365600586e+00
6.068905070424079895e-02
1.005064919590950012e-01
1.863861978054046631e-01
-1.049965992569923401e-01
-9.964394569396972656e-02
-1.017305374145507812e+00
-2.011855542659759521e-01
1.830274611711502075e-01
5.645443797111511230e-01
5.586574077606201172e-01
-2.330509722232818604e-01
-1.487061500549316406e+00
-1.051938682794570923e-01
-2.370255766436457634e-03
-3.096493184566497803e-01
-6.660954356193542480e-01
2.444373667240142822e-01
9.270824790000915527e-01
-2.462322562932968140e-01
5.323975682258605957e-01
-7.006659358739852905e-02
1.478855162858963013e-01
6.147018074989318848e-01
-3.514063954353332520e-01
-6.090280413627624512e-01
-3.529095649719238281e-01
1.131282687187194824e+00
3.361678123474121094e-01
6.110411286354064941e-01
-2.254347316920757294e-02
9.672226309776306152e-01
-8.398247957229614258e-01
5.092592239379882812e-01
-3.598380386829376221e-01
-4.355574250221252441e-01
4.872443079948425293e-01
-7.909871935844421387e-01
8.765657544136047363e-01
-5.000048875808715820e-01
2.310136705636978149e-01
-5.218874216079711914e-01
-2.132268846035003662e-01
5.246063470840454102e-01
-8.014975786209106445e-01
6.633223891258239746e-01
-5.929204821586608887e-02
4.242986440658569336e-01
-7.530885338783264160e-01
1.319801211357116699e+00
5.654641389846801758e-01
2.845394611358642578e-01
-2.801292836666107178e-01
-1.125835347920656204e-02
4.254306852817535400e-02
5.605489015579223633e-02
1.785262823104858398e-01
1.342064440250396729e-01
7.843338251113891602e-01
-2.682988345623016357e-01
-6.416434645652770996e-01
9.310897439718246460e-02
-1.161123290657997131e-01
1.104248240590095520e-01
-8.112534880638122559e-01
3.468448296189308167e-02
1.020621433854103088e-01
4.218088090419769287e-01
1.659498065710067749e-01
4.752707853913307190e-02
5.216374397277832031e-01
-2.342536449432373047e-01
-1.730675250291824341e-01
3.584088757634162903e-02
-2.362742722034454346e-01
4.916395246982574463e-01
-1.909364312887191772e-01
-2.628564238548278809e-01
5.302715897560119629e-01
-1.262952089309692383e-01
-5.189390778541564941e-01
8.502494692802429199e-01
4.002406820654869080e-02
4.059271216392517090e-01
-3.561895787715911865e-01
-4.179508984088897705e-02
-3.924543857574462891e-01
8.881982415914535522e-02
4.953736364841461182e-01
-3.677602112293243408e-01
-4.577228426933288574e-01
-4.639459401369094849e-02
1.166736707091331482e-01
2.269357293844223022e-01
1.788175851106643677e-01
-4.054786860942840576e-01
-1.778930872678756714e-01
3.606764674186706543e-01
-1.696621328592300415e-01
-7.563090766780078411e-04
2.502139508724212646e-01
-2.082639187574386597e-01
-3.781742975115776062e-02
1.933914124965667725e-01
2.938650548458099365e-01
1.984721235930919647e-02
7.188843935728073120e-02
-5.237284302711486816e-01
1.036832258105278015e-01
-3.283843696117401123e-01
-4.722562432289123535e-01
-6.816834211349487305e-01
3.274428248405456543e-01
3.338968753814697266e-01
2.130279541015625000e-01
5.735573917627334595e-02
-1.576396673917770386e-01
-2.078356593847274780e-01
-1.059317290782928467e-01
3.848662078380584717e-01
-1.591603010892868042e-01
-7.589222490787506104e-02
7.337521761655807495e-02
-2.216690592467784882e-02
-1.723485887050628662e-01
3.614920005202293396e-02
1.435441076755523682e-01
-6.843607425689697266e-01
2.683070003986358643e-01
-9.303303807973861694e-02
-6.963079571723937988e-01
-1.109998583793640137e+00
8.984607458114624023e-01
-2.243440747261047363e-01
1.099627017974853516e+00
4.204786121845245361e-01
-3.241500258445739746e-01
8.840718865394592285e-02
-1.497456669807434082e+00
6.077393293380737305e-01
4.248506426811218262e-01
1.960410624742507935e-01
2.464338839054107666e-01
-5.933986306190490723e-01
1.466503024101257324e+00
-3.597220182418823242e-01
2.152114510536193848e-01
-7.696837186813354492e-01
6.874425336718559265e-03
-2.871717810630798340e-01
-6.250064373016357422e-01
-6.174420192837715149e-02
-9.459457546472549438e-02
4.160839915275573730e-01
3.348384425044059753e-02
-5.997028946876525879e-01
1.736812740564346313e-01
-1.997182071208953857e-01
6.508605927228927612e-02
-3.471465706825256348e-01
-2.745780050754547119e-01
-6.065812110900878906e-01
-3.380252420902252197e-01
1.070423349738121033e-01
-7.393240928649902344e-02
3.481622040271759033e-01
3.580774962902069092e-01
4.268132448196411133e-01
-1.248654872179031372e-01
-5.950717255473136902e-02
2.818115949630737305e-01
-5.401421189308166504e-01
3.578144013881683350e-01
-8.502859473228454590e-01
9.049021452665328979e-02
1.522287726402282715e-01
-4.375088512897491455e-01
1.129799485206604004e+00
-5.234691500663757324e-01
4.198342263698577881e-01
-2.618478536605834961e-01
8.149092197418212891e-01
9.570614695549011230e-01
-4.493443965911865234e-01
5.125627517700195312e-01
-7.435168027877807617e-01
-3.798376321792602539e-01
3.206481933593750000e-01
5.536827445030212402e-01
-2.752707302570343018e-01
-4.786929786205291748e-01
3.339232802391052246e-01
-4.504954218864440918e-01
4.287687540054321289e-01
-2.004357054829597473e-02
-3.586785495281219482e-02
2.344901859760284424e-01
-2.801567912101745605e-01
4.341894984245300293e-01
-1.426945030689239502e-01
1.260247267782688141e-02
-2.756334841251373291e-01
-1.364654153585433960e-01
1.998057514429092407e-01
-4.837996959686279297e-01
4.245207905769348145e-01
3.419511318206787109e-01
-2.216435521841049194e-01
-4.914160966873168945e-01
3.046427667140960693e-01
1.876412034034729004e-01
-3.368479907512664795e-01
1.090642064809799194e-01
-4.678924381732940674e-02
-3.456040620803833008e-01
-7.068818807601928711e-01
3.038232773542404175e-02
-3.070101141929626465e-01
2.772793173789978027e-01
-1.832509040832519531e-01
9.582571983337402344e-01
-1.605685472488403320e+00
-6.103383302688598633e-01
4.463918805122375488e-01
5.140918865799903870e-02
1.537618637084960938e-01
5.334013700485229492e-01
-2.940219044685363770e-01
-2.871549129486083984e-01
1.514793634414672852e-01
3.164732828736305237e-02
3.140037357807159424e-01
-4.507856070995330811e-01
5.717119574546813965e-01
-8.563349395990371704e-02
-5.100712180137634277e-01
4.673881530761718750e-01
-5.769274830818176270e-01
-1.289866585284471512e-02
-4.802788496017456055e-01
4.509765803813934326e-01
-4.303773343563079834e-01
-6.078360080718994141e-01
3.524057567119598389e-01
1.261070221662521362e-01
5.194671750068664551e-01
1.212566420435905457e-01
-1.760914623737335205e-01
-4.783565700054168701e-01
5.352064371109008789e-01
3.677866160869598389e-01
7.782514691352844238e-01
-2.373532056808471680e-01
-1.868127286434173584e-01
-6.660590767860412598e-01
-4.425847828388214111e-01
3.367878869175910950e-02
-1.411188393831253052e-01
6.831001639366149902e-01
-1.168041527271270752e-01
2.393982559442520142e-01
-4.641383886337280273e-01
-9.383831173181533813e-02
1.936002075672149658e-01
-5.271772742271423340e-01
-1.523349434137344360e-01
-5.237978696823120117e-02
4.017267227172851562e-01
-3.500307202339172363e-01
3.499156832695007324e-01
4.556187391281127930e-01
2.761091887950897217e-01
1.876846402883529663e-01
2.758752405643463135e-01
1.004908904433250427e-01
-2.282853573560714722e-01
-5.318776369094848633e-01
6.536222249269485474e-02
9.268840551376342773e-01
1.891930550336837769e-01
-2.634008228778839111e-01
-2.264696061611175537e-01
7.717864215373992920e-02
1.741790771484375000e-01
-6.616758704185485840e-01
3.055859729647636414e-02
-2.682492434978485107e-01
2.031202316284179688e-01
3.855690956115722656e-01
-7.990905642509460449e-01
3.085813522338867188e-01
-5.617689341306686401e-02
3.162333741784095764e-02
5.311341881752014160e-01
-2.494475692510604858e-01
-9.695453196763992310e-02
-2.258792072534561157e-01
-4.779118001461029053e-01
6.234595179557800293e-01
-1.365019679069519043e-01
-2.520866133272647858e-02
-3.520178794860839844e-02
-1.197970937937498093e-02
1.078320980072021484e+00
-6.664528846740722656e-01
8.158894777297973633e-01
-1.905057728290557861e-01
2.095939666032791138e-01
2.293188273906707764e-01
-3.648665547370910645e-02
7.904345542192459106e-02
3.882881626486778259e-02
-4.773302376270294189e-02
1.898225024342536926e-02
-7.133766263723373413e-02
-1.946824938058853149e-01
8.969834446907043457e-02
-2.398383468389511108e-01
1.768957823514938354e-02
-2.099056243896484375e-01
2.267408967018127441e-01
-1.521586328744888306e-01
-2.178544104099273682e-01
2.546486556529998779e-01
1.132237985730171204e-01
1.220089569687843323e-01
1.483488380908966064e-01
-1.591525971889495850e-01
-5.175263285636901855e-01
3.087674379348754883e-01
1.492958068847656250e-01
2.549678385257720947e-01
-3.022119700908660889e-01
-2.419694215059280396e-01
1.036299914121627808e-01
1.442610472440719604e-01
1.862378418445587158e-01
-1.124559044837951660e-01
-4.517406821250915527e-01
-1.749368906021118164e-01
9.838443994522094727e-01
1.787796765565872192e-01
7.551424950361251831e-02
-1.012571528553962708e-01
5.409069061279296875e-01
1.865828186273574829e-01
2.407880686223506927e-02
1.146961212158203125e+00
-8.408567905426025391e-01
9.552312493324279785e-01
7.867807149887084961e-01
-1.053702682256698608e-01
-2.075606137514114380e-01
5.895384550094604492e-01
5.037893056869506836e-01
9.920035302639007568e-02
9.054567664861679077e-02
-1.329749226570129395e-01
-1.994885802268981934e-01
1.891861408948898315e-01
1.312189102172851562e-01
-4.696451127529144287e-01
-7.576512545347213745e-02
-5.024389829486608505e-03
5.913016572594642639e-02
4.545586109161376953e-01
5.206691026687622070e-01
-9.080626368522644043e-01
6.261005997657775879e-02
1.443584263324737549e-01
-1.233908236026763916e-01
-5.419289469718933105e-01
1.905546784400939941e-01
-3.245159685611724854e-01
2.161190211772918701e-01
2.344610989093780518e-01
-3.496922552585601807e-01
5.393615365028381348e-01
7.475309818983078003e-02
2.805419266223907471e-01
-7.315192222595214844e-01
4.741152524948120117e-01
6.345316767692565918e-01
-3.328488469123840332e-01
-4.625506103038787842e-01
-2.749258279800415039e-01
-1.601935625076293945e-01
-3.300041258335113525e-01
9.494732618331909180e-01
-4.987757503986358643e-01
-4.738542139530181885e-01
1.780450642108917236e-01
-7.616994529962539673e-02
-1.198126450181007385e-01
-4.041178151965141296e-03
3.191514909267425537e-01
-3.382430672645568848e-01
2.155014425516128540e-01
1.552207469940185547e-01
5.567252039909362793e-01
-5.060102939605712891e-01
3.934729397296905518e-01
3.353811502456665039e-01
-2.311387658119201660e-01
-5.871301889419555664e-01
7.159082591533660889e-02
2.305962741374969482e-01
3.167378604412078857e-01
3.815051913261413574e-01
-4.807078465819358826e-02
3.400048315525054932e-01
-2.587300259619951248e-03
1.525043994188308716e-01
-5.973563343286514282e-02
1.884910315275192261e-01
2.457949072122573853e-01
2.646827995777130127e-01
-5.262577161192893982e-02
-4.945631921291351318e-01
1.108093038201332092e-01
5.961161255836486816e-01
2.828857898712158203e-01
1.603173017501831055e-01
2.473789826035499573e-02
5.069326162338256836e-01
4.822194203734397888e-02
-3.530480265617370605e-01
2.772105634212493896e-01
-4.530047774314880371e-01
5.428807735443115234e-01
2.816639244556427002e-01
-4.965751171112060547e-01
6.337901353836059570e-01
-6.728569865226745605e-01
2.758412659168243408e-01
5.597618818283081055e-01
-4.265022277832031250e-01
2.486104220151901245e-01
-1.832499951124191284e-01
2.007311582565307617e-01
-5.639054775238037109e-01
7.824828624725341797e-01
4.799743294715881348e-01
-1.800343096256256104e-01
-3.992984443902969360e-02
-2.638156712055206299e-01
-2.080871909856796265e-01
8.232382684946060181e-02
2.826898694038391113e-01
-2.011988908052444458e-01
-2.024056017398834229e-01
4.517373144626617432e-01
-2.015880346298217773e-01
2.162675559520721436e-01
-2.963016629219055176e-01
-5.397759675979614258e-01
5.326801538467407227e-01
-7.410421371459960938e-01
3.463788330554962158e-01
4.366556704044342041e-01
5.519931912422180176e-01
1.137431859970092773e-01
-3.013708591461181641e-01
2.648374438285827637e-01
3.999876081943511963e-01
3.726120293140411377e-01
4.704234600067138672e-01
-7.799066901206970215e-01
-2.337516844272613525e-01
1.882938891649246216e-01
-6.027580499649047852e-01
-4.417182803153991699e-01
-1.733943223953247070e+00
3.924280703067779541e-01
-7.796951383352279663e-02
7.321941852569580078e-02
6.269767135381698608e-02
-6.620212793350219727e-01
2.758699953556060791e-01
2.073603868484497070e-01
1.901641488075256348e+00
-7.359551787376403809e-01
-1.952717661857604980e+00
1.023615971207618713e-01
3.725747764110565186e-01
1.437714099884033203e+00
3.786625862121582031e-01
-3.754421472549438477e-01
-2.213278055191040039e+00
1.543918967247009277e+00
-1.087137237191200256e-01
-1.902405321598052979e-01
2.058553509414196014e-02
-3.893100917339324951e-01
-3.996337056159973145e-01
-3.035227581858634949e-02
-1.203932836651802063e-01
1.225197836756706238e-01
-2.355705946683883667e-01
1.647373288869857788e-01
-8.986821770668029785e-01
-2.368283867835998535e-01
-1.663270473480224609e+00
-9.923240542411804199e-01
-3.461892949417233467e-03
-2.629255875945091248e-02
-9.009946584701538086e-01
-1.060596182942390442e-01
4.852284491062164307e-01
-2.261550873517990112e-01
9.180297702550888062e-02
-3.385244309902191162e-01
-3.739024978131055832e-03
-1.811789572238922119e-01
1.284275799989700317e-01
3.920067548751831055e-01
-4.663489460945129395e-01
4.394934475421905518e-01
-2.766024470329284668e-01
-3.104899823665618896e-01
-2.689203619956970215e-01
-4.103047307580709457e-03
-1.103404536843299866e-01
-1.673868894577026367e-01
-3.180668652057647705e-01
-3.547076582908630371e-01
-6.454026699066162109e-01
4.252903461456298828e-01
2.459178268909454346e-01
-3.557027280330657959e-01
5.404115915298461914e-01
-1.135135889053344727e-01
-5.594323277473449707e-01
1.735674738883972168e-01
-4.756948649883270264e-01
-9.562309384346008301e-01
2.071900218725204468e-01
-2.835244834423065186e-01
2.314506918191909790e-01
1.698515564203262329e-02
2.894976735115051270e-02
-3.614318072795867920e-01
-6.673751473426818848e-01
1.510224044322967529e-01
2.051779069006443024e-02
1.157855093479156494e-01
-1.536694075912237167e-02
1.244621649384498596e-01
3.673073053359985352e-01
5.149372220039367676e-01
-2.926508784294128418e-01
-2.658176124095916748e-01
-7.459772229194641113e-01
2.154648751020431519e-01
-5.465461611747741699e-01
-3.552789688110351562e-01
4.206338524818420410e-02
-2.453413754701614380e-01
2.371703449171036482e-04
-6.552349030971527100e-02
-3.357535898685455322e-01
-2.238474488258361816e-01
-5.228842496871948242e-01
-1.616373658180236816e-02
-4.465644434094429016e-02
2.131376266479492188e-01
1.420045346021652222e-01
-2.358610033988952637e-01
-2.256846427917480469e-01
8.786175400018692017e-02
-1.445102244615554810e-01
2.728873491287231445e-01
-2.646976336836814880e-02
4.353849887847900391e-01
8.618072867393493652e-01
-6.439724005758762360e-03
-1.187833249568939209e-01
-1.899582445621490479e-01
1.189523860812187195e-01
6.200947612524032593e-02
2.135142087936401367e-01
1.341384947299957275e-01
6.704679131507873535e-01
8.837041258811950684e-01
1.538609117269515991e-01
-9.777857363224029541e-02
2.507086992263793945e-01
8.144894987344741821e-02
3.852051198482513428e-01
-7.974009960889816284e-02
2.660599350929260254e-01
-3.022196590900421143e-01
6.425201147794723511e-02
1.099627971649169922e+00
7.207102179527282715e-01
9.285716712474822998e-02
-3.385623693466186523e-01
2.274658381938934326e-01
6.510864198207855225e-02
-2.269776612520217896e-01
3.698375448584556580e-02
-7.235584259033203125e-01
4.335544705390930176e-01
-9.034615941345691681e-03
-2.395273419097065926e-03
-1.082522496581077576e-01
1.338203549385070801e-01
2.623187005519866943e-01
-1.640459150075912476e-01
-5.351217836141586304e-02
2.439145743846893311e-01
-6.294379383325576782e-02
9.082768112421035767e-02
2.194304227828979492e+00
1.571235358715057373e-01
-7.989614270627498627e-03
4.218204915523529053e-01
-1.298803985118865967e-01
3.596676290035247803e-01
2.138560414314270020e-01
1.865122169256210327e-01
-1.216000765562057495e-01
-6.181309223175048828e-01
3.980210125446319580e-01
8.680988103151321411e-02
9.161495417356491089e-02
5.286340117454528809e-01
-1.607213765382766724e-01
-1.722259640693664551e+00
-5.583692789077758789e-01
-1.710106730461120605e-01
5.180618166923522949e-01
1.405815482139587402e-01
-5.522608757019042969e-01
2.304490655660629272e-01
-3.061005473136901855e-02
9.584776312112808228e-02
-1.095869019627571106e-01
1.457219123840332031e-01
-2.475542724132537842e-01
-1.343598067760467529e-01
9.770528227090835571e-02
1.644790768623352051e-01
-2.640680074691772461e-01
-1.418992429971694946e-01
-9.412036091089248657e-02
-1.698225140571594238e-01
2.061392925679683685e-02
9.664417505264282227e-01
4.070528969168663025e-02
1.263331770896911621e-01
-2.338231354951858521e-01
-1.531841307878494263e-01
6.908407211303710938e-01
-4.346054494380950928e-01
-6.321237087249755859e-01
1.085323933511972427e-02
2.320915833115577698e-02
4.106633737683296204e-02
3.256126344203948975e-01
1.498972773551940918e-01
-3.340886831283569336e-01
3.635484576225280762e-01
8.511599898338317871e-02
2.649345099925994873e-01
4.513355195522308350e-01
2.917314171791076660e-01
-6.175764203071594238e-01
-3.820210397243499756e-01
3.983859419822692871e-01
-4.526532292366027832e-01
2.417567074298858643e-01
2.473560720682144165e-01
-4.544612169265747070e-01
2.988060750067234039e-02
2.256048172712326050e-01
-4.501833915710449219e-01
3.411432206630706787e-01
-3.194631934165954590e-01
-5.080481171607971191e-01
-3.131198585033416748e-01
2.270597517490386963e-01
-1.620835214853286743e-01
-3.206937611103057861e-01
-4.093036949634552002e-01
-4.141476750373840332e-01
-8.061123490333557129e-01
5.622442960739135742e-01
5.808358192443847656e-01
1.900085434317588806e-02
5.053307414054870605e-01
-2.694666981697082520e-01
-6.364058852195739746e-01
-1.058325320482254028e-01
-2.311318665742874146e-01
-1.067262053489685059e+00
6.464862227439880371e-01
-4.055666029453277588e-01
7.060966491699218750e-01
6.350665688514709473e-01
9.370814263820648193e-02
-3.967368304729461670e-01
1.403287649154663086e-01
2.289984375238418579e-01
5.274531841278076172e-01
5.024269819259643555e-01
4.645922780036926270e-01
-5.276441574096679688e-01
-3.216233849525451660e-01
3.891801238059997559e-01
-5.562979578971862793e-01
1.068885684013366699e+00
-1.226717904210090637e-01
-2.066861093044281006e-01
-1.597055196762084961e-01
-4.028772711753845215e-01
4.082997739315032959e-01
-2.521901130676269531e-01
1.431215852499008179e-01
5.639008805155754089e-02
-5.844223499298095703e-01
2.178301811218261719e-01
5.053297802805900574e-02
-1.975413784384727478e-02
1.478641629219055176e-01
2.675465047359466553e-01
1.926913112401962280e-01
1.490997821092605591e-01
7.997626662254333496e-01
7.068371027708053589e-02
-2.595312297344207764e-01
3.178755939006805420e-02
3.171477019786834717e-01
-1.407149434089660645e-01
1.823735088109970093e-01
-7.064913511276245117e-01
-3.091388046741485596e-01
6.115905046463012695e-01
-2.859099209308624268e-01
-4.162936806678771973e-01
-3.780487775802612305e-01
5.000666975975036621e-01
1.275056451559066772e-01
-2.776400446891784668e-01
-6.612300872802734375e-01
-8.509431481361389160e-01
-3.022371530532836914e-01
1.083853721618652344e+00
7.505815029144287109e-01
-7.184228897094726562e-01
7.303811311721801758e-01
-6.262286305427551270e-01
-2.560805678367614746e-01
8.757932186126708984e-01
-7.315555959939956665e-02
-2.288874685764312744e-01
6.126213818788528442e-02
-8.187371492385864258e-02
1.176960319280624390e-01
-3.521143794059753418e-01
-1.357157528400421143e-01
-5.509470701217651367e-01
-2.746153771877288818e-01
1.644522398710250854e-01
2.082185894250869751e-01
2.345863431692123413e-01
4.671507701277732849e-02
1.848876476287841797e-01
-3.917719125747680664e-01
1.565317809581756592e-02
7.241917774081230164e-03
-4.716751873493194580e-01
2.893042564392089844e-01
-4.837115481495857239e-02
-1.962318420410156250e-01
-7.991645336151123047e-01
-1.220857053995132446e-01
-2.902352511882781982e-01
-8.337557315826416016e-02
2.443780750036239624e-01
-1.826933175325393677e-01
-6.540704369544982910e-01
-1.177117750048637390e-01
1.592836380004882812e-01
2.291796356439590454e-01
5.985524058341979980e-01
2.165244221687316895e-01
-2.333564907312393188e-01
4.439513981342315674e-01
3.561972677707672119e-01
-1.862488836050033569e-01
2.157520502805709839e-01
1.190468072891235352e+00
-1.712011396884918213e-01
4.575192630290985107e-01
1.980181634426116943e-01
-3.439715206623077393e-01
3.611379265785217285e-01
-1.183853596448898315e-01
-5.020925998687744141e-01
-1.720823943614959717e-01
1.644906699657440186e-01
8.490938693284988403e-02
-2.227962315082550049e-01
-3.814132809638977051e-01
-7.600029110908508301e-01
-2.646658122539520264e-01
9.511366486549377441e-01
1.023185014724731445e+00
-4.311341047286987305e-01
4.334824085235595703e-01
-1.770922541618347168e+00
-2.994905784726142883e-02
-1.072162389755249023e-01
-2.847324907779693604e-01
-2.865886986255645752e-01
5.442943796515464783e-02
-3.076937198638916016e-01
1.623830497264862061e-01
6.595528721809387207e-01
4.863410592079162598e-01
1.494916081428527832e-01
-1.055662184953689575e-01
3.078060448169708252e-01
4.602658003568649292e-02
4.279747009277343750e-01
1.321751177310943604e-01
-4.363713562488555908e-01
-5.529202222824096680e-01
1.748958677053451538e-01
-4.672497808933258057e-01
7.383602261543273926e-01
4.133388698101043701e-01
-9.387803673744201660e-01
2.157036215066909790e-01
1.492344617843627930e+00
-2.078667730093002319e-01
-3.579767048358917236e-02
4.774952307343482971e-03
2.817170619964599609e-01
5.254000425338745117e-01
7.951821684837341309e-01
5.092830061912536621e-01
-6.590769044123589993e-04
-2.907081246376037598e-01
-1.964324563741683960e-01
-9.061771631240844727e-02
-3.945130407810211182e-01
2.779375612735748291e-01
-4.527250230312347412e-01
-2.044577896595001221e-01
-2.539146244525909424e-01
-9.621325135231018066e-02
7.336646914482116699e-01
7.423826456069946289e-01
-8.692925423383712769e-02
6.765650957822799683e-02
-1.589497029781341553e-01
-1.997820883989334106e-01
-3.623842075467109680e-02
3.358936607837677002e-01
-7.295666933059692383e-01
3.230845630168914795e-01
7.241302728652954102e-01
7.293389737606048584e-02
-5.456007272005081177e-02
8.867431432008743286e-02
2.425527721643447876e-01
4.243710264563560486e-02
-1.387145966291427612e-01
-6.873887032270431519e-02
3.528618216514587402e-01
-3.475422859191894531e-01
-2.587098777294158936e-01
3.232154548168182373e-01
3.855504691600799561e-01
-1.449865251779556274e-01
6.081879511475563049e-02
3.328323364257812500e-01
-3.352425247430801392e-02
1.996549516916275024e-01
-1.020654961466789246e-01
7.952744960784912109e-01
4.810630977153778076e-01
-3.717674612998962402e-01
2.609295584261417389e-02
1.599496230483055115e-02
-4.754069447517395020e-01
3.499091267585754395e-01
-3.378209173679351807e-01
9.051997214555740356e-02
5.617206543684005737e-02
5.393050312995910645e-01
-5.841416120529174805e-02
-1.469389945268630981e-01
1.414809077978134155e-01
-1.381951212882995605e+00
-2.447775453329086304e-01
5.935597047209739685e-02
-5.002037286758422852e-01
3.616962730884552002e-01
-7.439382839947938919e-03
1.439497172832489014e-01
3.659593760967254639e-01
-1.924761198461055756e-02
-1.203708946704864502e-01
2.281345874071121216e-01
1.089165210723876953e-01
2.183624804019927979e-01
1.019136831164360046e-01
-8.055761456489562988e-01
8.103983849287033081e-02
1.624887436628341675e-01
-4.020400643348693848e-01
4.508231580257415771e-01
7.993742227554321289e-01
-7.768963575363159180e-01
2.016799151897430420e-01
5.425728857517242432e-02
-1.224459856748580933e-01
7.241577506065368652e-01
-1.857294887304306030e-01
-1.398230809718370438e-02
1.026978716254234314e-01
1.265376508235931396e-01
1.418176293373107910e-01
5.265374779701232910e-01
4.487976804375648499e-02
-2.127986997365951538e-01
-3.296821191906929016e-02
-4.080329239368438721e-01
-7.207927107810974121e-02
6.252657175064086914e-01
2.039794176816940308e-01
7.325799763202667236e-02
3.763643503189086914e-01
3.246413469314575195e-01
-2.900721132755279541e-01
-1.596941798925399780e-01
-2.370723038911819458e-01
2.299257069826126099e-01
3.524163961410522461e-01
-2.586984336376190186e-01
-7.192972898483276367e-01
1.429938375949859619e-01
-9.042677283287048340e-02
-8.919428288936614990e-02
2.788518369197845459e-01
1.343007326126098633e+00
-3.089260756969451904e-01
-1.401282072067260742e+00
-3.430421650409698486e-01
-4.566015899181365967e-01
-1.017029434442520142e-01
-2.314569950103759766e-01
-2.780068516731262207e-01
4.950414597988128662e-01
-1.205484196543693542e-01
1.718786805868148804e-01
1.357713341712951660e-01
-2.120187878608703613e-01
2.313852161169052124e-01
-2.152030766010284424e-01
-1.553632169961929321e-01
1.382495015859603882e-01
7.574535161256790161e-02
-2.533094584941864014e-01
7.418128103017807007e-02
2.496313750743865967e-01
3.030105233192443848e-01
1.075699925422668457e-02
2.050816453993320465e-02
5.515469238162040710e-02
7.811228930950164795e-02
1.120378002524375916e-01
-1.798850148916244507e-01
-3.354358673095703125e-01
-4.100354015827178955e-01
3.762763142585754395e-01
-8.493889123201370239e-02
-3.664487600326538086e-01
-6.830658763647079468e-02
2.588806748390197754e-01
1.561488628387451172e+00
-5.154213309288024902e-02
4.955927431583404541e-01
1.770354360342025757e-01
9.525868296623229980e-02
-1.435837149620056152e+00
-2.442683428525924683e-01
-4.674685001373291016e-01
-6.930922865867614746e-01
-1.108630374073982239e-01
1.945808678865432739e-01
-2.378781288862228394e-01
-2.391758918762207031e+00
1.266659349203109741e-01
8.793205022811889648e-03
-1.131870388984680176e+00
3.178261518478393555e+00
-1.024733185768127441e+00
3.553944230079650879e-01
1.315146405249834061e-02
-1.469637602567672729e-01
5.794285535812377930e-01
-4.673455953598022461e-01
-5.832528471946716309e-01
6.774944663047790527e-01
2.327232249081134796e-02
4.054852128028869629e-01
-5.586602687835693359e-01
2.357243560254573822e-02
-4.403306245803833008e-01
-4.497953057289123535e-01
2.597989439964294434e-01
5.229890942573547363e-01
-2.733509987592697144e-02
-2.302733361721038818e-01
1.205433234572410583e-01
-9.639146327972412109e-01
4.277654588222503662e-01
-5.871569514274597168e-01
3.840476572513580322e-01
7.377803921699523926e-01
-6.936208605766296387e-01
-6.747888401150703430e-03
3.920263350009918213e-01
-8.433552980422973633e-01
1.650175303220748901e-01
-3.304171264171600342e-01
-4.227714836597442627e-01
-1.475414037704467773e-01
-2.156143635511398315e-01
-2.796662151813507080e-01
5.973949432373046875e-01
1.214155480265617371e-01
-2.502000033855438232e-01
-4.051751643419265747e-02
1.502005457878112793e-01
3.267897665500640869e-01
-1.875653117895126343e-01
-2.490386068820953369e-01
7.084887940436601639e-03
2.136291980743408203e+00
2.678540647029876709e-01
3.197219073772430420e-01
2.189730554819107056e-01
1.040289700031280518e-01
-2.901588380336761475e-01
-6.104310154914855957e-01
-4.408724606037139893e-01
-1.525247097015380859e-01
-7.624006867408752441e-01
-9.912402927875518799e-02
-1.213856935501098633e-01
-2.199568599462509155e-01
1.502715587615966797e+00
8.056437969207763672e-02
-3.342459499835968018e-01
-4.134756624698638916e-01
1.445634663105010986e-01
4.769967496395111084e-01
-6.967353820800781250e-02
1.086382389068603516e+00
-1.026079952716827393e-01
-4.455118179321289062e-01
-1.843596994876861572e-01
5.007537081837654114e-03
-2.276172190904617310e-01
5.995553731918334961e-01
-1.514412403106689453e+00
5.459611415863037109e-01
-4.576682448387145996e-01
-2.243322134017944336e-01
6.568226218223571777e-01
6.464137434959411621e-01
4.886524006724357605e-02
-3.980290293693542480e-01
1.186594665050506592e-01
-4.629719853401184082e-01
7.091132998466491699e-01
-4.143818020820617676e-01
5.572268366813659668e-01
4.416435956954956055e-01
-3.777812719345092773e-01
4.645594209432601929e-02
5.853996276855468750e-01
-6.025968194007873535e-01
2.779912576079368591e-02
-9.232982993125915527e-02
-1.385033130645751953e-01
-5.197327211499214172e-02
-5.121839419007301331e-02
-3.182122409343719482e-01
1.942447125911712646e-01
-1.742101013660430908e-01
-1.806288808584213257e-01
-6.086325272917747498e-02
4.475185275077819824e-01
2.113640755414962769e-01
5.944720003753900528e-03
-4.899623990058898926e-01
2.969408631324768066e-01
-2.676701784133911133e+00
3.839020058512687683e-02
-2.175741046667098999e-01
3.152481317520141602e-01
-2.337072938680648804e-01
3.822696581482887268e-02
1.043377369642257690e-01
-4.859660863876342773e-01
5.584598779678344727e-01
-1.257070805877447128e-02
-1.748668402433395386e-01
4.125852584838867188e-01
1.881109327077865601e-01
1.662140935659408569e-01
1.798153668642044067e-01
3.011232316493988037e-01
-4.869861304759979248e-01
5.659428238868713379e-01
-1.703555881977081299e-02
3.377528786659240723e-01
-2.421154499053955078e+00
-3.912483155727386475e-01
3.468171656131744385e-01
3.352186083793640137e-01
-1.970742195844650269e-01
8.034712076187133789e-01
-3.657741844654083252e-01
7.358799576759338379e-01
-4.452076852321624756e-01
5.255216360092163086e-01
3.169186413288116455e-01
-1.144024878740310669e-01
1.232357993721961975e-01
-9.465187191963195801e-01
-3.525224328041076660e-01
-2.750088572502136230e-01
-5.991410091519355774e-02
-1.086708307266235352e-01
6.902676541358232498e-03
-1.615887880325317383e-01
9.565604478120803833e-02
-1.743583381175994873e-01
-1.239403411746025085e-01
-2.009991854429244995e-01
3.191613554954528809e-01
1.502094417810440063e-01
-2.755311429500579834e-01
-6.257702708244323730e-01
-2.880607843399047852e-01
-1.442109942436218262e-01
3.995065018534660339e-02
-8.362285792827606201e-02
6.850162893533706665e-02
1.109291911125183105e+00
4.697101116180419922e-01
2.767622768878936768e-01
-5.542804002761840820e-01
-1.523906737565994263e-02
1.807788573205471039e-02
-2.933514714241027832e-01
4.940091669559478760e-01
-3.449799716472625732e-01
1.759252324700355530e-02
-6.555353105068206787e-02
-2.608773298561573029e-03
-4.301416277885437012e-01
7.218465674668550491e-03
4.841302931308746338e-01
-2.500809133052825928e-01
1.913139224052429199e-01
1.921576857566833496e-01
-2.359078228473663330e-01
-4.058896899223327637e-01
8.853172883391380310e-03
-5.848597884178161621e-01
1.662796945311129093e-03
-4.664310216903686523e-01
-5.753377452492713928e-02
3.446039557456970215e-01
1.075537428259849548e-01
-1.318232864141464233e-01
-3.057717382907867432e-01
-5.033116936683654785e-01
3.882931545376777649e-02
-1.126081589609384537e-02
3.794595897197723389e-01
1.293908476829528809e+00
-6.014020442962646484e-01
-2.344510406255722046e-01
4.062942862510681152e-01
-7.757607847452163696e-02
2.450943589210510254e-01
1.160825729370117188e+00
-6.868278980255126953e-01
-4.172300174832344055e-02
3.655301630496978760e-01
-1.333616375923156738e-01
1.544250547885894775e-01
-1.257199645042419434e-01
9.984623640775680542e-02
-9.901099652051925659e-02
-2.294352352619171143e-01
4.791474342346191406e-01
4.335981011390686035e-01
-4.737531766295433044e-02
-9.174329042434692383e-02
-3.440243005752563477e-02
-6.217231750488281250e-01
1.917417161166667938e-02
-2.629187107086181641e-01
-2.187561392784118652e-01
1.090989470481872559e+00
1.135404109954833984e-01
-3.730687499046325684e-01
-1.048181802034378052e-01
-2.063005976378917694e-02
3.432087600231170654e-01
-1.556350290775299072e-01
2.139303460717201233e-02
5.374412536621093750e-01
4.428079426288604736e-01
1.023060008883476257e-01
1.303218305110931396e-01
1.840282976627349854e-01
1.198598444461822510e-01
-2.333995401859283447e-01
-1.474527955055236816e+00
-2.574233710765838623e-01
3.720231056213378906e-01
-1.916296184062957764e-01
-2.035916447639465332e-01
7.237567007541656494e-02
8.524145931005477905e-02
2.330605834722518921e-01
4.050031602382659912e-01
9.215358495712280273e-01
-5.056447982788085938e-01
-2.744847722351551056e-02
-1.235438510775566101e-01
3.695926964282989502e-01
3.011005818843841553e-01
-3.365758359432220459e-01
6.571587920188903809e-01
4.356041550636291504e-01
-3.376542627811431885e-01
2.815614044666290283e-01
1.542436517775058746e-02
3.198884427547454834e-01
6.309976428747177124e-02
-4.051369428634643555e-01
-3.545927628874778748e-02
5.413498356938362122e-02
-3.333099484443664551e-01
2.571042776107788086e-01
4.066810309886932373e-01
3.353794813156127930e-01
3.503690361976623535e-01
-2.230178564786911011e-01
-1.233211010694503784e-01
1.136199086904525757e-01
3.872986137866973877e-01
3.677412569522857666e-01
-6.933422684669494629e-01
-2.192996293306350708e-01
6.832028925418853760e-02
-1.686383187770843506e-01
1.067066550254821777e+00
3.646300435066223145e-01
3.027284145355224609e-01
-4.434370100498199463e-01
-3.258590996265411377e-01
3.448007702827453613e-01
2.978286743164062500e-01
5.796437859535217285e-01
-1.183433458209037781e-01
7.267114520072937012e-02
-5.778803229331970215e-01
6.370827555656433105e-01
-1.032699123024940491e-01
2.972333431243896484e-01
8.741242885589599609e-01
-9.971065521240234375e-01
-1.561136990785598755e-01
6.638460755348205566e-01
-6.817901730537414551e-01
-1.421013288199901581e-02
5.478993058204650879e-03
-5.954925417900085449e-01
-1.077861562371253967e-01
1.735340505838394165e-01
-1.032129600644111633e-01
1.215053070336580276e-02
1.601036638021469116e-01
-3.372978046536445618e-02
3.769421577453613281e-01
2.396272271871566772e-01
-3.651652336120605469e-01
6.742506027221679688e-01
1.865956038236618042e-01
-5.997557938098907471e-02
-1.469256728887557983e-01
4.540256038308143616e-02
-1.475638896226882935e-01
3.079779744148254395e-01
1.765619069337844849e-01
3.334819078445434570e-01
9.513545036315917969e-02
1.484340429306030273e-02
-1.672497153282165527e+00
-8.487560600042343140e-02
-4.868823885917663574e-01
3.982836008071899414e-01
3.153181970119476318e-01
-8.748405962251126766e-04
-4.514613375067710876e-02
1.873399764299392700e-01
-2.907532267272472382e-02
1.236199587583541870e-01
-1.540155261754989624e-01
-4.508360754698514938e-03
-6.896057724952697754e-01
5.700413584709167480e-01
-4.921649992465972900e-01
-4.505403339862823486e-01
2.861034572124481201e-01
3.973692357540130615e-01
-2.927333414554595947e-01
3.178940713405609131e-01
2.919296734035015106e-02
5.947574973106384277e-02
-3.248178958892822266e-01
-4.417791788000613451e-04
-1.353550553321838379e-01
-4.649835079908370972e-02
-2.934023439884185791e-01
2.811116576194763184e-01
-1.163340091705322266e+00
8.811788260936737061e-02
9.121785163879394531e-01
-6.010333895683288574e-01
-3.670462965965270996e-02
-4.522061049938201904e-01
2.286600321531295776e-01
-2.307006418704986572e-01
-3.106315620243549347e-02
2.954531610012054443e-01
5.268261954188346863e-02
-1.293890625238418579e-01
6.482344865798950195e-01
2.683310508728027344e-01
-1.416227817535400391e-01
1.198059972375631332e-02
4.308465421199798584e-01
-1.517997533082962036e-01
3.086043894290924072e-01
1.667210578918457031e+00
-1.486502408981323242e+00
2.650257647037506104e-01
1.132996231317520142e-01
-1.886462271213531494e-01
-5.340765714645385742e-01
1.226690188050270081e-01
-3.626146912574768066e-02
3.460815846920013428e-01
6.095681190490722656e-01
4.873512387275695801e-01
-2.361315861344337463e-02
2.206257730722427368e-01
1.757557272911071777e+00
-2.471000999212265015e-01
-7.317633628845214844e-01
1.538480520248413086e-01
-1.002866476774215698e-01
8.648688346147537231e-02
-4.604690670967102051e-01
4.779439419507980347e-02
1.003295183181762695e+00
-5.383662581443786621e-01
-1.321050375699996948e-01
5.131084918975830078e-01
-1.745044142007827759e-01
5.318218469619750977e-01
7.405867576599121094e-01
3.568004071712493896e-02
-3.583903610706329346e-01
-5.718585848808288574e-01
4.568572044372558594e-01
-2.894287109375000000e-01
-1.197690442204475403e-01
-4.429893791675567627e-01
-5.219334363937377930e-01
-6.541813164949417114e-02
-1.333213746547698975e-01
2.138401418924331665e-01
-1.196688637137413025e-01
-6.200615167617797852e-01
-3.071329832077026367e+00
-1.737318001687526703e-02
2.717905640602111816e-01
1.984502226114273071e-01
-1.637976616621017456e-01
-8.290215134620666504e-01
5.616569146513938904e-02
-3.220373988151550293e-01
-5.328746512532234192e-02
5.371748120523989201e-04
5.682383775711059570e-01
-5.283770561218261719e-01
-9.691958874464035034e-02
-2.247828394174575806e-01
1.026974469423294067e-01
3.896227180957794189e-01
-1.105418577790260315e-01
3.958974778652191162e-01
-3.208620548248291016e-01
1.705309897661209106e-01
2.736427485942840576e-01
6.193895637989044189e-02
2.111694365739822388e-01
-1.452171087265014648e+00
1.201096624135971069e-01
-3.867306709289550781e-01
4.974208176136016846e-01
-4.599377512931823730e-01
2.642283737659454346e-01
-2.260883897542953491e-01
4.363391995429992676e-01
-6.408154964447021484e-01
1.423172831535339355e+00
3.811997827142477036e-03
8.942255973815917969e-01
-2.264040410518646240e-01
-3.576173633337020874e-02
4.691256582736968994e-01
-5.749642848968505859e-01
4.214796423912048340e-01
4.591485261917114258e-01
-4.650955200195312500e-01
2.969828667119145393e-03
1.168720647692680359e-01
1.563822478055953979e-01
2.236951328814029694e-02
-2.006502747535705566e-01
3.964357078075408936e-01
1.947001814842224121e-01
-1.041984632611274719e-01
-2.773477137088775635e-01
-8.620984554290771484e-01
1.718425750732421875e-01
-3.708610311150550842e-02
1.949576884508132935e-01
-1.151374261826276779e-02
-2.277927994728088379e-01
-2.105688899755477905e-01
-2.617458067834377289e-02
-1.443665623664855957e-01
1.263553619384765625e+00
-3.269622027873992920e-01
-2.247042953968048096e-01
5.138170719146728516e-01
2.175026684999465942e-01
-1.566594541072845459e-01
-3.676179647445678711e-01
-6.003901362419128418e-02
1.024881452322006226e-01
-3.737993836402893066e-01
-4.911935329437255859e-01
8.194973319768905640e-02
-3.121883869171142578e-01
8.518844097852706909e-02
6.130372360348701477e-02
-1.425592303276062012e-01
-2.195286005735397339e-01
-8.526079356670379639e-02
-1.572919934988021851e-01
-4.053585827350616455e-01
1.043587446212768555e+00
-3.981775790452957153e-02
-5.053737163543701172e-01
4.451243877410888672e-01
2.722319960594177246e-01
1.021527573466300964e-01
3.166614472866058350e-02
-1.900029182434082031e-01
-7.006553560495376587e-02
-4.408025741577148438e-01
-1.549584716558456421e-01
-4.274060577154159546e-02
-4.472671449184417725e-01
-1.607277430593967438e-02
-6.382205486297607422e-01
-4.407367855310440063e-02
-4.172979593276977539e-01
-9.101743251085281372e-02
8.190594613552093506e-02
-2.744746208190917969e-01
4.998545348644256592e-01
4.128443077206611633e-02
4.397473111748695374e-02
7.549768090248107910e-01
-3.207218945026397705e-01
4.693059623241424561e-01
1.837720572948455811e-01
-1.650924235582351685e-01
2.724881283938884735e-02
4.678016901016235352e-02
-7.791878283023834229e-02
4.225720465183258057e-02
-2.674813866615295410e-01
-1.712851822376251221e-01
-1.228340938687324524e-01
9.457257576286792755e-03
-3.628636002540588379e-01
9.628138691186904907e-02
-2.239139825105667114e-01
-7.151646018028259277e-01
1.019715070724487305e+00
-4.549604654312133789e-01
-1.071798205375671387e-01
3.828709423542022705e-01
2.535458803176879883e-01
-3.820486739277839661e-02
-7.194735109806060791e-02
-1.198814287781715393e-01
-2.627092301845550537e-01
-3.032997250556945801e-01
-2.269238978624343872e-01
1.146057769656181335e-01
-1.192844733595848083e-01
-3.087685108184814453e-01
-3.298417106270790100e-02
-9.131900221109390259e-02
-6.163247823715209961e-01
1.709777712821960449e-01
-4.077119529247283936e-01
-1.074235677719116211e+00
7.677080035209655762e-01
-2.352574914693832397e-01
-1.178532123565673828e+00
3.612181246280670166e-01
2.854830324649810791e-01
-2.690103277564048767e-02
4.511895775794982910e-01
-1.704714894294738770e-01
-4.553356766700744629e-01
-2.449112385511398315e-01
2.423041462898254395e-01
-1.655856519937515259e-01
-4.157339334487915039e-01
3.897165507078170776e-02
-3.820778429508209229e-01
2.376492917537689209e-01
-1.013096213340759277e+00
-6.528814882040023804e-02
4.341264814138412476e-02
-7.747951745986938477e-01
9.438300132751464844e-01
-2.005644440650939941e-01
-1.169626191258430481e-01
6.660236716270446777e-01
9.393673390150070190e-02
-2.521168626844882965e-02
-4.015253484249114990e-01
1.130216866731643677e-01
-1.421762406826019287e-01
-2.673284113407135010e-01
1.239705160260200500e-01
1.948495656251907349e-01
6.259871125221252441e-01
4.261183440685272217e-01
3.720346838235855103e-02
-4.597733020782470703e-01
2.350601851940155029e-01
7.400610297918319702e-02
1.906504295766353607e-02
-3.529736995697021484e-01
-1.063189029693603516e+00
2.878837883472442627e-01
2.639857120811939240e-02
-2.148818522691726685e-01
9.760991483926773071e-02
9.585331380367279053e-02
4.683313369750976562e-01
5.253475308418273926e-01
-2.186475098133087158e-01
-7.826766371726989746e-02
4.962765611708164215e-03
-7.348445057868957520e-02
-4.787360429763793945e-01
-1.960687935352325439e-01
-3.226861953735351562e-01
5.829191207885742188e-01
5.598549842834472656e-01
-9.537918865680694580e-02
2.027862668037414551e-01
3.871254622936248779e-01
-9.574294686317443848e-01
1.223202273249626160e-01
1.546630144119262695e+00
-2.907750904560089111e-01
-3.493895828723907471e-01
-5.010518431663513184e-01
7.271491885185241699e-01
-5.205778479576110840e-01
6.415741890668869019e-02
2.954264283180236816e-01
3.986099958419799805e-01
-2.874896526336669922e-01
2.513181269168853760e-01
9.419720172882080078e-01
2.961586713790893555e-01
1.319154500961303711e-01
-3.222958743572235107e-01
-4.480258822441101074e-01
8.358972519636154175e-02
1.044272817671298981e-02
-7.311264276504516602e-01
1.791916787624359131e-01
4.336196780204772949e-01
-4.646960496902465820e-01
-4.778026342391967773e-01
-9.627342969179153442e-02
1.361592411994934082e+00
3.473634421825408936e-01
-1.590668857097625732e-01
-8.728778921067714691e-03
2.037227302789688110e-01
2.876262366771697998e-01
-3.375501334667205811e-01
1.705144494771957397e-01
7.528685033321380615e-02
5.787672474980354309e-02
5.717024207115173340e-02
1.840476095676422119e-01
2.506719715893268585e-02
3.280230760574340820e-01
1.189105391502380371e+00
1.245555207133293152e-01
4.084125459194183350e-01
-6.994984149932861328e-01
1.814718544483184814e-01
-3.588330447673797607e-01
-1.007439255714416504e+00
4.074478521943092346e-02
4.443827271461486816e-01
3.952319547533988953e-02
5.149937421083450317e-02
-1.986057013273239136e-01
-7.233365774154663086e-01
3.895828425884246826e-01
-2.389727532863616943e-01
3.742499649524688721e-01
1.352842748165130615e-01
-3.111233413219451904e-01
2.422186285257339478e-01
1.232192292809486389e-01
-4.070819318294525146e-01
3.494926691055297852e-01
4.669860303401947021e-01
-3.790974318981170654e-01
-1.150514245033264160e+00
4.713084697723388672e-01
-2.682368159294128418e-01
1.130506619811058044e-01
-3.220821619033813477e-01
2.272214591503143311e-01
-1.211545467376708984e-01
3.478895127773284912e-01
4.136901795864105225e-01
5.634691193699836731e-02
6.555734872817993164e-01
6.636754870414733887e-01
-1.071437835693359375e+00
4.305668473243713379e-01
-2.298360913991928101e-01
-9.467452168464660645e-01
4.112972617149353027e-01
-2.404197156429290771e-01
6.499475836753845215e-01
-2.300131171941757202e-01
5.091630667448043823e-02
-5.408552885055541992e-01
9.543247818946838379e-01
-2.402150630950927734e-02
-2.045955508947372437e-01
-3.881341814994812012e-01
4.908757284283638000e-03
-1.994822919368743896e-01
-1.553818881511688232e-01
-1.600044965744018555e-01
5.554522573947906494e-02
5.453762039542198181e-02
-5.164492409676313400e-03
4.186047911643981934e-01
-1.445461660623550415e-01
-3.138245940208435059e-01
-2.199671417474746704e-01
-1.554689109325408936e-01
-1.455371379852294922e+00
-5.204226821660995483e-02
1.316739171743392944e-01
1.488207653164863586e-02
-1.292098760604858398e+00
-3.779685795307159424e-01
2.939709424972534180e-01
-2.507968246936798096e-01
-5.364574790000915527e-01
-2.495975643396377563e-01
5.755136609077453613e-01
1.987984478473663330e-01
6.126286983489990234e-01
-5.967198014259338379e-01
5.525564402341842651e-02
2.931376220658421516e-03
3.175768628716468811e-02
-2.102165818214416504e-01
-1.262709051370620728e-01
-3.431397378444671631e-01
-2.440395355224609375e-01
-6.489725410938262939e-02
-2.923039793968200684e-01
-9.644228965044021606e-02
1.868899017572402954e-01
-2.633094191551208496e-01
7.749214768409729004e-02
-1.833359748125076294e-01
-1.094167307019233704e-01
-4.822744429111480713e-01
5.349605530500411987e-02
-3.164639174938201904e-01
-6.032549142837524414e-01
1.151435852050781250e+00
-1.570876091718673706e-01
-8.685268461704254150e-03
-9.621860384941101074e-01
3.876754641532897949e-01
4.616311192512512207e-01
1.009938836097717285e+00
2.401410341262817383e-01
5.601579546928405762e-01
4.727163910865783691e-01
-4.380263686180114746e-01
-1.104062423110008240e-01
-1.017399653792381287e-01
-4.976794421672821045e-01
1.285072118043899536e-01
-2.821946516633033752e-02
1.440848857164382935e-01
3.816670477390289307e-01
-4.215342402458190918e-01
-5.629308819770812988e-01
1.072487473487854004e+00
-2.167676240205764771e-01
4.438835754990577698e-02
-1.071025013923645020e+00
1.318977117538452148e+00
4.520642161369323730e-01
1.683940410614013672e+00
3.462187647819519043e-01
3.094769716262817383e-01
6.853386163711547852e-01
-6.513203978538513184e-01
-8.591664433479309082e-01
-1.233063917607069016e-02
3.561212122440338135e-01
-9.812714904546737671e-02
2.621735632419586182e-01
-2.260016798973083496e-01
-3.779010176658630371e-01
-4.348979890346527100e-02
-4.364415109157562256e-01
5.686999559402465820e-01
-2.862627506256103516e-01
-1.983494907617568970e-01
7.545447945594787598e-01
5.682167410850524902e-02
1.565271168947219849e-01
-5.494017601013183594e-01
4.987138323485851288e-03
-4.458399116992950439e-02
-2.468347251415252686e-01
4.794146120548248291e-01
7.554141879081726074e-01
-9.018656611442565918e-02
2.998650670051574707e-01
2.722515165805816650e-01
-2.942281067371368408e-01
-1.887637972831726074e-01
1.743498682975769043e+00
-2.928782105445861816e-01
-5.061025023460388184e-01
2.936237454414367676e-01
-1.064846739172935486e-01
9.007427692413330078e-01
-7.033449411392211914e-02
2.688270211219787598e-01
3.461073040962219238e-01
-7.004053592681884766e-01
4.145781099796295166e-01
5.046879649162292480e-01
2.314935326576232910e-01
-2.751452624797821045e-01
4.408406019210815430e-01
-4.515345096588134766e-01
-1.913445889949798584e-01
-1.276184469461441040e-01
3.889567852020263672e-01
8.193694353103637695e-01
8.992585539817810059e-02
-1.809919625520706177e-01
-3.709277510643005371e-01
3.350380361080169678e-01
-2.790822088718414307e-01
-1.330490559339523315e-01
-8.455814719200134277e-01
-7.179314643144607544e-02
2.424403429031372070e-01
2.204981595277786255e-01
1.053936406970024109e-01
3.738686740398406982e-01
1.013714149594306946e-01
2.505494058132171631e-01
-6.677955389022827148e-01
4.453200399875640869e-01
-7.102917432785034180e-01
3.310617804527282715e-01
7.256901822984218597e-03
2.627565562725067139e-01
4.421639740467071533e-01
-1.448660790920257568e-01
2.950498089194297791e-02
-3.258096277713775635e-01
5.453048273921012878e-02
3.485726416110992432e-01
-7.368630170822143555e-01
-2.556611895561218262e-01
-6.682223826646804810e-02
1.337179690599441528e-01
1.723705679178237915e-01
-1.157549321651458740e-01
9.698961675167083740e-02
1.048841103911399841e-01
-3.946610391139984131e-01
6.243287324905395508e-01
-3.611940443515777588e-01
-2.180124521255493164e-01
4.060457050800323486e-01
6.493014842271804810e-02
1.885394006967544556e-01
-3.835064470767974854e-01
3.482521772384643555e-01
-5.592026710510253906e-01
-3.251199424266815186e-01
-7.058985829353332520e-01
3.555336967110633850e-02
-4.743796586990356445e-01
-4.752180576324462891e-01
5.176725611090660095e-02
-5.732521414756774902e-01
-7.227467894554138184e-01
-4.728128015995025635e-01
3.589298427104949951e-01
6.524065136909484863e-02
4.826856553554534912e-01
5.891476869583129883e-01
2.965068817138671875e-01
-2.237705700099468231e-02
-2.654411196708679199e-01
5.570386052131652832e-01
5.535456538200378418e-01
-9.986943751573562622e-02
8.244512230157852173e-02
3.960348367691040039e-01
4.876884445548057556e-02
-3.027093708515167236e-01
5.129883885383605957e-01
-6.536370515823364258e-02
-2.052700333297252655e-02
7.806961238384246826e-02
-7.013136744499206543e-01
-1.175989434123039246e-01
-4.988658428192138672e-01
6.949040889739990234e-01
-2.982649207115173340e-01
1.038050413131713867e+00
-1.844144165515899658e-01
-7.172795385122299194e-02
8.248241990804672241e-02
-7.353317737579345703e-02
-2.599853873252868652e-01
1.053447574377059937e-01
2.271417826414108276e-01
-9.810182452201843262e-02
2.108719646930694580e-01
9.253917634487152100e-02
-2.641640007495880127e-01
-1.152967140078544617e-01
-1.152428507804870605e+00
-1.699244976043701172e-01
3.951296955347061157e-02
1.984571069478988647e-01
3.541005849838256836e-01
-1.497420549392700195e+00
6.096345782279968262e-01
-1.445275843143463135e-01
-3.353129923343658447e-01
7.521189283579587936e-03
-5.467684566974639893e-02
-9.998906254768371582e-01
-3.328171968460083008e-01
-7.994207739830017090e-02
-1.752968281507492065e-01
-6.796739697456359863e-01
-1.504773050546646118e-01
2.220810651779174805e-01
-2.291668653488159180e-01
-2.636057138442993164e-02
-1.498373150825500488e+00
-9.031289815902709961e-02
2.629898488521575928e-02
1.251496672630310059e-01
1.505071669816970825e-01
-7.486202567815780640e-02
8.927588909864425659e-02
-2.071686834096908569e-01
2.971852198243141174e-02
1.383748650550842285e-01
2.476883381605148315e-01
-1.041594427078962326e-02
-3.232260346412658691e-01
-3.299054205417633057e-01
4.624906778335571289e-01
2.384574860334396362e-01
3.889209926128387451e-01
-1.785567849874496460e-01
1.492194980382919312e-01
5.370190739631652832e-01
3.088828623294830322e-01
2.488294541835784912e-01
2.535443603992462158e-01
-1.159008070826530457e-01
2.735033072531223297e-02
5.967989563941955566e-01
-7.021956443786621094e-01
-6.106511354446411133e-01
-2.168398052453994751e-01
3.781209886074066162e-01
4.108753502368927002e-01
2.578601241111755371e-01
6.307556033134460449e-01
2.319074422121047974e-01
-7.481709122657775879e-01
-7.683052867650985718e-02
-5.516594275832176208e-02
-4.923219084739685059e-01
-7.060531377792358398e-01
-2.059910893440246582e-01
-1.070808649063110352e+00
-2.880919873714447021e-01
-5.330342054367065430e-01
-4.048570096492767334e-01
4.932877421379089355e-01
1.034419059753417969e+00
7.254328578710556030e-02
4.668110907077789307e-01
1.463507860898971558e-01
-1.851858347654342651e-01
-3.328600898385047913e-02
2.097501158714294434e-01
-1.951531916856765747e-01
-5.956844687461853027e-01
2.788701951503753662e-01
-1.449726223945617676e-01
2.796593680977821350e-02
4.234414994716644287e-01
1.204682111740112305e+00
7.879905104637145996e-01
3.691576719284057617e-01
5.112887024879455566e-01
6.928325891494750977e-01
9.924424290657043457e-01
-1.472840070724487305e+00
-4.010990560054779053e-01
-1.423213183879852295e-01
3.596371412277221680e-01
8.520886767655611038e-04
3.354788199067115784e-02
-7.490282654762268066e-01
1.596491485834121704e-01
-5.898391604423522949e-01
-2.475642561912536621e-01
1.848103404045104980e-01
-3.754928708076477051e-01
4.088067412376403809e-01
2.030416727066040039e-01
5.974777936935424805e-01
9.596981108188629150e-02
5.872769355773925781e-01
4.175193309783935547e-01
-2.600735425949096680e-01
1.337183237075805664e+00
-3.697395920753479004e-01
-8.288291692733764648e-01
-1.648815572261810303e-01
5.782028436660766602e-01
8.378580957651138306e-02
7.206454873085021973e-01
-8.298435211181640625e-01
9.674676656723022461e-01
5.022327303886413574e-01
2.471146918833255768e-02
-5.714987516403198242e-01
-5.720101296901702881e-02
-1.492712348699569702e-01
-3.514322340488433838e-01
-2.347836792469024658e-01
-6.767077744007110596e-02
6.282534003257751465e-01
-3.787794113159179688e-01
2.539004981517791748e-01
3.244152069091796875e-01
-4.628309980034828186e-02
2.720132172107696533e-01
8.214344382286071777e-01
6.028898954391479492e-01
-6.259611845016479492e-01
7.840853184461593628e-02
-5.700913071632385254e-01
6.546219587326049805e-01
-2.456214278936386108e-01
-2.497816979885101318e-01
-5.929577350616455078e-01
3.041951358318328857e-01
4.063658416271209717e-02
-7.474450469017028809e-01
3.713989853858947754e-01
-8.083644509315490723e-02
4.743553400039672852e-01
2.900212071835994720e-03
-5.381695553660392761e-02
2.905772030353546143e-01
6.585294008255004883e-02
5.965422391891479492e-01
-4.879051446914672852e-01
7.669056653976440430e-01
1.268579959869384766e-01
-1.000520586967468262e-01
3.951137661933898926e-01
-6.417425274848937988e-01
4.622514247894287109e-01
-5.498061776161193848e-01
5.896811485290527344e-01
3.042397499084472656e-01
8.511179685592651367e-02
1.447444200515747070e+00
-4.876871705055236816e-01
1.216664612293243408e-01
-4.177190959453582764e-01
5.962629914283752441e-01
3.770515024662017822e-01
-8.353507518768310547e-02
1.654142588376998901e-01
5.016114115715026855e-01
-2.100768387317657471e-01
6.286273002624511719e-01
-1.523073464632034302e-01
6.225981190800666809e-02
2.781819999217987061e-01
-3.943845033645629883e-01
8.896185159683227539e-01
4.453298449516296387e-02
1.496915221214294434e-01
3.852055966854095459e-01
3.412955701351165771e-01
5.505662560462951660e-01
-1.792660169303417206e-02
2.860710620880126953e-01
-8.478525876998901367e-01
-1.530907601118087769e-01
4.445243254303932190e-02
-5.569064021110534668e-01
-3.629464283585548401e-02
-7.934790104627609253e-03
-2.354750968515872955e-02
1.667500138282775879e-01
-2.392144799232482910e-01
-6.672113537788391113e-01
-2.062556743621826172e-01
-5.391942709684371948e-02
1.758609116077423096e-01
-4.000482261180877686e-01
7.322161197662353516e-01
1.367019414901733398e-01
4.301369488239288330e-01
2.229600101709365845e-01
-7.159138470888137817e-02
7.221128940582275391e-01
-8.863430470228195190e-02
7.283675670623779297e-01
1.688782125711441040e-02
5.677831172943115234e-01
-2.750240564346313477e-01
2.853544354438781738e-01
-6.287341713905334473e-01
1.295518875122070312e-01
-2.723108530044555664e-01
3.435212373733520508e-01
2.326258569955825806e-01
-2.980933785438537598e-01
8.607898950576782227e-01
3.061273396015167236e-01
-2.624485194683074951e-01
1.297744661569595337e-01
2.398745864629745483e-01
4.288413003087043762e-02
1.543187648057937622e-01
-6.936445087194442749e-02
-3.538368642330169678e-01
-2.818580567836761475e-01
-4.221256077289581299e-01
-1.324047744274139404e-01
-1.649052500724792480e-01
4.077247977256774902e-01
-2.090219259262084961e-01
5.369381234049797058e-02
-2.356007397174835205e-01
2.338093072175979614e-01
-2.952392697334289551e-01
-2.359211444854736328e-01
-2.630727589130401611e-01
-1.711492091417312622e-01
-4.420843422412872314e-01
-3.111112117767333984e-01
2.324314415454864502e-01
5.813963413238525391e-01
2.052195966243743896e-01
6.561228632926940918e-02
-6.077702343463897705e-02
-1.900225281715393066e-01
2.886648476123809814e-01
-4.856947660446166992e-01
-2.950183451175689697e-01
4.410101771354675293e-01
9.889273345470428467e-02
-1.974578499794006348e-01
2.709394097328186035e-01
-3.489151597023010254e-01
6.231828406453132629e-02
-4.694575965404510498e-01
3.014010787010192871e-01
-2.207283675670623779e-01
-8.422481417655944824e-01
-8.010404109954833984e-01
6.974244862794876099e-02
6.467832624912261963e-02
9.296180009841918945e-01
-3.429686427116394043e-01
-3.968517184257507324e-01
-1.257296800613403320e-01
8.810710906982421875e-02
-1.415877789258956909e-01
1.898751378059387207e+00
6.478909403085708618e-02
2.919177412986755371e-01
-3.722915947437286377e-01
6.275917887687683105e-01
-2.909744679927825928e-01
1.359704136848449707e+00
-1.745364367961883545e-01
-3.177568018436431885e-01
2.087907195091247559e-01
3.031674325466156006e-01
-7.760501652956008911e-02
-4.560717642307281494e-01
1.007418856024742126e-01
2.410435527563095093e-01
-2.634827792644500732e-01
6.822597235441207886e-03
7.479711621999740601e-02
2.134664207696914673e-01
-2.901217639446258545e-01
-3.380520343780517578e-01
-3.966380357742309570e-01
2.099460065364837646e-01
2.253502309322357178e-01
-5.647153854370117188e-01
1.337969899177551270e-01
-1.601258963346481323e-01
-3.941582143306732178e-01
-8.935607224702835083e-02
6.742446422576904297e-01
5.221513509750366211e-01
-1.101618781685829163e-01
-5.801007747650146484e-01
-4.534402489662170410e-01
1.180438511073589325e-02
3.925752043724060059e-01
9.884386062622070312e-01
3.737767636775970459e-01
-2.829200029373168945e-01
3.722347319126129150e-01
5.992914438247680664e-01
-5.131637454032897949e-01
-6.253117918968200684e-01
3.545370995998382568e-01
7.835584282875061035e-01
4.968256354331970215e-01
2.494349032640457153e-01
2.214629203081130981e-02
8.872648328542709351e-02
-3.995712697505950928e-01
