7.883697152137756348e-01
-2.478966116905212402e-01
-4.176962673664093018e-01
1.421949863433837891e-01
-5.081320405006408691e-01
6.463716626167297363e-01
-3.738721609115600586e-01
1.974505484104156494e-01
-6.272470206022262573e-02
-1.076133012771606445e+00
1.579477488994598389e-01
3.299982100725173950e-02
3.204162791371345520e-02
-1.509558260440826416e-01
-6.592674553394317627e-02
-1.375237107276916504e+00
-1.955412775278091431e-01
9.429150074720382690e-02
6.694701313972473145e-01
7.461245059967041016e-01
-5.246318578720092773e-01
-1.428458333015441895e+00
-1.150647476315498352e-01
-4.175888895988464355e-01
-3.899350166320800781e-01
-6.084301471710205078e-01
1.486820876598358154e-01
1.250399589538574219e+00
-3.046404123306274414e-01
4.568049311637878418e-01
-1.568358093500137329e-01
8.737958967685699463e-02
6.233496665954589844e-01
-3.931492269039154053e-01
-6.793051362037658691e-01
-4.181767702102661133e-01
9.238135814666748047e-01
3.147642612457275391e-01
6.302453279495239258e-01
3.538650274276733398e-02
1.015549898147583008e+00
-8.461903929710388184e-01
4.890210628509521484e-01
-4.593446552753448486e-01
-2.998397052288055420e-01
3.499451279640197754e-01
-7.213881611824035645e-01
1.149811983108520508e+00
-5.498749017715454102e-01
1.116266697645187378e-01
-2.093477994203567505e-01
-3.376736342906951904e-01
6.688103675842285156e-01
-9.655213356018066406e-01
8.739482164382934570e-01
-1.065500378608703613e-01
3.912014961242675781e-01
-5.637072324752807617e-01
1.198994636535644531e+00
5.497029423713684082e-01
4.353195130825042725e-01
-4.366437792778015137e-01
1.359471231698989868e-01
-1.298180371522903442e-01
-6.989522278308868408e-02
2.336508035659790039e-01
-4.434256255626678467e-02
1.228005170822143555e+00
-4.484687447547912598e-01
-7.280791997909545898e-01
-5.729973688721656799e-02
-2.307365387678146362e-01
3.928118050098419189e-01
-1.110256671905517578e+00
2.007219344377517700e-01
1.565650403499603271e-01
3.131021857261657715e-01
1.639505773782730103e-01
2.086535841226577759e-02
5.826211571693420410e-01
7.377801537513732910e-01
-7.997633814811706543e-01
1.414753794670104980e-01
-1.038528323173522949e+00
4.369134604930877686e-01
3.594737872481346130e-02
-3.557350933551788330e-01
7.148488759994506836e-01
-5.348076224327087402e-01
-7.351710796356201172e-01
8.469666838645935059e-01
-9.550705552101135254e-03
4.334877133369445801e-01
-5.394315719604492188e-01
9.874906390905380249e-02
-5.934243202209472656e-01
3.205560743808746338e-01
4.218657016754150391e-01
4.636410251259803772e-02
1.770463883876800537e-01
5.435122177004814148e-02
2.705452591180801392e-02
3.874683976173400879e-01
3.070789873600006104e-01
-3.821704983711242676e-01
-6.244255229830741882e-02
2.125748693943023682e-01
-1.134175285696983337e-01
-8.469954133033752441e-02
2.153661549091339111e-01
-1.617339104413986206e-01
-7.521823048591613770e-02
2.901008129119873047e-01
2.325508594512939453e-01
1.997795552015304565e-01
1.859761625528335571e-01
-6.235591769218444824e-01
7.502049952745437622e-02
-2.691013216972351074e-01
-5.216719508171081543e-01
-3.509891331195831299e-01
2.476700246334075928e-01
3.513868749141693115e-01
8.260043710470199585e-02
4.894648864865303040e-02
-1.363907158374786377e-01
-1.986775398254394531e-01
-6.988777220249176025e-02
3.251884877681732178e-01
-1.018482372164726257e-01
-5.994595959782600403e-02
2.406603284180164337e-02
-7.378026843070983887e-02
-1.910055726766586304e-01
5.985602363944053650e-02
1.649245172739028931e-01
-5.766506195068359375e-01
2.124939858913421631e-01
-2.284243330359458923e-02
-4.898428022861480713e-01
-1.161767005920410156e+00
8.227317929267883301e-01
3.919151052832603455e-02
1.514377117156982422e+00
1.432551592588424683e-01
-2.539489269256591797e-01
-1.395447999238967896e-01
-5.205725431442260742e-01
3.280573189258575439e-01
4.098265767097473145e-01
-1.085506081581115723e-01
1.374442130327224731e-01
6.147914007306098938e-02
5.381745696067810059e-01
-1.180754601955413818e-01
1.524253338575363159e-01
-1.075431466102600098e+00
-6.064614653587341309e-02
-1.273640096187591553e-01
-1.146883010864257812e+00
-2.473679929971694946e-01
2.565200440585613251e-03
4.000764191150665283e-01
5.379883050918579102e-01
-1.118654251098632812e+00
2.392217665910720825e-01
-2.519402801990509033e-01
-1.843983530998229980e-01
-2.861589789390563965e-01
2.032137364149093628e-01
-1.167096257209777832e+00
-6.729792356491088867e-01
-1.404106989502906799e-02
1.218225657939910889e-01
3.787254095077514648e-01
6.635752320289611816e-01
1.251728832721710205e-01
-3.732766509056091309e-01
-6.504855304956436157e-02
1.753526926040649414e-02
-4.056490957736968994e-01
2.297784090042114258e-01
-8.715795278549194336e-01
-2.987693436443805695e-02
5.184710025787353516e-01
-3.762110769748687744e-01
9.848581552505493164e-01
-3.578868508338928223e-01
3.069509863853454590e-01
-3.512613773345947266e-01
1.093792438507080078e+00
9.358906149864196777e-01
-3.693577349185943604e-01
3.499590754508972168e-01
-6.785393953323364258e-01
-2.346092313528060913e-01
4.598173499107360840e-01
6.885205507278442383e-01
-1.922471225261688232e-01
-4.426960647106170654e-01
2.889380156993865967e-01
-3.739680051803588867e-01
3.771580457687377930e-01
7.112112641334533691e-02
2.989613451063632965e-02
1.921792626380920410e-01
-2.692660093307495117e-01
3.598997294902801514e-01
-4.393387958407402039e-02
-3.917432203888893127e-02
-2.301992028951644897e-01
-1.231861263513565063e-01
9.285124391317367554e-02
-4.014328718185424805e-01
3.822532892227172852e-01
4.132000505924224854e-01
-2.411855757236480713e-01
-4.343999326229095459e-01
2.054506689310073853e-01
2.343795746564865112e-01
-3.370808959007263184e-01
1.427598148584365845e-01
4.212232679128646851e-02
-3.230699598789215088e-01
-6.045232415199279785e-01
-4.784991499036550522e-03
-2.456439882516860962e-01
2.590799927711486816e-01
-1.872907578945159912e-01
8.473291993141174316e-01
-1.039343476295471191e+00
-7.888296842575073242e-01
4.826286733150482178e-01
7.498793303966522217e-02
1.102931275963783264e-01
2.668362557888031006e-01
-3.304845690727233887e-01
-2.465757578611373901e-01
8.195944875478744507e-02
5.223583430051803589e-03
3.004876375198364258e-01
-4.513733685016632080e-01
5.861580371856689453e-01
-6.878853589296340942e-02
-3.366431891918182373e-01
4.633120596408843994e-01
-5.876588225364685059e-01
-6.835665553808212280e-03
-4.811413288116455078e-01
4.622581303119659424e-01
-1.885836571455001831e-01
-6.226513981819152832e-01
3.489423990249633789e-01
1.136122271418571472e-01
5.379845499992370605e-01
1.082187965512275696e-01
-3.983991742134094238e-01
-4.061440229415893555e-01
4.517939388751983643e-01
2.244302183389663696e-01
7.274538278579711914e-01
-2.211957275867462158e-01
-2.421763241291046143e-01
-7.867150902748107910e-01
-4.141186773777008057e-01
5.827109143137931824e-02
-1.019994542002677917e-01
5.891451835632324219e-01
-9.130775928497314453e-02
2.942547500133514404e-01
-4.528410434722900391e-01
-1.123472154140472412e-01
-4.424465820193290710e-02
-4.527662694454193115e-01
-2.085287123918533325e-01
-7.906998693943023682e-02
4.353492558002471924e-01
-3.817196786403656006e-01
3.001497983932495117e-01
5.089603662490844727e-01
2.605076730251312256e-01
1.597398072481155396e-01
2.998288571834564209e-01
1.621710062026977539e-01
-1.621814966201782227e-01
-4.488790333271026611e-01
-1.240030769258737564e-02
7.229134440422058105e-01
1.712158173322677612e-01
-2.399222701787948608e-01
-1.913035064935684204e-01
5.540320649743080139e-02
1.908806711435317993e-01
-4.870316684246063232e-01
6.990961730480194092e-02
-2.625976502895355225e-01
5.765178054571151733e-02
3.171601891517639160e-01
-7.084616422653198242e-01
2.808621227741241455e-01
-9.728249907493591309e-02
1.988931559026241302e-02
5.739223957061767578e-01
-6.136264652013778687e-02
-1.303592175245285034e-01
-2.185499817132949829e-01
-5.627182126045227051e-01
6.862336397171020508e-01
-1.518962383270263672e-01
-7.379000633955001831e-02
-7.169352471828460693e-02
6.671999581158161163e-03
1.189317226409912109e+00
-7.682936787605285645e-01
8.628889918327331543e-01
-1.833835989236831665e-01
1.446546763181686401e-01
2.437108457088470459e-01
-2.107128873467445374e-02
-5.427572410553693771e-03
-2.466542869806289673e-01
1.871593743562698364e-01
5.858847871422767639e-02
6.412007659673690796e-02
-2.635267078876495361e-01
-2.229668758809566498e-02
-2.164165675640106201e-01
3.945762000512331724e-05
-4.674439877271652222e-02
2.178731411695480347e-01
-1.693576574325561523e-01
-1.707032173871994019e-01
1.805974394083023071e-01
1.446990072727203369e-01
-1.050982065498828888e-02
-7.321255654096603394e-02
-2.623605430126190186e-01
-4.643805325031280518e-01
-1.866633258759975433e-02
-1.811442337930202484e-02
7.933596521615982056e-02
-2.481861561536788940e-01
-2.308190912008285522e-01
3.009600043296813965e-01
4.717839658260345459e-01
2.216691672801971436e-01
-2.078572362661361694e-01
-9.468293190002441406e-01
-2.100417315959930420e-01
7.624698877334594727e-01
6.411949396133422852e-01
1.233505979180335999e-01
-1.274654865264892578e-01
9.881917238235473633e-01
2.435069382190704346e-01
3.384843170642852783e-01
8.319265246391296387e-01
-5.665856599807739258e-01
7.994394302368164062e-01
2.798253595829010010e-01
1.333404928445816040e-01
-4.500302672386169434e-01
4.291868209838867188e-01
2.124061882495880127e-01
-3.935489356517791748e-01
3.887046277523040771e-01
-2.870487868785858154e-01
-3.737064823508262634e-02
-1.012663468718528748e-01
3.286899030208587646e-01
-6.541534662246704102e-01
-7.024641036987304688e-01
-3.481734544038772583e-02
-7.780356705188751221e-02
3.225511610507965088e-01
2.440945953130722046e-01
-4.660736918449401855e-01
-3.116642832756042480e-01
3.714645206928253174e-01
1.879563480615615845e-01
-5.162532329559326172e-01
1.588549613952636719e-01
-3.005529642105102539e-01
1.718112081289291382e-01
1.000897288322448730e-01
-2.852049767971038818e-01
4.844434857368469238e-01
1.744880378246307373e-01
2.082819789648056030e-01
-6.463545560836791992e-01
3.481491208076477051e-01
5.177900791168212891e-01
-2.455501109361648560e-01
-5.552463531494140625e-01
-2.304304689168930054e-01
-2.964075505733489990e-01
-2.725483775138854980e-01
8.037220239639282227e-01
-3.960313200950622559e-01
-5.145680308341979980e-01
2.178239077329635620e-01
-1.637327373027801514e-01
-1.382613331079483032e-01
-2.585192322731018066e-01
3.493681550025939941e-01
-2.923214733600616455e-01
1.154077202081680298e-01
4.977414309978485107e-01
3.942871689796447754e-01
-8.307501077651977539e-01
3.875590562820434570e-01
4.773411452770233154e-01
-6.573515385389328003e-02
-8.688153028488159180e-01
-1.561716012656688690e-02
-2.257849425077438354e-01
2.499017566442489624e-01
5.410282015800476074e-01
-1.848812997341156006e-01
1.680724620819091797e-01
2.614437937736511230e-01
-8.166655153036117554e-02
1.917528063058853149e-01
-3.763315826654434204e-02
2.032057493925094604e-01
5.615497231483459473e-01
-2.935618758201599121e-01
-2.056048810482025146e-01
-1.514892280101776123e-01
7.452744245529174805e-01
5.442690476775169373e-02
-1.454497128725051880e-01
2.536312937736511230e-01
2.450153678655624390e-01
3.422342538833618164e-01
-2.001925855875015259e-01
4.309895932674407959e-01
-6.864720582962036133e-01
7.846098542213439941e-01
3.579772114753723145e-01
-4.265966713428497314e-01
5.649185776710510254e-01
-7.846852540969848633e-01
2.324386686086654663e-01
8.989232778549194336e-01
-4.140922427177429199e-01
1.759375482797622681e-01
-8.944854885339736938e-02
1.491870433092117310e-01
-4.936367273330688477e-01
1.060468792915344238e+00
9.145818948745727539e-01
-4.878866672515869141e-02
-1.399171054363250732e-01
-1.480131000280380249e-01
-1.470372080802917480e-01
1.244688481092453003e-01
6.376404166221618652e-01
-1.414747983217239380e-01
-2.817588150501251221e-01
6.405834555625915527e-01
4.072029143571853638e-02
3.685604631900787354e-01
-2.562061250209808350e-01
-2.808023691177368164e-01
5.482671260833740234e-01
-6.144211888313293457e-01
3.226388096809387207e-01
3.973223268985748291e-01
5.630338191986083984e-01
5.117962881922721863e-02
-2.473196536302566528e-01
3.125985860824584961e-01
2.659077942371368408e-01
4.635122716426849365e-01
6.625959277153015137e-01
-7.302318215370178223e-01
-1.293029189109802246e-01
4.458227157592773438e-01
-5.198261141777038574e-01
-3.409272730350494385e-01
-9.605277180671691895e-01
5.520227551460266113e-01
-1.466906517744064331e-01
-1.894678547978401184e-02
1.744645535945892334e-01
-7.589097023010253906e-01
3.879103660583496094e-01
3.232269048690795898e+00
2.028185367584228516e+00
-5.972385406494140625e-01
-9.527227878570556641e-01
1.969668418169021606e-01
2.158535718917846680e+00
2.179419517517089844e+00
5.174379944801330566e-01
-7.523697614669799805e-01
-1.441881179809570312e+00
5.607587695121765137e-01
-3.667639791965484619e-01
-3.059897124767303467e-01
-3.420294821262359619e-02
-3.550300002098083496e-01
-5.616681575775146484e-01
-1.961492598056793213e-01
-1.178711950778961182e-01
1.417124420404434204e-01
-2.573084235191345215e-01
1.525983661413192749e-01
-9.163352251052856445e-01
-2.138406187295913696e-01
-1.716661572456359863e+00
-7.051553726196289062e-01
-2.077143825590610504e-02
-1.995476894080638885e-02
-8.974052667617797852e-01
-8.678410947322845459e-02
3.404316008090972900e-01
-2.635614275932312012e-01
1.092949286103248596e-01
-1.408534348011016846e-01
4.974603056907653809e-01
-2.411401122808456421e-01
-2.288995683193206787e-01
3.890525922179222107e-02
-4.184914231300354004e-01
2.948179841041564941e-01
-1.227076798677444458e-01
-2.017812132835388184e-01
-1.182822436094284058e-01
2.139845043420791626e-01
2.300097793340682983e-02
1.277818437665700912e-02
-3.130773305892944336e-01
-2.648043632507324219e-01
-4.778365790843963623e-01
2.456467747688293457e-01
7.229211926460266113e-02
-3.923082649707794189e-01
4.248886406421661377e-01
1.923640668392181396e-01
-4.709490239620208740e-01
9.313816577196121216e-02
-5.921617746353149414e-01
-1.205953478813171387e+00
4.964658319950103760e-01
-5.884321331977844238e-01
5.395007729530334473e-01
3.310728371143341064e-01
3.310056030750274658e-01
-5.490715056657791138e-02
-3.262563943862915039e-01
4.541037380695343018e-01
2.417907714843750000e-01
1.861029118299484253e-01
4.244545400142669678e-01
-1.664060205221176147e-01
1.028956770896911621e-01
2.188412100076675415e-01
-5.985292196273803711e-01
-5.154993012547492981e-02
-1.954880058765411377e-01
-1.063621044158935547e-02
-8.555657863616943359e-01
-5.495879650115966797e-01
1.878279000520706177e-01
-3.769390583038330078e-01
1.293058693408966064e-01
4.125464707612991333e-02
-2.049038112163543701e-01
-7.789206504821777344e-02
-5.080121755599975586e-01
1.182848289608955383e-01
7.184614427387714386e-03
3.496731519699096680e-01
1.849168092012405396e-01
-3.389734029769897461e-01
-7.480613887310028076e-02
4.304226934909820557e-01
-2.745642960071563721e-01
2.688065767288208008e-01
1.294620335102081299e-01
6.766793131828308105e-01
9.336917400360107422e-01
6.234526261687278748e-02
-1.606174111366271973e-01
-1.531397700309753418e-01
7.708856463432312012e-02
7.256379723548889160e-02
1.772510558366775513e-01
8.697680383920669556e-02
7.410581707954406738e-01
8.131352066993713379e-01
1.372710019350051880e-01
-1.413838714361190796e-01
2.177759706974029541e-01
1.174060329794883728e-01
3.978884518146514893e-01
-7.736210245639085770e-03
3.033213913440704346e-01
-1.810939311981201172e-01
-2.938247025012969971e-01
9.887799024581909180e-01
9.224268198013305664e-01
3.597874939441680908e-01
-2.761448621749877930e-01
1.613637655973434448e-01
1.302711963653564453e-01
-1.634102165699005127e-01
1.026661470532417297e-01
-6.752287745475769043e-01
3.764540255069732666e-01
-5.603046715259552002e-02
8.842857927083969116e-02
-1.568195223808288574e-02
1.925103962421417236e-01
1.943915784358978271e-01
-2.502626478672027588e-01
1.437002271413803101e-01
1.784302890300750732e-01
6.426877528429031372e-02
-3.372609019279479980e-01
2.112823963165283203e+00
3.553740680217742920e-02
-8.775512129068374634e-02
5.789133906364440918e-01
-2.092362642288208008e-01
4.569531381130218506e-01
1.856434904038906097e-02
2.653241157531738281e-01
-3.958188742399215698e-02
-1.022430211305618286e-01
5.789329409599304199e-01
1.817455738782882690e-01
1.066389009356498718e-01
2.127470821142196655e-01
-2.676745355129241943e-01
-7.839400768280029297e-01
3.572054952383041382e-02
-2.488900274038314819e-01
4.357979595661163330e-01
2.158088088035583496e-01
-3.363765776157379150e-01
5.772699117660522461e-01
6.050359457731246948e-02
9.452328830957412720e-02
-2.107236161828041077e-02
3.755658119916915894e-02
-3.887729346752166748e-01
-2.382457107305526733e-01
-2.071553096175193787e-02
3.425679206848144531e-01
-3.509243428707122803e-01
-2.482060641050338745e-01
-2.815404236316680908e-01
-2.459837198257446289e-01
1.864285022020339966e-01
1.063286542892456055e+00
-2.409311383962631226e-01
2.117122411727905273e-01
-1.772385686635971069e-01
2.661993205547332764e-01
4.320414960384368896e-01
-3.423693180084228516e-01
-6.428177356719970703e-01
3.699329122900962830e-02
2.582760900259017944e-02
2.770989574491977692e-02
1.472614258527755737e-01
1.396314054727554321e-01
-3.685636520385742188e-01
4.639025926589965820e-01
1.208059266209602356e-01
1.738010346889495850e-01
5.330581665039062500e-01
2.586155235767364502e-01
-5.811792016029357910e-01
1.328800469636917114e-01
5.096671581268310547e-01
-4.485126137733459473e-01
1.937161833047866821e-01
4.435429871082305908e-01
-9.144052118062973022e-02
-4.310002550482749939e-02
2.642204463481903076e-01
-5.677475929260253906e-01
3.878084421157836914e-01
-3.630703389644622803e-01
-5.947496891021728516e-01
-3.612601757049560547e-01
1.878113597631454468e-01
5.682074278593063354e-02
-3.571320176124572754e-01
-4.588951766490936279e-01
-4.350968897342681885e-01
-5.576472282409667969e-01
6.224038600921630859e-01
1.830908060073852539e-01
-2.878680229187011719e-01
5.741751790046691895e-01
-4.651416838169097900e-01
-1.088545083999633789e+00
5.476907491683959961e-01
3.198646903038024902e-01
-8.637884259223937988e-01
1.086145520210266113e+00
-2.640550732612609863e-01
5.558179020881652832e-01
1.242509484291076660e+00
-4.325794056057929993e-02
-5.536621212959289551e-01
-4.675305187702178955e-01
6.410913914442062378e-02
1.207182049751281738e+00
6.008366346359252930e-01
5.561527013778686523e-01
-5.147997140884399414e-01
-2.999482452869415283e-01
4.392200708389282227e-01
-6.431695222854614258e-01
8.748084902763366699e-01
-6.335263252258300781e-01
-3.674547076225280762e-01
-1.967726647853851318e-01
4.194590449333190918e-02
3.391399383544921875e-01
-1.797910630702972412e-01
5.762592330574989319e-02
-1.062337495386600494e-02
-6.570781469345092773e-01
3.306746855378150940e-02
-1.730409860610961914e-01
-6.698692589998245239e-02
4.011210799217224121e-02
4.072443842887878418e-01
1.295133829116821289e-01
2.202761471271514893e-01
8.933522105216979980e-01
1.938510388135910034e-01
-1.871968209743499756e-01
2.016158699989318848e-01
2.864546775817871094e-01
-5.971405506134033203e-01
-4.544348418712615967e-01
-8.760166168212890625e-01
-9.862015396356582642e-02
4.385614991188049316e-01
-1.294253170490264893e-01
-4.113108813762664795e-01
-2.150289863348007202e-01
6.605116128921508789e-01
5.049182772636413574e-01
-1.096181422472000122e-01
-6.301451325416564941e-01
-4.930379688739776611e-01
-9.018407762050628662e-02
1.056120753288269043e+00
9.029064774513244629e-01
-6.931955814361572266e-01
5.593276619911193848e-01
-5.186984539031982422e-01
-2.440544068813323975e-01
8.464670181274414062e-01
3.152145147323608398e-01
-3.079179823398590088e-01
1.216721311211585999e-01
-1.310836225748062134e-01
1.716164946556091309e-01
-2.792227566242218018e-01
-8.151596784591674805e-02
-5.064805746078491211e-01
-4.196716248989105225e-01
8.582226000726222992e-03
2.761250734329223633e-01
8.874727040529251099e-02
1.008758842945098877e-01
1.274779289960861206e-01
-8.689051270484924316e-01
-8.664543926715850830e-02
-4.278462007641792297e-02
-4.464052915573120117e-01
-1.019916296005249023e+00
8.490915596485137939e-02
5.023745447397232056e-02
-8.739795684814453125e-01
-3.881106153130531311e-02
-3.473224639892578125e-01
-3.008398227393627167e-02
-2.424219809472560883e-02
-1.348378211259841919e-01
-6.358019113540649414e-01
-6.826825737953186035e-01
1.747966408729553223e-01
2.118855416774749756e-01
9.099800586700439453e-01
2.267768979072570801e-01
-2.734772562980651855e-01
6.298761367797851562e-01
2.132247686386108398e-01
-2.278240323066711426e-01
1.680313497781753540e-01
3.313297927379608154e-01
-7.055551977828145027e-04
5.682618021965026855e-01
2.414831221103668213e-01
-3.268918991088867188e-01
4.016742706298828125e-01
-1.523262709379196167e-01
-4.474573135375976562e-01
-2.040865272283554077e-01
1.252662241458892822e-01
5.303411558270454407e-02
-2.620419859886169434e-01
-1.503979414701461792e-01
-7.357765436172485352e-01
-2.682708203792572021e-01
9.724196195602416992e-01
-2.613809704780578613e-01
-4.131573736667633057e-01
4.699613153934478760e-01
-1.766910791397094727e+00
1.689212173223495483e-01
1.772163957357406616e-01
-1.137804538011550903e-01
-2.695493102073669434e-01
1.246473044157028198e-01
-2.893300950527191162e-01
1.481414139270782471e-01
7.111946344375610352e-01
4.728484153747558594e-01
1.285281032323837280e-01
2.964054979383945465e-02
3.075973987579345703e-01
1.025355234742164612e-01
2.651284635066986084e-01
1.347336918115615845e-01
-4.022082686424255371e-01
-8.309700489044189453e-01
2.916292250156402588e-01
-4.764635264873504639e-01
5.599520206451416016e-01
2.028438150882720947e-01
-1.356714010238647461e+00
-6.488209962844848633e-02
1.595916390419006348e+00
-3.353828787803649902e-01
4.146267473697662354e-02
-8.657733350992202759e-02
-9.887937456369400024e-02
4.236556291580200195e-01
6.984207630157470703e-01
1.779808849096298218e-01
2.134511806070804596e-02
-3.430950939655303955e-01
-2.549681812524795532e-02
-1.296500563621520996e-01
-3.038132786750793457e-01
5.932840704917907715e-01
-2.681250274181365967e-01
-8.520972728729248047e-02
-2.712573111057281494e-01
-1.640696972608566284e-01
8.439267277717590332e-01
5.660936832427978516e-01
8.026614785194396973e-02
6.285650283098220825e-02
-1.753261536359786987e-01
-1.823786497116088867e-01
4.166445508599281311e-02
3.527345061302185059e-01
-7.446272969245910645e-01
2.526342868804931641e-01
7.640137672424316406e-01
8.657056093215942383e-02
-3.203966617584228516e-01
1.158771142363548279e-01
2.153143435716629028e-01
1.058473736047744751e-01
-2.075264602899551392e-01
-8.706363290548324585e-02
4.462883472442626953e-01
-3.664156794548034668e-01
-1.103609427809715271e-01
6.283057928085327148e-01
5.164902210235595703e-01
-1.821164935827255249e-01
1.269204616546630859e-01
4.124876856803894043e-01
-1.358817070722579956e-01
1.932970136404037476e-01
-1.488348096609115601e-01
6.341443061828613281e-01
4.086540043354034424e-01
-2.032181918621063232e-01
7.555371522903442383e-02
7.376220822334289551e-02
-5.166791677474975586e-01
3.328416645526885986e-01
-4.348956048488616943e-01
1.070670634508132935e-01
5.755326151847839355e-02
5.275149941444396973e-01
-9.397537261247634888e-02
-1.142992377281188965e-01
5.043749809265136719e-01
-1.088356852531433105e+00
-2.990325689315795898e-01
-5.647448822855949402e-02
-4.135563969612121582e-01
4.045611023902893066e-01
-3.945617005228996277e-02
1.934393048286437988e-01
4.686161279678344727e-01
-2.654179371893405914e-02
-1.517078429460525513e-01
2.567086219787597656e-01
5.391042679548263550e-02
1.147670969367027283e-01
2.105282396078109741e-01
-7.527150511741638184e-01
-9.982365369796752930e-02
3.384524881839752197e-01
-2.240579575300216675e-01
2.729016542434692383e-01
4.152595698833465576e-01
-5.368103384971618652e-01
3.098321855068206787e-01
1.828350871801376343e-01
1.804417967796325684e-01
5.582993626594543457e-01
-7.533215451985597610e-03
-1.826304793357849121e-01
3.720312416553497314e-01
5.312510132789611816e-01
2.718759179115295410e-01
6.722541451454162598e-01
2.060694545507431030e-01
-6.805953979492187500e-01
3.975875973701477051e-01
1.108602806925773621e-01
-1.761282607913017273e-02
6.319379806518554688e-01
1.676244735717773438e-01
1.102101430296897888e-01
2.968606054782867432e-01
1.123354062438011169e-01
-3.442442119121551514e-01
-4.686318710446357727e-02
-3.414236307144165039e-01
2.745001614093780518e-01
3.172937333583831787e-01
-2.091170251369476318e-01
-9.085377454757690430e-01
7.449490576982498169e-02
-2.368669062852859497e-01
-2.992128431797027588e-01
2.255621552467346191e-01
1.371410250663757324e+00
-3.105865120887756348e-01
-1.226623058319091797e+00
-7.983823418617248535e-01
-4.215870499610900879e-01
-4.952157661318778992e-02
-2.460399270057678223e-01
-1.829833388328552246e-01
1.540131419897079468e-01
-9.852259606122970581e-02
-1.628469377756118774e-01
4.847804009914398193e-01
-2.494792044162750244e-01
2.511106729507446289e-01
-4.587559700012207031e-01
-2.293823361396789551e-01
2.795598506927490234e-01
9.873729199171066284e-02
-2.248298972845077515e-01
1.739753335714340210e-01
1.560334563255310059e-01
1.956051886081695557e-01
1.695880591869354248e-01
-5.443547666072845459e-02
-2.636558376252651215e-02
3.080814145505428314e-02
1.578053981065750122e-01
-2.008890658617019653e-01
1.338663101196289062e-01
-4.545812606811523438e-01
3.085893392562866211e-01
-4.930781200528144836e-02
-3.243699371814727783e-01
-1.151875481009483337e-01
3.011477291584014893e-01
1.670219540596008301e+00
-9.659258276224136353e-02
5.260315537452697754e-01
6.477183103561401367e-01
4.815403744578361511e-02
-1.396221995353698730e+00
8.877093344926834106e-02
-4.538223743438720703e-01
-3.647276759147644043e-01
-1.350187361240386963e-01
1.506748050451278687e-01
-2.139953225851058960e-01
-7.487940788269042969e-01
2.694911062717437744e-01
-3.746051341295242310e-02
-2.232099473476409912e-01
1.230745077133178711e+00
-1.006489157676696777e+00
3.293742835521697998e-01
1.020327284932136536e-01
-1.508470624685287476e-01
1.453396916389465332e+00
-4.191520214080810547e-01
-1.252942204475402832e+00
6.315405964851379395e-01
3.092208504676818848e-01
6.277472525835037231e-02
2.135544642806053162e-02
-1.571307629346847534e-01
-1.855698674917221069e-01
-2.337998747825622559e-01
5.451220273971557617e-02
4.655916690826416016e-01
-4.855493307113647461e-01
5.793001130223274231e-02
9.576385468244552612e-02
-1.305670142173767090e+00
2.379445433616638184e-01
-3.814042806625366211e-01
1.055624261498451233e-01
3.324680328369140625e-01
-3.635621368885040283e-01
1.958779990673065186e-01
4.973064959049224854e-01
-6.760762333869934082e-01
1.504549533128738403e-01
1.045495942234992981e-01
-3.060463368892669678e-01
-1.161626726388931274e-01
-2.087632864713668823e-01
-2.989569604396820068e-01
6.147565841674804688e-01
1.755917072296142578e-01
-3.120028674602508545e-01
-2.041394822299480438e-03
1.831361651420593262e-01
2.568931579589843750e-01
-1.690431088209152222e-01
-2.668513059616088867e-01
3.102028369903564453e-02
2.345717430114746094e+00
2.028214782476425171e-01
7.550381422042846680e-01
4.909666776657104492e-01
8.229947090148925781e-02
-2.599584460258483887e-01
-6.751639842987060547e-01
2.532814741134643555e-01
-1.603991836309432983e-01
-7.283665537834167480e-01
-9.316204488277435303e-02
-1.272203922271728516e-01
-8.263142406940460205e-02
1.558721184730529785e+00
1.658575534820556641e-01
-4.156564176082611084e-01
-4.002285003662109375e-01
1.608660817146301270e-01
4.827669560909271240e-01
-7.417744398117065430e-02
1.072202920913696289e+00
-1.246938034892082214e-01
-1.785083562135696411e-01
-2.862727344036102295e-01
1.363244280219078064e-02
-2.077177464962005615e-01
-4.508600234985351562e-01
-1.570687413215637207e+00
7.485327720642089844e-01
-1.179030239582061768e-01
1.506925672292709351e-01
3.297539353370666504e-01
4.600472748279571533e-01
-5.281722545623779297e-01
2.512704394757747650e-02
-7.036490738391876221e-02
-1.136655926704406738e+00
3.999365866184234619e-01
-8.143039047718048096e-02
1.592413038015365601e-01
-4.802786931395530701e-02
-5.908054113388061523e-01
4.623751938343048096e-01
1.356016278266906738e+00
-2.230947911739349365e-01
-1.333843916654586792e-01
2.985104685649275780e-03
-6.878135204315185547e-01
2.556029893457889557e-02
-9.798555076122283936e-02
-2.458477914333343506e-01
1.180926039814949036e-01
-1.285206526517868042e-01
-9.453996084630489349e-03
-3.429305925965309143e-02
3.171123266220092773e-01
4.300026297569274902e-01
-6.014405190944671631e-02
-4.139766991138458252e-01
2.312500178813934326e-01
-2.694177150726318359e+00
1.699381470680236816e-01
2.104056030511856079e-01
3.759648799896240234e-01
-1.988691538572311401e-01
-9.446489810943603516e-02
2.566055655479431152e-01
-3.352115452289581299e-01
2.504629194736480713e-01
-1.315691228955984116e-02
-1.169436573982238770e-01
3.574142456054687500e-01
1.778718531131744385e-01
5.367661118507385254e-01
2.521797120571136475e-01
2.444323152303695679e-01
-4.637563824653625488e-01
4.877532124519348145e-01
3.985624015331268311e-02
2.763179540634155273e-01
-2.436923980712890625e+00
-1.950791776180267334e-01
9.256296604871749878e-02
9.820961952209472656e-02
-8.199866116046905518e-02
6.933172345161437988e-01
-2.146676927804946899e-01
9.416421651840209961e-01
-3.203830718994140625e-01
1.483394950628280640e-01
2.024082541465759277e-01
-1.386613468639552593e-03
2.285505980253219604e-01
-7.686005830764770508e-01
-4.148044288158416748e-01
-1.677969694137573242e-01
-2.747917175292968750e-01
-1.148027833551168442e-02
-1.055467724800109863e-01
-2.854822948575019836e-02
1.671064645051956177e-01
-4.235616326332092285e-01
-2.504766881465911865e-01
-1.278141140937805176e-01
2.191229909658432007e-01
2.650778591632843018e-01
-3.753878474235534668e-01
-3.143329024314880371e-01
-2.892166972160339355e-01
6.162678077816963196e-02
-4.300326481461524963e-02
5.963612929917871952e-04
6.983810663223266602e-02
6.468721032142639160e-01
3.850153386592864990e-01
2.133088260889053345e-01
-5.385062694549560547e-01
5.650848895311355591e-02
-6.575421988964080811e-02
-2.180586010217666626e-01
3.381383419036865234e-01
-3.180272877216339111e-01
9.680362939834594727e-01
5.257532000541687012e-03
-6.659922748804092407e-02
-3.465520143508911133e-01
-5.180902406573295593e-02
9.158018827438354492e-01
-4.403454363346099854e-01
8.970932662487030029e-02
4.024277925491333008e-01
-4.697582721710205078e-01
-3.965905010700225830e-01
3.015815913677215576e-01
-3.599335551261901855e-01
-2.387758195400238037e-01
1.039801761507987976e-01
-2.732504904270172119e-01
5.795070528984069824e-01
-1.621109247207641602e-01
-3.375952243804931641e-01
1.078581959009170532e-01
-4.345152080059051514e-01
-1.077471300959587097e-01
2.127946466207504272e-01
-1.133539751172065735e-01
2.268083333969116211e+00
-5.998816490173339844e-01
-4.776739776134490967e-01
4.995445013046264648e-01
1.944512873888015747e-02
1.478730589151382446e-01
8.820436596870422363e-01
-4.621882140636444092e-01
2.159421332180500031e-02
1.554056257009506226e-01
-3.462287783622741699e-01
7.812451571226119995e-02
-3.099657036364078522e-02
6.775839626789093018e-02
9.177251160144805908e-02
-4.840408563613891602e-01
1.807019710540771484e-01
7.932820916175842285e-02
6.604303140193223953e-03
-2.201419472694396973e-01
-1.213131695985794067e-01
-3.000678718090057373e-01
1.974052041769027710e-01
-4.142883419990539551e-01
-3.311666846275329590e-01
1.198510289192199707e+00
1.992899477481842041e-01
6.531862914562225342e-02
-2.220411598682403564e-01
1.945420354604721069e-01
3.594614267349243164e-01
-5.194460973143577576e-02
-8.831735700368881226e-02
6.604087352752685547e-01
5.213195681571960449e-01
2.751572132110595703e-01
2.471836656332015991e-01
3.731820285320281982e-01
1.095171831548213959e-02
-2.475507557392120361e-01
-1.056917190551757812e+00
-2.564838156104087830e-02
5.309591889381408691e-01
-1.671108603477478027e-01
-1.942315846681594849e-01
8.680862933397293091e-02
1.908014565706253052e-01
8.954502642154693604e-02
3.993687331676483154e-01
8.086089491844177246e-01
-6.020135283470153809e-01
-1.548620592802762985e-02
-1.302524656057357788e-01
2.944589853286743164e-01
2.827713787555694580e-01
-4.538660943508148193e-01
6.419386863708496094e-01
6.555549502372741699e-01
-3.317455947399139404e-01
3.157855570316314697e-01
-3.800269216299057007e-02
5.084826350212097168e-01
2.817483060061931610e-02
-4.239517152309417725e-01
-3.530265064910054207e-03
2.209961600601673126e-02
-1.313521713018417358e-01
1.877925992012023926e-01
4.298416078090667725e-01
2.433726340532302856e-01
4.986050128936767578e-01
-2.470449805259704590e-01
-9.114790707826614380e-02
8.255233615636825562e-02
5.114678144454956055e-01
5.405302643775939941e-01
-1.053837180137634277e+00
1.953608356416225433e-03
1.068967953324317932e-01
-2.674771249294281006e-01
6.814855337142944336e-01
2.592194974422454834e-01
3.909486234188079834e-01
-4.400387704372406006e-01
-4.396944046020507812e-01
4.761215150356292725e-01
5.862137079238891602e-01
5.260887145996093750e-01
-1.481963545083999634e-01
3.836028277873992920e-01
-4.655767083168029785e-01
8.088026046752929688e-01
-2.349693477153778076e-01
3.473097383975982666e-01
6.306476593017578125e-01
-5.337296128273010254e-01
-1.521814763545989990e-01
7.423166036605834961e-01
-8.404864668846130371e-01
6.195817142724990845e-02
8.147297054529190063e-02
-3.856998682022094727e-01
-7.579433172941207886e-02
-3.778518177568912506e-03
-6.807849556207656860e-02
-1.699914224445819855e-03
2.070038318634033203e-01
-7.141817826777696609e-03
1.715068221092224121e-01
2.573229074478149414e-01
-3.710702657699584961e-01
3.468815684318542480e-01
1.106374710798263550e-01
-1.170029193162918091e-01
-3.398314863443374634e-02
1.298643797636032104e-01
-3.813782334327697754e-01
2.127195894718170166e-01
2.863134443759918213e-01
3.460672795772552490e-01
6.250851601362228394e-02
1.458968371152877808e-01
-1.564699172973632812e+00
-4.061936736106872559e-01
5.734439939260482788e-02
5.204464793205261230e-01
2.494716644287109375e-01
7.685323804616928101e-02
-1.437240391969680786e-01
8.426132798194885254e-02
2.509648799896240234e-01
4.328514263033866882e-02
1.661222428083419800e-01
1.750118285417556763e-01
-5.176287889480590820e-01
1.270787119865417480e-01
-2.837280929088592529e-01
-4.492725133895874023e-01
2.437404394149780273e-01
3.188069164752960205e-01
-1.036116629838943481e-01
2.561242580413818359e-01
1.637925393879413605e-02
5.211985856294631958e-02
-6.541078686714172363e-01
-5.543269962072372437e-02
-3.753148019313812256e-01
-7.422208040952682495e-02
-1.665993034839630127e-01
3.398988842964172363e-01
-8.563821315765380859e-01
1.526582390069961548e-01
8.588153719902038574e-01
-6.979945898056030273e-01
-7.916535437107086182e-02
-1.736057251691818237e-01
3.660559654235839844e-01
-2.833256125450134277e-01
2.957524172961711884e-02
3.540380299091339111e-01
1.628217697143554688e-01
-6.690385192632675171e-02
6.747459173202514648e-01
3.411893546581268311e-01
-1.082461029291152954e-01
6.487674266099929810e-02
3.405400216579437256e-01
-1.068435236811637878e-01
2.599405348300933838e-01
1.493363022804260254e+00
-1.579386711120605469e+00
2.087593376636505127e-01
3.548716604709625244e-01
-2.322782874107360840e-01
-5.506470799446105957e-01
2.840521931648254395e-01
1.720676571130752563e-02
4.345777332782745361e-01
5.508712530136108398e-01
4.351585507392883301e-01
-3.368398547172546387e-01
1.660684347152709961e-01
1.944756269454956055e+00
7.526164501905441284e-02
3.720670565962791443e-02
2.370376288890838623e-01
-1.118205636739730835e-01
2.494115233421325684e-01
-5.720320343971252441e-01
-7.014747709035873413e-02
7.002242207527160645e-01
-6.634215116500854492e-01
-2.094051241874694824e-01
5.393064767122268677e-02
6.679290533065795898e-01
6.201536655426025391e-01
4.306964278221130371e-01
9.929879009723663330e-02
-5.159302353858947754e-01
-7.096128463745117188e-01
5.521515384316444397e-02
-4.199921786785125732e-01
1.281926184892654419e-01
-1.615006029605865479e-01
-1.782142221927642822e-01
-1.269524246454238892e-01
-2.154499441385269165e-01
1.439498513936996460e-01
-4.590542986989021301e-02
-6.169391870498657227e-01
-1.764168739318847656e+00
5.224459245800971985e-02
-9.819253534078598022e-02
1.258559376001358032e-01
1.868879944086074829e-01
3.569818735122680664e-01
-4.697923548519611359e-03
-1.979706585407257080e-01
1.453457772731781006e-02
7.068421691656112671e-02
5.294895172119140625e-01
-4.587868750095367432e-01
-3.299955129623413086e-01
-2.752220332622528076e-01
1.935204267501831055e-01
1.410256773233413696e-01
-1.823935657739639282e-01
1.350411027669906616e-01
-2.065376564860343933e-02
3.144590258598327637e-01
7.693303227424621582e-01
3.083269596099853516e-01
9.789317846298217773e-01
-1.945738047361373901e-01
-7.000405341386795044e-02
-7.141863554716110229e-02
4.358803331851959229e-01
-3.733503818511962891e-01
5.098161697387695312e-01
3.124376386404037476e-02
3.811724185943603516e-01
-3.953137993812561035e-01
1.213156104087829590e+00
1.058585941791534424e-01
7.888914346694946289e-01
-3.028874099254608154e-01
-8.122168481349945068e-02
3.896290957927703857e-01
-5.055520534515380859e-01
5.018851161003112793e-01
4.523850381374359131e-01
-3.728155493736267090e-01
1.366149187088012695e-01
-2.583961486816406250e-01
3.749175965785980225e-01
-9.129926562309265137e-02
-3.620219230651855469e-01
2.707550525665283203e-01
2.401971518993377686e-01
-2.676042541861534119e-02
-2.055839747190475464e-01
-7.680031061172485352e-01
-9.125039577484130859e-01
-4.828674793243408203e-01
5.699926614761352539e-01
-2.460354939103126526e-02
-6.943121552467346191e-01
-1.375977694988250732e-01
-4.993231967091560364e-02
-3.596874177455902100e-01
1.148886203765869141e+00
-3.484322726726531982e-01
3.706159293651580811e-01
1.821920573711395264e-01
4.778457581996917725e-01
2.630972862243652344e-02
2.360850721597671509e-01
-6.500818580389022827e-02
7.703968882560729980e-02
-4.039889574050903320e-01
-6.457599997520446777e-01
6.002292782068252563e-02
-8.229281306266784668e-01
-1.703589111566543579e-01
2.286262661218643188e-01
-1.355590522289276123e-01
-6.455591917037963867e-01
-1.355883292853832245e-02
-2.201365381479263306e-01
-4.414893984794616699e-01
8.060209155082702637e-01
-1.059116199612617493e-01
-3.950439691543579102e-01
2.863070368766784668e-01
6.760087013244628906e-01
7.344057410955429077e-02
1.951798051595687866e-01
-2.900869846343994141e-01
-1.515697985887527466e-01
-5.038895606994628906e-01
-2.847950160503387451e-01
-1.081157401204109192e-01
-3.430406749248504639e-01
-5.448745936155319214e-02
-4.228381216526031494e-01
-1.366128306835889816e-02
-1.539198309183120728e-01
-7.287610322237014771e-02
5.127743259072303772e-02
-2.880950570106506348e-01
2.509655356407165527e-01
2.290440723299980164e-02
-2.537491023540496826e-01
8.156251907348632812e-01
-1.789468228816986084e-01
2.654511332511901855e-01
1.493892669677734375e-01
-2.270451784133911133e-01
1.202097721397876740e-02
1.881819218397140503e-02
-5.843798816204071045e-02
2.484495937824249268e-02
-4.793570637702941895e-01
-1.155912801623344421e-01
-4.489912092685699463e-01
-2.059181919321417809e-03
-3.129319548606872559e-01
1.083846315741539001e-01
-2.333040386438369751e-01
-6.060265898704528809e-01
9.246760010719299316e-01
-4.576750695705413818e-01
-1.961735337972640991e-01
4.202303886413574219e-01
-1.200223118066787720e-01
1.561829000711441040e-01
1.011554338037967682e-02
-7.241655141115188599e-02
-2.540363073348999023e-01
-3.057746589183807373e-01
-8.307290673255920410e-01
1.134207546710968018e-01
5.588053911924362183e-02
-1.368416696786880493e-01
-2.671362161636352539e-01
-2.578379809856414795e-01
-4.302508533000946045e-01
1.514846365898847580e-02
-2.689779102802276611e-01
-9.025707840919494629e-01
7.585763335227966309e-01
-8.255995064973831177e-02
-1.471267938613891602e+00
5.708183050155639648e-01
6.256984919309616089e-02
3.134236037731170654e-01
7.834617979824542999e-03
-2.843085303902626038e-02
-3.034697473049163818e-01
-8.325354009866714478e-02
5.679851770401000977e-01
-1.382728107273578644e-02
-9.281053394079208374e-02
-5.472120642662048340e-02
7.595042139291763306e-02
3.611032068729400635e-01
-1.007706403732299805e+00
7.573033124208450317e-02
-1.032333746552467346e-01
-9.203265309333801270e-01
3.977969586849212646e-01
-3.415611982345581055e-01
-2.166802138090133667e-01
4.580759406089782715e-01
2.030293792486190796e-01
-1.512103974819183350e-01
1.521885097026824951e-01
-4.627006128430366516e-02
-2.892995178699493408e-01
-4.103990197181701660e-01
2.548415660858154297e-01
5.228909105062484741e-02
9.932568669319152832e-01
5.573808550834655762e-01
6.010279059410095215e-01
-4.840815961360931396e-01
4.482643902301788330e-01
2.865729480981826782e-02
-1.953961141407489777e-02
-2.700747549533843994e-01
-6.429806351661682129e-03
3.304550051689147949e-01
-7.635929435491561890e-02
1.719456613063812256e-01
7.226805090904235840e-01
3.666419386863708496e-01
6.569527089595794678e-02
7.655718326568603516e-01
-1.582126617431640625e-01
-4.993249848484992981e-02
-8.557385206222534180e-01
-1.173802744597196579e-02
-4.570558667182922363e-01
-6.103137135505676270e-02
-9.000815153121948242e-01
4.949847757816314697e-01
6.534342169761657715e-01
-1.200697720050811768e-01
3.046732842922210693e-01
5.266359448432922363e-01
-5.870285630226135254e-01
2.207436561584472656e-01
7.523905634880065918e-01
-5.260502696037292480e-01
-4.095095098018646240e-01
-4.516635835170745850e-02
1.799446344375610352e-01
1.775159873068332672e-02
1.570388078689575195e-01
4.085555970668792725e-01
2.531398236751556396e-01
-1.928145438432693481e-01
-2.385733425617218018e-01
7.158680558204650879e-01
-3.650849759578704834e-01
1.038620900362730026e-02
-1.010601073503494263e-01
-5.787245035171508789e-01
2.035608440637588501e-01
1.273342221975326538e-01
1.101239085197448730e+00
3.066236972808837891e-01
-1.007402181625366211e+00
-4.595465958118438721e-01
-3.800899386405944824e-01
-7.989760488271713257e-02
1.681443005800247192e-01
3.155698478221893311e-01
-2.989335544407367706e-02
1.139618679881095886e-01
6.230666041374206543e-01
4.150455892086029053e-01
-2.723154127597808838e-01
-1.271111518144607544e-01
4.265491664409637451e-01
8.794707804918289185e-02
-2.371519207954406738e-01
2.116563767194747925e-01
8.961705490946769714e-03
2.769609987735748291e-01
1.142799019813537598e+00
9.214858710765838623e-02
1.103217959403991699e+00
-1.339455991983413696e-01
-1.351175159215927124e-01
1.958479285240173340e-01
-6.485916376113891602e-01
-1.632127016782760620e-01
4.277003705501556396e-01
2.038178592920303345e-02
-2.654020786285400391e-01
-2.211338281631469727e-01
-7.099159955978393555e-01
4.674093425273895264e-01
-1.618762314319610596e-01
2.916415929794311523e-01
2.703345119953155518e-01
-3.747197091579437256e-01
3.075418472290039062e-01
1.998532414436340332e-01
-1.371944546699523926e-01
4.170786142349243164e-01
-1.355062574148178101e-01
-3.069906532764434814e-01
-7.760896682739257812e-01
3.943817913532257080e-01
-4.277442991733551025e-01
9.886164218187332153e-02
-2.472830563783645630e-01
2.884118854999542236e-01
-5.419628620147705078e-01
4.168380498886108398e-01
4.042729139328002930e-01
3.735839426517486572e-01
5.895143747329711914e-02
4.496876895427703857e-01
-1.543554306030273438e+00
2.062754184007644653e-01
-3.695331141352653503e-02
-7.711781263351440430e-01
-7.051743268966674805e-01
-4.764649644494056702e-02
1.205817222595214844e+00
2.611250877380371094e-01
2.481479011476039886e-02
-5.384384654462337494e-03
2.517940402030944824e-01
2.086978405714035034e-01
-9.512660093605518341e-03
-1.937481313943862915e-01
-2.083179354667663574e-01
-6.779822520911693573e-03
-3.261062800884246826e-01
-1.813965737819671631e-01
-5.725011974573135376e-02
1.110525205731391907e-01
-6.395256519317626953e-02
4.419384002685546875e-01
-1.592260003089904785e-01
-3.481079638004302979e-01
1.412153095006942749e-01
-1.840299218893051147e-01
-1.304852008819580078e+00
8.992308378219604492e-02
1.945680826902389526e-01
-6.337644159793853760e-02
-9.856413602828979492e-01
-5.414205193519592285e-01
2.695066630840301514e-01
-2.743436098098754883e-01
7.653697729110717773e-01
-2.761516869068145752e-01
5.139691829681396484e-01
2.609741687774658203e-01
5.579294562339782715e-01
-7.273463606834411621e-01
1.248844265937805176e-01
2.481440752744674683e-01
1.258864998817443848e-01
-2.320908308029174805e-01
-1.916858255863189697e-01
-3.604962527751922607e-01
-2.452087104320526123e-01
8.689682930707931519e-02
-4.348729252815246582e-01
-3.453918918967247009e-02
2.815393507480621338e-01
-1.358839720487594604e-01
5.499151721596717834e-02
-1.143445968627929688e-01
8.326062560081481934e-02
-5.088089108467102051e-01
2.076109945774078369e-01
-3.583166003227233887e-01
-4.702726006507873535e-01
4.078363776206970215e-01
-1.966564208269119263e-01
-6.190382242202758789e-01
-7.304471135139465332e-01
-2.583197653293609619e-01
-3.086634166538715363e-02
3.527348637580871582e-01
2.286926284432411194e-02
5.270681381225585938e-01
3.976044952869415283e-01
2.713557183742523193e-01
2.114414237439632416e-02
1.873825937509536743e-01
-6.168901920318603516e-01
1.543734542792662978e-04
-3.717728555202484131e-01
5.414814874529838562e-02
-2.051308453083038330e-01
-5.306400656700134277e-01
-3.966104388236999512e-01
3.329221606254577637e-01
-3.329338729381561279e-01
-1.405744999647140503e-01
3.208340108394622803e-01
6.524078249931335449e-01
4.199484884738922119e-01
2.717468142509460449e-01
1.878501474857330322e-01
3.204819262027740479e-01
2.746264040470123291e-01
1.960181146860122681e-01
-1.290062904357910156e+00
5.077031627297401428e-02
-3.545171022415161133e-01
-1.034031957387924194e-01
2.233948707580566406e-01
-2.566486001014709473e-01
-1.080917119979858398e+00
1.274282336235046387e-01
-4.155065417289733887e-01
7.044010758399963379e-01
-1.867441684007644653e-01
-2.739519476890563965e-01
1.012054800987243652e+00
-2.724626362323760986e-01
-4.208827391266822815e-02
-7.356302738189697266e-01
-6.282871961593627930e-02
-1.022356227040290833e-01
-2.537293732166290283e-01
5.263838171958923340e-01
-9.941938519477844238e-02
5.997719764709472656e-01
2.417684048414230347e-01
1.905176639556884766e-01
-2.403538525104522705e-01
-1.599647253751754761e-01
1.547738671302795410e+00
-3.662056848406791687e-02
-7.033082246780395508e-01
5.453327894210815430e-01
1.137692630290985107e-01
5.740042924880981445e-01
-3.872488066554069519e-02
4.531723856925964355e-01
5.404701828956604004e-01
-4.191826879978179932e-01
5.842971801757812500e-01
4.571914672851562500e-01
6.686019301414489746e-01
-5.471522212028503418e-01
2.152581214904785156e-01
-6.050255894660949707e-01
-3.298370242118835449e-01
-3.136322498321533203e-01
5.721757411956787109e-01
7.113883495330810547e-01
1.381148099899291992e-01
-1.323642134666442871e-01
-3.790438771247863770e-01
2.200853377580642700e-01
-2.077441513538360596e-01
2.103760093450546265e-01
-8.688313513994216919e-02
1.898151785135269165e-01
4.166631996631622314e-01
1.708211004734039307e-01
1.275835335254669189e-01
6.355093121528625488e-01
5.473232269287109375e-01
3.486878871917724609e-01
-5.612738132476806641e-01
1.359319500625133514e-02
-1.801320165395736694e-01
3.123217225074768066e-01
-2.165172016248106956e-03
1.055434465408325195e+00
8.018549084663391113e-01
-1.422657817602157593e-01
2.117175757884979248e-01
-7.089904546737670898e-01
-2.338048219680786133e-01
1.005783081054687500e-01
-7.749125957489013672e-01
2.345018833875656128e-02
-1.611160933971405029e-01
7.588387727737426758e-01
2.945865131914615631e-02
-2.452803999185562134e-01
-8.963575959205627441e-02
6.078109890222549438e-02
4.886566847562789917e-02
3.179012835025787354e-01
-8.339748531579971313e-02
-4.237575829029083252e-01
-1.101600602269172668e-01
-1.285574585199356079e-01
5.719676613807678223e-01
-6.022643446922302246e-01
6.008597463369369507e-02
-4.483495056629180908e-01
-2.563573718070983887e-01
-4.088332355022430420e-01
1.556825637817382812e-01
-4.115286767482757568e-01
-1.277935951948165894e-01
2.641662359237670898e-01
-2.918400168418884277e-01
-1.398471444845199585e-01
-1.829548329114913940e-01
-2.607923448085784912e-01
-1.116709113121032715e+00
-4.299234151840209961e-01
5.194452404975891113e-01
1.993998587131500244e-01
4.737350046634674072e-01
5.032036304473876953e-01
3.524083793163299561e-01
3.013274967670440674e-01
-9.358190000057220459e-02
-1.822702884674072266e-01
6.669449806213378906e-02
2.600061595439910889e-01
-3.493522107601165771e-01
-1.673518419265747070e-01
-3.752373158931732178e-01
-2.360058575868606567e-01
9.715981781482696533e-03
-3.849669694900512695e-01
-4.446446299552917480e-01
-4.100907742977142334e-01
3.245787620544433594e-01
-3.135337233543395996e-01
2.746675312519073486e-01
-1.923670917749404907e-01
4.938764497637748718e-03
2.757055163383483887e-01
-2.058686614036560059e-01
-3.397553265094757080e-01
1.603715419769287109e-01
1.412283927202224731e-01
-1.025870889425277710e-01
-7.097599655389785767e-02
2.441402822732925415e-01
2.734460830688476562e-01
-2.325098402798175812e-02
-2.475683391094207764e-01
-2.364344149827957153e-01
-3.405446931719779968e-02
2.152983993291854858e-01
5.259498953819274902e-01
-6.543848514556884766e-01
1.167485639452934265e-01
-3.936453163623809814e-01
-2.834875285625457764e-01
-1.407850831747055054e-01
-1.749480962753295898e-01
-1.008548855781555176e+00
-3.612581789493560791e-01
-3.711459040641784668e-02
4.311006981879472733e-03
-4.033504128456115723e-01
1.940334774553775787e-02
1.484870612621307373e-01
1.350574791431427002e-01
-2.324547618627548218e-01
-7.080597877502441406e-01
-2.021044343709945679e-01
3.264846652746200562e-02
3.565388619899749756e-01
5.340089201927185059e-01
-5.308060646057128906e-01
9.140322357416152954e-02
-2.399016469717025757e-01
4.190457984805107117e-02
8.127843588590621948e-02
3.888348042964935303e-01
3.229419291019439697e-01
-6.841399669647216797e-01
-2.400027960538864136e-01
2.120864242315292358e-01
3.385771811008453369e-01
3.230858445167541504e-01
-1.899498939514160156e+00
-1.216585338115692139e-01
4.104495644569396973e-01
8.269950151443481445e-01
1.306740790605545044e-01
8.387117385864257812e-01
-1.802432686090469360e-01
-4.033184424042701721e-02
6.654735803604125977e-01
-5.935304164886474609e-01
-5.410088896751403809e-01
-1.731123924255371094e-01
2.932603657245635986e-01
1.793796539306640625e+00
-9.655828475952148438e-01
3.642669618129730225e-01
2.619876265525817871e-01
-5.497422218322753906e-01
-3.573307096958160400e-01
5.587415695190429688e-01
3.212503790855407715e-01
7.070569992065429688e-01
7.269252091646194458e-02
-1.775376439094543457e+00
-3.185799121856689453e-01
-1.017884731292724609e+00
-3.787390887737274170e-01
-9.486753493547439575e-02
7.059663534164428711e-02
-2.247895151376724243e-01
1.079901576042175293e+00
1.227476224303245544e-01
-4.914243519306182861e-02
-1.478776931762695312e-01
-1.942260265350341797e-01
1.561366319656372070e-01
-8.686169385910034180e-01
3.464516997337341309e-01
7.369737327098846436e-02
1.736525893211364746e-01
-4.176020994782447815e-02
5.265894532203674316e-01
6.359002590179443359e-01
-1.126232296228408813e-01
7.318953871726989746e-01
3.866562247276306152e-01
9.055468440055847168e-01
-6.700161695480346680e-01
-7.720346003770828247e-02
-2.853600084781646729e-01
-4.796898663043975830e-01
-1.767844557762145996e-01
4.674916863441467285e-01
3.076005876064300537e-01
-1.343488991260528564e-01
-7.361890673637390137e-01
-1.901760697364807129e-01
2.198583632707595825e-01
-4.023155868053436279e-01
3.832652270793914795e-01
1.261482834815979004e-01
3.981040120124816895e-01
3.511008992791175842e-02
5.145638585090637207e-01
3.481755852699279785e-01
-4.302385747432708740e-01
9.788354039192199707e-01
-3.127565681934356689e-01
-1.032888054847717285e+00
-1.660104691982269287e-01
3.992862701416015625e-01
1.575767695903778076e-01
7.219551801681518555e-01
-8.495805263519287109e-01
3.696523606777191162e-01
-7.257589101791381836e-01
7.190250605344772339e-02
-2.123356908559799194e-01
-1.075544282793998718e-01
-3.526255786418914795e-01
-1.836722344160079956e-01
-8.418875746428966522e-03
-1.287374943494796753e-01
1.010742932558059692e-01
-4.058699905872344971e-01
2.818951308727264404e-01
-2.707324735820293427e-02
2.448658645153045654e-02
6.617090851068496704e-02
1.238007903099060059e+00
-1.685552448034286499e-01
4.212511181831359863e-01
-3.020328879356384277e-01
-5.508325099945068359e-01
5.663648247718811035e-01
-1.608301401138305664e-01
-1.307289451360702515e-01
-5.816317200660705566e-01
1.128640547394752502e-01
2.437633648514747620e-02
-9.454142451286315918e-01
-4.737272113561630249e-02
2.871488593518733978e-02
5.959843993186950684e-01
-8.339623361825942993e-02
-2.289182692766189575e-01
5.947504192590713501e-02
-3.651117086410522461e-01
1.564549356698989868e-01
2.049890011548995972e-01
1.455536484718322754e-02
7.231970131397247314e-02
-4.144027531147003174e-01
2.020717412233352661e-01
-2.927467823028564453e-01
-7.197953015565872192e-02
-3.595413863658905029e-01
7.950962781906127930e-01
-6.558800488710403442e-02
-2.814865671098232269e-02
8.767403960227966309e-01
-4.768078774213790894e-02
-1.910810172557830811e-01
-9.880459308624267578e-01
3.533093035221099854e-01
6.355944275856018066e-01
-2.465000301599502563e-01
3.449505940079689026e-02
6.463702768087387085e-02
-1.768359690904617310e-01
4.393665194511413574e-01
1.809732615947723389e-01
1.842194795608520508e-01
5.199873447418212891e-01
-2.846458256244659424e-01
9.665811061859130859e-01
3.177635371685028076e-02
9.758539497852325439e-02
8.786315470933914185e-02
3.822252452373504639e-01
3.278484940528869629e-01
1.515844464302062988e-01
3.329590335488319397e-02
-8.200098872184753418e-01
-1.744193583726882935e-01
-3.057231009006500244e-01
-6.315748095512390137e-01
-1.616821587085723877e-01
3.805002570152282715e-02
-1.912896782159805298e-01
1.228862404823303223e-01
-2.102169394493103027e-01
-4.278709888458251953e-01
-1.927809566259384155e-01
-1.516521275043487549e-01
1.813733279705047607e-01
-3.954742848873138428e-01
7.831355929374694824e-01
6.103113666176795959e-02
1.778438538312911987e-01
2.454320192337036133e-01
1.438368707895278931e-01
3.341857194900512695e-01
-2.503602802753448486e-01
6.687609553337097168e-01
-2.924272604286670685e-02
6.012141704559326172e-01
-4.500230848789215088e-01
3.513648808002471924e-01
-6.968637704849243164e-01
1.966001838445663452e-01
-2.166959345340728760e-01
3.044120967388153076e-01
2.377736717462539673e-01
-5.304859280586242676e-01
6.937682628631591797e-01
3.018033206462860107e-01
-1.704511195421218872e-01
2.771288752555847168e-01
1.690888777375221252e-02
5.365233868360519409e-02
-3.283469080924987793e-01
-1.191490143537521362e-01
-5.579385757446289062e-01
-2.831660211086273193e-01
-1.266920119524002075e-01
-1.816614866256713867e-01
-1.058298200368881226e-01
3.601614236831665039e-01
-8.035854995250701904e-02
-5.134319663047790527e-01
-2.444232553243637085e-01
5.130678415298461914e-01
3.286451101303100586e-02
-1.065566986799240112e-01
-1.827090978622436523e-01
-1.358911097049713135e-01
-6.356489062309265137e-01
-3.179439008235931396e-01
4.126488864421844482e-01
2.945803105831146240e-01
2.367869913578033447e-01
1.198601499199867249e-01
-2.038513496518135071e-02
-9.829713404178619385e-02
3.237476944923400879e-01
-7.132608294486999512e-01
-2.399037927389144897e-01
4.860725700855255127e-01
2.166822105646133423e-01
-2.426044642925262451e-02
2.576251327991485596e-01
-3.522568941116333008e-01
5.798762291669845581e-02
-9.041993021965026855e-01
2.574882209300994873e-01
-4.013158977031707764e-01
-6.865302324295043945e-01
-2.436409890651702881e-01
3.160521388053894043e-01
-7.257639616727828979e-02
6.440622210502624512e-01
-2.135213464498519897e-01
-2.848149538040161133e-01
1.144856363534927368e-01
4.686146676540374756e-01
-1.093843653798103333e-01
1.235841870307922363e+00
1.828043907880783081e-01
1.986878812313079834e-01
-2.178200483322143555e-01
8.701317310333251953e-01
-1.381177008152008057e-01
1.144151210784912109e+00
-4.222768247127532959e-01
-6.232312917709350586e-01
2.123530805110931396e-01
3.964715301990509033e-01
-8.564773947000503540e-02
-1.556511819362640381e-01
1.976238936185836792e-01
2.508533895015716553e-01
-1.585352718830108643e-01
-8.277600258588790894e-02
1.820712983608245850e-01
1.866008490324020386e-01
-1.437062621116638184e-01
-2.656746208667755127e-01
-4.295260012149810791e-01
-6.720592826604843140e-02
9.837388992309570312e-02
-8.946885168552398682e-02
1.967089176177978516e-01
-7.479332685470581055e-01
-2.275408506393432617e-01
-6.472932547330856323e-02
6.659107804298400879e-01
5.804972052574157715e-01
-2.227925062179565430e-01
-5.284463763236999512e-01
-3.047424927353858948e-02
-3.730581700801849365e-01
3.653154969215393066e-01
8.312174677848815918e-01
3.910906612873077393e-01
3.020412027835845947e-01
6.857286095619201660e-01
4.207259118556976318e-01
-3.761886358261108398e-01
-6.203119754791259766e-01
3.545591533184051514e-01
7.099415659904479980e-01
5.731636285781860352e-01
1.340843886137008667e-01
-1.317973732948303223e-01
1.999706216156482697e-02
-4.813395738601684570e-01
