5.649067759513854980e-01
-3.426085114479064941e-01
-1.243054643273353577e-01
5.308440700173377991e-02
-3.912978172302246094e-01
6.783290505409240723e-01
-1.146953254938125610e-01
2.274651676416397095e-01
2.848471701145172119e-01
-1.243244886398315430e+00
-4.343272373080253601e-02
2.398623377084732056e-01
7.322970032691955566e-02
-2.815884649753570557e-01
-1.063074842095375061e-01
-9.908999800682067871e-01
-2.667135745286941528e-02
1.519241482019424438e-01
3.786533772945404053e-01
7.570964097976684570e-01
4.507350386120378971e-04
-1.471952199935913086e+00
1.077060699462890625e-01
-6.065188646316528320e-01
-4.299588128924369812e-02
-7.152097225189208984e-01
2.190237045288085938e-01
1.023414492607116699e+00
-3.073006272315979004e-01
5.874158740043640137e-01
-8.496861904859542847e-02
9.375584125518798828e-02
4.373675882816314697e-01
-4.700562953948974609e-01
-4.728083312511444092e-01
-7.554308772087097168e-01
6.447927951812744141e-01
4.460979998111724854e-01
4.761950373649597168e-01
1.072768196463584900e-01
9.482954144477844238e-01
-9.246326088905334473e-01
8.163340091705322266e-01
-2.907487750053405762e-01
-3.834220170974731445e-01
5.243805646896362305e-01
-7.048325538635253906e-01
7.895354628562927246e-01
-4.918508529663085938e-01
3.580413758754730225e-01
-4.194437265396118164e-01
-3.663372099399566650e-01
5.395574569702148438e-01
-7.920615673065185547e-01
1.200080037117004395e+00
-1.032381132245063782e-02
1.547794640064239502e-01
-7.916345596313476562e-01
1.362472176551818848e+00
6.950173377990722656e-01
3.336564302444458008e-01
-2.900283634662628174e-01
-9.618390351533889771e-02
9.049355238676071167e-02
2.063446640968322754e-01
1.400824338197708130e-01
1.797908991575241089e-01
9.095928668975830078e-01
-2.696073055267333984e-01
-6.588798165321350098e-01
2.319903522729873657e-01
-5.253163166344165802e-03
2.510077655315399170e-01
-9.385453462600708008e-01
-3.243181481957435608e-02
1.348944157361984253e-01
4.302166998386383057e-01
1.552305370569229126e-01
9.773068875074386597e-02
5.721709728240966797e-01
-2.434381544589996338e-01
-1.699319481849670410e-01
-1.858808696269989014e-01
-3.872058391571044922e-01
1.207556724548339844e+00
-2.624097168445587158e-01
-7.537875324487686157e-02
3.851591050624847412e-01
-1.064082533121109009e-01
-5.691568255424499512e-01
1.472548961639404297e+00
3.954872190952301025e-01
1.609100401401519775e-01
-2.084403187036514282e-01
-2.535004615783691406e-01
-5.089076161384582520e-01
3.571245670318603516e-01
8.808661103248596191e-01
-4.725086688995361328e-01
-4.811544716358184814e-01
-1.276262551546096802e-01
2.801240086555480957e-01
3.444183170795440674e-01
2.544819116592407227e-01
-4.054484069347381592e-01
-1.102258116006851196e-01
3.591683804988861084e-01
5.870297178626060486e-02
7.365601509809494019e-02
7.512670755386352539e-02
-4.007897526025772095e-02
-3.407251462340354919e-02
3.019116222858428955e-01
7.836912572383880615e-02
8.855317533016204834e-02
2.669774591922760010e-01
-2.714196741580963135e-01
2.002960294485092163e-01
-4.064368605613708496e-01
-4.803304672241210938e-01
-3.219748735427856445e-01
2.453453689813613892e-01
1.540087908506393433e-01
-2.537330426275730133e-02
2.435322850942611694e-01
-2.475020587444305420e-01
-1.333217043429613113e-02
-7.705186307430267334e-02
3.358280956745147705e-01
-1.705406457185745239e-01
7.470393925905227661e-02
1.711879074573516846e-01
-1.187633499503135681e-01
-1.551485806703567505e-01
-4.883775487542152405e-02
9.314588457345962524e-02
-2.739285826683044434e-01
2.536823451519012451e-01
-1.398368924856185913e-02
-5.073398947715759277e-01
-1.950235724449157715e+00
6.367900967597961426e-01
-1.704521775245666504e-01
8.622253537178039551e-01
3.325868844985961914e-01
-2.701964676380157471e-01
1.055475026369094849e-01
-6.613700389862060547e-01
2.953199744224548340e-01
4.475409984588623047e-01
8.632055670022964478e-02
2.594659626483917236e-01
-5.019825696945190430e-01
7.171805500984191895e-01
-2.691489756107330322e-01
-2.642363309860229492e-02
-7.021102905273437500e-01
-1.135944500565528870e-01
-1.052804589271545410e-01
-7.330364584922790527e-01
1.750495731830596924e-01
-4.346029460430145264e-01
5.383445620536804199e-01
-1.024459525942802429e-01
-8.319784998893737793e-01
7.302665710449218750e-01
-5.234737396240234375e-01
1.568160355091094971e-01
-7.318332195281982422e-01
5.602740496397018433e-02
-9.279643297195434570e-01
-7.222453355789184570e-01
1.629584729671478271e-01
-5.070087686181068420e-02
5.534798502922058105e-01
6.004666686058044434e-01
3.238394856452941895e-01
-2.837152183055877686e-01
1.671929806470870972e-01
4.518128335475921631e-01
-4.517399892210960388e-02
-1.358079612255096436e-01
-8.233070969581604004e-01
-4.426287412643432617e-01
3.191752135753631592e-01
1.586500853300094604e-01
5.631992816925048828e-01
-2.278453409671783447e-01
-9.998057037591934204e-02
4.495121836662292480e-01
1.219543367624282837e-01
-1.832161396741867065e-01
-2.215707898139953613e-01
3.184847235679626465e-01
-3.284151554107666016e-01
-6.620837450027465820e-01
9.718263149261474609e-01
1.606558449566364288e-03
2.183908969163894653e-01
2.421545982360839844e-02
4.194861650466918945e-01
-3.208403289318084717e-01
2.265619784593582153e-01
-1.632868647575378418e-01
1.562144458293914795e-01
5.607295781373977661e-02
-5.543610081076622009e-02
5.770933032035827637e-01
3.859098069369792938e-03
-1.266990602016448975e-01
-7.288625091314315796e-02
6.296614557504653931e-02
2.860551476478576660e-01
-5.451179742813110352e-01
2.187369167804718018e-01
3.025331795215606689e-01
-1.014217585325241089e-01
-2.791658639907836914e-01
7.948096841573715210e-02
2.518891096115112305e-01
-4.356821775436401367e-01
2.563916742801666260e-01
1.894843727350234985e-01
-1.978867948055267334e-01
-5.729535818099975586e-01
-1.285306513309478760e-01
-1.398280262947082520e-01
1.224430426955223083e-01
-6.444052606821060181e-02
6.370793581008911133e-01
-8.078013062477111816e-01
-7.260186672210693359e-01
3.739862442016601562e-01
1.958616375923156738e-01
7.197129726409912109e-02
4.170066416263580322e-01
-3.393321335315704346e-01
-4.277288913726806641e-02
-1.705593802034854889e-02
-1.019447818398475647e-01
2.413966059684753418e-01
-4.183275103569030762e-01
2.648380100727081299e-01
-8.780491352081298828e-02
-8.792178332805633545e-02
3.804441988468170166e-01
-5.328693985939025879e-01
-4.048581048846244812e-02
-4.442695975303649902e-01
4.202789664268493652e-01
-6.525046378374099731e-02
-1.377511173486709595e-01
3.015419840812683105e-01
1.438300311565399170e-01
4.447564780712127686e-01
-3.813844919204711914e-02
-7.443980872631072998e-02
-3.443810045719146729e-01
4.688847661018371582e-01
2.800050079822540283e-01
5.945910811424255371e-01
-9.301389008760452271e-02
-3.258564472198486328e-01
-7.139479517936706543e-01
-3.088918030261993408e-01
-1.047546863555908203e-01
1.589732803404331207e-02
6.907778382301330566e-01
6.270828843116760254e-02
4.617301747202873230e-02
-3.354576230049133301e-01
2.290388010442256927e-02
6.129153966903686523e-01
-6.086968183517456055e-01
-2.843518257141113281e-01
-1.316032409667968750e-01
5.746679902076721191e-01
-1.887144744396209717e-01
1.589249819517135620e-01
1.403276622295379639e-01
1.162510663270950317e-01
2.955628633499145508e-01
2.749136984348297119e-01
3.371485471725463867e-01
-6.546056270599365234e-02
-5.761700868606567383e-01
5.356585979461669922e-02
5.988086462020874023e-01
2.671967446804046631e-01
-2.030100971460342407e-01
-6.640785187482833862e-02
1.061613783240318298e-01
8.836759626865386963e-02
-4.359478354454040527e-01
8.894060738384723663e-03
-1.505468338727951050e-01
2.501326613128185272e-02
4.285430312156677246e-01
-8.168181777000427246e-01
1.971649676561355591e-01
-6.871905922889709473e-02
2.927914075553417206e-02
4.578575193881988525e-01
-3.863331377506256104e-01
-5.631621554493904114e-02
-3.045249581336975098e-01
-3.541565835475921631e-01
8.644981980323791504e-01
-1.108026280999183655e-01
-3.277098760008811951e-02
-2.977252565324306488e-02
7.528620958328247070e-02
1.306452989578247070e+00
-8.296826481819152832e-01
7.867407202720642090e-01
-1.837409436702728271e-01
8.016501367092132568e-02
2.158257216215133667e-01
2.278232481330633163e-03
8.555661141872406006e-02
-1.283761262893676758e-01
2.330766171216964722e-01
1.032945811748504639e-01
4.762557148933410645e-02
-6.236406974494457245e-03
-2.655919492244720459e-01
-7.080462574958801270e-02
5.063647627830505371e-01
6.523951888084411621e-02
-3.416688740253448486e-01
1.762305498123168945e-01
1.493506282567977905e-01
7.626833319664001465e-01
-4.703550040721893311e-01
4.507235437631607056e-02
-1.226057186722755432e-01
-1.112730950117111206e-01
1.178232766687870026e-02
-7.696745544672012329e-02
-3.151197433471679688e-01
3.328489065170288086e-01
-3.778563737869262695e-01
-1.061548218131065369e-01
1.000190079212188721e-01
-8.000636100769042969e-02
2.873779237270355225e-01
-2.247256785631179810e-01
-3.207289278507232666e-01
-2.591449916362762451e-01
1.009181022644042969e+00
-5.629591941833496094e-01
-1.286887377500534058e-01
4.833114892244338989e-02
4.131782352924346924e-01
3.113431334495544434e-01
4.611275494098663330e-01
8.501262068748474121e-01
-1.056121706962585449e+00
9.556000232696533203e-01
6.366117596626281738e-01
2.509448826313018799e-01
-5.551616549491882324e-01
5.317223072052001953e-01
6.884140521287918091e-02
9.968060255050659180e-02
3.535089492797851562e-01
-3.866659104824066162e-01
1.898759901523590088e-01
-1.941121816635131836e-01
-9.647853672504425049e-02
-2.844337522983551025e-01
-9.993693977594375610e-02
2.067057043313980103e-01
-3.179968893527984619e-01
4.823127985000610352e-01
1.262022852897644043e-01
-2.848483920097351074e-01
-1.533709913492202759e-01
4.937111437320709229e-01
2.535176277160644531e-01
-5.171726346015930176e-01
7.938792556524276733e-02
-1.457188576459884644e-01
1.470424234867095947e-01
8.434499800205230713e-02
-1.236221790313720703e-01
4.052402675151824951e-01
7.369068264961242676e-02
1.386543512344360352e-01
-6.870055794715881348e-01
1.534726619720458984e-01
3.301960527896881104e-01
-3.747522830963134766e-01
-4.504402279853820801e-01
-1.625140905380249023e-01
-1.089748889207839966e-01
-2.307250350713729858e-01
6.671409010887145996e-01
-3.051357865333557129e-01
-3.980690240859985352e-01
2.416891008615493774e-01
-2.943278551101684570e-01
-9.469131380319595337e-02
-1.703936755657196045e-01
3.014871478080749512e-01
-4.123115912079811096e-02
-2.757272496819496155e-02
4.953029453754425049e-01
2.497165799140930176e-01
-6.553567051887512207e-01
2.899305224418640137e-01
2.057692110538482666e-01
-8.549076318740844727e-02
-8.748315572738647461e-01
-3.004162572324275970e-03
-2.936083078384399414e-02
2.224988639354705811e-01
4.398549497127532959e-01
-5.237952992320060730e-02
3.064888417720794678e-01
3.990344107151031494e-01
-2.027248889207839966e-01
3.630982935428619385e-01
-7.403402030467987061e-02
5.976330116391181946e-02
6.825359463691711426e-01
-3.996913135051727295e-01
-7.332975417375564575e-02
-2.553403377532958984e-01
6.778829097747802734e-01
-3.593702614307403564e-02
-3.329974412918090820e-01
3.653021156787872314e-01
1.152119860053062439e-01
4.759437441825866699e-01
-1.726029627025127411e-02
4.495735466480255127e-01
-9.902313947677612305e-01
9.827010631561279297e-01
7.102565169334411621e-01
-4.346918165683746338e-01
5.820408463478088379e-01
-4.205678999423980713e-01
1.956153064966201782e-01
4.197483360767364502e-01
-3.908047974109649658e-01
1.563849896192550659e-01
-5.796573311090469360e-02
1.691180914640426636e-01
-5.636090636253356934e-01
6.627007126808166504e-01
3.333110511302947998e-01
-4.756782948970794678e-02
-1.541230529546737671e-01
-8.227487653493881226e-02
-1.355383545160293579e-01
-7.393126841634511948e-03
2.624532282352447510e-01
-1.159709990024566650e-01
-2.076531201601028442e-01
4.159405231475830078e-01
-2.667771279811859131e-01
1.303980648517608643e-01
-3.060016036033630371e-01
-3.940322995185852051e-01
8.867228627204895020e-01
-2.808766067028045654e-01
1.708440929651260376e-01
2.752864956855773926e-01
5.061799883842468262e-01
-5.951907020062208176e-03
-3.364196121692657471e-01
2.698970437049865723e-01
1.812442988157272339e-01
4.802297353744506836e-01
7.599869370460510254e-01
-6.784613728523254395e-01
3.017455898225307465e-02
5.659092664718627930e-01
-5.285123586654663086e-01
-7.540385704487562180e-03
-9.964160919189453125e-01
8.680880069732666016e-02
-1.350751519203186035e-01
-3.386194109916687012e-01
4.734177589416503906e-01
-8.025496006011962891e-01
6.839827895164489746e-01
5.196254849433898926e-01
2.283545970916748047e+00
-3.355289697647094727e-01
-6.018878892064094543e-02
5.232245326042175293e-01
7.560859918594360352e-01
7.743356227874755859e-01
7.823949456214904785e-01
-5.855200290679931641e-01
-5.068969726562500000e-01
6.603688597679138184e-01
-5.280194282531738281e-01
-2.369711399078369141e-01
-2.235915213823318481e-01
-2.974801957607269287e-01
-2.821125686168670654e-01
-2.308198660612106323e-01
-1.781208906322717667e-03
-6.813081353902816772e-02
-1.300389915704727173e-01
1.942960321903228760e-01
-7.819999456405639648e-01
2.341266162693500519e-02
-1.731060981750488281e+00
-5.705946087837219238e-01
3.916278481483459473e-02
7.489462941884994507e-02
-7.853611707687377930e-01
-1.814984083175659180e-01
1.671960204839706421e-01
-1.427404284477233887e-01
-8.059147745370864868e-03
-3.911229670047760010e-01
-1.158649381250143051e-02
-1.100136041641235352e+00
-1.815226823091506958e-01
1.396474987268447876e-01
-2.585941255092620850e-01
1.133171394467353821e-01
-4.983965307474136353e-02
-7.345626503229141235e-02
-6.347608566284179688e-02
2.645092271268367767e-02
-2.163570076227188110e-01
-1.301256299018859863e+00
-4.176634252071380615e-01
-2.161428183317184448e-01
-3.528978526592254639e-01
2.395485192537307739e-01
4.616160318255424500e-02
-3.590277731418609619e-01
3.389094471931457520e-01
-2.686267793178558350e-01
-8.510367870330810547e-01
4.002410545945167542e-02
-4.059985876083374023e-01
-7.757619023323059082e-01
5.457990616559982300e-02
-5.050663352012634277e-01
7.173176854848861694e-02
6.428266763687133789e-01
-1.155399456620216370e-01
-6.209672093391418457e-01
-3.942911326885223389e-01
1.270595341920852661e-01
-3.473502993583679199e-01
-1.579460203647613525e-01
-3.215070813894271851e-02
1.737450361251831055e-01
-1.965912282466888428e-01
-2.312433570623397827e-01
-1.876227110624313354e-01
-3.437714278697967529e-01
-5.317305326461791992e-01
1.055055856704711914e-01
-5.652967095375061035e-01
-3.451115787029266357e-01
4.468471184372901917e-02
-2.587228715419769287e-01
-1.304052770137786865e-02
8.007846027612686157e-02
-3.506946861743927002e-01
-2.384668141603469849e-01
-4.489471614360809326e-01
-2.895817533135414124e-02
-1.070064753293991089e-01
7.200921326875686646e-02
2.717053703963756561e-02
-1.283828318119049072e-01
-8.615323901176452637e-02
2.801658809185028076e-01
-1.381711959838867188e-01
7.392499446868896484e-01
1.495571136474609375e-01
4.332381188869476318e-01
8.556801676750183105e-01
9.639078751206398010e-03
-1.679989844560623169e-01
-2.783584892749786377e-01
7.105049490928649902e-02
1.386176198720932007e-01
1.616830378770828247e-01
1.722387671470642090e-01
7.905680537223815918e-01
8.441661596298217773e-01
2.038387656211853027e-01
-5.887170508503913879e-02
1.994421929121017456e-01
5.299448594450950623e-02
5.803739428520202637e-01
-2.422797493636608124e-02
3.042246997356414795e-01
-9.416812658309936523e-02
-7.280782610177993774e-02
1.245211362838745117e+00
3.583248257637023926e-01
-6.333403754979372025e-03
-2.435476928949356079e-01
9.807639569044113159e-02
1.389976292848587036e-01
-9.351809322834014893e-02
1.311373412609100342e-01
-6.646054387092590332e-01
3.729422986507415771e-01
4.085477441549301147e-02
2.850124537944793701e-01
2.390156686305999756e-02
2.251941114664077759e-01
1.746327579021453857e-01
-1.599292904138565063e-01
1.773544400930404663e-01
1.458224058151245117e-01
9.160342812538146973e-02
-5.670481920242309570e-01
1.768527507781982422e+00
-1.251019984483718872e-01
-9.220147132873535156e-02
5.120299458503723145e-01
1.409004926681518555e-01
4.627249836921691895e-01
3.123851120471954346e-01
2.540571391582489014e-01
-3.228368237614631653e-02
-4.515308439731597900e-01
6.010391116142272949e-01
1.752081513404846191e-01
1.406266838312149048e-01
2.372400015592575073e-01
-2.948840260505676270e-01
-6.375343799591064453e-01
3.975906595587730408e-02
-2.674053609371185303e-01
5.505649447441101074e-01
8.611239492893218994e-02
8.419512771070003510e-03
5.260462760925292969e-01
-5.015841871500015259e-02
1.105787679553031921e-01
-2.216790802776813507e-02
1.590670794248580933e-01
-4.081425070762634277e-01
-1.546614319086074829e-01
1.028603315353393555e-01
1.955213695764541626e-01
-2.402469217777252197e-01
2.351886592805385590e-02
-2.306438684463500977e-01
-1.755028814077377319e-01
5.851454660296440125e-02
1.193602919578552246e+00
-1.061227992177009583e-01
1.135489866137504578e-01
5.279613658785820007e-02
-7.680901885032653809e-02
3.247080147266387939e-01
-6.749831438064575195e-01
-8.216727972030639648e-01
1.375899165868759155e-01
7.495950162410736084e-02
1.557172983884811401e-01
3.178923428058624268e-01
2.358781844377517700e-01
-8.502367883920669556e-02
3.197835087776184082e-01
1.690127402544021606e-01
5.567914843559265137e-01
5.763000845909118652e-01
3.150016963481903076e-01
-5.526032447814941406e-01
2.445651143789291382e-01
5.971026420593261719e-01
-5.499004125595092773e-01
4.219608008861541748e-01
2.900725901126861572e-01
-6.153603792190551758e-01
-1.648231595754623413e-01
5.957170575857162476e-02
-5.131990909576416016e-01
-4.479112923145294189e-01
-1.501827090978622437e-01
-1.249913334846496582e+00
-1.468228995800018311e-01
3.973131179809570312e-01
-9.417678415775299072e-02
-1.456952691078186035e-01
-3.994771838188171387e-01
-3.471043407917022705e-01
-3.309865295886993408e-01
5.297201275825500488e-01
5.948873758316040039e-01
-8.282960206270217896e-02
4.029946625232696533e-01
-2.279123365879058838e-01
-8.019605278968811035e-01
-1.551538854837417603e-01
-2.699348032474517822e-01
-1.099413037300109863e+00
6.572878956794738770e-01
-3.434581458568572998e-01
7.426076531410217285e-01
5.853280425071716309e-01
1.406811326742172241e-01
-3.673609197139739990e-01
-1.359128952026367188e-01
2.622378766536712646e-01
5.031473040580749512e-01
4.490443766117095947e-01
4.828397035598754883e-01
-5.873937010765075684e-01
-5.159249901771545410e-02
5.307164788246154785e-01
-5.926810503005981445e-01
9.607198834419250488e-01
-1.640773415565490723e-01
-2.406178712844848633e-01
-3.340581953525543213e-01
-1.739819496870040894e-01
4.214868545532226562e-01
-1.478152573108673096e-01
1.469458788633346558e-01
6.696245819330215454e-02
-5.768705606460571289e-01
1.479352712631225586e-01
-1.032592654228210449e-01
4.151338636875152588e-01
2.163887321949005127e-01
3.301167190074920654e-01
2.119562923908233643e-01
1.396095603704452515e-01
7.984998822212219238e-01
2.861514091491699219e-01
-2.687369585037231445e-01
1.676767319440841675e-01
-1.554951220750808716e-01
-2.133298814296722412e-01
3.000861406326293945e-01
-7.986304759979248047e-01
-2.241281419992446899e-01
1.364282131195068359e+00
-1.919929981231689453e-01
1.034340739250183105e+00
-2.787019908428192139e-01
5.936281681060791016e-01
1.737869232892990112e-01
-1.277624368667602539e-01
-3.910380303859710693e-01
-8.040932416915893555e-01
-2.064928263425827026e-01
9.159203171730041504e-01
7.717769742012023926e-01
-7.258907556533813477e-01
6.220152974128723145e-01
-4.779743552207946777e-01
-3.435322642326354980e-01
8.477909564971923828e-01
-1.153810881078243256e-02
-2.371884882450103760e-01
8.402165025472640991e-02
-3.896771073341369629e-01
1.427277326583862305e-01
7.006731902947649360e-05
-1.179002374410629272e-01
-5.498673915863037109e-01
1.092797517776489258e-01
2.050628513097763062e-01
3.302079439163208008e-01
1.317888200283050537e-01
5.214017257094383240e-02
6.764087826013565063e-02
-3.146450817584991455e-01
-1.297193765640258789e-01
-2.325123734772205353e-02
-4.346816241741180420e-01
-5.573396682739257812e-01
3.373527526855468750e-01
-7.969672977924346924e-02
-8.908078074455261230e-01
-2.037190599367022514e-03
-5.457549095153808594e-01
2.268113382160663605e-02
5.093932747840881348e-01
-9.170670807361602783e-02
-5.949023365974426270e-01
-2.991058118641376495e-02
2.146537750959396362e-01
2.910267412662506104e-01
5.462391972541809082e-01
2.842572629451751709e-01
-2.830371558666229248e-01
-1.390357166528701782e-01
2.480756640434265137e-01
-2.838243544101715088e-01
4.468016326427459717e-01
2.088334083557128906e+00
-5.973193421959877014e-02
2.935307323932647705e-01
-3.402602300047874451e-02
-7.275794446468353271e-02
7.102499157190322876e-02
1.172972694039344788e-01
-5.431174635887145996e-01
2.713793516159057617e-02
3.884878456592559814e-01
5.422125458717346191e-01
7.303012534976005554e-03
-1.460797339677810669e-01
-5.931118130683898926e-01
-1.000691857188940048e-02
1.189964652061462402e+00
6.007257103919982910e-01
-1.715983897447586060e-01
2.423880100250244141e-01
-1.955247759819030762e+00
1.681392490863800049e-01
-7.773283869028091431e-02
-2.719025686383247375e-02
-7.413248717784881592e-02
-1.085033342242240906e-01
7.372773438692092896e-02
-4.809089004993438721e-02
5.398082733154296875e-01
2.902451753616333008e-01
-7.709943503141403198e-02
-8.058425784111022949e-02
1.089959666132926941e-01
-3.138093352317810059e-01
2.341709285974502563e-01
-8.230523765087127686e-02
-2.614836394786834717e-01
-4.000043869018554688e-01
1.345423310995101929e-01
-2.609910666942596436e-01
-3.363822028040885925e-02
4.284059107303619385e-01
-7.011907100677490234e-01
3.434929847717285156e-01
1.786305665969848633e+00
-6.005863547325134277e-01
2.524179518222808838e-01
-3.064354360103607178e-01
-4.397992417216300964e-02
1.805147379636764526e-01
-9.730302542448043823e-02
4.275853186845779419e-02
-3.521941661834716797e+00
-8.345891237258911133e-01
-5.388752818107604980e-01
-3.375717103481292725e-01
-7.788274437189102173e-02
-1.576084345579147339e-01
-5.401002168655395508e-01
1.452283859252929688e-01
-2.549003362655639648e-01
-1.443205028772354126e-02
6.559454202651977539e-01
6.513933539390563965e-01
2.711374685168266296e-02
-3.051410242915153503e-02
-9.014194458723068237e-02
-3.081773221492767334e-01
-1.726564019918441772e-02
2.589783966541290283e-01
-1.082418799400329590e+00
2.863663733005523682e-01
4.971816241741180420e-01
-8.384744077920913696e-02
-2.421210259199142456e-01
2.148272655904293060e-02
3.307362496852874756e-01
2.102696746587753296e-01
-3.095231354236602783e-01
8.991576731204986572e-03
7.661784887313842773e-01
-2.417263686656951904e-01
-5.855972319841384888e-02
1.680226325988769531e-01
3.777931630611419678e-01
-1.951620429754257202e-01
1.579382270574569702e-01
4.178718030452728271e-01
-1.651160977780818939e-02
3.011413216590881348e-01
6.332940608263015747e-02
8.315274715423583984e-01
4.903144240379333496e-01
-2.805928587913513184e-01
3.130586817860603333e-02
1.153818294405937195e-01
-2.447642087936401367e-01
1.381121724843978882e-01
-6.892954707145690918e-01
9.741676039993762970e-03
7.281879335641860962e-02
4.453736543655395508e-01
-1.246271952986717224e-01
-4.942514002323150635e-02
5.531497597694396973e-01
-1.180065631866455078e+00
-3.517325520515441895e-01
6.204409291967749596e-04
-5.780778527259826660e-01
4.384725391864776611e-01
-1.463984102010726929e-01
2.102680951356887817e-01
2.615006864070892334e-01
-8.407654613256454468e-02
3.010960482060909271e-02
2.863615751266479492e-01
1.382357329130172729e-01
2.174331396818161011e-01
-7.797513157129287720e-02
-6.711081862449645996e-01
1.988817900419235229e-01
1.023531630635261536e-01
-5.374000668525695801e-01
5.159268975257873535e-01
7.784580588340759277e-01
-4.852076768875122070e-01
8.703150600194931030e-02
6.153557896614074707e-01
-3.099606931209564209e-01
8.776447772979736328e-01
-2.603753507137298584e-01
1.243760287761688232e-01
1.972206681966781616e-01
-1.119031477719545364e-02
8.339565247297286987e-02
6.499742269515991211e-01
-8.740591257810592651e-02
-2.675294280052185059e-01
-2.515850961208343506e-01
-1.670722067356109619e-01
4.485963657498359680e-02
6.296283006668090820e-01
9.434877336025238037e-02
1.491530686616897583e-01
3.542529642581939697e-01
-3.524694442749023438e-01
-3.915354311466217041e-01
6.829297542572021484e-02
-5.966082215309143066e-01
3.437876403331756592e-01
1.425506919622421265e-01
-1.538941413164138794e-01
-6.588528752326965332e-01
4.757018387317657471e-02
-1.051054969429969788e-01
3.557836636900901794e-02
8.228514343500137329e-02
1.536093354225158691e+00
-2.663642764091491699e-01
-1.343018054962158203e+00
-7.672928571701049805e-01
-2.704454660415649414e-01
1.331876516342163086e-01
-3.504922091960906982e-01
-3.701931238174438477e-01
2.406865805387496948e-01
1.531692892313003540e-01
-2.992302179336547852e-01
3.259446024894714355e-01
-4.636730253696441650e-01
3.479930460453033447e-01
-4.455257058143615723e-01
-4.423048496246337891e-01
3.665319979190826416e-01
1.596278399229049683e-01
-4.766313433647155762e-01
2.563420236110687256e-01
2.479473501443862915e-01
3.940652012825012207e-01
1.091851443052291870e-01
1.433845460414886475e-01
-1.713980734348297119e-02
-1.873991489410400391e-01
3.508212864398956299e-01
-4.593679215759038925e-03
-1.029907613992691040e-01
-5.438218116760253906e-01
5.120991468429565430e-01
-2.502078413963317871e-01
-1.326471418142318726e-01
-3.084587454795837402e-01
4.987250566482543945e-01
1.733520388603210449e+00
-2.911483347415924072e-01
1.753496527671813965e-01
3.677522540092468262e-01
-1.407801806926727295e-01
-1.206219792366027832e+00
-1.481633335351943970e-01
-4.694777727127075195e-01
-3.935230970382690430e-01
-6.717969477176666260e-02
2.975027859210968018e-01
-3.649587035179138184e-01
-8.899243474006652832e-01
-3.496167957782745361e-01
1.047839298844337463e-01
-4.538262784481048584e-01
6.214369535446166992e-01
-1.136780381202697754e+00
4.484755694866180420e-01
-9.601701050996780396e-02
-2.337922900915145874e-01
6.897890567779541016e-01
-8.241599053144454956e-02
-7.127713561058044434e-01
7.630766630172729492e-01
5.550830438733100891e-02
2.877144813537597656e-01
-2.553342580795288086e-01
2.092975378036499023e-02
-4.464365541934967041e-01
-4.024135172367095947e-01
1.552839726209640503e-01
5.117616653442382812e-01
1.358849108219146729e-01
-1.106631159782409668e-01
1.841831356287002563e-01
-7.145075798034667969e-01
3.565021455287933350e-01
-4.146121442317962646e-01
3.026105165481567383e-01
6.218325495719909668e-01
-6.168349981307983398e-01
-2.938413294032216072e-03
3.136519789695739746e-01
-7.791530489921569824e-01
-2.300696969032287598e-01
-7.000321745872497559e-01
-5.120793357491493225e-02
-2.112863659858703613e-01
-2.407720088958740234e-01
-3.917606770992279053e-01
5.234311819076538086e-01
8.117966353893280029e-02
-2.329969406127929688e-01
2.672752141952514648e-01
8.621649444103240967e-02
3.877214789390563965e-01
-2.633567154407501221e-01
-1.731267422437667847e-01
-6.915384531021118164e-02
2.139853000640869141e+00
3.435692787170410156e-01
3.167522549629211426e-01
1.449358314275741577e-01
1.778590977191925049e-01
-3.644900023937225342e-01
-5.363905429840087891e-01
1.956602185964584351e-02
-9.501374512910842896e-02
-8.144680857658386230e-01
-8.149036020040512085e-02
-5.930525809526443481e-02
-1.239784434437751770e-02
1.777537584304809570e+00
5.562515184283256531e-02
-3.537037074565887451e-01
-4.331297576427459717e-01
2.317034751176834106e-01
4.152233898639678955e-01
-1.026255358010530472e-02
1.152435779571533203e+00
-1.577786207199096680e-01
-3.949366509914398193e-01
-1.501252502202987671e-01
-5.358968675136566162e-02
-3.384566903114318848e-01
-3.002348244190216064e-01
-1.646657228469848633e+00
4.654219150543212891e-01
-2.285940945148468018e-01
-1.587976664304733276e-01
5.873172879219055176e-01
6.964788436889648438e-01
3.814941644668579102e-02
-2.114377170801162720e-01
2.186928540468215942e-01
-4.101498126983642578e-01
6.307188868522644043e-01
-2.787801623344421387e-01
4.664912521839141846e-01
2.023678869009017944e-01
-2.890605628490447998e-01
1.535896062850952148e-01
5.026921033859252930e-01
-4.285282790660858154e-01
-2.878792285919189453e-01
-4.380304515361785889e-01
1.763509213924407959e-02
4.449373856186866760e-02
3.007705789059400558e-03
-2.576134502887725830e-01
1.051462367177009583e-01
-1.115027815103530884e-01
1.230414807796478271e-01
-4.761182516813278198e-02
3.272091448307037354e-01
4.348495602607727051e-01
-3.795771300792694092e-02
-4.130727946758270264e-01
2.481044679880142212e-01
-2.683317899703979492e+00
9.446039050817489624e-02
-1.313982158899307251e-01
2.819827497005462646e-01
-1.922066807746887207e-01
-3.922969475388526917e-02
2.213685028254985809e-02
-4.260658025741577148e-01
2.384650260210037231e-01
7.757440954446792603e-02
-1.246964335441589355e-01
3.571510612964630127e-01
1.677657216787338257e-01
-2.560314834117889404e-01
2.066857814788818359e-01
2.484813779592514038e-01
-6.234777569770812988e-01
4.882673323154449463e-01
3.828230500221252441e-02
2.807408869266510010e-01
-2.470070600509643555e+00
-3.265002667903900146e-01
4.026478826999664307e-01
2.627212703227996826e-01
-1.168316826224327087e-01
7.141590118408203125e-01
-3.160115182399749756e-01
4.842526614665985107e-01
-5.032038688659667969e-01
9.396771341562271118e-02
2.953518927097320557e-01
-2.026362717151641846e-01
4.464000463485717773e-02
-1.070711374282836914e+00
-4.204004108905792236e-01
-3.880117535591125488e-01
6.883750855922698975e-02
-1.906245052814483643e-01
8.933731168508529663e-02
-2.212425321340560913e-01
2.822946906089782715e-01
-1.066670045256614685e-01
-3.463381528854370117e-01
-2.677932083606719971e-01
3.987748324871063232e-01
1.885405927896499634e-01
-2.908994555473327637e-01
-1.749089211225509644e-01
-3.246983587741851807e-01
-3.186388909816741943e-01
1.034504473209381104e-01
6.836533080786466599e-03
1.443442516028881073e-02
9.621207714080810547e-01
4.722011983394622803e-01
1.772847175598144531e-01
-7.333139181137084961e-01
9.764672257006168365e-03
-7.756714522838592529e-02
-2.537261247634887695e-01
2.417407482862472534e-01
-3.924153745174407959e-01
7.368023991584777832e-01
-2.711003273725509644e-02
-1.370370239019393921e-01
-1.897795498371124268e-02
-6.203368306159973145e-03
5.612272024154663086e-01
-1.261662393808364868e-01
6.588618755340576172e-01
7.780286017805337906e-03
-1.304726600646972656e-01
3.752384334802627563e-02
-1.227094456553459167e-01
-8.080369830131530762e-01
-3.875764459371566772e-02
-1.320947408676147461e-01
8.658289909362792969e-02
1.916750073432922363e-01
2.318162024021148682e-01
-3.019745089113712311e-02
-4.276000261306762695e-01
-1.134350299835205078e+00
1.750718206167221069e-01
-8.860760927200317383e-02
-1.840640753507614136e-01
1.120312333106994629e+00
-9.078889489173889160e-01
-3.145770132541656494e-01
3.090055882930755615e-01
-1.571744233369827271e-01
2.161205857992172241e-01
1.042418122291564941e+00
-4.876424372196197510e-01
-1.740413755178451538e-01
3.382394611835479736e-01
-1.953727453947067261e-01
2.568606138229370117e-01
-1.335408836603164673e-01
1.808952838182449341e-01
2.927016094326972961e-02
-3.096775114536285400e-01
4.216756820678710938e-01
5.045948028564453125e-01
-8.910895138978958130e-02
-1.611766815185546875e-01
-1.215377226471900940e-01
-5.640272498130798340e-01
-1.280908733606338501e-01
-6.163304671645164490e-02
-3.713158965110778809e-01
9.042695164680480957e-01
-1.080377325415611267e-01
-5.399821996688842773e-01
1.929681152105331421e-01
-1.538370847702026367e-01
9.218379259109497070e-01
-3.712334632873535156e-01
2.219563871622085571e-01
3.266986012458801270e-01
3.752733170986175537e-01
3.219243288040161133e-01
4.889763891696929932e-01
-5.821665003895759583e-02
3.045480847358703613e-01
-1.958578675985336304e-01
-1.139392614364624023e+00
3.203827142715454102e-01
3.250676691532135010e-01
-6.521254777908325195e-02
-2.572480738162994385e-01
1.773976683616638184e-01
2.424080222845077515e-01
2.792470157146453857e-01
3.810215592384338379e-01
9.728575348854064941e-01
-3.833712041378021240e-01
1.851031929254531860e-02
-1.516530662775039673e-01
4.151473343372344971e-01
3.272232115268707275e-01
-3.865846395492553711e-01
6.407790184020996094e-01
4.648657441139221191e-01
-3.526751995086669922e-01
5.131278932094573975e-02
-2.311746962368488312e-02
1.804666817188262939e-01
1.235352009534835815e-01
-3.432419300079345703e-01
-8.530624955892562866e-02
8.976275473833084106e-02
-1.504393666982650757e-02
7.091518491506576538e-03
2.989091277122497559e-01
3.257497847080230713e-01
2.274160236120223999e-01
-1.491768956184387207e-01
-1.702089011669158936e-01
1.776252388954162598e-01
4.628434777259826660e-01
3.110364675521850586e-01
-6.729640960693359375e-01
-1.232680976390838623e-01
3.746708855032920837e-02
-3.064304292201995850e-01
4.982146322727203369e-01
2.042158246040344238e-01
1.857623308897018433e-01
-3.070102334022521973e-01
2.036335021257400513e-01
4.678447544574737549e-02
2.903411686420440674e-01
1.176949262619018555e+00
9.931781142950057983e-02
3.095538169145584106e-02
-5.551858544349670410e-01
5.243412852287292480e-01
2.858083248138427734e-01
1.452026963233947754e-01
3.597091734409332275e-01
-8.906412124633789062e-01
9.537502527236938477e-01
5.205989480018615723e-01
-5.005195364356040955e-02
1.245092526078224182e-01
-3.132527470588684082e-01
-3.142831474542617798e-02
-4.154254496097564697e-02
3.119073510169982910e-01
1.574644469656050205e-03
-2.178229838609695435e-01
3.999422490596771240e-01
-1.429904550313949585e-01
2.955079674720764160e-01
1.634018421173095703e-01
-3.057942092418670654e-01
5.836386084556579590e-01
1.376226842403411865e-01
-1.166620254516601562e-01
-2.065503746271133423e-01
8.519586920738220215e-02
-2.340198308229446411e-02
3.890008926391601562e-01
-3.416003286838531494e-02
3.790906667709350586e-01
1.589638739824295044e-01
-1.372183710336685181e-01
-1.581962347030639648e+00
-2.831077948212623596e-02
2.720568142831325531e-02
3.867405652999877930e-01
4.773211777210235596e-01
-4.363523796200752258e-02
1.298812683671712875e-02
3.529501706361770630e-02
3.893574774265289307e-01
1.816129982471466064e-01
1.922055184841156006e-01
1.077449992299079895e-01
-5.716733336448669434e-01
4.956870973110198975e-01
-6.422674059867858887e-01
-5.425631999969482422e-01
3.535791337490081787e-01
4.363259077072143555e-01
-6.229804083704948425e-02
3.830988109111785889e-01
-7.691406458616256714e-02
1.547023057937622070e-01
-5.582454800605773926e-01
-8.283160626888275146e-02
1.279049813747406006e-01
-8.746775239706039429e-02
-2.153938859701156616e-01
3.479036092758178711e-01
-8.224378824234008789e-01
1.662486940622329712e-01
7.147595882415771484e-01
-4.763253331184387207e-01
-5.038262903690338135e-02
-4.293572008609771729e-01
3.663490116596221924e-01
-6.969785690307617188e-02
3.894815593957901001e-02
3.927217423915863037e-01
2.085867524147033691e-01
-5.562785267829895020e-02
6.407852768898010254e-01
2.033077776432037354e-01
-2.268161177635192871e-01
7.624249905347824097e-02
4.898339509963989258e-01
-9.587076306343078613e-02
2.426772117614746094e-01
1.596119046211242676e+00
-1.589732885360717773e+00
1.991129964590072632e-01
4.577790200710296631e-02
-2.489630728960037231e-01
-4.667330980300903320e-01
9.003632515668869019e-02
1.732302643358707428e-02
2.838267982006072998e-01
5.431928634643554688e-01
4.212214052677154541e-01
-1.470892038196325302e-02
1.535569131374359131e-01
2.067184925079345703e+00
-2.215720564126968384e-01
1.348695307970046997e-01
7.874450832605361938e-02
-2.235449552536010742e-01
8.837492763996124268e-02
-4.283055961132049561e-01
5.871412530541419983e-02
9.733862876892089844e-01
-5.062943100929260254e-01
4.312366247177124023e-03
-5.631529726088047028e-03
3.030506074428558350e-01
4.074472784996032715e-01
6.724643707275390625e-01
2.064574211835861206e-01
-2.269171476364135742e-01
-5.462484359741210938e-01
9.764617681503295898e-02
-2.468575984239578247e-01
-3.371469080448150635e-01
-4.375491738319396973e-01
-1.819044202566146851e-01
-6.382399052381515503e-02
2.206917107105255127e-02
2.066038250923156738e-01
-1.127911135554313660e-01
-7.514558434486389160e-01
-2.353150367736816406e+00
-1.025491394102573395e-02
9.772304892539978027e-01
1.564969420433044434e-01
-2.845806479454040527e-01
1.803055554628372192e-01
-1.272836979478597641e-02
-3.194717466831207275e-01
-1.150072738528251648e-01
8.230309002101421356e-03
6.270309686660766602e-01
-5.202479362487792969e-01
1.715477555990219116e-03
-2.214916050434112549e-02
1.390179395675659180e-01
2.038633823394775391e-01
2.239021845161914825e-02
2.100432515144348145e-01
-1.482671201229095459e-01
3.248983621597290039e-01
1.293192356824874878e-01
2.343643158674240112e-01
1.257754802703857422e+00
-8.505098521709442139e-02
-5.524668470025062561e-02
-7.280181348323822021e-02
3.799175620079040527e-01
-1.777973473072052002e-01
5.266404151916503906e-01
-4.230953007936477661e-02
3.564134240150451660e-01
-4.687581062316894531e-01
1.403242588043212891e+00
2.217838317155838013e-01
6.467804908752441406e-01
-4.454487264156341553e-01
-4.916863515973091125e-02
2.529910802841186523e-01
-3.471778929233551025e-01
6.285515427589416504e-01
3.925175070762634277e-01
-2.370845973491668701e-01
9.593434631824493408e-02
6.640350073575973511e-02
5.994929932057857513e-03
2.711609005928039551e-01
-3.989866077899932861e-01
4.918951094150543213e-01
3.352458775043487549e-01
7.637583464384078979e-02
-2.884772717952728271e-01
-6.354352235794067383e-01
1.868700981140136719e-01
-2.810886129736900330e-02
5.574305057525634766e-01
-6.148869916796684265e-02
-3.435431718826293945e-01
-1.734744161367416382e-01
-1.253441534936428070e-02
-3.183264732360839844e-01
1.181847095489501953e+00
-3.132206797599792480e-01
-3.369581401348114014e-01
5.208998322486877441e-01
5.371121764183044434e-01
-3.068745136260986328e-01
3.684742450714111328e-01
5.412362888455390930e-02
4.828857257962226868e-02
-3.676017820835113525e-01
-5.359662175178527832e-01
9.674711525440216064e-02
-5.639054998755455017e-02
1.338750123977661133e-01
3.073676824569702148e-01
-2.462227642536163330e-01
-3.001867532730102539e-01
-1.230776980519294739e-01
-1.135123148560523987e-01
-3.030333817005157471e-01
6.800000071525573730e-01
3.952995873987674713e-03
-1.825145930051803589e-01
5.548961758613586426e-01
1.519393920898437500e-01
1.988639123737812042e-02
3.073946237564086914e-01
-5.852401256561279297e-02
-1.358107477426528931e-01
-3.957201242446899414e-01
4.519044756889343262e-01
2.180955372750759125e-03
-1.926175951957702637e-01
-1.339382529258728027e-01
-5.950265526771545410e-01
9.350682049989700317e-02
-1.774475723505020142e-01
3.019738011062145233e-02
-3.865713253617286682e-02
-4.018200039863586426e-01
6.383916363120079041e-03
-7.934000343084335327e-02
-5.086515098810195923e-02
7.644586563110351562e-01
2.663948237895965576e-01
8.369559049606323242e-02
1.246656328439712524e-01
-2.432856857776641846e-01
1.582389175891876221e-01
-7.973773032426834106e-02
-1.348995119333267212e-01
-7.855284959077835083e-02
-2.814755141735076904e-01
-2.549538910388946533e-01
-3.609932959079742432e-02
7.645261287689208984e-02
-5.263639092445373535e-01
1.895191818475723267e-01
-3.063118755817413330e-01
-9.259798526763916016e-01
8.576840758323669434e-01
-5.372712612152099609e-01
5.552026629447937012e-02
3.428065180778503418e-01
3.039517402648925781e-01
3.445121273398399353e-02
-1.280608177185058594e-01
-2.020556181669235229e-01
-2.942675948143005371e-01
-3.853825330734252930e-01
-1.483606398105621338e-01
3.398258239030838013e-02
-1.125508770346641541e-01
-2.784074246883392334e-01
-1.719977408647537231e-01
-1.306493431329727173e-01
-6.796513795852661133e-01
1.374692469835281372e-01
-3.792966008186340332e-01
-1.038969039916992188e+00
7.956259250640869141e-01
-2.069800496101379395e-01
-1.313860416412353516e+00
2.624176144599914551e-01
3.194708824157714844e-01
1.927913725376129150e-01
1.901619285345077515e-01
-1.649821847677230835e-01
-4.256388843059539795e-01
-2.160446792840957642e-01
1.058393865823745728e-01
-1.361319720745086670e-01
-1.341829001903533936e-01
3.490031883120536804e-02
1.094705387949943542e-01
2.163110226392745972e-01
-1.005199432373046875e+00
-6.897710263729095459e-02
4.535635188221931458e-02
-7.652008533477783203e-01
8.533224463462829590e-01
-1.984703987836837769e-01
-1.456841528415679932e-01
5.889309644699096680e-01
-3.427436351776123047e-01
-1.207314506173133850e-01
-9.512570500373840332e-02
7.471729069948196411e-02
-1.160906627774238586e-01
-2.721627652645111084e-01
1.269351392984390259e-01
2.089170217514038086e-01
3.910914659500122070e-01
5.420773625373840332e-01
-4.541547223925590515e-02
-5.570547580718994141e-01
1.362187713384628296e-01
-4.364420101046562195e-02
1.370672136545181274e-01
-2.328941375017166138e-01
-6.858796626329421997e-02
4.058782756328582764e-01
-4.228609800338745117e-02
-2.691646516323089600e-01
9.949146211147308350e-02
1.372782737016677856e-01
6.767729297280311584e-03
5.286681056022644043e-01
-7.390068471431732178e-02
3.748278692364692688e-02
3.700043633580207825e-02
4.649019613862037659e-02
-6.787291765213012695e-01
-1.562208980321884155e-01
-6.199937462806701660e-01
5.769756436347961426e-01
7.038275599479675293e-01
-4.133426770567893982e-02
2.187755852937698364e-01
3.306801617145538330e-01
-1.025714993476867676e+00
1.385563313961029053e-01
7.733940482139587402e-01
-3.780535161495208740e-01
-2.554308176040649414e-01
-2.139138132333755493e-01
3.721807152032852173e-02
-3.337758481502532959e-01
-1.203939691185951233e-01
3.328952789306640625e-01
2.677529454231262207e-01
-2.727774679660797119e-01
-2.074853479862213135e-01
1.108456015586853027e+00
-4.901058375835418701e-01
-3.353091329336166382e-02
-2.994627654552459717e-01
-6.192739605903625488e-01
2.512839436531066895e-01
1.472687721252441406e-01
-6.786830425262451172e-01
3.471718132495880127e-01
1.380288004875183105e+00
-1.323160409927368164e+00
7.732984423637390137e-02
-1.390876024961471558e-01
2.951972782611846924e-01
2.793321013450622559e-01
-3.271733224391937256e-02
1.227262988686561584e-01
2.268406599760055542e-01
4.554260969161987305e-01
-5.502788424491882324e-01
9.377510845661163330e-02
-1.517657637596130371e-01
1.410748362541198730e-01
-5.225810408592224121e-02
2.673551738262176514e-01
-5.209287256002426147e-02
2.645310461521148682e-01
1.400001049041748047e+00
4.732235893607139587e-02
1.882153004407882690e-01
-3.044370412826538086e-01
-2.550050616264343262e-01
-2.313312441110610962e-01
-6.560071706771850586e-01
-3.782705962657928467e-02
4.849497079849243164e-01
-3.262173384428024292e-02
9.871168434619903564e-02
-2.671595811843872070e-01
-5.073027014732360840e-01
6.062874197959899902e-01
-8.230460435152053833e-02
1.384921222925186157e-01
3.093765377998352051e-01
-5.256834626197814941e-01
4.618647396564483643e-01
3.169058859348297119e-01
-1.926908195018768311e-01
5.693193674087524414e-01
-9.640362113714218140e-02
-2.921943962574005127e-01
-6.353164911270141602e-01
2.397916167974472046e-01
-4.427246153354644775e-01
2.965378165245056152e-01
-1.248697638511657715e-01
4.352108538150787354e-01
-6.723075509071350098e-01
5.787708759307861328e-01
4.900235235691070557e-01
1.893078535795211792e-01
3.892216384410858154e-01
5.176321268081665039e-01
-7.116590738296508789e-01
2.746697068214416504e-01
-1.057019680738449097e-01
-8.719164133071899414e-01
-1.059397906064987183e-01
-1.161961704492568970e-01
9.391505718231201172e-01
1.197756677865982056e-01
1.941938996315002441e-01
-5.910257101058959961e-01
7.502678036689758301e-01
6.840752810239791870e-02
-4.368303716182708740e-02
-2.754468917846679688e-01
1.431068498641252518e-02
-8.243602514266967773e-02
-3.307879567146301270e-01
-7.305441796779632568e-02
1.409204769879579544e-02
6.032745819538831711e-03
4.975488036870956421e-02
3.314868211746215820e-01
-5.742717161774635315e-02
-2.260095030069351196e-01
-2.903928980231285095e-02
-6.840387731790542603e-02
-1.439259529113769531e+00
-1.013297215104103088e-01
3.180505037307739258e-01
-1.908205896615982056e-01
-1.085035920143127441e+00
-2.433742582798004150e-01
4.463293552398681641e-01
-1.610636264085769653e-01
-9.716992266476154327e-03
-1.541644483804702759e-01
6.336899399757385254e-01
2.770990133285522461e-01
5.466293692588806152e-01
-5.645394325256347656e-01
6.244441494345664978e-02
1.751841902732849121e-01
2.598230838775634766e-01
-1.963851749897003174e-01
-8.251416683197021484e-02
-4.636986255645751953e-01
-3.263517618179321289e-01
-3.663661703467369080e-02
-2.901469469070434570e-01
2.154814079403877258e-02
2.033586949110031128e-01
-9.535650163888931274e-02
2.423163823550567031e-04
3.638124838471412659e-02
1.484419684857130051e-02
-3.952614665031433105e-01
1.919755339622497559e-01
-1.767187416553497314e-01
-6.739484667778015137e-01
3.861913383007049561e-01
-1.084797307848930359e-01
1.264500021934509277e-01
-8.415753841400146484e-01
1.959135383367538452e-01
5.125195980072021484e-01
6.804365515708923340e-01
3.159333765506744385e-01
6.637871265411376953e-01
7.472505569458007812e-01
-1.880138367414474487e-01
1.197578310966491699e-01
-1.252624690532684326e-01
-4.478282332420349121e-01
-1.765305991284549236e-03
8.590400964021682739e-02
2.622681856155395508e-01
9.688307642936706543e-01
-2.924566566944122314e-01
-6.582904458045959473e-01
1.214080572128295898e+00
-1.215564459562301636e-01
9.049337357282638550e-02
5.887926369905471802e-02
3.926380276679992676e-01
2.917816340923309326e-01
-2.326468750834465027e-02
4.357132315635681152e-01
3.596674501895904541e-01
3.370682299137115479e-01
6.213060021400451660e-02
-5.990567207336425781e-01
4.594179987907409668e-01
1.807993054389953613e-01
-1.742597967386245728e-01
2.083086669445037842e-01
-6.824781745672225952e-02
-1.354588031768798828e+00
-5.286689847707748413e-02
-4.945035278797149658e-01
7.669929265975952148e-01
-2.044673636555671692e-02
5.469515547156333923e-02
7.175722122192382812e-01
1.911335289478302002e-01
2.740793228149414062e-01
-9.852303192019462585e-03
7.198891043663024902e-02
-2.103789895772933960e-02
-4.645523428916931152e-02
5.112866163253784180e-01
-1.824605762958526611e-01
1.413394361734390259e-01
2.660493850708007812e-01
2.074857503175735474e-01
6.704787164926528931e-02
-1.467552781105041504e-01
1.743743181228637695e+00
-2.158564329147338867e-01
-5.203433632850646973e-01
3.044569492340087891e-01
-6.753337383270263672e-02
4.726240932941436768e-01
-2.592927217483520508e-01
2.194251120090484619e-01
2.623065710067749023e-01
6.039177179336547852e-01
4.286612868309020996e-01
5.188477635383605957e-01
3.992231190204620361e-01
-3.997012078762054443e-01
5.306416153907775879e-01
-3.021069169044494629e-01
-1.087474673986434937e-01
-1.449460685253143311e-01
4.032763838768005371e-01
7.030673623085021973e-01
1.630588024854660034e-01
1.291386783123016357e-01
-4.447669088840484619e-01
1.826557517051696777e-01
-1.490007489919662476e-01
1.238297000527381897e-01
-8.828606009483337402e-01
1.167871430516242981e-01
2.577315568923950195e-01
5.606754422187805176e-01
1.808504611253738403e-01
4.637903869152069092e-01
6.617575883865356445e-01
5.080608278512954712e-02
-1.725141108036041260e-01
6.857919692993164062e-02
-6.835483759641647339e-02
2.488702535629272461e-01
9.581937640905380249e-02
4.594108164310455322e-01
6.388747692108154297e-01
-5.124722123146057129e-01
2.212493121623992920e-01
-8.902797847986221313e-02
-4.723489284515380859e-01
1.149685308337211609e-01
-4.354761838912963867e-01
-4.484893679618835449e-01
-2.442167103290557861e-01
-3.664576411247253418e-01
-2.367311343550682068e-02
-2.468861639499664307e-01
-7.240542769432067871e-02
1.452176868915557861e-01
-7.085414975881576538e-02
2.839769609272480011e-02
4.462029337882995605e-01
1.001832783222198486e-01
4.205571487545967102e-02
-1.952561587095260620e-01
6.940871477127075195e-01
6.852563619613647461e-01
1.145235225558280945e-01
-5.646805167198181152e-01
-1.806051470339298248e-02
1.954181492328643799e-01
-1.578397899866104126e-01
-3.559686243534088135e-01
-5.086281523108482361e-02
2.428853213787078857e-01
-3.378885090351104736e-01
-4.534655213356018066e-01
-2.126998305320739746e-01
2.735922753345221281e-04
7.829642295837402344e-01
2.274092733860015869e-01
4.102520942687988281e-01
1.814941763877868652e-01
4.435648918151855469e-01
5.093493312597274780e-02
3.036618530750274658e-01
3.598864078521728516e-01
2.132323980331420898e-01
-2.037535756826400757e-01
5.759693309664726257e-02
-7.899586111307144165e-02
-9.603294730186462402e-02
7.537907361984252930e-02
-2.076801061630249023e-01
-4.893150031566619873e-01
-2.486077845096588135e-01
-9.867048263549804688e-01
-6.488440632820129395e-01
1.475800573825836182e-01
2.363027930259704590e-01
-6.912527233362197876e-02
4.504415020346641541e-02
-1.143327280879020691e-01
-3.829664885997772217e-01
-1.727388054132461548e-01
-6.438345462083816528e-02
5.758177638053894043e-01
2.040061503648757935e-01
1.286640614271163940e-01
-1.182045787572860718e-01
-2.445190846920013428e-01
8.017408847808837891e-02
-2.444057315587997437e-01
-3.142327666282653809e-01
1.815102994441986084e-02
-2.748566865921020508e-01
-8.432877808809280396e-02
6.738297641277313232e-02
3.182642757892608643e-01
5.837048962712287903e-02
9.883658885955810547e-01
-2.194300591945648193e-01
-2.337886095046997070e-01
1.009392365813255310e-01
-6.935694068670272827e-02
-1.448190569877624512e+00
-2.987368106842041016e-01
-3.223299607634544373e-02
-3.066946864128112793e-01
-2.167033702135086060e-01
-5.215381458401679993e-02
2.592913508415222168e-01
-1.594206094741821289e-01
-6.936393678188323975e-02
-6.309376358985900879e-01
-1.382881253957748413e-01
-4.550901800394058228e-02
6.242942810058593750e-01
4.375491142272949219e-01
-1.825700998306274414e-01
1.465174406766891479e-01
-2.743847370147705078e-01
1.186695098876953125e-01
4.946745038032531738e-01
3.400390446186065674e-01
1.331244260072708130e-01
4.672999083995819092e-01
-2.406902760267257690e-01
2.054738551378250122e-01
3.809177279472351074e-01
3.926334381103515625e-01
-4.275294765830039978e-02
-3.415538370609283447e-01
3.550998866558074951e-01
2.257388830184936523e-02
1.570034772157669067e-01
1.439316719770431519e-01
-1.547581851482391357e-01
1.873941570520401001e-01
1.206781625747680664e+00
-3.108125627040863037e-01
-1.187858581542968750e+00
-1.114512309432029724e-01
1.883754283189773560e-01
2.925327122211456299e-01
2.636179029941558838e-01
4.802905917167663574e-01
4.634649455547332764e-01
-6.137365698814392090e-01
-2.535213232040405273e-01
-3.315788805484771729e-01
8.599977940320968628e-02
-6.589743494987487793e-02
-3.769851922988891602e-01
-8.042345643043518066e-01
-5.324642062187194824e-01
-7.580333948135375977e-01
-5.728886723518371582e-01
3.344574272632598877e-01
3.311688601970672607e-01
1.706366240978240967e-01
3.720763325691223145e-01
3.462706804275512695e-01
-3.880838751792907715e-01
-3.669645786285400391e-01
1.226901710033416748e-01
-5.455760657787322998e-02
-8.143540620803833008e-01
1.267244517803192139e-01
3.603060543537139893e-02
2.559127509593963623e-01
-1.368846446275711060e-01
5.667379498481750488e-01
9.101466536521911621e-01
3.115470707416534424e-01
7.319458127021789551e-01
9.857679009437561035e-01
8.436717987060546875e-01
-6.573669314384460449e-01
-6.519485265016555786e-02
-8.953243494033813477e-02
-1.723894625902175903e-01
-1.447435170412063599e-01
6.552957296371459961e-01
3.125191926956176758e-01
-1.953240483999252319e-01
-7.487949132919311523e-01
-1.567558646202087402e-01
1.737546324729919434e-01
-3.948304653167724609e-01
1.346044987440109253e-01
-5.481518805027008057e-02
9.143422245979309082e-01
1.936561055481433868e-02
6.514670848846435547e-01
3.353464901447296143e-01
-3.726181983947753906e-01
1.148610115051269531e+00
-2.894580662250518799e-01
-6.214011907577514648e-01
-3.154729902744293213e-01
2.244693338871002197e-01
1.247268691658973694e-01
4.400465786457061768e-01
-9.282053709030151367e-01
-1.898390650749206543e-01
1.223570257425308228e-01
6.226495653390884399e-02
8.446503877639770508e-01
-3.022277355194091797e-01
-3.295103311538696289e-01
-5.237203240394592285e-01
-6.047624945640563965e-01
-8.451905101537704468e-02
7.967343181371688843e-02
-4.191172719001770020e-01
2.566108107566833496e-01
-5.956947058439254761e-02
3.119078278541564941e-02
4.839881062507629395e-01
1.119897007942199707e+00
3.646886646747589111e-01
5.617319941520690918e-01
-1.289235651493072510e-01
-5.553218722343444824e-01
8.851682543754577637e-01
-4.380451440811157227e-01
-1.407642215490341187e-01
-2.772590517997741699e-01
3.723786398768424988e-02
-3.081344366073608398e-01
-6.571560502052307129e-01
-4.919288679957389832e-02
-1.537901014089584351e-01
-2.013459987938404083e-02
-1.056607514619827271e-01
-7.434427738189697266e-02
-8.448018878698348999e-02
-2.204030007123947144e-01
2.442738711833953857e-01
2.511250674724578857e-01
2.512422502040863037e-01
1.906100958585739136e-01
-4.204367399215698242e-01
4.954602196812629700e-02
-2.697804868221282959e-01
4.026310443878173828e-01
-3.848553597927093506e-01
4.731571376323699951e-01
2.456975635141134262e-03
2.387673407793045044e-01
8.892896175384521484e-01
-1.746861338615417480e-01
-1.440134644508361816e-01
-3.165164962410926819e-02
4.227445125579833984e-01
1.596638560295104980e-01
-1.009421423077583313e-01
1.296765804290771484e-01
-2.761612236499786377e-01
9.761800989508628845e-03
-5.509676877409219742e-03
2.410279586911201477e-02
1.624458134174346924e-01
1.585730761289596558e-01
-1.189093217253684998e-01
5.311340093612670898e-01
-2.940543368458747864e-02
1.034697592258453369e-01
1.812822222709655762e-01
5.219157934188842773e-01
2.099512964487075806e-01
4.177970290184020996e-01
3.455499410629272461e-01
-4.866681993007659912e-01
-7.124837487936019897e-02
1.526749134063720703e-01
-3.333096504211425781e-01
-2.298209369182586670e-01
4.983673691749572754e-01
-4.535485506057739258e-01
1.852999627590179443e-01
-3.091623485088348389e-01
-6.020104289054870605e-01
-1.193726435303688049e-01
6.709304451942443848e-01
5.317270159721374512e-01
-2.296362072229385376e-01
7.674677371978759766e-01
-3.300179541110992432e-02
6.752166152000427246e-01
3.210085630416870117e-01
-2.542666494846343994e-01
2.041446119546890259e-01
1.967053860425949097e-01
5.450477600097656250e-01
-1.458325833082199097e-01
4.462183117866516113e-01
-2.741961479187011719e-01
6.348376721143722534e-02
-2.172603160142898560e-01
3.602181375026702881e-01
-1.389500945806503296e-01
2.234537005424499512e-01
5.246316269040107727e-02
-2.508461177349090576e-01
1.021749138832092285e+00
2.138219475746154785e-01
-2.719162106513977051e-01
2.483814507722854614e-01
1.748360246419906616e-01
-1.830364912748336792e-01
-2.923637628555297852e-01
2.728632651269435883e-02
-1.992800682783126831e-01
-2.006174921989440918e-01
-3.438334465026855469e-01
-5.017540603876113892e-02
-2.200626581907272339e-01
7.772822380065917969e-01
-7.032205909490585327e-02
-1.598807573318481445e-01
-4.873706102371215820e-01
2.028796225786209106e-01
-2.040740251541137695e-01
-3.073759973049163818e-01
-3.575066924095153809e-01
-1.571895927190780640e-01
-4.576286971569061279e-01
-3.830022811889648438e-01
4.199958145618438721e-01
3.474223017692565918e-01
4.857383072376251221e-01
1.514574587345123291e-01
-1.431591156870126724e-02
-1.087998971343040466e-01
5.064152479171752930e-01
-6.714700460433959961e-01
-2.044210135936737061e-01
4.782854914665222168e-01
1.982538551092147827e-01
-4.336037486791610718e-02
1.967588067054748535e-01
-1.874084174633026123e-01
-4.211115837097167969e-02
-2.974222302436828613e-01
7.626173552125692368e-03
-1.644108444452285767e-01
-7.624392509460449219e-01
-4.454661905765533447e-01
2.820078134536743164e-01
-3.107128739356994629e-01
6.290904879570007324e-01
-1.949279606342315674e-01
-2.344506978988647461e-01
2.029106393456459045e-02
1.453132629394531250e-01
-1.651376187801361084e-01
1.796220898628234863e+00
6.842082738876342773e-02
2.219073921442031860e-01
-1.438148915767669678e-01
9.442818164825439453e-01
-1.961764842271804810e-01
1.874613881111145020e+00
-2.231991291046142578e-01
-1.397967487573623657e-01
6.531087309122085571e-02
3.095868229866027832e-01
-5.906442180275917053e-02
-1.456952691078186035e-01
1.267770677804946899e-01
6.033977493643760681e-02
8.487385697662830353e-03
-1.510931551456451416e-01
1.413160264492034912e-01
2.035379409790039062e-01
-2.291749715805053711e-01
1.985487155616283417e-02
-3.442564904689788818e-01
-4.796904698014259338e-02
6.320912390947341919e-02
5.884336307644844055e-02
1.545121222734451294e-01
-1.252599358558654785e-01
-1.429946348071098328e-02
1.109625399112701416e-01
2.221248596906661987e-01
1.645178645849227905e-01
5.072072148323059082e-02
-3.328295648097991943e-01
-1.341766305267810822e-02
-2.052819281816482544e-01
6.935366243124008179e-02
5.828494429588317871e-01
-1.565733104944229126e-01
-1.022405326366424561e-01
2.385428398847579956e-01
-8.679533004760742188e-02
1.928286552429199219e-01
-3.689151108264923096e-01
7.288368791341781616e-02
2.566944658756256104e-01
7.937954366207122803e-02
9.497944265604019165e-02
-7.736698538064956665e-02
8.009037375450134277e-02
-3.161721304059028625e-02
