7.197351455688476562e-01
-2.849919199943542480e-01
-9.029760956764221191e-02
1.953283846378326416e-01
-3.881455361843109131e-01
8.325542211532592773e-01
-8.591863512992858887e-02
3.224189579486846924e-01
2.004846483469009399e-01
-1.269684553146362305e+00
-3.758807899430394173e-03
1.998686343431472778e-01
2.169301211833953857e-01
-1.604347676038742065e-01
-5.583405867218971252e-02
-9.934693574905395508e-01
-5.026301741600036621e-02
3.896704912185668945e-01
5.357525944709777832e-01
8.639014363288879395e-01
-1.992118656635284424e-01
-1.716846585273742676e+00
7.092545926570892334e-02
-5.297408103942871094e-01
6.366814672946929932e-02
-7.154431343078613281e-01
1.408866643905639648e-01
9.515722990036010742e-01
-1.369324773550033569e-01
8.854192495346069336e-01
-1.121190190315246582e-01
2.648023962974548340e-01
3.659493029117584229e-01
-5.437626242637634277e-01
-3.953570127487182617e-01
-7.260211110115051270e-01
5.082146525382995605e-01
4.590800702571868896e-01
3.953638076782226562e-01
1.249234005808830261e-01
1.112079858779907227e+00
-8.051478266716003418e-01
7.129042744636535645e-01
-3.039117753505706787e-01
1.761431433260440826e-02
4.258857667446136475e-01
-7.154085040092468262e-01
8.577639460563659668e-01
-4.229367673397064209e-01
2.864615917205810547e-01
-3.587774932384490967e-01
-1.932741552591323853e-01
6.406680345535278320e-01
-7.473390698432922363e-01
1.324695110321044922e+00
-1.377587914466857910e-01
2.287320345640182495e-01
-7.629835009574890137e-01
1.360997676849365234e+00
7.351792454719543457e-01
2.215600609779357910e-01
-2.364006936550140381e-01
-1.569829732179641724e-01
4.835090041160583496e-02
2.619859576225280762e-01
1.719344854354858398e-01
1.338946223258972168e-01
1.020654201507568359e+00
-2.717826366424560547e-01
-8.819418549537658691e-01
1.606789976358413696e-01
-3.946927562355995178e-02
2.467305660247802734e-01
-1.025480985641479492e+00
-4.956854879856109619e-02
8.843488246202468872e-02
3.402085602283477783e-01
2.630569934844970703e-01
1.714596152305603027e-02
3.805956244468688965e-01
-3.466894030570983887e-01
-5.685021355748176575e-02
-4.108606576919555664e-01
-2.373805195093154907e-01
5.322166681289672852e-01
-4.032973051071166992e-01
8.729279041290283203e-03
2.629056572914123535e-01
1.611621305346488953e-02
-2.612196803092956543e-01
8.502557277679443359e-01
4.772263169288635254e-01
3.269755840301513672e-02
-1.187101602554321289e-01
-4.031847715377807617e-01
-5.612657666206359863e-01
1.261269748210906982e-01
5.826504826545715332e-01
-4.751299023628234863e-01
-4.344545304775238037e-01
1.662289947271347046e-01
-1.108976528048515320e-01
4.053661823272705078e-01
2.629173994064331055e-01
-7.008804678916931152e-01
9.417477995157241821e-02
2.612246274948120117e-01
-2.549615800380706787e-01
-2.179743796586990356e-01
3.045651912689208984e-01
-3.634023666381835938e-01
-3.808355331420898438e-01
1.056283265352249146e-01
4.484546184539794922e-01
2.513214051723480225e-01
3.906011283397674561e-01
-3.719854950904846191e-01
-9.187837690114974976e-02
-3.546184301376342773e-02
-2.984201908111572266e-01
-6.325477957725524902e-01
2.282813042402267456e-01
2.050924003124237061e-01
2.699540853500366211e-01
1.346058398485183716e-01
-1.813042461872100830e-01
-4.226279258728027344e-02
-2.138146758079528809e-01
4.446792304515838623e-01
-1.317172795534133911e-01
-3.136985749006271362e-02
6.302319467067718506e-02
-3.114805221557617188e-01
-3.604083508253097534e-02
-1.425256952643394470e-02
2.445750534534454346e-01
-3.967656493186950684e-01
1.940012425184249878e-01
5.050499737262725830e-02
-4.659034907817840576e-01
-1.860937595367431641e+00
6.582383513450622559e-01
-1.760319173336029053e-01
7.184672951698303223e-01
3.447061479091644287e-01
-2.684254050254821777e-01
9.281715005636215210e-02
-3.418966829776763916e-01
1.739758253097534180e-01
3.515669405460357666e-01
8.798689395189285278e-02
2.944380939006805420e-01
-2.997854351997375488e-01
4.285029768943786621e-01
-2.825835347175598145e-01
6.521859765052795410e-02
-7.690962553024291992e-01
-9.585259109735488892e-02
-1.035603508353233337e-01
-8.272065520286560059e-01
-2.728094160556793213e-01
-2.842233777046203613e-01
7.735920548439025879e-01
1.206008940935134888e-01
-1.006931543350219727e+00
6.248937249183654785e-01
-3.567981719970703125e-01
9.225466847419738770e-02
-5.149889588356018066e-01
1.045902013778686523e+00
-1.628442645072937012e+00
-1.691343784332275391e+00
9.545363485813140869e-02
-2.187337726354598999e-02
7.086141109466552734e-01
9.414251446723937988e-01
-8.813644945621490479e-02
-3.075913488864898682e-01
3.466947237029671669e-03
1.361776143312454224e-01
-2.484882324934005737e-01
1.314791440963745117e-01
-7.587491869926452637e-01
-1.917153447866439819e-01
5.482068061828613281e-01
-8.468635380268096924e-02
7.184729576110839844e-01
-2.107099890708923340e-01
1.378049701452255249e-01
-2.559722065925598145e-01
1.033700942993164062e+00
1.446770578622817993e-01
-3.124753534793853760e-01
1.415984630584716797e-01
-5.903563499450683594e-01
-4.937910735607147217e-01
4.840419590473175049e-01
4.159988164901733398e-01
-2.493596822023391724e-02
-2.828331291675567627e-01
2.611240744590759277e-01
-3.828927278518676758e-01
4.511017203330993652e-01
3.967643529176712036e-02
-9.300452657043933868e-03
2.927891016006469727e-01
-3.302260041236877441e-01
2.688686251640319824e-01
-6.619049608707427979e-02
5.034689605236053467e-02
-2.335799783468246460e-01
-1.942893862724304199e-01
-1.318830437958240509e-02
-2.870458066463470459e-01
4.540069699287414551e-01
4.635542929172515869e-01
-2.359774261713027954e-01
-4.592080116271972656e-01
2.394877374172210693e-01
2.252274453639984131e-01
-4.586193859577178955e-01
2.123438566923141479e-01
2.527549862861633301e-03
-2.526878714561462402e-01
-4.855735003948211670e-01
-1.949031949043273926e-01
-2.207587808370590210e-01
1.946618556976318359e-01
-7.160819321870803833e-02
5.823938250541687012e-01
-9.111831188201904297e-01
-5.861228108406066895e-01
4.416501820087432861e-01
1.534114927053451538e-01
8.015689998865127563e-02
3.357510864734649658e-01
-2.969081401824951172e-01
-3.633783385157585144e-02
1.096146181225776672e-02
-1.043097972869873047e-01
-2.455522567033767700e-01
2.783321216702461243e-02
1.503514796495437622e-01
2.887319028377532959e-01
-1.760041564702987671e-01
-2.290493249893188477e-02
-1.365747600793838501e-01
-4.995518177747726440e-02
-2.778515778481960297e-02
-2.103272527456283569e-01
-3.994937613606452942e-02
3.232988456147722900e-05
1.057834103703498840e-01
-2.253572084009647369e-02
1.109965983778238297e-02
1.834286302328109741e-01
-5.398598313331604004e-01
3.022165000438690186e-01
1.426825299859046936e-02
-3.652536869049072266e-01
4.748530089855194092e-01
-4.798581451177597046e-02
-2.666456699371337891e-01
-3.757240474224090576e-01
-3.341915011405944824e-01
-5.410493165254592896e-02
-2.765773795545101166e-02
6.443114876747131348e-01
7.530249655246734619e-02
-6.094299629330635071e-02
-3.189931809902191162e-01
-2.311043627560138702e-02
4.404667019844055176e-01
-6.613543033599853516e-01
-2.683824896812438965e-01
1.060527339577674866e-01
1.271458119153976440e-01
-1.150972396135330200e-01
1.137005016207695007e-01
5.837620794773101807e-02
2.104802280664443970e-01
2.610828876495361328e-01
2.595546543598175049e-01
3.204905390739440918e-01
-1.410313397645950317e-01
-5.554155111312866211e-01
7.261302322149276733e-02
6.019385457038879395e-01
2.402743846178054810e-01
-6.452024728059768677e-02
-1.928655505180358887e-01
6.851331889629364014e-02
5.069210752844810486e-02
-4.669416844844818115e-01
-1.901132287457585335e-03
-9.809964895248413086e-02
-2.291647344827651978e-02
3.144331872463226318e-01
-7.582612633705139160e-01
2.998599708080291748e-01
2.978446707129478455e-02
-6.050898507237434387e-02
5.468770861625671387e-01
-5.802721977233886719e-01
-1.092416793107986450e-01
-2.187594026327133179e-01
-4.101776182651519775e-01
8.308715820312500000e-01
-3.594332039356231689e-01
3.925593197345733643e-02
-1.029081717133522034e-01
4.549027234315872192e-02
1.319442510604858398e+00
-7.667527198791503906e-01
8.821705579757690430e-01
-2.769206762313842773e-01
3.716563582420349121e-01
1.534013301134109497e-01
6.579814851284027100e-02
1.608146429061889648e-01
-1.899209432303905487e-02
-1.480720192193984985e-01
-2.609787881374359131e-02
-1.023847699165344238e+00
6.492272764444351196e-02
-1.821444034576416016e-01
-3.132791724056005478e-03
1.171835660934448242e+00
-1.043090969324111938e-01
-2.761291861534118652e-01
9.216566570103168488e-03
1.937016695737838745e-01
1.714466691017150879e+00
-7.788943648338317871e-01
1.420291811227798462e-01
-5.054327845573425293e-01
4.749750494956970215e-01
-2.081360667943954468e-01
1.882432997226715088e-01
-8.347100019454956055e-02
5.888975262641906738e-01
-2.624344229698181152e-01
-4.842758774757385254e-01
1.793730817735195160e-02
7.101079225540161133e-01
5.565460305660963058e-03
3.918351605534553528e-02
-4.141891300678253174e-01
-2.435538470745086670e-01
1.084059715270996094e+00
1.761860698461532593e-01
4.808112084865570068e-01
2.223386988043785095e-02
5.135615468025207520e-01
5.623221769928932190e-02
-4.479543566703796387e-01
1.866037368774414062e+00
-7.454819679260253906e-01
7.278158664703369141e-01
7.001971006393432617e-01
1.228790283203125000e-01
-2.806575894355773926e-01
2.929762303829193115e-01
3.311017751693725586e-01
2.814058661460876465e-01
1.271219551563262939e-01
-1.230017319321632385e-01
3.365990221500396729e-01
9.224314242601394653e-03
-2.889587879180908203e-01
1.623665355145931244e-02
2.476356923580169678e-01
3.073146045207977295e-01
-4.200350642204284668e-01
1.999667882919311523e-01
4.079371392726898193e-01
-1.020096659660339355e+00
1.207150816917419434e-01
2.286013364791870117e-01
3.216355573385953903e-03
-7.735959440469741821e-02
-9.565458446741104126e-02
-1.802999079227447510e-01
-8.157072961330413818e-02
2.323673069477081299e-01
-6.889084726572036743e-02
3.692859411239624023e-01
2.219756692647933960e-01
1.303378958255052567e-02
-4.469717442989349365e-01
2.748236060142517090e-01
4.138432145118713379e-01
-1.423471271991729736e-01
-5.518062710762023926e-01
-4.989385604858398438e-02
-2.408854365348815918e-01
-3.932355716824531555e-02
3.858257532119750977e-01
-4.542538151144981384e-02
-1.662056893110275269e-02
5.663326978683471680e-01
-4.248369932174682617e-01
-2.551229484379291534e-02
-2.844503223896026611e-01
4.775648117065429688e-01
-1.112405657768249512e-01
2.023774757981300354e-02
5.054243803024291992e-01
1.282546222209930420e-01
-7.529044151306152344e-01
7.090393304824829102e-01
4.482050538063049316e-01
2.453648447990417480e-01
-7.772541642189025879e-01
1.442706882953643799e-01
-1.466595828533172607e-01
4.422931671142578125e-01
4.862829446792602539e-01
5.202279239892959595e-02
3.841038942337036133e-01
1.888227164745330811e-01
-2.208658028393983841e-03
-1.572236651554703712e-03
1.002427712082862854e-01
1.592317409813404083e-02
4.771363437175750732e-01
-1.330446749925613403e-01
-3.770127296447753906e-01
-3.342469036579132080e-02
1.734351158142089844e+00
-2.858529984951019287e-01
-1.422688066959381104e-01
8.175805211067199707e-02
4.335479140281677246e-01
2.478032559156417847e-01
-4.262108504772186279e-01
5.608624219894409180e-01
-8.769703507423400879e-01
7.530029416084289551e-01
5.712947249412536621e-01
-2.699514925479888916e-01
4.949501752853393555e-01
-5.361856818199157715e-01
8.695545792579650879e-02
6.672714948654174805e-01
-3.430641591548919678e-01
2.041688114404678345e-01
5.871493369340896606e-02
2.706402540206909180e-02
-6.248564720153808594e-01
1.205710053443908691e+00
5.809730291366577148e-01
7.730939239263534546e-02
-2.717033624649047852e-01
-1.222834885120391846e-01
-1.905645281076431274e-01
1.367585510015487671e-01
2.681723535060882568e-01
-6.633468717336654663e-02
-1.191952005028724670e-01
3.741255700588226318e-01
-3.869391083717346191e-01
4.358534812927246094e-01
-2.842078804969787598e-01
-4.075248539447784424e-01
7.478260993957519531e-01
-5.199208259582519531e-01
3.607121407985687256e-01
3.188287019729614258e-01
4.881583526730537415e-02
-1.221513655036687851e-02
-3.304756283760070801e-01
3.498404026031494141e-01
4.736624658107757568e-01
2.903451323509216309e-01
5.116191506385803223e-01
-5.221090912818908691e-01
1.229455247521400452e-01
3.481468558311462402e-01
-4.680492877960205078e-01
5.178500711917877197e-02
2.252356708049774170e-01
2.440979331731796265e-01
-3.745428100228309631e-02
-2.622503340244293213e-01
8.196804523468017578e-01
-1.542495369911193848e+00
6.103073358535766602e-01
2.509566545486450195e+00
2.964677810668945312e+00
-3.692094683647155762e-01
6.926556229591369629e-01
4.769849777221679688e-01
7.255144715309143066e-01
6.103152036666870117e-01
5.601565837860107422e-01
3.032147586345672607e-01
-3.765140771865844727e-01
-7.975842356681823730e-01
-1.718579769134521484e+00
-2.348462045192718506e-01
-3.632143139839172363e-02
-5.987737700343132019e-02
-2.687500119209289551e-01
-2.526986002922058105e-01
-4.668512195348739624e-02
4.488044604659080505e-02
-1.744142621755599976e-01
2.492415308952331543e-01
-6.668918132781982422e-01
1.293186247348785400e-01
-1.577169775962829590e+00
-5.224990248680114746e-01
7.042072713375091553e-03
1.167007088661193848e-01
-8.108946084976196289e-01
2.678078226745128632e-02
3.654706478118896484e-01
-1.664375662803649902e-01
-8.598100394010543823e-02
-1.024266600608825684e+00
-3.110469877719879150e-01
8.527867496013641357e-02
-5.945124626159667969e-01
-1.643685698509216309e-01
6.114024668931961060e-02
-1.078582480549812317e-01
2.509158849716186523e-01
1.017286162823438644e-02
7.493350189179182053e-03
2.879452705383300781e-01
-2.258477210998535156e-01
3.463485836982727051e-01
-8.795155882835388184e-01
1.099867597222328186e-01
-3.195992112159729004e-02
1.882620751857757568e-01
1.168490529060363770e+00
-6.513455510139465332e-02
1.113954838365316391e-02
7.348070144653320312e-01
-2.953794598579406738e-01
-1.265831738710403442e-01
-3.005300648510456085e-02
-8.036105632781982422e-01
1.772348433732986450e-01
-2.714427709579467773e-01
2.228605598211288452e-01
1.284733228385448456e-02
1.652679592370986938e-01
-5.145232677459716797e-01
-1.029980629682540894e-01
-1.056075468659400940e-01
7.504923343658447266e-01
2.739167213439941406e-02
1.138805598020553589e-01
1.662802249193191528e-01
2.309917807579040527e-01
-8.715175837278366089e-02
-2.220396995544433594e-01
-4.609079360961914062e-01
-2.502960562705993652e-01
5.679827928543090820e-02
-6.931085586547851562e-01
-4.083519577980041504e-01
4.432201758027076721e-02
-2.878409028053283691e-01
3.828445076942443848e-02
-1.076765805482864380e-01
-4.768208861351013184e-01
-5.741394311189651489e-02
-2.655019462108612061e-01
2.588892169296741486e-02
-9.821717441082000732e-02
1.077621951699256897e-01
9.048087149858474731e-02
-1.091453135013580322e-01
2.366895824670791626e-01
2.623061835765838623e-01
-6.399241834878921509e-02
3.773022294044494629e-01
-3.723577409982681274e-02
5.794361233711242676e-01
8.318975567817687988e-01
-8.238994516432285309e-03
-7.243940979242324829e-02
-2.461335659027099609e-01
1.718952804803848267e-01
5.538955330848693848e-02
8.236853033304214478e-02
-1.216733381152153015e-01
5.743997097015380859e-01
9.642257094383239746e-01
1.698165535926818848e-01
1.069900393486022949e-01
3.274482190608978271e-01
8.130638301372528076e-02
7.737528681755065918e-01
6.485682725906372070e-02
2.350633740425109863e-01
-9.874413907527923584e-02
1.606856882572174072e-01
8.126835227012634277e-01
6.091178059577941895e-01
3.631379306316375732e-01
-4.455921351909637451e-01
3.332228660583496094e-01
-4.461494460701942444e-02
-3.188562393188476562e-01
1.224023997783660889e-01
-6.702235341072082520e-01
5.669158101081848145e-01
-1.635091602802276611e-01
1.005524471402168274e-01
-1.864126175642013550e-01
1.039677113294601440e-02
3.617814183235168457e-01
-4.314155876636505127e-02
-2.403345890343189240e-02
3.427223563194274902e-01
8.445641398429870605e-02
-4.666714668273925781e-01
2.455240011215209961e+00
3.741071000695228577e-02
-1.032038703560829163e-01
5.817934274673461914e-01
-2.573981583118438721e-01
4.663633108139038086e-01
2.015627473592758179e-01
5.550029873847961426e-01
-5.035722255706787109e-02
-3.370636999607086182e-01
5.896288156509399414e-01
1.672448664903640747e-01
1.112315505743026733e-01
2.793229222297668457e-01
-1.848907172679901123e-01
-6.394989490509033203e-01
-4.106734097003936768e-01
-1.312105208635330200e-01
4.322482645511627197e-01
1.315205842256546021e-01
-4.748292267322540283e-01
6.471630334854125977e-01
7.326120138168334961e-02
5.122579261660575867e-02
-1.825600303709506989e-02
4.193748161196708679e-02
-3.729367852210998535e-01
-1.821340769529342651e-01
-8.884797804057598114e-03
1.670839488506317139e-01
-3.569627404212951660e-01
-2.553775906562805176e-01
-2.881026566028594971e-01
-2.632207572460174561e-01
2.969736456871032715e-01
9.492224454879760742e-01
-1.643071621656417847e-01
1.097559705376625061e-01
-1.284205913543701172e-01
8.576592057943344116e-02
-2.784748971462249756e-01
-5.491060018539428711e-01
-8.940454721450805664e-01
2.377119809389114380e-01
-2.426602989435195923e-01
3.783783018589019775e-01
1.661664694547653198e-01
6.337775588035583496e-01
-3.316371142864227295e-01
3.265188038349151611e-01
3.353051543235778809e-01
3.189348578453063965e-01
6.465077400207519531e-01
4.069471657276153564e-01
-7.861660718917846680e-01
3.808999061584472656e-01
6.149308085441589355e-01
-4.521419703960418701e-01
3.058608770370483398e-01
9.835862517356872559e-01
-4.412868916988372803e-01
1.811471432447433472e-01
1.451954096555709839e-01
-7.633173465728759766e-01
2.767543494701385498e-01
-2.494875788688659668e-01
-6.748126745223999023e-01
-2.828222215175628662e-01
3.049085438251495361e-01
3.973850980401039124e-02
-2.314904928207397461e-01
-3.405360281467437744e-01
-3.114624023437500000e-01
-4.340806901454925537e-01
6.971027255058288574e-01
2.991937100887298584e-01
-2.723574042320251465e-01
8.752117753028869629e-01
-3.196167349815368652e-01
-5.467355251312255859e-01
-3.568539321422576904e-01
-2.644943296909332275e-01
-1.006218194961547852e+00
4.273250102996826172e-01
-3.358539938926696777e-01
6.447885632514953613e-01
3.227407038211822510e-01
-1.008784651756286621e+00
-4.212836623191833496e-01
-2.866822183132171631e-01
1.708785593509674072e-01
4.524826705455780029e-01
4.906541407108306885e-01
3.861129581928253174e-01
-2.853987216949462891e-01
-2.460390329360961914e-01
1.671029686927795410e+00
-3.975241780281066895e-01
1.211918830871582031e+00
-2.180087715387344360e-01
-2.839134037494659424e-01
-1.704863309860229492e-01
-1.132144555449485779e-01
4.741644561290740967e-01
-3.139954507350921631e-01
1.966173946857452393e-01
1.182139813899993896e-01
-3.819665014743804932e-01
2.923001945018768311e-01
-8.360822498798370361e-02
4.816908836364746094e-01
2.650130391120910645e-01
3.679580688476562500e-01
2.562585771083831787e-01
8.886025100946426392e-02
7.459885478019714355e-01
3.389127850532531738e-01
-3.209953010082244873e-01
-1.162316203117370605e-01
2.135235518217086792e-01
-4.930173456668853760e-01
4.598421454429626465e-01
-4.491542279720306396e-01
-5.062944889068603516e-01
8.199625611305236816e-01
-5.226137042045593262e-01
-3.067974448204040527e-01
-6.841843128204345703e-01
3.204940855503082275e-01
4.806931316852569580e-02
-5.379207730293273926e-01
-7.918717265129089355e-01
-9.575515985488891602e-01
-4.375560283660888672e-01
6.226797699928283691e-01
-6.226327735930681229e-03
-4.540928900241851807e-01
2.503188252449035645e-01
-5.531842708587646484e-01
-3.230389654636383057e-01
7.876895070075988770e-01
-2.854818105697631836e-01
-4.082643389701843262e-01
2.222377657890319824e-01
-2.574400007724761963e-01
2.968628704547882080e-01
-4.530585184693336487e-02
4.276665300130844116e-02
-3.753515779972076416e-01
3.366433084011077881e-02
3.206072747707366943e-02
4.133972823619842529e-01
2.441165298223495483e-01
1.977311223745346069e-01
2.568624168634414673e-02
-4.869221746921539307e-01
-7.849018275737762451e-02
-2.097839713096618652e-01
-3.063325285911560059e-01
-3.952140808105468750e-01
1.012171525508165359e-02
-2.691517472267150879e-01
-9.847278594970703125e-01
3.295004740357398987e-02
-4.804295599460601807e-01
1.148057207465171814e-01
6.722880061715841293e-03
-2.982359230518341064e-01
-4.690171480178833008e-01
-2.010320425033569336e-01
2.988493144512176514e-01
4.386481642723083496e-01
6.705164313316345215e-01
3.885080516338348389e-01
-1.639704108238220215e-01
-8.548729866743087769e-02
4.478217065334320068e-01
-2.125638127326965332e-01
3.018644154071807861e-01
5.554436445236206055e-01
2.188212871551513672e-01
3.898777067661285400e-01
1.007250249385833740e-01
-2.136980146169662476e-01
2.624255418777465820e-01
-1.798669062554836273e-02
-2.424620650708675385e-02
3.656106889247894287e-01
2.467103302478790283e-01
1.047865971922874451e-01
-1.286889016628265381e-01
-2.697722613811492920e-01
-7.419413328170776367e-01
-1.497172564268112183e-01
6.305916905403137207e-01
4.310567677021026611e-01
-6.987276673316955566e-01
4.771323800086975098e-01
-1.826612949371337891e+00
-3.995327278971672058e-04
2.713397145271301270e-01
-1.901177316904067993e-01
-1.814937144517898560e-01
-1.199453324079513550e-02
-1.727800965309143066e-01
5.781689658761024475e-02
6.382969617843627930e-01
3.067538738250732422e-01
3.508546948432922363e-02
-2.906026840209960938e-01
2.176298052072525024e-01
-5.631677806377410889e-02
2.552140951156616211e-01
-6.656575202941894531e-02
-4.487702250480651855e-01
-1.254127144813537598e+00
1.730956137180328369e-01
-4.128127992153167725e-01
2.529267072677612305e-01
5.798546075820922852e-01
-4.625562131404876709e-01
4.935885667800903320e-01
1.979671001434326172e+00
-7.860857844352722168e-01
5.256845951080322266e-01
-5.201963782310485840e-01
-9.969551861286163330e-02
-4.749184846878051758e-02
5.707206726074218750e-01
1.698216795921325684e-01
-3.535990417003631592e-01
-4.912689328193664551e-01
-7.157956957817077637e-01
-5.299559235572814941e-01
-4.914277233183383942e-03
-3.448803722858428955e-01
-6.516479253768920898e-01
2.600699365139007568e-01
-5.825224146246910095e-02
-3.528064116835594177e-02
8.170353770256042480e-01
6.354933977127075195e-01
3.557985275983810425e-02
3.520387411117553711e-02
-1.433321386575698853e-01
-2.219112217426300049e-01
2.315313369035720825e-02
3.070172667503356934e-01
-7.230746150016784668e-01
1.655673682689666748e-01
7.394033074378967285e-01
-8.052816241979598999e-02
-1.920349597930908203e-01
2.302482537925243378e-02
1.746044754981994629e-01
3.739930391311645508e-01
-2.555969059467315674e-01
-6.660622358322143555e-02
6.893612742424011230e-01
-2.829032838344573975e-01
2.632349729537963867e-01
3.156083822250366211e-01
4.308800399303436279e-01
-8.945026248693466187e-02
-4.526330530643463135e-02
4.279890954494476318e-01
-1.388606429100036621e-01
5.603035688400268555e-01
-2.316832728683948517e-02
7.353812456130981445e-01
5.428240895271301270e-01
-6.063958406448364258e-01
2.033177018165588379e-01
2.078536897897720337e-01
-3.790960609912872314e-01
2.439130991697311401e-01
-8.691926002502441406e-01
7.528576999902725220e-02
1.774384081363677979e-02
5.734747052192687988e-01
2.122802287340164185e-01
-1.420623213052749634e-01
4.965249598026275635e-01
-1.343394279479980469e+00
-2.514898180961608887e-01
-6.089393049478530884e-02
-3.919603824615478516e-01
3.768922686576843262e-01
-1.288499031215906143e-02
1.496035605669021606e-01
1.918008476495742798e-01
-2.391365543007850647e-02
1.136795133352279663e-01
2.287536412477493286e-01
1.026126816868782043e-01
-1.255353540182113647e-01
-1.739714294672012329e-02
-6.527256369590759277e-01
-4.598678275942802429e-02
5.215473175048828125e-01
-8.568989634513854980e-01
3.313113749027252197e-01
4.648219048976898193e-01
-1.722438931465148926e-01
3.081479370594024658e-01
-1.091673150658607483e-01
-5.270362645387649536e-02
6.390886306762695312e-01
-8.587615936994552612e-02
-1.139261946082115173e-01
-1.521918829530477524e-02
2.302085757255554199e-01
-6.178178265690803528e-02
3.989599049091339111e-01
1.486126780509948730e-01
8.847563266754150391e-01
-1.366424560546875000e-02
1.375465542078018188e-01
1.028490215539932251e-01
5.642181634902954102e-01
2.156248092651367188e-01
2.278111726045608521e-01
4.070354700088500977e-01
-1.609675139188766479e-01
-4.291181862354278564e-01
1.378954499959945679e-01
-5.549263954162597656e-01
3.933765888214111328e-01
1.943287104368209839e-01
-1.057224124670028687e-01
-6.179683208465576172e-01
-7.351268082857131958e-03
2.251205146312713623e-01
9.921135753393173218e-02
5.372744798660278320e-02
1.892981052398681641e+00
-3.145465850830078125e-01
-9.526981711387634277e-01
-5.037705302238464355e-01
-4.073463678359985352e-01
1.439983695745468140e-01
-9.763474017381668091e-02
-5.693667382001876831e-02
-4.139130711555480957e-01
-2.112773656845092773e-01
1.251140385866165161e-01
2.207220643758773804e-01
-1.963758319616317749e-01
1.975624859333038330e-01
-1.795027405023574829e-01
1.604303903877735138e-02
1.027379930019378662e-01
2.625960111618041992e-01
-2.251436710357666016e-01
9.645272046327590942e-02
6.983225941658020020e-01
1.280030310153961182e-01
-5.264174938201904297e-01
1.008718013763427734e-01
-4.206538945436477661e-02
-6.483367178589105606e-03
3.015554249286651611e-01
-6.094675883650779724e-02
-3.381865099072456360e-02
-5.930410623550415039e-01
4.659454226493835449e-01
-2.060429453849792480e-01
-1.748897284269332886e-01
-2.656062543392181396e-01
4.561441242694854736e-01
1.804761409759521484e+00
-2.485502064228057861e-01
7.167156040668487549e-02
3.233003616333007812e-01
-9.776064008474349976e-02
-1.241975307464599609e+00
-1.067857220768928528e-01
-3.863349556922912598e-01
-4.286202192306518555e-01
-1.163557767868041992e-01
1.162584051489830017e-01
-3.826319575309753418e-01
-9.301271438598632812e-01
-3.101018667221069336e-01
1.383960396051406860e-01
-4.672752320766448975e-01
6.310541033744812012e-01
-1.170413851737976074e+00
5.022440552711486816e-01
-1.302002668380737305e-01
-2.657306492328643799e-01
7.220295667648315430e-01
-2.932745516300201416e-01
-7.404874563217163086e-01
7.618321180343627930e-01
1.441365927457809448e-01
3.216461241245269775e-01
-2.377841919660568237e-01
2.574254013597965240e-02
-1.413275599479675293e-01
-8.677215874195098877e-02
1.829614788293838501e-01
5.506322383880615234e-01
9.348521381616592407e-02
-1.910817921161651611e-01
1.930004358291625977e-01
-9.861277937889099121e-01
3.651987910270690918e-01
-5.151183605194091797e-01
3.116920888423919678e-01
6.875101923942565918e-01
-6.216962337493896484e-01
2.261101007461547852e-01
3.229390382766723633e-01
-7.727007269859313965e-01
-1.916365027427673340e-01
-7.101706266403198242e-01
-2.604820430278778076e-01
-2.561717033386230469e-01
-1.880990564823150635e-01
-5.415306687355041504e-01
4.856764972209930420e-01
3.551226854324340820e-02
-5.510312318801879883e-01
1.252348572015762329e-01
4.409848153591156006e-02
4.272294044494628906e-01
-3.061484396457672119e-01
-1.300226002931594849e-01
-1.124844029545783997e-01
2.001816749572753906e+00
3.874387145042419434e-01
2.198613733053207397e-01
1.004091426730155945e-01
2.210408747196197510e-01
-2.769750654697418213e-01
-4.974619746208190918e-01
-3.015184104442596436e-01
1.953921653330326080e-02
-1.065439701080322266e+00
-1.527732759714126587e-01
5.101675167679786682e-02
1.030152961611747742e-01
1.743373990058898926e+00
-6.318005174398422241e-02
-2.375409007072448730e-01
-5.833663940429687500e-01
3.469969034194946289e-01
3.029110729694366455e-01
1.043152585625648499e-01
1.033344984054565430e+00
-2.766524255275726318e-01
-1.612328737974166870e-01
-3.346129134297370911e-02
-1.685201227664947510e-01
-1.468205545097589493e-02
-4.161238670349121094e-01
-1.437822103500366211e+00
4.607532322406768799e-01
-1.561978310346603394e-01
3.075799159705638885e-02
5.658667087554931641e-01
7.308200597763061523e-01
6.060536578297615051e-02
-3.259300887584686279e-01
1.968678981065750122e-01
-5.430774688720703125e-01
6.310321092605590820e-01
-3.232955038547515869e-01
4.669242799282073975e-01
3.031580150127410889e-01
-2.862510383129119873e-01
2.813976705074310303e-01
4.952507019042968750e-01
-4.501789510250091553e-01
-1.720824390649795532e-01
-4.387482404708862305e-01
-1.015883125364780426e-02
1.142780035734176636e-01
9.426499158143997192e-02
-8.042467236518859863e-01
2.116308659315109253e-01
-4.349594470113515854e-03
2.627220451831817627e-01
-1.145151183009147644e-01
4.311039447784423828e-01
2.577041685581207275e-01
3.201279789209365845e-02
-5.118421912193298340e-01
3.181396126747131348e-01
-2.632915019989013672e+00
1.799003966152667999e-02
1.279648542404174805e-01
3.554575145244598389e-01
-2.792249917984008789e-01
3.424100577831268311e-01
-4.364456236362457275e-02
-7.087646126747131348e-01
3.017993867397308350e-01
-1.515955328941345215e-01
-1.078878045082092285e-01
4.121271967887878418e-01
2.245153337717056274e-01
9.351512789726257324e-02
1.773549914360046387e-01
3.905769586563110352e-01
-7.244523763656616211e-01
5.401080846786499023e-01
-7.114968728274106979e-03
3.314466178417205811e-01
-2.429433584213256836e+00
-3.870482444763183594e-01
5.078399181365966797e-01
3.225652873516082764e-01
-1.995553225278854370e-01
1.017269253730773926e+00
-3.673290908336639404e-01
4.788546562194824219e-01
-4.810089766979217529e-01
1.550996184349060059e+00
1.218653544783592224e-01
-1.596557796001434326e-01
-3.005753457546234131e-02
-8.593255281448364258e-01
-1.443744301795959473e-01
-3.205949366092681885e-01
2.382248453795909882e-02
-2.821049988269805908e-01
1.532501876354217529e-01
-3.112832605838775635e-01
-4.215615391731262207e-01
-2.375214919447898865e-02
-1.374150216579437256e-01
-3.497162461280822754e-01
4.800731539726257324e-01
3.372313082218170166e-02
-2.001508474349975586e-01
-7.554754614830017090e-01
-5.770514905452728271e-02
-9.470894187688827515e-02
-2.388967424631118774e-01
2.756890356540679932e-01
2.680487930774688721e-01
8.034641146659851074e-01
1.458619683980941772e-01
6.155843138694763184e-01
-9.831274747848510742e-01
2.897479534149169922e-01
-2.983330786228179932e-01
2.635669708251953125e-02
5.714983940124511719e-01
-6.662467122077941895e-01
7.226702570915222168e-01
2.424789816141128540e-01
-3.023878335952758789e-01
4.967743530869483948e-02
-2.892459928989410400e-01
3.398224413394927979e-01
-1.417038738727569580e-01
1.096035957336425781e+00
-1.279118359088897705e-01
-1.212304458022117615e-01
1.049135625362396240e-01
1.655622422695159912e-01
-7.860528826713562012e-01
1.737507879734039307e-01
-3.439879417419433594e-01
8.400122821331024170e-02
2.019171714782714844e-01
2.304457128047943115e-01
-4.785938933491706848e-02
-4.284305572509765625e-01
-4.035335779190063477e-01
1.840749680995941162e-01
-1.081073954701423645e-01
-1.910927891731262207e-01
1.124002695083618164e+00
-9.884827136993408203e-01
-4.156829416751861572e-01
4.699551463127136230e-01
2.198009751737117767e-02
2.110012173652648926e-01
9.577942490577697754e-01
-3.883367478847503662e-01
-2.800682000815868378e-02
2.045269310474395752e-01
-1.368751078844070435e-01
1.602242290973663330e-01
-1.113043129444122314e-01
8.447651565074920654e-02
-1.284688860177993774e-01
-2.127377837896347046e-01
3.833661079406738281e-01
4.192132949829101562e-01
-3.884018585085868835e-02
-2.151715308427810669e-01
-2.535844221711158752e-02
-4.232228100299835205e-01
3.690674155950546265e-02
-3.184547424316406250e-01
-5.124550461769104004e-01
1.184664011001586914e+00
6.428695470094680786e-02
-2.144390493631362915e-01
-9.927494078874588013e-02
9.237341582775115967e-02
3.024967610836029053e-01
-1.864210218191146851e-01
4.915918409824371338e-02
5.102162361145019531e-01
7.296271920204162598e-01
1.299810707569122314e-01
2.267149686813354492e-01
1.262005269527435303e-01
1.577296257019042969e-01
-4.020378738641738892e-02
-1.322255730628967285e+00
-2.671025991439819336e-01
3.413557112216949463e-01
-1.553817186504602432e-02
3.992734476923942566e-02
1.561592668294906616e-01
3.120118975639343262e-01
3.006564378738403320e-01
3.126138448715209961e-01
1.020103335380554199e+00
-4.796500802040100098e-01
5.564365163445472717e-02
-1.989625543355941772e-01
4.522322118282318115e-01
3.879074752330780029e-01
-4.189499914646148682e-01
8.573502302169799805e-01
5.177650451660156250e-01
-3.978925943374633789e-01
4.757662490010261536e-02
-6.010321900248527527e-02
6.221721321344375610e-02
1.680472791194915771e-01
-4.584554135799407959e-01
-5.389803647994995117e-01
2.200481891632080078e-01
4.327588900923728943e-02
-2.294131740927696228e-02
3.195790946483612061e-01
4.685238599777221680e-01
2.533930540084838867e-01
-1.190074831247329712e-01
-2.173502147197723389e-01
2.074081897735595703e-01
5.542849302291870117e-01
2.750113606452941895e-01
-3.276830017566680908e-01
-9.011316299438476562e-02
-2.795548737049102783e-02
6.752211600542068481e-02
4.692344963550567627e-01
-1.497034728527069092e-01
2.923509478569030762e-01
-2.149879634380340576e-01
3.264416754245758057e-02
3.137222230434417725e-01
3.832685053348541260e-01
2.547771930694580078e-01
-4.973344970494508743e-03
1.513709127902984619e-01
-7.694810032844543457e-01
6.425172090530395508e-01
-6.834844499826431274e-02
2.628065347671508789e-01
6.255661845207214355e-01
-9.636142253875732422e-01
1.879130303859710693e-01
6.291015148162841797e-01
-6.897030472755432129e-01
-1.161153465509414673e-01
-4.382316470146179199e-01
-7.437877357006072998e-02
-1.021133288741111755e-01
7.365957647562026978e-02
4.976234585046768188e-02
4.798291996121406555e-02
3.573694825172424316e-01
-1.771288365125656128e-01
3.046234548091888428e-01
1.200723275542259216e-01
-1.911816745996475220e-01
5.840409398078918457e-01
2.076032310724258423e-01
-6.534126400947570801e-02
-2.965888679027557373e-01
3.652348220348358154e-01
-2.480769716203212738e-02
2.928109765052795410e-01
1.491992920637130737e-01
4.161438941955566406e-01
1.886059790849685669e-01
-1.967640407383441925e-02
-1.584051847457885742e+00
-3.488361369818449020e-03
-2.099721282720565796e-01
3.658511340618133545e-01
4.364284276962280273e-01
-1.630262099206447601e-02
-1.431531831622123718e-02
8.847934007644653320e-02
1.964007318019866943e-01
1.542500108480453491e-01
-1.177909821271896362e-01
1.209203153848648071e-01
-6.767639517784118652e-01
3.646353185176849365e-01
-1.148345351219177246e+00
-5.782414078712463379e-01
3.420904278755187988e-01
4.001031517982482910e-01
1.827070415019989014e-01
3.486062586307525635e-01
2.021327801048755646e-02
2.817773222923278809e-01
-2.660924792289733887e-01
-1.827441304922103882e-01
2.819661498069763184e-01
-2.078422904014587402e-01
-9.483285993337631226e-02
4.848801195621490479e-01
-7.608979940414428711e-01
2.866938114166259766e-01
1.200035572052001953e+00
-4.246550202369689941e-01
-3.089880049228668213e-01
-7.849074155092239380e-02
4.338436201214790344e-02
1.205241978168487549e-01
1.671045124530792236e-01
5.243770480155944824e-01
-6.668714433908462524e-02
6.915047019720077515e-02
5.677944421768188477e-01
3.479249775409698486e-01
-1.389779597520828247e-01
9.169909358024597168e-02
4.925300180912017822e-01
-8.254907280206680298e-02
2.293748259544372559e-01
1.573385834693908691e+00
-1.598320960998535156e+00
1.858122795820236206e-01
2.379579246044158936e-01
-2.593364715576171875e-01
-4.562065899372100830e-01
4.926842078566551208e-02
-9.130410850048065186e-02
2.588593959808349609e-01
5.279940962791442871e-01
4.067327380180358887e-01
1.142257153987884521e-01
1.413914859294891357e-01
2.058786153793334961e+00
-2.566967010498046875e-01
1.485002934932708740e-01
2.364094853401184082e-01
-2.254664450883865356e-01
9.422373026609420776e-02
-4.344149231910705566e-01
1.326730549335479736e-01
9.436991214752197266e-01
-5.121470689773559570e-01
2.181271463632583618e-02
3.328897953033447266e-01
4.505499303340911865e-01
1.734850853681564331e-01
3.822259604930877686e-01
2.042105942964553833e-01
-3.498672246932983398e-01
-5.570173859596252441e-01
3.820929527282714844e-01
-2.629673779010772705e-01
-3.272281587123870850e-01
-4.973698556423187256e-01
-2.052828371524810791e-01
-7.991088926792144775e-02
9.618881344795227051e-02
1.899576336145401001e-01
-9.596633911132812500e-02
-6.557870507240295410e-01
-2.403979778289794922e+00
6.433732341974973679e-03
-8.464937210083007812e-01
1.504895985126495361e-01
-2.532272338867187500e-01
2.871375344693660736e-02
4.492040351033210754e-02
-3.015417456626892090e-01
-3.010960482060909271e-02
2.469430863857269287e-02
6.606408953666687012e-01
-5.045408010482788086e-01
-5.376176908612251282e-02
-1.636269092559814453e-01
5.989003181457519531e-02
1.398322880268096924e-01
-7.841602712869644165e-02
3.103009462356567383e-01
-2.485956549644470215e-01
1.833051145076751709e-01
5.233892798423767090e-01
1.340887993574142456e-01
1.511103153228759766e+00
-2.194859832525253296e-01
1.101293116807937622e-01
-5.965807288885116577e-02
5.741080641746520996e-01
-3.329790234565734863e-01
3.489046990871429443e-01
-1.361678391695022583e-01
2.490605264902114868e-01
-5.688124299049377441e-01
1.399173498153686523e+00
2.185371369123458862e-01
4.711875617504119873e-01
-3.877422213554382324e-01
-3.878448903560638428e-02
2.523769438266754150e-01
-3.465573489665985107e-01
7.413693070411682129e-01
5.961762070655822754e-01
-2.365287989377975464e-01
-6.211983412504196167e-02
-1.791768074035644531e-01
-5.232654139399528503e-02
2.087640017271041870e-01
-1.627897918224334717e-01
4.839607775211334229e-01
3.725436627864837646e-01
8.463606983423233032e-02
-1.067702248692512512e-01
-6.334762573242187500e-01
-1.418329309672117233e-02
-1.173561960458755493e-01
1.872780919075012207e-01
9.408288449048995972e-02
-4.152557253837585449e-01
-9.652622789144515991e-02
-8.953893929719924927e-02
-4.138365983963012695e-01
9.223108887672424316e-01
-3.901237249374389648e-01
-3.571149706840515137e-01
2.019337117671966553e-01
4.460271596908569336e-01
-1.374723017215728760e-01
3.347733020782470703e-01
-5.424242839217185974e-02
3.873105347156524658e-02
-4.413810074329376221e-01
-2.194383889436721802e-01
1.877572946250438690e-02
-1.012144088745117188e-01
4.012827873229980469e-01
4.158993065357208252e-01
-8.054493367671966553e-02
-3.470865488052368164e-01
-8.249255269765853882e-02
-1.541069149971008301e-01
-3.087514638900756836e-01
7.685292363166809082e-01
-3.662659600377082825e-02
3.415278345346450806e-02
5.000373721122741699e-01
1.919437646865844727e-01
1.658568531274795532e-01
4.450813233852386475e-01
-1.242531612515449524e-01
-7.718413323163986206e-02
-4.329297244548797607e-01
5.243270397186279297e-01
-3.956199064850807190e-02
1.860098838806152344e-01
-1.664915382862091064e-01
-6.302473545074462891e-01
-1.170867774635553360e-02
-9.312931448221206665e-02
-3.993568941950798035e-02
3.146137669682502747e-02
-4.021565020084381104e-01
-2.140221595764160156e-01
-9.221631102263927460e-03
1.711317300796508789e-01
7.946010828018188477e-01
1.208809390664100647e-02
1.204529404640197754e-01
1.668156124651432037e-02
-1.405763626098632812e-01
-2.023930475115776062e-02
1.202895864844322205e-02
3.238809481263160706e-02
-8.192812092602252960e-03
-2.102538757026195526e-02
-5.959224700927734375e-01
-3.791415393352508545e-01
-1.018955558538436890e-01
-3.458685278892517090e-01
1.241050101816654205e-02
-1.290782243013381958e-01
-6.668458580970764160e-01
1.280791044235229492e+00
-3.601562380790710449e-01
-3.158089816570281982e-01
4.096162021160125732e-01
1.671249866485595703e-01
5.541018396615982056e-02
-1.003020331263542175e-01
7.583168335258960724e-03
-1.578192114830017090e-01
-2.033734619617462158e-01
-1.195555329322814941e-01
2.094279229640960693e-01
-5.214944481849670410e-02
-2.274223603308200836e-02
-1.089629158377647400e-02
-1.695291399955749512e-01
-5.532416701316833496e-01
9.709733724594116211e-02
-3.387945592403411865e-01
-1.001820445060729980e+00
9.001228809356689453e-01
-1.665711104869842529e-01
-1.498620510101318359e+00
5.842623114585876465e-01
2.105885893106460571e-01
1.423322409391403198e-01
1.995451748371124268e-01
-6.200721114873886108e-02
-3.878984451293945312e-01
-1.681242585182189941e-01
8.058960735797882080e-02
-9.692938625812530518e-02
-1.466802954673767090e-01
2.502210810780525208e-02
3.004109263420104980e-01
3.034117817878723145e-01
-9.246028661727905273e-01
-1.378247886896133423e-01
1.142407134175300598e-01
-7.434275150299072266e-01
3.980791568756103516e-01
-1.296326816082000732e-01
-1.674107909202575684e-01
6.603093147277832031e-01
7.684364914894104004e-02
-1.549208164215087891e-01
3.369051516056060791e-01
9.505218267440795898e-02
-7.756316661834716797e-02
-1.989780962467193604e-01
2.118983119726181030e-02
2.657775878906250000e-01
3.791012167930603027e-01
8.535345792770385742e-01
6.102316975593566895e-01
-5.086407065391540527e-01
1.018341407179832458e-01
-2.033627592027187347e-02
1.137017905712127686e-01
-2.899220287799835205e-01
-2.819051966071128845e-02
3.825626373291015625e-01
3.556768968701362610e-02
-1.277929395437240601e-01
9.165579825639724731e-02
1.345404088497161865e-01
1.346396058797836304e-01
4.884837567806243896e-01
-1.266761720180511475e-01
1.443712413311004639e-02
-1.678753644227981567e-01
2.116712927818298340e-02
-5.279275774955749512e-01
-9.326830506324768066e-03
-5.535196661949157715e-01
4.676207005977630615e-01
8.542414903640747070e-01
-1.737349629402160645e-01
3.513110876083374023e-01
5.185527205467224121e-01
-8.498983979225158691e-01
2.710677981376647949e-01
8.671171069145202637e-01
-4.837272763252258301e-01
-4.091343879699707031e-01
-3.346770703792572021e-01
1.237404793500900269e-01
-1.684299260377883911e-01
2.112056314945220947e-01
4.759618341922760010e-01
2.871904969215393066e-01
-1.385977864265441895e-01
-3.552996814250946045e-01
1.701567173004150391e+00
-3.223381638526916504e-01
-7.333217561244964600e-02
1.152500975877046585e-03
-7.792065143585205078e-01
4.113007783889770508e-01
2.813481390476226807e-01
-1.122322827577590942e-01
5.070660710334777832e-01
6.656471639871597290e-02
-6.195834279060363770e-01
-1.989511549472808838e-01
-1.453587710857391357e-01
-1.101099014282226562e+00
4.996500015258789062e-01
1.721536368131637573e-01
2.703412473201751709e-01
-3.980195522308349609e-02
6.154153347015380859e-01
-2.288317233324050903e-01
4.669072628021240234e-01
1.798368394374847412e-01
-2.065169066190719604e-01
2.953832745552062988e-01
-1.152991876006126404e-01
3.307349681854248047e-01
6.133727431297302246e-01
8.504693508148193359e-01
4.300828874111175537e-01
1.125651150941848755e-01
-1.681386083364486694e-01
-2.485436350107192993e-01
3.455603122711181641e-02
-7.850195765495300293e-01
3.429088592529296875e-01
7.536008954048156738e-01
3.481777906417846680e-01
-2.873752117156982422e-01
1.070421114563941956e-01
-4.833007752895355225e-01
5.474554896354675293e-01
8.869957178831100464e-02
2.270821332931518555e-01
2.703374326229095459e-01
-4.907132685184478760e-01
4.270565807819366455e-01
2.370525896549224854e-01
-3.115900158882141113e-01
5.343579053878784180e-01
-1.784622311592102051e+00
-1.372673511505126953e-01
-4.637349843978881836e-01
2.868089675903320312e-01
-7.816969752311706543e-01
2.898707091808319092e-01
-1.311999857425689697e-01
3.989924192428588867e-01
-7.334187030792236328e-01
5.326837301254272461e-01
4.536593258380889893e-01
3.129609674215316772e-02
4.313601553440093994e-01
6.317896842956542969e-01
-7.835402488708496094e-01
3.605118989944458008e-01
-1.913593560457229614e-01
-9.160879850387573242e-01
4.575618803501129150e-01
-2.019232064485549927e-01
2.065385878086090088e-01
-1.033236756920814514e-01
6.539309024810791016e-02
-2.375532090663909912e-01
5.930167436599731445e-01
5.789125571027398109e-04
-1.642285734415054321e-01
-3.526361286640167236e-01
-5.044749006628990173e-02
-1.608096659183502197e-01
-3.501014709472656250e-01
-3.709384202957153320e-01
-4.597066715359687805e-02
-5.598583724349737167e-03
9.175213426351547241e-02
3.036064505577087402e-01
-2.953242324292659760e-02
-2.481539994478225708e-01
5.662858486175537109e-02
-4.051781445741653442e-02
-1.614815473556518555e+00
6.499947607517242432e-02
2.553178369998931885e-01
-6.565503031015396118e-02
-1.759729862213134766e+00
-1.974378079175949097e-01
4.029083549976348877e-01
-1.275171339511871338e-01
-8.039884269237518311e-03
-1.346630007028579712e-01
6.063343286514282227e-01
3.974312841892242432e-01
5.335564613342285156e-01
-5.703673958778381348e-01
7.909903675317764282e-02
7.490612566471099854e-02
2.604332864284515381e-01
-2.733407020568847656e-01
-1.231020167469978333e-01
-3.935568332672119141e-01
-1.492390185594558716e-01
3.720399690791964531e-03
-2.213190793991088867e-01
-1.757117686793208122e-03
3.358124494552612305e-01
6.447470933198928833e-02
3.829687237739562988e-01
1.480880542658269405e-03
-7.094473391771316528e-02
-3.673819899559020996e-01
6.213291883468627930e-01
-3.929223120212554932e-01
-3.740265369415283203e-01
-4.460427463054656982e-01
-5.485862493515014648e-01
1.215091198682785034e-01
-3.317508995532989502e-01
2.983709573745727539e-01
-2.791801095008850098e-01
-6.814507395029067993e-02
2.704897224903106689e-01
4.770460724830627441e-01
3.230495452880859375e-01
1.844214349985122681e-01
-3.064778745174407959e-01
1.554697602987289429e-01
-2.375425547361373901e-01
3.058281540870666504e-01
-3.145647644996643066e-01
-1.574619263410568237e-01
2.727328799664974213e-02
-2.047972679138183594e-01
-8.429233431816101074e-01
5.344177484512329102e-01
5.775419250130653381e-02
2.825780510902404785e-01
-1.077994331717491150e-01
7.163020372390747070e-01
5.562847256660461426e-01
5.043159127235412598e-01
5.906159877777099609e-01
4.048716723918914795e-01
7.846328616142272949e-01
-1.219679340720176697e-01
-3.479280173778533936e-01
-3.610500693321228027e-01
-3.933358192443847656e-01
-3.858009576797485352e-01
3.216305673122406006e-01
1.078329905867576599e-01
-9.147905111312866211e-01
-1.945707052946090698e-01
-5.346895456314086914e-01
4.832690954208374023e-01
1.095382198691368103e-01
-8.162733167409896851e-02
6.720865368843078613e-01
2.077528387308120728e-01
2.030017226934432983e-01
3.036199836060404778e-03
9.448305517435073853e-02
3.334625437855720520e-02
7.717373222112655640e-02
4.743509292602539062e-01
1.040528938174247742e-01
2.517206072807312012e-01
-1.518693286925554276e-02
1.084308847784996033e-01
2.808469720184803009e-02
-2.130389511585235596e-01
1.763234257698059082e+00
-2.782903313636779785e-01
-3.817374110221862793e-01
7.321415543556213379e-01
-2.006969153881072998e-01
1.482550948858261108e-01
-5.490175634622573853e-02
2.535271048545837402e-01
1.924156695604324341e-01
2.469923347234725952e-01
3.365693390369415283e-01
3.557312786579132080e-01
1.974820047616958618e-01
-2.332273125648498535e-01
5.040715634822845459e-02
-2.896801829338073730e-01
-3.825444355607032776e-02
-1.693874411284923553e-02
1.949586421251296997e-01
6.594845652580261230e-01
3.364600837230682373e-01
-3.360788822174072266e-01
-2.874560058116912842e-01
-1.836016774177551270e-01
-3.175908625125885010e-01
-2.531867325305938721e-01
-4.754199385643005371e-01
1.072882935404777527e-01
-1.932155936956405640e-01
-1.119958534836769104e-01
1.451572682708501816e-02
2.116321474313735962e-01
4.190659224987030029e-01
2.784021496772766113e-01
-8.348728418350219727e-01
1.157230883836746216e-01
1.345296576619148254e-02
3.937340974807739258e-01
-1.358168870210647583e-01
2.538760900497436523e-01
3.311953246593475342e-01
2.004886269569396973e-01
2.428150326013565063e-01
-4.266830086708068848e-01
-4.525177180767059326e-01
5.554821714758872986e-02
-4.010892510414123535e-01
-3.913254737854003906e-01
-2.288461029529571533e-01
-3.353702425956726074e-01
-3.744172304868698120e-02
-5.232597589492797852e-01
-1.126174181699752808e-01
1.705735325813293457e-01
-1.253864616155624390e-01
1.806276291608810425e-01
1.505207121372222900e-01
1.562871038913726807e-01
1.489756535738706589e-02
-1.958337873220443726e-01
1.030805945396423340e+00
-2.320785671472549438e-01
9.617824852466583252e-02
-5.792436599731445312e-01
2.103661745786666870e-02
-2.867497801780700684e-01
-1.776423752307891846e-01
-4.353527724742889404e-01
-1.365236788988113403e-01
2.855376005172729492e-01
-3.577105402946472168e-01
-3.173004984855651855e-01
-8.178863674402236938e-02
-9.927027858793735504e-03
9.381768703460693359e-01
3.621272742748260498e-01
4.471682906150817871e-01
1.621442437171936035e-01
4.186325967311859131e-01
8.009156584739685059e-02
5.684856772422790527e-01
7.080453634262084961e-01
-6.589195132255554199e-02
-1.521506998687982559e-02
3.040558993816375732e-01
4.918560385704040527e-01
-4.087380170822143555e-01
2.985889837145805359e-02
-1.802283376455307007e-01
-1.757682263851165771e-01
1.159991398453712463e-01
-5.986449718475341797e-01
-4.546421170234680176e-01
-2.017343044281005859e-01
7.846078872680664062e-01
-2.702486217021942139e-01
-1.200293079018592834e-01
-4.249462485313415527e-01
-1.517630764283239841e-03
1.323693543672561646e-01
-3.757700622081756592e-01
1.913982070982456207e-02
1.718530058860778809e-01
4.997047483921051025e-01
-2.136445045471191406e-02
-2.432194650173187256e-01
5.427793040871620178e-02
-1.865668967366218567e-02
-1.097441077232360840e+00
6.842680275440216064e-02
-3.038258552551269531e-01
-4.007227346301078796e-02
1.282717138528823853e-01
2.858138978481292725e-01
6.004298850893974304e-02
2.009090483188629150e-01
-1.212302446365356445e-01
-3.722358345985412598e-01
1.572119146585464478e-01
1.269815713167190552e-01
-1.169820666313171387e+00
-2.826812267303466797e-01
1.932725124061107635e-02
-2.391094267368316650e-01
-2.157212495803833008e-01
4.678614437580108643e-02
3.213288784027099609e-01
7.273369282484054565e-02
-1.334781348705291748e-01
-6.763294935226440430e-01
-2.044973820447921753e-01
-7.307627797126770020e-02
5.813046693801879883e-01
4.925552010536193848e-01
-8.069847524166107178e-02
3.735729157924652100e-01
-8.468741923570632935e-02
1.356936097145080566e-01
3.845427632331848145e-01
1.976346820592880249e-01
-9.363114088773727417e-02
-1.043900698423385620e-01
-2.233787775039672852e-01
2.341581284999847412e-01
3.261470198631286621e-01
3.429396152496337891e-01
-1.167228259146213531e-02
-4.347014427185058594e-02
2.937845289707183838e-01
-3.202429786324501038e-02
1.174727305769920349e-01
2.600271403789520264e-01
-1.983417570590972900e-01
2.062541246414184570e-01
3.406316339969635010e-01
-7.826502919197082520e-01
-7.112730145454406738e-01
-1.525067985057830811e-01
3.173347115516662598e-01
2.731191515922546387e-01
3.206567764282226562e-01
3.813999593257904053e-01
2.644702494144439697e-01
-6.838522553443908691e-01
-6.771445274353027344e-02
-1.855827420949935913e-01
-1.222345083951950073e-01
-1.777728497982025146e-01
-3.392628431320190430e-01
-6.063310503959655762e-01
-3.791164457798004150e-01
-5.678460597991943359e-01
-3.778535127639770508e-01
1.442185938358306885e-01
4.417185485363006592e-01
1.171465888619422913e-01
4.522752165794372559e-01
1.616657078266143799e-01
-1.856997907161712646e-01
-1.759168803691864014e-01
-9.134510904550552368e-02
-1.794555410742759705e-02
-5.832204818725585938e-01
2.217839807271957397e-01
-1.710843741893768311e-01
2.182116657495498657e-01
1.850737333297729492e-01
7.133607864379882812e-01
8.258292675018310547e-01
9.146736562252044678e-02
5.455288887023925781e-01
6.423243284225463867e-01
6.435987353324890137e-01
-4.385284483432769775e-01
-3.816712275147438049e-02
-3.193720802664756775e-02
-2.140625715255737305e-01
4.681809991598129272e-02
2.845367193222045898e-01
3.860912099480628967e-02
-6.175600364804267883e-02
-5.011231899261474609e-01
-1.731146872043609619e-01
2.385163456201553345e-01
-3.830061554908752441e-01
3.625930845737457275e-01
-7.714621722698211670e-02
5.037114620208740234e-01
3.927033394575119019e-02
6.633016467094421387e-01
3.614894449710845947e-01
-4.191245436668395996e-01
8.879246711730957031e-01
-3.121414780616760254e-01
-4.313625097274780273e-01
-2.466795444488525391e-01
2.816968858242034912e-01
7.911670953035354614e-02
5.344545841217041016e-01
-9.110010862350463867e-01
3.116183876991271973e-01
-8.356475271284580231e-03
2.009049355983734131e-01
-1.173795983195304871e-01
-4.414206147193908691e-01
-6.112403273582458496e-01
-3.850701749324798584e-01
-4.632077217102050781e-01
-2.007938325405120850e-01
-1.223187297582626343e-01
-5.707073807716369629e-01
5.683175846934318542e-02
-2.578722238540649414e-01
1.852502822875976562e-01
2.752797305583953857e-01
1.036097288131713867e+00
9.703144431114196777e-02
7.174267768859863281e-01
-2.863478660583496094e-01
-6.714335083961486816e-01
7.116510868072509766e-01
-3.870181441307067871e-01
-1.713286042213439941e-01
-2.650726437568664551e-01
-6.486798636615276337e-03
-1.563488543033599854e-01
-6.899101734161376953e-01
-1.776056140661239624e-01
-1.011311411857604980e-01
1.541428267955780029e-01
-1.295650005340576172e-01
-3.900099545717239380e-02
-1.079781875014305115e-01
-2.728770077228546143e-01
2.090261727571487427e-01
-1.891436288133263588e-03
3.053832948207855225e-01
3.266637027263641357e-01
-3.774754703044891357e-01
1.773262619972229004e-01
7.662513852119445801e-01
-4.267106950283050537e-01
-3.696713447570800781e-01
1.058138251304626465e+00
-3.317196294665336609e-02
-7.809057086706161499e-02
8.964806199073791504e-01
3.440113961696624756e-01
-1.343866437673568726e-01
-6.526992470026016235e-02
4.396115243434906006e-01
4.935950338840484619e-01
-5.887767300009727478e-02
1.083780601620674133e-01
-2.895189821720123291e-01
-3.252972960472106934e-01
3.061895072460174561e-01
6.045008823275566101e-02
8.625973761081695557e-02
1.525627672672271729e-01
-5.158834904432296753e-02
7.848781347274780273e-01
-5.663595162332057953e-03
2.575494647026062012e-01
1.728960573673248291e-01
4.190474748611450195e-01
2.509087324142456055e-01
-1.548692956566810608e-02
2.995193004608154297e-01
-5.564628243446350098e-01
-7.999081909656524658e-02
-8.817031979560852051e-02
-5.255225300788879395e-01
-1.892901211977005005e-01
9.055422246456146240e-02
-2.422694861888885498e-01
1.065424382686614990e-01
-2.853756248950958252e-01
-5.651236772537231445e-01
-2.361070364713668823e-01
1.072123765945434570e+00
-1.304962486028671265e-01
-1.685495376586914062e-01
1.213941216468811035e+00
-8.945131301879882812e-02
-1.913931220769882202e-01
3.669155836105346680e-01
3.027186691761016846e-01
4.798002839088439941e-01
4.128252714872360229e-02
3.874894976615905762e-01
-4.017206840217113495e-03
3.830531239509582520e-01
-2.129617631435394287e-01
-3.447313606739044189e-01
-4.560357034206390381e-01
3.045475184917449951e-01
-3.274700418114662170e-02
1.500763148069381714e-01
-3.116136416792869568e-02
-1.824924796819686890e-01
6.831915974617004395e-01
2.793458700180053711e-01
-3.277454972267150879e-01
1.649160385131835938e-01
2.003966718912124634e-01
-8.058169484138488770e-02
-3.090521693229675293e-01
-3.314967080950737000e-02
-2.987446784973144531e-01
-2.548371851444244385e-01
-5.216724276542663574e-01
-1.209637820720672607e-01
-1.404851526021957397e-01
2.599930465221405029e-01
-1.565565615892410278e-01
-2.494616508483886719e-01
-4.269516170024871826e-01
2.050395458936691284e-01
-3.172672688961029053e-01
1.092444406822323799e-03
-5.341247916221618652e-01
-1.974655985832214355e-01
-3.208801150321960449e-01
-2.289785146713256836e-01
4.408453404903411865e-01
3.297842442989349365e-01
2.136623412370681763e-01
1.155260652303695679e-01
3.494479879736900330e-02
-9.158956259489059448e-02
3.133740425109863281e-01
-4.632902443408966064e-01
-2.210117429494857788e-01
6.145438551902770996e-01
1.680794358253479004e-01
-2.738592959940433502e-02
2.192347049713134766e-01
-1.333625465631484985e-01
2.250001952052116394e-02
-1.606155037879943848e-01
9.712113440036773682e-02
-1.502389609813690186e-01
-6.417422890663146973e-01
-4.527593255043029785e-01
1.464941501617431641e-01
-1.372145712375640869e-01
9.216050505638122559e-01
-2.567536830902099609e-01
-2.665119171142578125e-01
1.129959970712661743e-01
2.557356469333171844e-02
-4.515218734741210938e-02
7.923167943954467773e-01
1.294032037258148193e-01
4.998016357421875000e-02
-2.938010692596435547e-01
6.559129953384399414e-01
-1.333499252796173096e-01
1.308747053146362305e+00
-2.563689053058624268e-01
-1.886515617370605469e-01
1.472907699644565582e-02
2.921128869056701660e-01
-9.411095827817916870e-02
-1.299193501472473145e-01
7.097855210304260254e-02
1.091672014445066452e-02
1.071926653385162354e-01
-2.688729204237461090e-02
4.978862777352333069e-02
2.213926315307617188e-01
-2.467859834432601929e-01
-6.632932275533676147e-02
-3.462490141391754150e-01
9.642910957336425781e-02
1.428701281547546387e-01
-8.329346776008605957e-02
1.480350196361541748e-01
-4.084302112460136414e-02
8.521643467247486115e-03
-9.873635321855545044e-02
1.834010034799575806e-01
1.102483868598937988e-01
-3.107570298016071320e-02
-3.619281947612762451e-01
2.282560802996158600e-02
-9.793832153081893921e-02
-5.060219392180442810e-02
5.831004977226257324e-01
-1.184573210775852203e-02
-7.215150445699691772e-02
2.081386744976043701e-01
5.660714209079742432e-02
-6.930878758430480957e-02
-2.817399799823760986e-01
4.392215050756931305e-03
3.015910685062408447e-01
-1.420255303382873535e-01
1.592146903276443481e-01
-1.977382302284240723e-01
9.760224074125289917e-02
-3.269712906330823898e-04
