5.713787078857421875e-01
-4.137755632400512695e-01
-1.467714756727218628e-01
9.521237760782241821e-02
-5.215097665786743164e-01
5.560647845268249512e-01
-9.450352191925048828e-02
2.135740667581558228e-01
2.566162049770355225e-01
-1.091418147087097168e+00
-5.894036218523979187e-02
2.820342481136322021e-01
1.030391752719879150e-01
-3.248625993728637695e-01
-8.332376182079315186e-02
-9.165211319923400879e-01
5.041680857539176941e-02
1.334237009286880493e-01
3.434484302997589111e-01
7.799214720726013184e-01
-5.649465695023536682e-02
-1.535850763320922852e+00
1.078476235270500183e-01
-6.415796875953674316e-01
-5.653750523924827576e-02
-6.825571060180664062e-01
2.150491476058959961e-01
9.552921056747436523e-01
-3.804909884929656982e-01
4.117093086242675781e-01
-2.742511220276355743e-02
8.801828324794769287e-02
4.307879805564880371e-01
-3.866762220859527588e-01
-4.159195423126220703e-01
-8.909749984741210938e-01
7.295013666152954102e-01
5.251052975654602051e-01
5.135661959648132324e-01
7.985229045152664185e-02
9.916383624076843262e-01
-8.937670588493347168e-01
7.682505249977111816e-01
-3.783888816833496094e-01
-4.733833372592926025e-01
5.422335267066955566e-01
-7.128294110298156738e-01
8.522445559501647949e-01
-5.413784384727478027e-01
3.279126286506652832e-01
-4.785532653331756592e-01
-3.806267976760864258e-01
6.223556995391845703e-01
-7.352898120880126953e-01
1.085591197013854980e+00
3.932027891278266907e-02
2.222578525543212891e-01
-8.390315771102905273e-01
1.360017538070678711e+00
6.884956955909729004e-01
3.634331822395324707e-01
-2.641176581382751465e-01
-1.203743591904640198e-01
7.433410733938217163e-02
1.797697842121124268e-01
1.111311092972755432e-01
1.665048301219940186e-01
8.284668326377868652e-01
-2.108847349882125854e-01
-7.166100740432739258e-01
2.566886842250823975e-01
-2.426134608685970306e-02
2.054790705442428589e-01
-8.805667161941528320e-01
-8.893115818500518799e-02
1.236938610672950745e-01
3.958974182605743408e-01
2.012118101119995117e-01
8.555898815393447876e-02
5.638937950134277344e-01
-3.297682106494903564e-01
-1.406095176935195923e-01
-1.557070165872573853e-01
-3.244467675685882568e-01
6.666130423545837402e-01
-2.909183502197265625e-01
-7.410394400358200073e-02
3.534978032112121582e-01
-8.387450873851776123e-02
-7.454099059104919434e-01
1.043673157691955566e+00
2.269420176744461060e-01
1.340853422880172729e-01
-1.641770601272583008e-01
-2.856440544128417969e-01
-4.395899176597595215e-01
1.799055933952331543e-02
8.988056778907775879e-01
-5.794559717178344727e-01
-5.940529108047485352e-01
-1.170577108860015869e-01
2.393110394477844238e-01
3.789039254188537598e-01
2.684201002120971680e-01
-3.992116451263427734e-01
-9.226801246404647827e-02
3.414832651615142822e-01
-3.466800972819328308e-02
3.575077652931213379e-02
5.153399705886840820e-02
-1.319923065602779388e-02
-3.826115652918815613e-02
2.369429320096969604e-01
1.596195846796035767e-01
1.338300406932830811e-01
2.156254202127456665e-01
-3.596273660659790039e-01
2.345777153968811035e-01
-4.443974792957305908e-01
-4.980069994926452637e-01
-2.347158491611480713e-01
2.389221787452697754e-01
1.544853448867797852e-01
-9.402573108673095703e-02
2.538229823112487793e-01
-2.637232840061187744e-01
-8.357101120054721832e-03
-5.429589375853538513e-02
3.325526416301727295e-01
-1.907447129487991333e-01
1.248005628585815430e-01
1.920419931411743164e-01
-1.016800180077552795e-01
-1.881363838911056519e-01
-5.048433318734169006e-02
6.265097111463546753e-02
-2.614797949790954590e-01
2.769792079925537109e-01
-1.501377578824758530e-02
-4.121272861957550049e-01
-9.450789093971252441e-01
6.595764756202697754e-01
-3.004942238330841064e-01
7.733741998672485352e-01
3.876589238643646240e-01
-2.671216130256652832e-01
1.828851699829101562e-01
-1.480089545249938965e+00
4.445894658565521240e-01
7.360989451408386230e-01
1.370143145322799683e-01
2.303982675075531006e-01
-1.318093657493591309e+00
1.334019303321838379e+00
-3.863857686519622803e-01
-3.805673494935035706e-02
-6.154445409774780273e-01
-2.184267193078994751e-01
-7.127214968204498291e-02
-2.959761023521423340e-01
2.460610866546630859e-01
-4.249181449413299561e-01
3.044585585594177246e-01
-1.077239364385604858e-01
-7.103629112243652344e-01
5.696107745170593262e-01
-4.135833382606506348e-01
4.633336886763572693e-02
-5.893390774726867676e-01
1.615857779979705811e-01
-9.051241874694824219e-01
-7.497858405113220215e-01
4.697921499609947205e-02
-1.124782674014568329e-02
3.100059628486633301e-01
5.430192947387695312e-01
4.926974475383758545e-01
-5.245143175125122070e-01
3.315359652042388916e-01
5.844908952713012695e-01
-1.197105124592781067e-01
-5.981588736176490784e-02
-7.453303337097167969e-01
-3.449912369251251221e-01
1.106399018317461014e-02
8.612401783466339111e-02
6.847804784774780273e-01
-1.751299351453781128e-01
-2.797727100551128387e-02
3.811126053333282471e-01
-5.477819219231605530e-02
-1.837191581726074219e-01
-1.779446303844451904e-01
3.364834487438201904e-01
-3.590546846389770508e-01
-5.950813293457031250e-01
1.006502032279968262e+00
6.612459570169448853e-02
1.478042155504226685e-01
-3.729449957609176636e-02
3.278231322765350342e-01
-3.550186455249786377e-01
3.279931843280792236e-01
-2.275091223418712616e-02
9.049851447343826294e-02
1.869832128286361694e-01
-2.033338397741317749e-01
3.528605401515960693e-01
-4.374809190630912781e-02
-4.113572835922241211e-02
-1.131474971771240234e-01
-6.323254853487014771e-02
4.894893988966941833e-02
-3.797608315944671631e-01
2.920729219913482666e-01
3.930666148662567139e-01
-2.091996669769287109e-01
-3.618252277374267578e-01
1.492482125759124756e-01
2.516234815120697021e-01
-3.319179117679595947e-01
1.943628042936325073e-01
1.178149785846471786e-02
-2.749424576759338379e-01
-4.654743969440460205e-01
-1.035680398344993591e-01
-1.614665389060974121e-01
1.447929739952087402e-01
-9.255808591842651367e-02
7.432191967964172363e-01
-1.273801207542419434e+00
-5.239465832710266113e-01
3.993854224681854248e-01
2.000829428434371948e-01
1.330207884311676025e-01
2.847827970981597900e-01
-1.691246479749679565e-01
-1.493864804506301880e-01
7.643874734640121460e-02
2.127980813384056091e-02
2.469502538442611694e-01
-4.297282695770263672e-01
1.978231668472290039e-01
-1.197149381041526794e-01
-1.373041272163391113e-01
3.743040263652801514e-01
-5.229287147521972656e-01
1.544311270117759705e-02
-4.770362675189971924e-01
4.579305648803710938e-01
-1.216816976666450500e-01
-9.058194607496261597e-02
3.467988073825836182e-01
7.860217988491058350e-02
4.423185586929321289e-01
-2.476757019758224487e-02
-9.355506300926208496e-02
-3.298750817775726318e-01
4.528524279594421387e-01
2.515323162078857422e-01
7.351973056793212891e-01
-2.428855299949645996e-01
-1.694988012313842773e-01
-4.660035967826843262e-01
-4.654747247695922852e-01
5.409972742199897766e-02
-1.496637463569641113e-01
4.925592541694641113e-01
-8.893857896327972412e-02
1.984705328941345215e-01
-4.851255118846893311e-01
-1.321962922811508179e-01
3.536867201328277588e-01
-4.238771200180053711e-01
-1.381478607654571533e-01
1.207844913005828857e-02
4.782592654228210449e-01
-3.257500529289245605e-01
3.011847734451293945e-01
3.420452475547790527e-01
1.222974807024002075e-01
3.166787028312683105e-01
2.662645280361175537e-01
3.290066421031951904e-01
-6.358941644430160522e-02
-6.055093407630920410e-01
7.923673093318939209e-02
5.824770927429199219e-01
3.025031983852386475e-01
-1.716277450323104858e-01
-1.776140369474887848e-02
1.315690577030181885e-01
7.352129369974136353e-02
-4.272054433822631836e-01
-1.205536304041743279e-03
-1.581875383853912354e-01
2.810933440923690796e-02
4.554327428340911865e-01
-8.571428656578063965e-01
1.953746974468231201e-01
-8.035451173782348633e-02
5.469215661287307739e-02
3.792063891887664795e-01
-3.622950613498687744e-01
-2.517182938754558563e-02
-3.039102554321289062e-01
-3.698052465915679932e-01
8.866285085678100586e-01
-8.990677446126937866e-02
-3.895477950572967529e-02
-1.651713997125625610e-02
8.309737592935562134e-02
1.336494445800781250e+00
-8.415125012397766113e-01
7.155838608741760254e-01
-1.777624040842056274e-01
1.292376220226287842e-01
2.278628349304199219e-01
-1.936277607455849648e-03
6.863882392644882202e-02
-1.032309681177139282e-01
2.272138595581054688e-01
1.821706593036651611e-01
7.295572757720947266e-02
-4.724016413092613220e-02
-2.189199030399322510e-01
-9.800129383802413940e-02
4.226914644241333008e-01
5.308975651860237122e-02
-3.031804859638214111e-01
1.172452121973037720e-01
1.021080315113067627e-01
5.819271802902221680e-01
-3.786384165287017822e-01
1.215364113450050354e-01
-1.214852780103683472e-01
-1.440732926130294800e-01
-1.082263304851949215e-03
-6.077454611659049988e-02
-3.156758546829223633e-01
2.651774883270263672e-01
-3.500226438045501709e-01
-1.178236454725265503e-01
1.524939090013504028e-01
-1.068185195326805115e-01
2.802234888076782227e-01
-2.179351449012756348e-01
-3.533033430576324463e-01
-2.372069060802459717e-01
1.019243001937866211e+00
-6.546071767807006836e-01
-1.473725289106369019e-01
1.782181113958358765e-02
4.467575848102569580e-01
2.960271537303924561e-01
5.684361457824707031e-01
4.043131172657012939e-01
-9.667649865150451660e-01
9.069960713386535645e-01
5.771345496177673340e-01
2.647759616374969482e-01
-5.695132613182067871e-01
4.963385760784149170e-01
5.395887047052383423e-02
2.211655117571353912e-02
4.003045558929443359e-01
-3.941994309425354004e-01
1.616783738136291504e-01
-2.027761191129684448e-01
6.136804819107055664e-02
-4.049518406391143799e-01
-2.410043925046920776e-01
1.800976097583770752e-01
-2.760876119136810303e-01
4.852440953254699707e-01
1.618233919143676758e-01
-2.625197172164916992e-01
-2.426440119743347168e-01
5.240158438682556152e-01
2.859329581260681152e-01
-3.527708351612091064e-01
-2.453981433063745499e-03
-1.795923560857772827e-01
2.606451883912086487e-02
1.739373356103897095e-01
-1.698088645935058594e-01
4.108248054981231689e-01
1.599074900150299072e-01
1.252362728118896484e-01
-7.461049556732177734e-01
2.115118354558944702e-01
4.021043777465820312e-01
-2.465582638978958130e-01
-5.013516545295715332e-01
-1.877654939889907837e-01
-2.244951575994491577e-01
-1.270461082458496094e-01
6.424607634544372559e-01
-1.922766119241714478e-01
-2.598905861377716064e-01
2.754886746406555176e-01
-2.617846727371215820e-01
-1.795884519815444946e-01
-2.355920672416687012e-01
4.880066514015197754e-01
-2.208762317895889282e-01
9.788548201322555542e-02
3.383501768112182617e-01
3.357607424259185791e-01
-6.335838437080383301e-01
4.045203924179077148e-01
4.277909398078918457e-01
-1.462796330451965332e-01
-7.045397162437438965e-01
-5.167759954929351807e-02
-9.406336396932601929e-02
3.314796686172485352e-01
4.392358362674713135e-01
-7.744059711694717407e-02
3.525283336639404297e-01
3.759773671627044678e-01
-2.185258269309997559e-01
4.179620146751403809e-01
-7.348580658435821533e-02
-1.981317549943923950e-01
7.270760536193847656e-01
-4.281702041625976562e-01
-5.377472564578056335e-02
-2.838185131549835205e-01
6.550554037094116211e-01
-1.488548815250396729e-01
-4.411175847053527832e-01
3.845981955528259277e-01
9.672186523675918579e-02
5.106519460678100586e-01
1.946002095937728882e-01
2.587935328483581543e-01
-9.925620555877685547e-01
9.801884293556213379e-01
6.169940233230590820e-01
-4.500800669193267822e-01
6.232841610908508301e-01
-9.256889820098876953e-01
1.835099011659622192e-01
4.605755507946014404e-01
-4.759817123413085938e-01
2.605199217796325684e-01
-1.383458077907562256e-01
2.376734167337417603e-01
-2.300219386816024780e-01
2.174081951379776001e-01
5.098069310188293457e-01
-1.288245469331741333e-01
-5.102036520838737488e-02
-2.891724109649658203e-01
-3.341876566410064697e-01
6.847483664751052856e-02
1.712031513452529907e-01
-1.358837187290191650e-01
-1.449861526489257812e-01
3.687716424465179443e-01
-2.864245474338531494e-01
1.818733662366867065e-01
-3.091820180416107178e-01
-5.015581846237182617e-01
8.013504743576049805e-01
-3.643268644809722900e-01
2.474922835826873779e-01
3.265641331672668457e-01
5.256405472755432129e-01
1.280926913022994995e-01
-3.642687499523162842e-01
2.619022130966186523e-01
1.924792975187301636e-01
4.615435600280761719e-01
7.695908546447753906e-01
-6.416115164756774902e-01
-5.623806640505790710e-02
5.907925367355346680e-01
-5.940315723419189453e-01
-1.470810621976852417e-01
-7.421005964279174805e-01
1.986030936241149902e-01
-1.914924569427967072e-02
-1.966908127069473267e-01
3.458255529403686523e-01
-8.887561559677124023e-01
5.423381924629211426e-01
6.645554304122924805e-01
2.157928943634033203e+00
-4.728543460369110107e-01
6.618925370275974274e-03
4.000554978847503662e-01
5.216825008392333984e-01
6.459518671035766602e-01
6.434656381607055664e-01
-5.319164395332336426e-01
-6.566246747970581055e-01
5.260044336318969727e-01
-3.826726973056793213e-01
-2.918032705783843994e-01
-1.489195078611373901e-01
-2.620985507965087891e-01
-2.995184063911437988e-01
-2.528786063194274902e-01
3.384619951248168945e-02
-4.289778321981430054e-02
-9.506788849830627441e-02
2.278902232646942139e-01
-7.448580265045166016e-01
-4.959421232342720032e-02
-1.761720061302185059e+00
-6.009293794631958008e-01
2.616418153047561646e-02
1.112509816884994507e-01
-7.483282089233398438e-01
-2.102114111185073853e-01
2.536183893680572510e-01
-1.065631583333015442e-01
-4.475134238600730896e-02
-3.343929052352905273e-01
-2.840289846062660217e-03
-9.019767045974731445e-01
-1.287840902805328369e-01
2.954895794391632080e-01
-2.735904455184936523e-01
1.566460281610488892e-01
-7.349525392055511475e-02
-8.693031966686248779e-02
-7.656008005142211914e-02
2.234375029802322388e-01
-1.901757270097732544e-01
-1.017176151275634766e+00
-5.599738955497741699e-01
-2.275958508253097534e-01
-3.651005327701568604e-01
2.570572793483734131e-01
8.684723079204559326e-02
-3.710635900497436523e-01
3.508787155151367188e-01
-2.200459688901901245e-02
-5.258321166038513184e-01
1.171309128403663635e-01
-7.299053072929382324e-01
-1.102024793624877930e+00
4.131069481372833252e-01
-4.691017270088195801e-01
4.377937614917755127e-01
2.755759060382843018e-01
2.389438003301620483e-01
-1.700086444616317749e-01
-4.254597723484039307e-01
4.637446403503417969e-01
1.186454519629478455e-01
2.475818097591400146e-01
3.320695757865905762e-01
-8.550262451171875000e-02
1.300838962197303772e-02
1.344259679317474365e-01
-5.040838718414306641e-01
-2.581997513771057129e-01
-3.064151406288146973e-01
3.136399015784263611e-02
-6.816093921661376953e-01
-3.989713191986083984e-01
8.494639396667480469e-02
-3.055236935615539551e-01
3.751010075211524963e-02
-6.933233141899108887e-02
-2.993384897708892822e-01
-1.871682256460189819e-01
-6.177507042884826660e-01
1.967855542898178101e-02
-4.787470027804374695e-02
1.312640756368637085e-01
7.569806277751922607e-02
-1.942176520824432373e-01
-4.511440917849540710e-02
3.300094008445739746e-01
-1.827201098203659058e-01
7.815629243850708008e-01
1.007690876722335815e-01
4.561723172664642334e-01
8.347108960151672363e-01
-1.185331959277391434e-02
-1.562678366899490356e-01
-2.065233886241912842e-01
8.130915462970733643e-02
1.043712794780731201e-01
1.730776578187942505e-01
1.242464929819107056e-01
7.720915079116821289e-01
8.473004102706909180e-01
3.140054643154144287e-01
-4.593277722597122192e-02
2.112779766321182251e-01
4.746422544121742249e-02
4.845331013202667236e-01
-1.237586140632629395e-02
2.944357693195343018e-01
-4.721901118755340576e-01
-6.771423667669296265e-02
1.430734395980834961e+00
3.527395129203796387e-01
-1.987543143332004547e-02
-2.004711627960205078e-01
5.768340826034545898e-02
1.800153255462646484e-01
-8.824808150529861450e-02
1.693904548883438110e-01
-5.869035124778747559e-01
3.243956863880157471e-01
-1.067800298333168030e-01
2.121859192848205566e-01
6.304974853992462158e-02
2.674551606178283691e-01
1.413869559764862061e-01
-1.751500070095062256e-01
2.198308259248733521e-01
1.039090156555175781e-01
1.095060706138610840e-01
-5.468092560768127441e-01
1.774456143379211426e+00
-1.048366203904151917e-01
-7.978466898202896118e-02
4.994094073772430420e-01
-8.499038219451904297e-02
4.416753947734832764e-01
6.252606958150863647e-02
2.382218837738037109e-01
-5.187597498297691345e-02
-4.436570405960083008e-01
5.846260190010070801e-01
1.484435200691223145e-01
1.214995980262756348e-01
2.204315960407257080e-01
-2.491105049848556519e-01
-5.980392098426818848e-01
2.232694998383522034e-02
-2.479737997055053711e-01
5.526536107063293457e-01
1.010249108076095581e-01
-4.536401014775037766e-03
4.892171919345855713e-01
-8.024257421493530273e-02
1.432930380105972290e-01
-5.543721467256546021e-02
1.875227391719818115e-01
-3.531267940998077393e-01
-1.141787916421890259e-01
1.384559720754623413e-01
1.309333443641662598e-01
-2.192515581846237183e-01
-5.752904713153839111e-02
-2.213398665189743042e-01
-1.431371718645095825e-01
4.522908851504325867e-02
1.158425450325012207e+00
-7.483085244894027710e-02
8.441183716058731079e-02
-1.589443534612655640e-02
-1.701698601245880127e-01
1.547820270061492920e-01
-8.114020824432373047e-01
-8.997607827186584473e-01
3.055666983127593994e-01
-9.358867257833480835e-02
3.053907752037048340e-01
4.079747200012207031e-01
4.177130460739135742e-01
-5.116678029298782349e-02
1.661196649074554443e-01
2.248240560293197632e-01
3.849721550941467285e-01
7.523964643478393555e-01
4.904868006706237793e-01
-7.784937024116516113e-01
7.252041995525360107e-02
7.723989486694335938e-01
-7.244685888290405273e-01
4.418891370296478271e-01
1.062842726707458496e+00
-6.613906025886535645e-01
-5.451032146811485291e-02
2.312272787094116211e-03
-3.460572361946105957e-01
-4.699591174721717834e-02
-1.006056740880012512e-01
-5.277515649795532227e-01
-1.275069117546081543e-01
4.422967731952667236e-01
1.634583175182342529e-01
-9.451933950185775757e-02
-2.707971334457397461e-01
-2.738859951496124268e-01
-2.786860764026641846e-01
5.307925939559936523e-01
1.198660254478454590e+00
-2.412893809378147125e-02
3.832904994487762451e-01
-3.040821254253387451e-01
-8.801330924034118652e-01
-1.038419380784034729e-01
-3.555604219436645508e-01
-1.046633481979370117e+00
6.439586281776428223e-01
-3.553408384323120117e-01
7.304909229278564453e-01
6.187177300453186035e-01
1.164163202047348022e-01
-3.863897621631622314e-01
-1.153099015355110168e-01
2.219787985086441040e-01
4.065472185611724854e-01
4.320369660854339600e-01
4.682401418685913086e-01
-5.175347924232482910e-01
-1.239975169301033020e-01
5.165838003158569336e-01
-5.777701735496520996e-01
9.581681489944458008e-01
-1.474156379699707031e-01
-2.400640547275543213e-01
-3.080171942710876465e-01
-2.901578843593597412e-01
4.052553474903106689e-01
-1.259634792804718018e-01
1.246323660016059875e-01
4.759467393159866333e-02
-5.941889286041259766e-01
1.422519236803054810e-01
-8.369863033294677734e-02
3.136969506740570068e-01
1.906310915946960449e-01
3.138752281665802002e-01
1.955984681844711304e-01
1.562530547380447388e-01
8.168926835060119629e-01
2.699105739593505859e-01
-2.525189518928527832e-01
2.338973879814147949e-01
2.097107917070388794e-01
-1.559001356363296509e-01
2.198996245861053467e-01
-8.945767283439636230e-01
-1.146823316812515259e-01
4.966570138931274414e-01
-9.410070627927780151e-02
-6.980537902563810349e-03
-1.826038211584091187e-01
6.850786209106445312e-01
1.059022247791290283e-01
-2.568501606583595276e-02
-5.061786770820617676e-01
-7.213853001594543457e-01
-1.038088351488113403e-01
8.593508601188659668e-01
9.571017622947692871e-01
-6.199242472648620605e-01
5.162859559059143066e-01
-4.945687055587768555e-01
-2.834027409553527832e-01
8.008492588996887207e-01
-3.118595294654369354e-02
-2.050605863332748413e-01
9.558326005935668945e-02
-3.668737411499023438e-01
1.412178277969360352e-01
-1.595218479633331299e-01
-1.061788871884346008e-01
-4.665842354297637939e-01
1.298821419477462769e-01
1.283313333988189697e-01
2.512428462505340576e-01
1.435826867818832397e-01
6.685223430395126343e-02
5.721956491470336914e-02
-5.260832905769348145e-01
-1.152316853404045105e-01
-1.964728534221649170e-02
-4.110064208507537842e-01
-4.910496175289154053e-01
1.764550507068634033e-01
-2.329572141170501709e-01
-9.310323596000671387e-01
8.553870022296905518e-02
-4.676741659641265869e-01
1.115313991904258728e-01
2.901491820812225342e-01
-1.005840837024152279e-03
-5.067406892776489258e-01
-2.708265781402587891e-01
2.682098448276519775e-01
3.052349686622619629e-01
6.435051560401916504e-01
3.720848560333251953e-01
-4.029011726379394531e-01
-7.969193160533905029e-02
3.379781246185302734e-01
-3.722016513347625732e-01
4.503150582313537598e-01
6.398824453353881836e-01
-6.267474889755249023e-01
1.013094708323478699e-01
-3.484999760985374451e-02
-8.438712358474731445e-02
2.922537028789520264e-01
1.163032725453376770e-01
-8.252217769622802734e-01
5.875290185213088989e-02
3.977494537830352783e-01
7.051061093807220459e-02
1.099586486816406250e-02
-2.014077901840209961e-01
-4.713701903820037842e-01
-1.096307300031185150e-02
8.493335843086242676e-01
9.125462770462036133e-01
-1.381076425313949585e-01
2.172960340976715088e-01
-2.055432319641113281e+00
2.241626977920532227e-01
7.598257809877395630e-02
6.817812472581863403e-02
-2.522141858935356140e-02
-1.700162589550018311e-01
4.644438158720731735e-03
-1.000164747238159180e-01
4.216440916061401367e-01
2.459359318017959595e-01
-1.156149059534072876e-01
-1.343743223696947098e-02
6.363321095705032349e-02
-4.056615531444549561e-01
1.817377805709838867e-01
-1.328183710575103760e-01
-2.261543273925781250e-01
-7.430803179740905762e-01
8.474346250295639038e-02
-2.067231088876724243e-01
-1.058961376547813416e-01
4.051149487495422363e-01
5.878999829292297363e-02
3.382636904716491699e-01
1.849800467491149902e+00
-5.741985440254211426e-01
2.817022204399108887e-01
-3.046513795852661133e-01
-1.851997338235378265e-02
2.038548141717910767e-01
1.962161064147949219e-01
2.943904884159564972e-02
-1.586585164070129395e+00
-9.138177633285522461e-01
-5.131112337112426758e-01
-3.120262324810028076e-01
-8.643572032451629639e-02
-7.377817481756210327e-02
-5.137844681739807129e-01
1.191982105374336243e-01
-1.638473123311996460e-01
-1.543384976685047150e-02
9.415419697761535645e-01
6.715060472488403320e-01
5.840234830975532532e-02
-4.599938110914081335e-04
-1.278371214866638184e-01
-2.630212008953094482e-01
-2.722960151731967926e-02
2.844218611717224121e-01
-9.087550044059753418e-01
2.916176021099090576e-01
5.842756628990173340e-01
1.107070669531822205e-01
-2.195946872234344482e-01
5.003221333026885986e-02
3.120720684528350830e-01
2.505376636981964111e-01
-2.811020612716674805e-01
-1.849616691470146179e-02
6.273751854896545410e-01
-2.052404284477233887e-01
-7.085169851779937744e-02
5.339922308921813965e-01
4.267332255840301514e-01
-1.833847165107727051e-01
2.005008012056350708e-01
4.016337394714355469e-01
1.467228867113590240e-02
4.753939807415008545e-01
1.179872676730155945e-01
8.195859193801879883e-01
4.741131067276000977e-01
-1.759515851736068726e-01
4.532378166913986206e-02
2.030813246965408325e-01
-2.480611503124237061e-01
8.947028964757919312e-02
-6.631979346275329590e-01
3.848301246762275696e-02
3.034482151269912720e-02
3.238549083471298218e-02
-8.102715760469436646e-02
-1.225175857543945312e-01
5.031936764717102051e-01
-1.288348793983459473e+00
-2.580700814723968506e-01
-4.812376201152801514e-02
-3.047614693641662598e-01
3.961063623428344727e-01
-5.349638685584068298e-02
1.678954362869262695e-01
2.085956335067749023e-01
-3.827217966318130493e-02
1.600732281804084778e-02
2.477241009473800659e-01
5.400487035512924194e-02
2.680448591709136963e-01
-3.559523448348045349e-02
-6.009061932563781738e-01
1.198214069008827209e-01
1.593767702579498291e-01
-4.627916812896728516e-01
5.093352198600769043e-01
6.993747949600219727e-01
-5.243538022041320801e-01
1.597572416067123413e-01
5.065135359764099121e-01
-3.662332296371459961e-01
7.985258102416992188e-01
-2.228969633579254150e-01
4.531124979257583618e-02
1.304694116115570068e-01
6.830954551696777344e-02
1.320483535528182983e-01
5.706260800361633301e-01
-2.855904586613178253e-02
-1.833239942789077759e-01
-1.728911995887756348e-01
-1.767150312662124634e-02
6.623847037553787231e-02
5.758478641510009766e-01
7.225599884986877441e-02
2.016250640153884888e-01
3.820154368877410889e-01
-2.916948795318603516e-01
-3.611418902873992920e-01
4.258669167757034302e-02
1.231967806816101074e-01
3.655560314655303955e-01
3.639916777610778809e-01
-1.321104764938354492e-01
-6.383664608001708984e-01
2.753676474094390869e-02
1.006761640310287476e-01
6.598983705043792725e-02
1.633072346448898315e-01
1.644965171813964844e+00
-2.881372272968292236e-01
-1.373027920722961426e+00
-6.510348320007324219e-01
-3.912793993949890137e-01
1.833179220557212830e-02
-3.459078669548034668e-01
-2.844902873039245605e-01
2.748636007308959961e-01
4.104346409440040588e-02
-1.857580691576004028e-01
4.062661826610565186e-01
-3.474570512771606445e-01
2.618561983108520508e-01
-3.293258845806121826e-01
-3.215385377407073975e-01
2.494181394577026367e-01
3.702037036418914795e-02
-3.782761096954345703e-01
2.530060708522796631e-01
1.652821004390716553e-01
2.789502739906311035e-01
-5.971724912524223328e-02
1.218699961900711060e-01
-2.079492248594760895e-02
-1.675227135419845581e-01
3.291733562946319580e-01
-2.813644334673881531e-02
-8.803028613328933716e-02
-5.357486605644226074e-01
4.890820086002349854e-01
-2.281766682863235474e-01
-1.541540771722793579e-01
-2.868623137474060059e-01
4.771679639816284180e-01
1.743038415908813477e+00
-2.695673704147338867e-01
1.364988088607788086e-01
3.456493318080902100e-01
-1.192169412970542908e-01
-1.229659080505371094e+00
-1.257138550281524658e-01
-4.889687001705169678e-01
-3.990981280803680420e-01
-3.648312389850616455e-02
3.132364749908447266e-01
-3.551891148090362549e-01
-8.901388049125671387e-01
-3.337990045547485352e-01
9.825094789266586304e-02
-4.653230309486389160e-01
6.516699790954589844e-01
-1.141687393188476562e+00
4.382018148899078369e-01
-1.013975888490676880e-01
-2.498232573270797729e-01
6.991047859191894531e-01
-1.729779541492462158e-01
-7.081501483917236328e-01
7.489229440689086914e-01
3.043493442237377167e-02
2.937063276767730713e-01
-2.576704621315002441e-01
-7.497271895408630371e-02
-1.804395169019699097e-01
-3.931162357330322266e-01
8.245257288217544556e-02
4.224917292594909668e-01
1.604248583316802979e-01
8.206814527511596680e-03
1.202629357576370239e-01
-7.840861678123474121e-01
2.604663074016571045e-01
-3.842807412147521973e-01
2.066047787666320801e-01
5.635038018226623535e-01
-5.249154567718505859e-01
5.973100662231445312e-02
2.168735712766647339e-01
-7.179849147796630859e-01
-2.153814136981964111e-01
-6.104375123977661133e-01
5.594581365585327148e-02
-1.701941341161727905e-01
-1.612382531166076660e-01
-3.333478271961212158e-01
5.618108510971069336e-01
1.217462718486785889e-01
-2.705589234828948975e-01
1.958603113889694214e-01
1.258183568716049194e-01
3.445147871971130371e-01
-2.222742885351181030e-01
-2.150556594133377075e-01
-2.805951610207557678e-02
2.200292110443115234e+00
3.033636212348937988e-01
3.293480575084686279e-01
1.847655177116394043e-01
1.363056153059005737e-01
-3.225932121276855469e-01
-5.807785391807556152e-01
-2.595152556896209717e-01
-8.573909103870391846e-02
-8.970815539360046387e-01
-9.485113620758056641e-02
-5.259061604738235474e-02
-4.267454147338867188e-03
1.732196807861328125e+00
-8.232179284095764160e-02
-3.459325134754180908e-01
-4.527723193168640137e-01
2.409727871417999268e-01
4.087426364421844482e-01
-9.814944351091980934e-04
1.188763499259948730e+00
-1.701360344886779785e-01
-4.896869063377380371e-01
-1.400126814842224121e-01
-6.213392317295074463e-02
-5.130672454833984375e-01
-3.105018734931945801e-01
-1.662750720977783203e+00
4.264886081218719482e-01
-1.394112706184387207e-01
-1.347029954195022583e-01
5.273813009262084961e-01
6.516757011413574219e-01
5.579803255386650562e-04
-1.317429095506668091e-01
1.918972730636596680e-01
-4.646638631820678711e-01
5.916586518287658691e-01
-2.517573237419128418e-01
4.274582862854003906e-01
1.813009083271026611e-01
-2.521718740463256836e-01
2.014191597700119019e-01
4.506596624851226807e-01
-4.114533662796020508e-01
-2.582045495510101318e-01
-4.001691341400146484e-01
5.124277248978614807e-02
3.062047064304351807e-02
7.546310313045978546e-03
-2.406360656023025513e-01
1.308451443910598755e-01
-1.145897805690765381e-01
7.826542109251022339e-02
-5.857267230749130249e-02
3.207077980041503906e-01
3.661179542541503906e-01
-5.210969969630241394e-02
-3.676421642303466797e-01
2.339338511228561401e-01
-2.638575792312622070e+00
9.193391352891921997e-02
-1.359535753726959229e-01
2.687528729438781738e-01
-1.985250413417816162e-01
1.264971196651458740e-01
4.208457469940185547e-02
-3.688644468784332275e-01
2.313615977764129639e-01
4.608138278126716614e-02
-1.141611933708190918e-01
3.507672548294067383e-01
1.619662195444107056e-01
-1.978324651718139648e-01
2.794024944305419922e-01
2.324165999889373779e-01
-6.610893607139587402e-01
4.811455309391021729e-01
4.472504556179046631e-02
2.736143469810485840e-01
-2.482691526412963867e+00
-3.270716369152069092e-01
3.470990657806396484e-01
2.575616538524627686e-01
-9.328001737594604492e-02
7.174881696701049805e-01
-3.088932037353515625e-01
4.954134225845336914e-01
-4.992087483406066895e-01
1.850517094135284424e-01
3.536964654922485352e-01
-1.699230670928955078e-01
5.935528501868247986e-02
-1.089705467224121094e+00
-4.517765343189239502e-01
-3.816017806529998779e-01
4.795933142304420471e-03
-1.865885555744171143e-01
7.121955603361129761e-02
-2.171997725963592529e-01
3.514935970306396484e-01
-1.165438368916511536e-01
-6.086227893829345703e-01
-2.568114101886749268e-01
3.807419538497924805e-01
1.828736662864685059e-01
-2.954851984977722168e-01
-1.433503776788711548e-01
-2.981185317039489746e-01
-3.207481205463409424e-01
3.612576797604560852e-02
-1.748819462954998016e-02
1.899806037545204163e-02
8.624901175498962402e-01
4.730490148067474365e-01
1.769442260265350342e-01
-8.355516195297241211e-01
3.639836236834526062e-02
-7.023444026708602905e-02
-2.271249443292617798e-01
2.642327249050140381e-01
-4.154781103134155273e-01
9.460785388946533203e-01
-5.362627562135457993e-03
-4.256889596581459045e-02
-2.020480334758758545e-01
-3.131730481982231140e-02
5.322387814521789551e-01
-1.304162293672561646e-01
6.442680358886718750e-01
3.403433039784431458e-02
-1.158923208713531494e-01
3.232906386256217957e-02
-9.605752676725387573e-02
-8.313728570938110352e-01
-1.199687831103801727e-03
-1.268289685249328613e-01
8.233842998743057251e-02
2.937061786651611328e-01
2.275925129652023315e-01
3.327824547886848450e-02
-4.225443899631500244e-01
-1.130281209945678711e+00
1.690134108066558838e-01
-1.267676353454589844e-01
-1.336503028869628906e-02
1.120414376258850098e+00
-8.994717001914978027e-01
-4.324873983860015869e-01
4.370211064815521240e-01
-3.941161185503005981e-02
2.061803936958312988e-01
9.476222395896911621e-01
-5.811543464660644531e-01
-3.829225152730941772e-02
2.379225045442581177e-01
-2.397217899560928345e-01
1.389590650796890259e-01
-1.192810833454132080e-01
6.301335990428924561e-02
-1.384948492050170898e-01
-1.908670067787170410e-01
4.844129085540771484e-01
3.993858397006988525e-01
-6.812077760696411133e-02
-5.634463578462600708e-02
-3.706710645928978920e-03
-3.798522055149078369e-01
-1.534010618925094604e-01
-1.732915341854095459e-01
-5.890482664108276367e-01
8.527395725250244141e-01
-1.452663689851760864e-01
-2.746289670467376709e-01
2.492221891880035400e-01
-2.094875276088714600e-01
7.078517079353332520e-01
-3.965268135070800781e-01
4.460222125053405762e-01
3.013500273227691650e-01
3.941725492477416992e-01
3.448803126811981201e-01
4.291780889034271240e-01
-8.494707942008972168e-02
3.731945157051086426e-01
-5.884018540382385254e-02
-1.120454311370849609e+00
3.326240479946136475e-01
2.950696647167205811e-01
-3.899446502327919006e-02
-2.360961437225341797e-01
8.959182351827621460e-02
1.909688860177993774e-01
3.207386434078216553e-01
4.145650267601013184e-01
9.302049279212951660e-01
-3.775689899921417236e-01
-1.156555116176605225e-02
-1.104253455996513367e-01
3.850021362304687500e-01
3.027229011058807373e-01
-3.611359000205993652e-01
6.889846324920654297e-01
4.195652008056640625e-01
-3.188953995704650879e-01
1.402942463755607605e-02
6.425174884498119354e-03
2.314971238374710083e-01
1.182787194848060608e-01
-3.454440534114837646e-01
-8.399346470832824707e-02
1.132038533687591553e-01
-1.189786102622747421e-02
1.182701438665390015e-01
3.143585026264190674e-01
3.306180536746978760e-01
1.545991152524948120e-01
-1.545587331056594849e-01
-2.043388187885284424e-01
1.722311824560165405e-01
4.322231113910675049e-01
3.082285821437835693e-01
-6.547992825508117676e-01
-1.279736459255218506e-01
9.833016432821750641e-03
-4.087923169136047363e-01
5.050521492958068848e-01
2.096137255430221558e-01
2.622697949409484863e-01
-2.144766151905059814e-01
-2.353256046772003174e-01
2.694499194622039795e-01
3.483736217021942139e-01
3.153031766414642334e-01
8.382249623537063599e-02
1.936624497175216675e-01
-7.961542606353759766e-01
6.009622216224670410e-01
-1.838997378945350647e-02
2.217883616685867310e-01
4.635320603847503662e-01
-9.080435633659362793e-01
3.426966369152069092e-01
5.898134112358093262e-01
-5.859727859497070312e-01
2.348718419671058655e-02
-3.972050249576568604e-01
-9.738098829984664917e-02
-8.392401784658432007e-02
2.327710092067718506e-01
2.336231619119644165e-02
-1.016655787825584412e-01
3.783859610557556152e-01
-1.483522504568099976e-01
1.994918435811996460e-01
2.044921666383743286e-01
-2.964923381805419922e-01
5.445787310600280762e-01
1.234461739659309387e-01
-1.237421259284019470e-01
-2.025075405836105347e-01
1.118125095963478088e-01
-2.759425714612007141e-02
2.711617946624755859e-01
-5.953528732061386108e-02
3.489586412906646729e-01
1.535701751708984375e-01
-6.067014858126640320e-02
-1.575463175773620605e+00
-2.506318874657154083e-02
9.882542304694652557e-03
3.835960328578948975e-01
4.833350181579589844e-01
-4.712424799799919128e-02
1.618440449237823486e-02
9.690053015947341919e-02
1.350581496953964233e-01
1.850782483816146851e-01
1.842895597219467163e-01
4.792241379618644714e-02
-5.229746103286743164e-01
4.681144356727600098e-01
-7.433653473854064941e-01
-5.506262779235839844e-01
2.022699117660522461e-01
4.424268007278442383e-01
-9.482461214065551758e-02
3.794157505035400391e-01
-1.031291559338569641e-01
1.479009538888931274e-01
-5.926156640052795410e-01
-7.609544694423675537e-02
1.210530474781990051e-01
-8.074140548706054688e-02
-2.221651077270507812e-01
3.413704633712768555e-01
-9.316998720169067383e-01
1.595390588045120239e-01
6.761118173599243164e-01
-4.722819626331329346e-01
-1.348327249288558960e-01
-3.139682412147521973e-01
5.060744881629943848e-01
-8.185745030641555786e-02
-5.487480387091636658e-02
3.863912224769592285e-01
2.268908619880676270e-01
-5.795527994632720947e-02
7.179538011550903320e-01
2.395608276128768921e-01
-1.428105533123016357e-01
4.043201729655265808e-02
5.271008610725402832e-01
-1.315708309412002563e-01
2.785215079784393311e-01
1.637486457824707031e+00
-1.528578519821166992e+00
2.348624765872955322e-01
2.348925545811653137e-02
-2.078369110822677612e-01
-4.833762347698211670e-01
6.210268661379814148e-02
4.320823028683662415e-02
3.321761786937713623e-01
5.569825172424316406e-01
4.575079381465911865e-01
-2.841506525874137878e-02
1.904520839452743530e-01
2.069976091384887695e+00
-1.762783974409103394e-01
-4.853725433349609375e-02
3.368322923779487610e-02
-1.743672341108322144e-01
4.315956309437751770e-02
-3.827653825283050537e-01
6.936427205801010132e-02
9.736578464508056641e-01
-4.610362648963928223e-01
9.179660677909851074e-02
8.363808691501617432e-02
5.184902548789978027e-01
3.817788660526275635e-01
6.707960367202758789e-01
2.456640899181365967e-01
-5.962763428688049316e-01
-4.982939064502716064e-01
1.070711910724639893e-01
-2.118276953697204590e-01
-3.760925233364105225e-01
-4.747700393199920654e-01
-2.195615917444229126e-01
-2.650895714759826660e-02
-1.923237927258014679e-02
2.439124286174774170e-01
-1.500208675861358643e-01
-7.505773901939392090e-01
-2.315600156784057617e+00
-4.754581674933433533e-02
7.124223709106445312e-01
1.097515299916267395e-01
-2.605316936969757080e-01
4.947814047336578369e-01
-5.715032815933227539e-01
-3.569603860378265381e-01
-4.441731795668601990e-02
-2.924707904458045959e-02
6.817974448204040527e-01
-5.586673617362976074e-01
-3.829595446586608887e-02
-4.289271309971809387e-02
1.964408755302429199e-01
2.244479954242706299e-01
3.782771760597825050e-03
2.305958122014999390e-01
-1.687564700841903687e-01
2.802186906337738037e-01
9.171769767999649048e-02
2.138212025165557861e-01
1.107344150543212891e+00
-5.884038284420967102e-02
-1.258437782526016235e-01
-4.676997289061546326e-02
3.749815523624420166e-01
-2.050734460353851318e-01
6.080429553985595703e-01
-6.231533363461494446e-02
2.737587392330169678e-01
-4.891555011272430420e-01
1.534281730651855469e+00
3.412477672100067139e-01
5.037069916725158691e-01
-5.657189488410949707e-01
5.605455860495567322e-02
1.328113228082656860e-01
-2.269989699125289917e-01
7.431603670120239258e-01
4.685868024826049805e-01
-1.170013323426246643e-01
3.035018686205148697e-03
-9.685726836323738098e-03
-9.666157513856887817e-02
1.232805624604225159e-01
-2.439053356647491455e-01
6.177867054939270020e-01
4.020574390888214111e-01
1.778364777565002441e-01
-1.369863748550415039e-01
-5.136871933937072754e-01
1.852248907089233398e-01
-1.193946320563554764e-02
4.745292067527770996e-01
-7.782085984945297241e-02
-3.214533627033233643e-01
-1.900233179330825806e-01
3.958388697355985641e-03
-2.858079075813293457e-01
1.233121037483215332e+00
-2.966727316379547119e-01
-3.703324496746063232e-01
6.316355466842651367e-01
5.086213946342468262e-01
-3.567318022251129150e-01
3.051548898220062256e-01
6.667321175336837769e-02
1.202827692031860352e-01
-3.529591262340545654e-01
-5.011096596717834473e-01
1.121359765529632568e-01
-1.868474632501602173e-01
4.504675418138504028e-02
3.024758994579315186e-01
-1.579786390066146851e-01
-3.864609003067016602e-01
-3.506296873092651367e-02
-2.015153020620346069e-01
-4.098408818244934082e-01
6.400822401046752930e-01
-8.407016843557357788e-02
-2.843998372554779053e-01
1.650644540786743164e-01
1.833796650171279907e-01
5.077300965785980225e-02
1.627193689346313477e-01
-1.707671135663986206e-01
-2.314533889293670654e-01
-4.857127666473388672e-01
7.186651229858398438e-01
-8.700075000524520874e-02
-1.175638884305953979e-01
-4.531827569007873535e-02
-6.946319937705993652e-01
4.482409916818141937e-03
-9.307177364826202393e-02
-5.890298262238502502e-02
5.051731318235397339e-02
-3.052406907081604004e-01
1.027193814516067505e-01
9.777120314538478851e-03
-3.311721086502075195e-01
8.234238028526306152e-01
-7.076139003038406372e-02
3.777014911174774170e-01
9.649991989135742188e-03
-1.644660532474517822e-01
1.406794637441635132e-01
5.707828793674707413e-03
-1.517854183912277222e-01
1.082011032849550247e-02
-2.675346434116363525e-01
-2.534584105014801025e-01
-5.223824828863143921e-02
7.506805658340454102e-02
-5.185338258743286133e-01
1.881175786256790161e-01
-3.048970103263854980e-01
-9.199939966201782227e-01
8.491543531417846680e-01
-5.358692407608032227e-01
3.135819360613822937e-02
3.095560967922210693e-01
3.101022839546203613e-01
8.249032311141490936e-03
-1.464718580245971680e-01
-1.982442885637283325e-01
-3.044668734073638916e-01
-3.840094506740570068e-01
-2.075117081403732300e-01
3.364388644695281982e-02
-8.658930659294128418e-02
-2.442082017660140991e-01
-1.737810373306274414e-01
-1.645837128162384033e-01
-6.483598947525024414e-01
1.035760790109634399e-01
-3.454307019710540771e-01
-1.003705024719238281e+00
8.657699823379516602e-01
-1.730676740407943726e-01
-1.358381986618041992e+00
4.456646740436553955e-01
2.722638845443725586e-01
1.868397444486618042e-01
2.082575559616088867e-01
-1.352987885475158691e-01
-3.595149219036102295e-01
-1.800538897514343262e-01
-1.165329292416572571e-02
-1.034417375922203064e-01
-1.273006796836853027e-01
2.188167534768581390e-02
2.374570220708847046e-01
2.285906970500946045e-01
-1.018679022789001465e+00
-5.670360848307609558e-02
3.310877829790115356e-02
-7.999370694160461426e-01
6.357474923133850098e-01
-2.107539772987365723e-01
-1.447156220674514771e-01
5.650029182434082031e-01
-1.360461264848709106e-01
-1.213318482041358948e-01
-1.800900548696517944e-01
3.099637478590011597e-02
-9.730516374111175537e-02
-2.831827402114868164e-01
1.100723445415496826e-01
1.847154945135116577e-01
3.902229666709899902e-01
5.455055832862854004e-01
-9.270353615283966064e-02
-5.604607462882995605e-01
1.394340842962265015e-01
-4.699389636516571045e-02
1.404039710760116577e-01
-2.395387887954711914e-01
-6.555634550750255585e-03
4.092315137386322021e-01
-8.798500522971153259e-03
-2.778292596340179443e-01
7.040422409772872925e-02
1.647717654705047607e-01
2.612623758614063263e-02
5.314264893531799316e-01
-7.628288120031356812e-02
4.056265950202941895e-02
1.123166754841804504e-01
4.783851280808448792e-02
-7.132298350334167480e-01
-1.375337392091751099e-01
-7.143139839172363281e-01
5.588083863258361816e-01
7.281030416488647461e-01
-5.941748619079589844e-02
2.368382215499877930e-01
3.494680821895599365e-01
-9.470881819725036621e-01
1.566389650106430054e-01
8.177457451820373535e-01
-4.951867759227752686e-01
-3.183709979057312012e-01
-1.357387751340866089e-01
1.695355633273720741e-03
-3.021091520786285400e-01
-8.917774260044097900e-02
3.542534708976745605e-01
3.747695684432983398e-01
-2.529877424240112305e-01
-2.206058204174041748e-01
1.097456336021423340e+00
-6.833961009979248047e-01
-2.207996509969234467e-02
-3.222694098949432373e-01
-6.077883243560791016e-01
2.398549765348434448e-01
1.379979252815246582e-01
-7.917029261589050293e-01
3.356035351753234863e-01
1.365972518920898438e+00
-1.298555731773376465e+00
-6.280578207224607468e-03
-8.836401253938674927e-02
1.045197844505310059e-01
2.588491141796112061e-01
6.776554882526397705e-02
1.133816838264465332e-01
1.135132387280464172e-01
4.439768791198730469e-01
-5.045450329780578613e-01
1.374477893114089966e-01
-8.264485001564025879e-02
9.730464965105056763e-02
-7.812381256371736526e-03
2.235101014375686646e-01
-8.241006173193454742e-03
2.984590232372283936e-01
1.543037533760070801e+00
9.119936823844909668e-02
2.480122596025466919e-01
-6.313604712486267090e-01
-5.459921956062316895e-01
-5.105096474289894104e-02
-6.997792720794677734e-01
2.629336668178439140e-03
3.534294664859771729e-01
7.732022553682327271e-03
2.241735607385635376e-01
-2.318926602602005005e-01
-4.824645221233367920e-01
6.343249678611755371e-01
-7.188981771469116211e-02
1.101733371615409851e-01
3.391232192516326904e-01
-5.538284778594970703e-01
4.902277886867523193e-01
3.516338169574737549e-01
-8.440709114074707031e-02
5.974428057670593262e-01
-2.325849086046218872e-01
-2.888465821743011475e-01
-5.765901803970336914e-01
8.668532967567443848e-02
-3.358284831047058105e-01
3.172268867492675781e-01
-8.427134901285171509e-02
4.572580456733703613e-01
-6.724801659584045410e-01
5.957783460617065430e-01
4.755931496620178223e-01
1.778199672698974609e-01
5.287181735038757324e-01
5.290641784667968750e-01
-7.219987511634826660e-01
2.861320674419403076e-01
-1.170579046010971069e-01
-8.936375379562377930e-01
1.103717386722564697e-01
-1.275778114795684814e-01
9.033209085464477539e-01
-1.264516562223434448e-01
8.697141706943511963e-02
-8.719506263732910156e-01
9.385600686073303223e-01
5.538221448659896851e-02
-1.148865595459938049e-01
-2.849143743515014648e-01
7.732471078634262085e-02
-8.667305856943130493e-02
-3.459009230136871338e-01
-9.487365931272506714e-02
-6.988044828176498413e-02
2.717668935656547546e-02
-1.221147459000349045e-02
3.525565266609191895e-01
-7.858802378177642822e-02
-2.504673004150390625e-01
-1.347393244504928589e-01
-8.952469378709793091e-02
-1.285300731658935547e+00
-7.210873812437057495e-02
3.249263167381286621e-01
-1.601834297180175781e-01
-9.973494410514831543e-01
-3.123633563518524170e-01
3.343945443630218506e-01
-1.844864636659622192e-01
3.428107127547264099e-02
-1.836948096752166748e-01
6.371537446975708008e-01
2.703276276588439941e-01
5.825090408325195312e-01
-5.193264484405517578e-01
2.514325268566608429e-02
1.546300649642944336e-01
3.799336254596710205e-01
-1.798339933156967163e-01
-1.705338656902313232e-01
-3.746160864830017090e-01
-3.249484002590179443e-01
-2.753099426627159119e-03
-3.024921715259552002e-01
2.489733882248401642e-02
2.214252948760986328e-01
-1.069025322794914246e-01
4.410600662231445312e-02
6.469746679067611694e-02
3.427351359277963638e-03
-4.163284599781036377e-01
2.504626810550689697e-01
-2.214848995208740234e-01
-6.586546301841735840e-01
4.131649136543273926e-01
-1.231540888547897339e-01
1.148247197270393372e-01
-8.065759539604187012e-01
2.243802696466445923e-01
6.073306202888488770e-01
5.612977743148803711e-01
3.004930019378662109e-01
6.531015038490295410e-01
7.604715228080749512e-01
-1.650717109441757202e-01
8.253819495439529419e-02
-1.253509074449539185e-01
-3.873823583126068115e-01
1.034730114042758942e-02
6.523387134075164795e-02
2.444274723529815674e-01
1.118232965469360352e+00
-2.971317768096923828e-01
-6.671136617660522461e-01
1.031344890594482422e+00
-1.140804067254066467e-01
6.460423022508621216e-02
5.381707102060317993e-02
4.529730677604675293e-01
4.205242097377777100e-01
-5.811041221022605896e-02
4.432436823844909668e-01
3.677825033664703369e-01
3.939763307571411133e-01
5.461714044213294983e-02
-6.716141700744628906e-01
1.022492170333862305e+00
5.440126061439514160e-01
-2.129461616277694702e-01
1.849610209465026855e-01
-6.291436403989791870e-02
-1.416832923889160156e+00
-8.800625801086425781e-02
-4.654314815998077393e-01
7.956780791282653809e-01
1.007275432348251343e-01
2.393309175968170166e-01
7.353932261466979980e-01
1.199980899691581726e-01
2.456718981266021729e-01
-5.356517806649208069e-02
4.369775578379631042e-02
-3.961560875177383423e-02
-5.754577368497848511e-02
5.400252342224121094e-01
3.993458449840545654e-01
1.809979528188705444e-01
1.587651520967483521e-01
2.429424375295639038e-01
3.684223815798759460e-02
-1.824124306440353394e-01
1.741204142570495605e+00
-2.489022165536880493e-01
-5.216054320335388184e-01
2.705146372318267822e-01
-6.540384888648986816e-02
4.489507377147674561e-01
-2.588596940040588379e-01
2.335505783557891846e-01
3.249574005603790283e-01
5.471557974815368652e-01
4.300281703472137451e-01
5.162184834480285645e-01
4.327449500560760498e-01
-4.005674123764038086e-01
5.601764917373657227e-01
-3.229893445968627930e-01
-1.603172868490219116e-01
-1.462213099002838135e-01
4.047773778438568115e-01
7.100517153739929199e-01
1.798964589834213257e-01
1.042622625827789307e-01
-4.183835983276367188e-01
1.739785820245742798e-01
-1.727476567029953003e-01
1.100137829780578613e-01
-8.205002546310424805e-01
1.368104219436645508e-01
3.438331484794616699e-01
4.444235563278198242e-01
1.537021845579147339e-01
4.346752762794494629e-01
6.670466065406799316e-01
8.796671777963638306e-02
-2.362801432609558105e-01
9.080343693494796753e-02
-6.317656487226486206e-02
2.731650471687316895e-01
6.461028754711151123e-02
4.177349507808685303e-01
4.794031381607055664e-01
-4.168464243412017822e-01
2.625147998332977295e-01
-3.087936043739318848e-01
-4.792151451110839844e-01
5.120569840073585510e-02
-3.962786793708801270e-01
-2.729750573635101318e-01
-2.674183547496795654e-01
-3.880374431610107422e-01
-6.599815934896469116e-02
-2.847023904323577881e-01
-1.136746481060981750e-01
1.843914389610290527e-01
-1.524455845355987549e-01
2.357673048973083496e-01
5.222885608673095703e-01
1.058988645672798157e-01
-7.926959544420242310e-02
-2.226389944553375244e-01
7.804307341575622559e-01
4.703586697578430176e-01
1.001846492290496826e-01
-5.586583018302917480e-01
3.222650848329067230e-03
-1.788947582244873047e-01
-1.703833192586898804e-01
-5.676939487457275391e-01
-1.078394204378128052e-01
3.603380620479583740e-01
-3.236075937747955322e-01
-4.026238024234771729e-01
-1.846033036708831787e-01
-2.948895283043384552e-02
5.322582125663757324e-01
1.344474703073501587e-01
1.293519735336303711e-01
1.684634387493133545e-01
4.059534966945648193e-01
5.877773463726043701e-02
3.656872510910034180e-01
3.245300650596618652e-01
9.479971230030059814e-02
-3.860068917274475098e-01
1.739877760410308838e-01
1.081704348325729370e-02
-2.212226390838623047e-01
1.137633174657821655e-01
-3.355399370193481445e-01
-4.276619255542755127e-01
-1.309082359075546265e-01
-9.200162291526794434e-01
-5.824101567268371582e-01
2.354817092418670654e-02
3.525772392749786377e-01
-1.008085981011390686e-01
5.512719601392745972e-02
-2.308028340339660645e-01
-3.123604655265808105e-01
-5.972671136260032654e-02
-5.436819195747375488e-01
3.642871379852294922e-01
2.213709652423858643e-01
1.466278452426195145e-02
-1.376375705003738403e-01
-2.749676406383514404e-01
9.925013035535812378e-02
-3.088493645191192627e-01
-3.141745626926422119e-01
9.863474965095520020e-02
-2.917326986789703369e-01
-9.851028770208358765e-02
5.543028935790061951e-02
3.381455242633819580e-01
2.845017611980438232e-02
9.248549938201904297e-01
-4.496678411960601807e-01
-1.973753124475479126e-01
8.754862844944000244e-02
-8.188754320144653320e-02
-1.297582030296325684e+00
-3.805837035179138184e-01
-2.437151968479156494e-02
-3.509919345378875732e-01
-2.162937819957733154e-01
1.650572866201400757e-01
2.756104171276092529e-01
-1.196413934230804443e-01
-2.962887287139892578e-02
-6.356363892555236816e-01
-1.461668610572814941e-01
-4.429547488689422607e-02
6.314972043037414551e-01
4.417459368705749512e-01
-3.596048355102539062e-01
1.605078279972076416e-01
-6.808771193027496338e-02
1.304036974906921387e-01
4.887912869453430176e-01
3.480927050113677979e-01
7.944268733263015747e-02
4.999641180038452148e-01
-2.142290025949478149e-01
4.591211676597595215e-01
3.359451293945312500e-01
2.457537055015563965e-01
-3.623970597982406616e-02
-5.871941447257995605e-01
3.920102119445800781e-01
6.741592288017272949e-02
1.303901672363281250e-01
1.324482858180999756e-01
-1.789154112339019775e-01
2.102004587650299072e-01
1.172658562660217285e+00
-1.584685146808624268e-01
-6.680827140808105469e-01
-8.038826286792755127e-02
2.634970471262931824e-02
2.996992766857147217e-01
3.543079495429992676e-01
4.375431835651397705e-01
4.514532387256622314e-01
-7.213554382324218750e-01
-2.424607723951339722e-01
-3.318201303482055664e-01
7.446293532848358154e-02
-1.125443130731582642e-01
-4.664959907531738281e-01
-7.414451241493225098e-01
-5.211443305015563965e-01
-7.587810754776000977e-01
-5.738964676856994629e-01
3.219371736049652100e-01
3.465163111686706543e-01
1.489858329296112061e-01
3.442237079143524170e-01
3.367707729339599609e-01
-3.812775015830993652e-01
-3.557018637657165527e-01
8.182888478040695190e-02
9.176532737910747528e-03
-7.597118020057678223e-01
1.462975144386291504e-01
-1.187133695930242538e-02
2.137035876512527466e-01
-7.535795867443084717e-02
6.265454888343811035e-01
1.014748692512512207e+00
2.130921930074691772e-01
6.760653257369995117e-01
9.292106628417968750e-01
7.970803380012512207e-01
-6.019797325134277344e-01
-1.323826164007186890e-01
-3.138855099678039551e-02
-1.522977799177169800e-01
-9.878889471292495728e-02
5.980777740478515625e-01
2.587912678718566895e-01
-1.305981576442718506e-01
-6.999163031578063965e-01
-1.919538825750350952e-01
2.476795613765716553e-01
-3.618035912513732910e-01
1.264667958021163940e-01
-9.246762841939926147e-02
9.379222989082336426e-01
4.517285153269767761e-02
6.167752742767333984e-01
3.694722950458526611e-01
-3.450301289558410645e-01
1.124505519866943359e+00
-3.261905610561370850e-01
-6.757683157920837402e-01
-2.015547603368759155e-01
3.219684362411499023e-01
7.833218574523925781e-02
4.717300534248352051e-01
-8.934696912765502930e-01
-3.913422822952270508e-01
1.592624187469482422e-01
4.627064615488052368e-02
7.827486395835876465e-01
-2.785176038742065430e-01
-3.393082022666931152e-01
-5.421524643898010254e-01
-5.155861377716064453e-01
-1.121411770582199097e-01
-4.250498861074447632e-02
-4.051514565944671631e-01
2.803219258785247803e-01
-7.622585445642471313e-02
1.450926717370748520e-02
4.853312969207763672e-01
1.218943119049072266e+00
5.860216617584228516e-01
5.074332356452941895e-01
-9.199053794145584106e-02
-5.238060355186462402e-01
1.251736402511596680e+00
-2.501422166824340820e-01
-1.286396682262420654e-01
-2.286393195390701294e-01
-3.958574309945106506e-02
-2.770960330963134766e-01
-6.469517350196838379e-01
-5.801513046026229858e-02
-2.641721963882446289e-01
-2.612162828445434570e-01
-1.205931827425956726e-01
-1.413278281688690186e-01
-1.340400278568267822e-01
-2.092002183198928833e-01
3.180383443832397461e-01
2.508846521377563477e-01
7.774525880813598633e-02
1.837278455495834351e-01
-4.834747910499572754e-01
5.074427649378776550e-02
-9.450957924127578735e-02
4.640696048736572266e-01
-4.711467325687408447e-01
1.254280447959899902e+00
8.290687948465347290e-02
5.005867779254913330e-02
7.944685816764831543e-01
-7.665668129920959473e-01
-1.867742463946342468e-02
8.264163136482238770e-02
5.111765265464782715e-01
2.573809921741485596e-01
-2.021341957151889801e-02
4.601934552192687988e-02
8.833783864974975586e-02
7.768394052982330322e-02
-9.795043617486953735e-02
-4.022765159606933594e-02
2.590352296829223633e-01
2.371254116296768188e-01
-8.289397507905960083e-02
5.615289211273193359e-01
-2.643044479191303253e-02
7.837781310081481934e-02
1.872873902320861816e-01
4.523990750312805176e-01
2.151817381381988525e-01
4.410799741744995117e-01
3.408780694007873535e-01
-5.887871384620666504e-01
-7.566253840923309326e-02
1.253683269023895264e-01
-4.112246036529541016e-01
-2.282827496528625488e-01
3.714257776737213135e-01
-3.876698613166809082e-01
2.547568976879119873e-01
-3.016959130764007568e-01
-6.321519017219543457e-01
-9.857318550348281860e-02
3.496738150715827942e-02
2.802291810512542725e-01
-3.371553421020507812e-01
5.876630544662475586e-01
7.357782870531082153e-02
3.672204315662384033e-01
1.996273249387741089e-01
1.121001839637756348e-01
4.670380353927612305e-01
3.029951155185699463e-01
6.531131267547607422e-01
-2.625579386949539185e-02
5.743549466133117676e-01
-3.820998966693878174e-01
1.628938913345336914e-01
-5.002493858337402344e-01
1.072099730372428894e-01
-2.418437451124191284e-01
3.419939279556274414e-01
1.658025532960891724e-01
-1.672150194644927979e-01
1.011225938796997070e+00
2.236520797014236450e-01
-2.628506124019622803e-01
2.217835634946823120e-01
2.203654050827026367e-01
-1.670712381601333618e-01
-3.176390826702117920e-01
3.868082538247108459e-02
-2.323525696992874146e-01
-2.102097719907760620e-01
-3.486736714839935303e-01
-5.822664499282836914e-02
-2.094654887914657593e-01
7.391853928565979004e-01
-1.098647713661193848e-02
-2.101267874240875244e-01
-4.866572022438049316e-01
2.009596824645996094e-01
-2.116707563400268555e-01
-2.917653620243072510e-01
-3.639915883541107178e-01
-1.279985904693603516e-01
-4.588453769683837891e-01
-3.569963872432708740e-01
4.611831605434417725e-01
3.327016830444335938e-01
3.680926561355590820e-01
1.690017282962799072e-01
-6.309937685728073120e-03
-8.209037035703659058e-02
4.945976138114929199e-01
-6.227834820747375488e-01
-2.394978702068328857e-01
4.610451459884643555e-01
2.098033875226974487e-01
-1.288965940475463867e-01
1.995329260826110840e-01
-2.944920063018798828e-01
-3.216736391186714172e-02
-2.524695098400115967e-01
-1.004198566079139709e-01
-1.725891530513763428e-01
-7.160607576370239258e-01
-3.985504209995269775e-01
2.302816957235336304e-01
-4.226359426975250244e-01
5.879727602005004883e-01
-2.217688113451004028e-01
-2.539410591125488281e-01
7.031645625829696655e-02
1.000861302018165588e-01
-1.198538392782211304e-01
1.832746863365173340e+00
2.476045042276382446e-01
2.450336813926696777e-01
-2.067403644323348999e-01
9.395895600318908691e-01
-1.509434580802917480e-01
1.769070148468017578e+00
-2.284900993108749390e-01
-2.052212059497833252e-01
1.226529851555824280e-01
3.030073046684265137e-01
-6.392586231231689453e-02
-1.372012943029403687e-01
4.494488239288330078e-02
6.711743026971817017e-02
1.784549094736576080e-02
-1.343012303113937378e-01
1.206120103597640991e-01
2.094469368457794189e-01
-2.352543771266937256e-01
-6.902579334564507008e-04
-3.559348285198211670e-01
-3.408119827508926392e-02
1.692725419998168945e-01
5.023742839694023132e-02
1.451252847909927368e-01
-6.202054396271705627e-02
-5.031607300043106079e-02
-1.648212317377328873e-03
1.106534823775291443e-01
1.295171231031417847e-01
1.572289317846298218e-02
-4.232096374034881592e-01
-2.208318933844566345e-02
-1.821046620607376099e-01
1.067144982516765594e-02
7.304832935333251953e-01
-1.359789073467254639e-01
-6.868942081928253174e-02
2.081015110015869141e-01
-8.101938664913177490e-02
1.644305139780044556e-01
-3.564669191837310791e-01
-1.469607651233673096e-02
2.380453497171401978e-01
5.969171598553657532e-02
6.860359013080596924e-02
-1.226763725280761719e-01
8.619700372219085693e-02
-1.474215066991746426e-03
