5.535934567451477051e-01
-3.544299602508544922e-01
-8.080258965492248535e-02
1.825456470251083374e-01
-4.234486222267150879e-01
6.600793004035949707e-01
-2.129971981048583984e-01
2.098804712295532227e-01
1.647188663482666016e-01
-1.236796259880065918e+00
-1.476634442806243896e-01
1.511279046535491943e-01
-6.462939083576202393e-03
-2.178625762462615967e-01
-9.304261207580566406e-02
-9.296714067459106445e-01
7.654494792222976685e-02
1.034678295254707336e-01
3.423357009887695312e-01
6.730514764785766602e-01
-8.585163950920104980e-02
-1.502501606941223145e+00
1.604575961828231812e-01
-7.901496887207031250e-01
7.665298134088516235e-02
-7.098644971847534180e-01
2.254323214292526245e-01
1.001657247543334961e+00
-3.221814036369323730e-01
7.357384562492370605e-01
-7.887241989374160767e-02
1.779180318117141724e-01
4.123344421386718750e-01
-4.805988371372222900e-01
-3.913947343826293945e-01
-7.805289626121520996e-01
7.402737736701965332e-01
4.707173109054565430e-01
4.193638265132904053e-01
2.516914010047912598e-01
1.107767105102539062e+00
-9.534319043159484863e-01
7.556391358375549316e-01
-2.236046344041824341e-01
-4.187054559588432312e-02
5.577430129051208496e-01
-5.876392126083374023e-01
7.841161489486694336e-01
-5.739965438842773438e-01
1.487248539924621582e-01
6.704047322273254395e-02
-2.684678137302398682e-01
3.408923745155334473e-01
-7.461215853691101074e-01
1.239998221397399902e+00
1.055771782994270325e-01
5.128675699234008789e-02
-7.989242672920227051e-01
1.403416633605957031e+00
7.466956377029418945e-01
3.406645357608795166e-01
-3.380154073238372803e-01
-2.869615517556667328e-02
1.109219267964363098e-01
8.989086747169494629e-02
2.339679598808288574e-01
6.071254611015319824e-02
9.129511713981628418e-01
-2.929421961307525635e-01
-6.161764860153198242e-01
6.640896201133728027e-02
-1.569386273622512817e-01
1.759611368179321289e-01
-9.151248931884765625e-01
3.345957770943641663e-02
1.473943144083023071e-01
2.069042026996612549e-01
5.836762487888336182e-02
1.692190170288085938e-01
6.054078340530395508e-01
-4.038893878459930420e-01
-1.882819384336471558e-01
-1.010946333408355713e-01
-2.026003599166870117e-01
5.394936203956604004e-01
-1.494585573673248291e-01
-1.514275968074798584e-01
4.355438053607940674e-01
-1.781851500272750854e-01
-5.480473041534423828e-01
9.154362082481384277e-01
1.610229909420013428e-01
1.527350544929504395e-01
-2.960734963417053223e-01
-2.022742480039596558e-01
-4.032816588878631592e-01
-3.903322294354438782e-02
6.876471042633056641e-01
-3.784957826137542725e-01
-5.427992939949035645e-01
2.781474292278289795e-01
-1.699858307838439941e-01
4.408098161220550537e-01
2.887737154960632324e-01
-4.921976923942565918e-01
1.224742829799652100e-01
2.393376827239990234e-01
-1.463765650987625122e-01
-3.136232197284698486e-01
3.136095702648162842e-01
-1.443631500005722046e-01
-3.113145530223846436e-01
1.987532228231430054e-01
3.386902809143066406e-01
2.544821798801422119e-01
3.290098309516906738e-01
-3.164448738098144531e-01
-6.187167018651962280e-02
-5.299772322177886963e-02
-2.607766687870025635e-01
-2.655802071094512939e-01
1.904389858245849609e-01
1.932956576347351074e-01
1.464461088180541992e-01
1.976697444915771484e-01
-2.026332318782806396e-01
-4.579010605812072754e-02
-1.076067835092544556e-01
2.934269607067108154e-01
-7.185051590204238892e-02
2.936802990734577179e-02
1.177746802568435669e-01
-1.698323786258697510e-01
-1.176867261528968811e-01
-1.374257076531648636e-02
1.229740679264068604e-01
-3.412147760391235352e-01
1.981375664472579956e-01
3.560584038496017456e-02
-3.638756573200225830e-01
-1.347122430801391602e+00
6.467071175575256348e-01
-1.167617216706275940e-01
7.462084889411926270e-01
2.833697199821472168e-01
-1.584801524877548218e-01
3.882727026939392090e-02
-2.775346636772155762e-01
1.231882944703102112e-01
4.865005612373352051e-01
1.651403121650218964e-02
2.069666981697082520e-01
-3.193372786045074463e-01
4.289856851100921631e-01
-2.188636213541030884e-01
5.642076209187507629e-02
-9.785823225975036621e-01
-2.169275730848312378e-01
-4.757037386298179626e-02
-7.466810345649719238e-01
-4.539901390671730042e-02
-2.178428620100021362e-01
1.247356832027435303e-01
-2.732727304100990295e-02
-9.039478898048400879e-01
1.880316436290740967e-01
-3.194532096385955811e-01
4.531887173652648926e-02
-3.873890936374664307e-01
7.902906537055969238e-01
-8.734111785888671875e-01
-7.097357511520385742e-01
4.834960401058197021e-02
-3.441464900970458984e-02
3.305275738239288330e-01
6.396808028221130371e-01
2.730844914913177490e-01
-3.544895648956298828e-01
-2.178150787949562073e-02
4.208664894104003906e-01
-4.949430376291275024e-02
-2.119751423597335815e-01
-6.998159289360046387e-01
-4.252920448780059814e-01
9.480453729629516602e-01
3.755614757537841797e-01
2.413181215524673462e-01
3.504672944545745850e-01
-2.899318933486938477e-01
5.170149356126785278e-02
1.049921393394470215e+00
4.040102958679199219e-01
8.550725877285003662e-02
-4.788412749767303467e-01
-1.814296543598175049e-01
-5.022104382514953613e-01
6.948936581611633301e-01
1.287587881088256836e-01
2.091904133558273315e-01
-5.645844340324401855e-02
2.216338515281677246e-01
-2.704824209213256836e-01
4.392105340957641602e-01
1.918134689331054688e-01
8.319015800952911377e-02
2.543627619743347168e-01
-1.719702780246734619e-01
3.787917494773864746e-01
-6.604192405939102173e-02
-1.650520712137222290e-01
-7.658986747264862061e-02
-8.873902261257171631e-02
3.649737313389778137e-02
-4.784908890724182129e-01
3.002343773841857910e-01
4.780216813087463379e-01
-6.182572245597839355e-01
-2.669395804405212402e-01
6.877732276916503906e-02
1.505892574787139893e-01
-3.802802860736846924e-01
1.911185532808303833e-01
-4.440733790397644043e-02
-2.612237334251403809e-01
-6.129249930381774902e-01
-9.468815475702285767e-02
-2.040678411722183228e-01
4.711770452558994293e-03
-6.445250660181045532e-02
6.874294877052307129e-01
-1.054410696029663086e+00
-6.079410910606384277e-01
1.515563726425170898e-01
3.050611317157745361e-01
4.170427471399307251e-02
3.395385444164276123e-01
-3.152780234813690186e-01
-2.348520420491695404e-02
1.533057820051908493e-02
-8.456881344318389893e-02
-7.020199298858642578e-02
-2.069228440523147583e-01
2.546773850917816162e-01
2.703869342803955078e-01
7.573269773274660110e-03
3.302602171897888184e-01
-4.135005474090576172e-01
-1.571861654520034790e-02
-4.417161941528320312e-01
3.458951786160469055e-02
8.774965256452560425e-02
-6.913385540246963501e-02
1.814489513635635376e-01
2.143826894462108612e-02
2.458459585905075073e-01
1.105891391634941101e-01
-5.446354150772094727e-01
1.909848898649215698e-01
1.837090402841567993e-01
-1.533337533473968506e-01
5.295825600624084473e-01
-1.605930179357528687e-01
-2.516612410545349121e-01
-8.980129957199096680e-01
-4.563041627407073975e-01
-7.018681615591049194e-02
-7.294323295354843140e-02
5.649209618568420410e-01
8.230582624673843384e-02
3.120037354528903961e-02
-4.395647943019866943e-01
-9.920014441013336182e-02
5.364928245544433594e-01
-5.654237270355224609e-01
-2.030772566795349121e-01
-3.127238899469375610e-02
5.314336419105529785e-01
-1.846161037683486938e-01
1.601421087980270386e-01
7.192768901586532593e-02
-8.103983104228973389e-02
3.583167493343353271e-01
2.009742558002471924e-01
4.073270261287689209e-01
-7.259652018547058105e-02
-6.180505752563476562e-01
1.154891997575759888e-01
5.095464587211608887e-01
3.363088369369506836e-01
-9.580240398645401001e-02
-1.011840701103210449e-01
1.255672425031661987e-01
-1.358704548329114914e-02
-3.685520887374877930e-01
-6.046098470687866211e-02
-2.275089323520660400e-01
1.996561884880065918e-02
4.879583120346069336e-01
-9.026173949241638184e-01
1.019704863429069519e-01
-2.953369319438934326e-01
1.835249364376068115e-01
3.653100728988647461e-01
-4.093267619609832764e-01
6.154330447316169739e-03
-4.010863900184631348e-01
-2.271017581224441528e-01
7.347617745399475098e-01
5.507460609078407288e-02
-3.058414459228515625e-01
1.168900057673454285e-01
1.504895985126495361e-01
9.794369339942932129e-01
-7.545685172080993652e-01
6.709188818931579590e-01
-2.719282805919647217e-01
4.354675114154815674e-01
4.775489270687103271e-01
-2.517921626567840576e-01
-1.085857003927230835e-01
2.811118066310882568e-01
1.062383353710174561e-01
-2.018229216337203979e-01
-1.167333960533142090e+00
2.747481167316436768e-01
-4.598858356475830078e-01
2.563405036926269531e-01
4.777757525444030762e-01
1.923380792140960693e-01
-1.156614571809768677e-01
2.943904399871826172e-01
2.840140759944915771e-01
1.239045143127441406e+00
-2.267984598875045776e-01
-9.750332683324813843e-02
-4.114217162132263184e-01
1.904536485671997070e-01
-8.042463660240173340e-02
5.580171477049589157e-03
5.037770420312881470e-02
4.298294484615325928e-01
-4.892261922359466553e-01
-4.856818821281194687e-03
-1.351646333932876587e-02
1.801839023828506470e-01
3.874231576919555664e-01
-3.049341440200805664e-01
-1.939273327589035034e-01
-3.728444576263427734e-01
6.697683334350585938e-01
1.180819347500801086e-01
-8.417170494794845581e-02
1.908629387617111206e-01
2.863481938838958740e-01
4.136931300163269043e-01
5.336167812347412109e-01
7.430482506752014160e-01
-9.436871409416198730e-01
1.005234599113464355e+00
6.396799683570861816e-01
9.437082707881927490e-02
-4.075171053409576416e-01
6.702715754508972168e-01
3.998085856437683105e-01
8.267135918140411377e-02
4.157868921756744385e-01
-2.457819283008575439e-01
9.553159773349761963e-02
-1.911912858486175537e-01
-1.998826563358306885e-01
-1.374215483665466309e-01
-1.355049759149551392e-01
5.196128040552139282e-02
-3.036837875843048096e-01
3.799597024917602539e-01
5.591704249382019043e-01
-6.955241560935974121e-01
3.442041948437690735e-02
3.342466652393341064e-01
6.899674236774444580e-02
-1.690203696489334106e-01
7.553508039563894272e-03
-2.771666944026947021e-01
-1.152789145708084106e-01
4.184614717960357666e-01
-3.044889271259307861e-01
5.722222924232482910e-01
2.308900505304336548e-01
1.804414242506027222e-01
-9.100436568260192871e-01
6.893272399902343750e-01
6.537911891937255859e-01
-6.798576563596725464e-02
-6.104824542999267578e-01
-2.846192419528961182e-01
-3.413803279399871826e-01
5.601163953542709351e-02
5.648991465568542480e-01
-2.367515116930007935e-02
-5.256846919655799866e-02
6.138773560523986816e-01
-5.618990659713745117e-01
-9.302636981010437012e-02
-4.611686766147613525e-01
4.356951117515563965e-01
-1.079018563032150269e-01
8.827269077301025391e-03
5.493346452713012695e-01
1.312081217765808105e-01
-5.656394362449645996e-01
3.764794468879699707e-01
4.158323705196380615e-01
1.805885732173919678e-01
-8.682463169097900391e-01
1.588579863309860229e-01
-7.064376026391983032e-02
4.953125119209289551e-01
2.595533728599548340e-01
1.739454716444015503e-01
5.548388361930847168e-01
3.343292772769927979e-01
-2.025838345289230347e-01
4.234181940555572510e-01
-1.370228274026885629e-04
1.925983093678951263e-02
7.319698929786682129e-01
-4.342264831066131592e-01
-7.396087795495986938e-02
-2.727226912975311279e-01
6.175169944763183594e-01
-2.135212123394012451e-01
-4.348529279232025146e-01
3.541053235530853271e-01
1.100753024220466614e-01
5.033989548683166504e-01
2.967264056205749512e-01
3.209878876805305481e-02
-8.586741685867309570e-01
9.126927256584167480e-01
5.319039225578308105e-01
-3.958524167537689209e-01
5.052746534347534180e-01
-3.149905204772949219e-01
2.370806187391281128e-01
4.847536683082580566e-01
-7.004506140947341919e-02
5.380285531282424927e-02
9.207732230424880981e-02
-5.676830559968948364e-02
-7.531064748764038086e-01
8.021080493927001953e-01
4.740105867385864258e-01
6.976721435785293579e-02
-3.628222644329071045e-01
6.581058353185653687e-02
-1.102221682667732239e-01
4.139751195907592773e-02
2.751024961471557617e-01
-6.767560541629791260e-02
-1.872868835926055908e-01
4.664887785911560059e-01
-2.041942477226257324e-01
4.504378736019134521e-01
-2.690587043762207031e-01
-3.399958312511444092e-01
6.359818577766418457e-01
-1.259632110595703125e-01
1.774602830410003662e-01
2.779239118099212646e-01
3.223626613616943359e-01
6.252797693014144897e-02
-3.961287438869476318e-01
1.224322319030761719e-01
1.766046285629272461e-01
5.886968374252319336e-01
6.264576315879821777e-01
-6.748862862586975098e-01
2.019838690757751465e-01
5.774019956588745117e-01
-4.014019966125488281e-01
-5.305626988410949707e-01
-3.516773581504821777e-01
1.134133815765380859e+00
3.656324148178100586e-01
1.702951639890670776e-01
-1.463530585169792175e-02
-7.616223692893981934e-01
1.730968505144119263e-01
4.915922582149505615e-01
1.775676488876342773e+00
-8.390095233917236328e-01
2.284766882658004761e-01
6.368398666381835938e-02
9.343487769365310669e-02
2.897152602672576904e-01
2.830828428268432617e-01
-4.267223477363586426e-01
-1.090009450912475586e+00
1.600330471992492676e-01
-3.727847337722778320e-02
-4.035987257957458496e-01
-9.214273095130920410e-02
-6.463755667209625244e-02
-3.293091356754302979e-01
-4.638210833072662354e-01
-7.409178186208009720e-03
1.142416298389434814e-01
-1.369819790124893188e-01
1.738979071378707886e-01
-8.413104414939880371e-01
1.605637818574905396e-01
-1.716164946556091309e+00
-5.602239966392517090e-01
2.882425785064697266e-01
7.245328277349472046e-02
-7.940012216567993164e-01
-1.434351056814193726e-01
1.930162906646728516e-01
-1.454145759344100952e-01
5.195836070924997330e-03
-4.925026297569274902e-01
-1.070139333605766296e-01
6.000673174858093262e-01
-3.466443419456481934e-01
8.268239349126815796e-02
-1.848078966140747070e-01
7.001865506172180176e-01
4.604690521955490112e-02
3.049624264240264893e-01
5.092144757509231567e-02
1.142662465572357178e-01
-5.895972251892089844e-01
2.236284315586090088e-01
1.138851046562194824e-01
-1.373652368783950806e-01
-2.457156628370285034e-01
-1.700082570314407349e-01
-9.280450940132141113e-01
-2.769468128681182861e-01
2.510429620742797852e-01
8.363512903451919556e-02
-1.176040887832641602e+00
4.449005126953125000e-01
-5.531830787658691406e-01
-9.830159544944763184e-01
2.200296223163604736e-01
-5.483549833297729492e-01
2.687516808509826660e-01
4.378742575645446777e-01
-1.395211089402437210e-02
-4.502113759517669678e-01
-3.583173155784606934e-01
9.181331098079681396e-02
-6.631014496088027954e-02
7.504110038280487061e-02
1.600570380687713623e-01
-5.306582450866699219e-01
-2.617526054382324219e-02
-3.807421028614044189e-02
-3.477798700332641602e-01
-3.239704072475433350e-01
-3.050850331783294678e-01
9.900512546300888062e-02
-5.788127779960632324e-01
-3.963144123554229736e-01
1.085304021835327148e-01
-2.052600830793380737e-01
4.597610980272293091e-02
-1.775611042976379395e-01
-2.734221220016479492e-01
-1.748719513416290283e-01
-5.373027324676513672e-01
-2.049668878316879272e-02
-9.668646752834320068e-02
1.161063387989997864e-01
9.092033654451370239e-02
-1.903912127017974854e-01
-2.023696899414062500e-02
3.396870195865631104e-01
-1.896920353174209595e-01
4.023772776126861572e-01
3.145501613616943359e-01
4.822014570236206055e-01
7.655944228172302246e-01
-1.043365299701690674e-01
-8.237402141094207764e-02
8.653903007507324219e-02
1.357173323631286621e-01
-9.798737615346908569e-02
2.430903315544128418e-01
1.639760583639144897e-01
7.471597790718078613e-01
7.241947054862976074e-01
2.654618620872497559e-01
2.838545478880405426e-02
2.877541482448577881e-01
1.065952107310295105e-01
3.890928924083709717e-01
6.644376367330551147e-02
2.885034680366516113e-01
2.122898995876312256e-01
-5.664749769493937492e-04
9.581086635589599609e-01
4.005758464336395264e-01
3.039318919181823730e-01
-2.877453267574310303e-01
8.420516550540924072e-02
1.351862549781799316e-01
-1.205199211835861206e-01
1.545100808143615723e-01
-7.307026982307434082e-01
3.993216454982757568e-01
-2.718856930732727051e-01
-1.153416782617568970e-01
-1.844294369220733643e-02
1.949205398559570312e-01
1.964209228754043579e-01
-2.455673664808273315e-01
1.332147419452667236e-01
1.813870072364807129e-01
7.199153304100036621e-02
-4.764053821563720703e-01
1.973974466323852539e+00
-1.244067177176475525e-01
-9.239496290683746338e-02
4.972924590110778809e-01
-4.267107322812080383e-02
4.526933431625366211e-01
-3.755584731698036194e-02
2.312369793653488159e-01
-3.368714451789855957e-02
-4.578269720077514648e-01
5.803505778312683105e-01
1.615810245275497437e-01
1.324550956487655640e-01
2.277188301086425781e-01
-2.210832238197326660e-01
-6.257192492485046387e-01
3.475715219974517822e-02
-2.378347963094711304e-01
5.307400822639465332e-01
1.365405768156051636e-01
-3.111697435379028320e-01
5.280708670616149902e-01
-1.100285793654620647e-03
6.081463024020195007e-02
7.725303620100021362e-02
1.217330843210220337e-01
-3.821573853492736816e-01
-1.597456485033035278e-01
1.384451705962419510e-02
2.401094585657119751e-01
8.490912616252899170e-02
-6.846135854721069336e-02
-2.744962275028228760e-01
-2.223397195339202881e-01
8.153522759675979614e-02
9.821475744247436523e-01
-1.566955894231796265e-01
1.684684455394744873e-01
-1.344783604145050049e-01
-1.952806711196899414e-01
3.073444068431854248e-01
-6.492340564727783203e-01
-7.116774320602416992e-01
2.734109163284301758e-01
-1.681160479784011841e-01
2.705968320369720459e-01
3.562864363193511963e-01
3.612239956855773926e-01
-1.655419170856475830e-01
1.588086634874343872e-01
3.622429668903350830e-01
3.609368503093719482e-01
7.247617244720458984e-01
4.584448635578155518e-01
-7.440276145935058594e-01
2.206385582685470581e-01
7.442407608032226562e-01
-6.767730712890625000e-01
2.899121642112731934e-01
1.237835407257080078e+00
-9.130811691284179688e-01
1.386867463588714600e-01
1.709830760955810547e-01
-4.133469164371490479e-01
2.673499286174774170e-01
-2.619523108005523682e-01
-5.863206982612609863e-01
-2.554858028888702393e-01
2.946001291275024414e-01
1.827503889799118042e-01
-2.584705352783203125e-01
-3.378789722919464111e-01
-4.066432416439056396e-01
-4.311797618865966797e-01
7.761511206626892090e-01
3.531129062175750732e-01
-1.815823614597320557e-01
6.962116360664367676e-01
-2.591461837291717529e-01
-9.391673803329467773e-01
2.846821248531341553e-01
-1.612057983875274658e-01
-1.082933306694030762e+00
6.509940028190612793e-01
-2.080292999744415283e-01
7.164218425750732422e-01
5.928580760955810547e-01
1.603657305240631104e-01
-3.727090954780578613e-01
-6.242783740162849426e-02
2.489854246377944946e-01
5.213938355445861816e-01
4.138061702251434326e-01
4.537138640880584717e-01
-5.144835710525512695e-01
-1.500996500253677368e-01
5.020447373390197754e-01
-6.670451164245605469e-01
9.176092147827148438e-01
-1.074655354022979736e-01
-3.975026309490203857e-01
-2.654289901256561279e-01
3.343243151903152466e-02
3.652933239936828613e-01
-2.078583538532257080e-01
8.414471894502639771e-02
1.371468976140022278e-02
-6.022439599037170410e-01
8.981069922447204590e-02
-2.608743123710155487e-02
1.407004296779632568e-01
1.450729072093963623e-01
2.732184231281280518e-01
1.549119353294372559e-01
1.950858384370803833e-01
7.724167704582214355e-01
2.296960502862930298e-01
-2.132458239793777466e-01
1.420273035764694214e-01
-7.327041029930114746e-02
-3.661197423934936523e-01
1.545789241790771484e-01
-7.991230487823486328e-01
-2.260712087154388428e-01
8.133071660995483398e-01
-1.775211989879608154e-01
-7.087441086769104004e-01
-1.903801262378692627e-01
6.282355785369873047e-01
2.208098582923412323e-02
-1.655061393976211548e-01
-4.314532577991485596e-01
-7.707157135009765625e-01
-1.720284223556518555e-01
1.310631275177001953e+00
3.419704139232635498e-01
-7.102708220481872559e-01
8.191426396369934082e-01
-6.338911652565002441e-01
-3.080053925514221191e-01
8.188228011131286621e-01
-1.611073762178421021e-01
-2.670458555221557617e-01
1.129016578197479248e-01
-5.233651995658874512e-01
1.823453903198242188e-01
-1.338585168123245239e-01
1.757845282554626465e-03
-4.899612665176391602e-01
9.023201465606689453e-02
-2.062392383813858032e-01
2.116624861955642700e-01
1.583662480115890503e-01
1.030321493744850159e-01
3.891969472169876099e-02
-3.516164720058441162e-01
-1.005589067935943604e-01
-3.372922539710998535e-02
-3.607155680656433105e-01
-8.009890913963317871e-01
2.171279639005661011e-01
-1.921168267726898193e-01
-9.575112462043762207e-01
7.050745189189910889e-02
-2.318531125783920288e-01
8.797471970319747925e-02
1.399278491735458374e-01
-4.920056834816932678e-02
-5.212665796279907227e-01
-2.276802062988281250e-01
2.894914746284484863e-01
3.833917677402496338e-01
6.237226724624633789e-01
3.439503014087677002e-01
-4.015803933143615723e-01
-1.059070080518722534e-01
3.148651719093322754e-01
-4.156562387943267822e-01
1.217582076787948608e-01
4.765730798244476318e-01
1.620484441518783569e-01
5.136648416519165039e-01
2.729101181030273438e-01
-3.681595325469970703e-01
1.136752292513847351e-01
-1.880366355180740356e-01
-1.493703722953796387e-01
-1.994469165802001953e-01
8.467357605695724487e-02
2.368659675121307373e-01
-3.058052957057952881e-01
-4.287394285202026367e-01
-8.011871576309204102e-01
-3.060869574546813965e-01
1.051878452301025391e+00
2.394444793462753296e-01
-4.283134043216705322e-01
4.738888740539550781e-01
-1.898584961891174316e+00
8.890608698129653931e-02
2.239692360162734985e-01
-1.222700811922550201e-03
-1.088701859116554260e-01
-6.476178020238876343e-02
-5.272153392434120178e-02
8.484014309942722321e-03
6.107981204986572266e-01
2.696142792701721191e-01
-4.093980416655540466e-02
-1.592186689376831055e-01
1.866656728088855743e-02
-1.289562582969665527e-01
2.985114753246307373e-01
-3.628805652260780334e-02
-2.864796519279479980e-01
-8.822365403175354004e-01
1.908621042966842651e-01
-3.216288387775421143e-01
6.074434518814086914e-01
3.740390837192535400e-01
-1.002630949020385742e+00
1.186583843082189560e-02
1.552108407020568848e+00
-3.216471076011657715e-01
8.994092345237731934e-01
-5.758748948574066162e-02
-5.796197056770324707e-01
3.260783851146697998e-01
8.489766120910644531e-01
-1.589412055909633636e-02
2.816319651901721954e-02
9.983618557453155518e-02
-2.445375919342041016e-01
-7.349243760108947754e-02
2.857703864574432373e-01
2.344322949647903442e-01
-2.656870484352111816e-01
1.361646689474582672e-02
-1.329326331615447998e-01
5.211256444454193115e-02
7.082430720329284668e-01
7.155215740203857422e-01
1.251592338085174561e-01
-5.668933689594268799e-02
-8.534954488277435303e-02
-3.151876628398895264e-01
-4.788104817271232605e-02
2.352951169013977051e-01
-9.796580076217651367e-01
3.118930160999298096e-01
6.314860582351684570e-01
2.214845968410372734e-03
-2.700112164020538330e-01
-3.168062772601842880e-03
3.461030721664428711e-01
2.083093076944351196e-01
-3.357270956039428711e-01
2.737212926149368286e-02
2.545667886734008789e-01
-2.476912289857864380e-01
1.654364913702011108e-02
3.540109097957611084e-01
4.348742067813873291e-01
-1.000716313719749451e-01
1.137282177805900574e-01
4.166908264160156250e-01
-6.664364784955978394e-02
4.403598010540008545e-01
-4.415512457489967346e-02
8.068229556083679199e-01
4.339715540409088135e-01
-2.825895845890045166e-01
6.181577965617179871e-02
1.802127957344055176e-01
-5.507268309593200684e-01
1.936996877193450928e-01
-3.960200846195220947e-01
-1.564013585448265076e-02
2.129247784614562988e-02
4.533810317516326904e-01
-1.024722680449485779e-01
-1.345107704401016235e-01
4.748790860176086426e-01
-1.172776579856872559e+00
-1.526149809360504150e-01
-7.743584364652633667e-02
-4.394434094429016113e-01
3.744545280933380127e-01
-4.302497021853923798e-03
1.462191939353942871e-01
1.806069761514663696e-01
-1.615037471055984497e-01
1.550843715667724609e-01
2.226573675870895386e-01
9.372057765722274780e-02
2.767782211303710938e-01
2.374138310551643372e-02
-5.507963299751281738e-01
-6.051476579159498215e-03
9.020130336284637451e-02
-4.571515619754791260e-01
4.709752798080444336e-01
6.905499100685119629e-01
-4.867198765277862549e-01
1.835132986307144165e-01
4.756818115711212158e-01
-3.784285783767700195e-01
8.071616888046264648e-01
-2.565816342830657959e-01
5.378950759768486023e-02
1.267021745443344116e-01
9.272505342960357666e-02
1.447297185659408569e-01
5.739901661872863770e-01
-3.811474144458770752e-02
-1.650371700525283813e-01
-8.358772844076156616e-02
-4.211718216538429260e-03
2.000065706670284271e-02
6.006718277931213379e-01
8.956780284643173218e-02
8.784418553113937378e-02
2.565348446369171143e-01
-5.229717493057250977e-01
-2.127786129713058472e-01
-6.255213171243667603e-02
-1.348598599433898926e-01
2.507494986057281494e-01
3.402754068374633789e-01
-2.469059824943542480e-01
-7.920932173728942871e-01
1.161287054419517517e-01
-1.545427143573760986e-01
-4.785491153597831726e-02
2.442479580640792847e-01
1.453737378120422363e+00
-2.047914862632751465e-01
-1.140000939369201660e+00
-3.172590732574462891e-01
-2.235666215419769287e-01
3.233734071254730225e-01
-3.398309648036956787e-01
-2.794582545757293701e-01
-1.574483700096607208e-02
3.250276669859886169e-02
-2.362534850835800171e-01
3.753506392240524292e-02
-3.840300738811492920e-01
3.724518716335296631e-01
-3.658990859985351562e-01
-1.821235418319702148e-01
1.802624017000198364e-01
2.882547676563262939e-01
-4.058248698711395264e-01
2.971708178520202637e-01
2.721869051456451416e-01
1.054951846599578857e-01
-2.338619232177734375e-01
2.683473750948905945e-02
-1.254056692123413086e-01
1.088792271912097931e-02
2.340001612901687622e-01
-1.367164254188537598e-01
-3.306186199188232422e-02
-7.124189138412475586e-01
3.890836536884307861e-01
-1.304426789283752441e-01
-2.492361217737197876e-01
-1.914019137620925903e-01
3.820776343345642090e-01
2.073627948760986328e+00
-1.744623780250549316e-01
-3.213875694200396538e-03
2.482466846704483032e-01
-2.352554537355899811e-02
-1.329780697822570801e+00
-3.267755359411239624e-02
-4.192888140678405762e-01
-2.100639194250106812e-01
4.035781323909759521e-02
2.419800013303756714e-01
-4.209525585174560547e-01
-9.713983535766601562e-01
-3.420140743255615234e-01
1.149814873933792114e-01
-5.074332952499389648e-01
6.018649935722351074e-01
-1.206698894500732422e+00
5.399405360221862793e-01
-1.662743538618087769e-01
-2.804448902606964111e-01
6.403325200080871582e-01
-1.658046543598175049e-01
-7.762082815170288086e-01
8.074524402618408203e-01
1.680618524551391602e-01
2.333709001541137695e-01
-1.737292408943176270e-01
-3.484131395816802979e-02
-8.186594247817993164e-01
-6.095886230468750000e-02
6.715003866702318192e-03
3.599512279033660889e-01
9.247767180204391479e-02
2.128088474273681641e-01
8.680761605501174927e-02
-1.057549953460693359e+00
2.207017689943313599e-01
-3.696933090686798096e-01
1.669924557209014893e-01
4.344744086265563965e-01
-4.283078312873840332e-01
2.055814415216445923e-01
1.857917010784149170e-01
-6.815663576126098633e-01
-2.132629752159118652e-01
-7.290575504302978516e-01
2.608797848224639893e-01
-1.630802750587463379e-01
1.089347340166568756e-02
-1.955418288707733154e-01
5.710025429725646973e-01
1.322137415409088135e-01
-3.016438484191894531e-01
-3.110313713550567627e-01
1.371291279792785645e-01
3.385263085365295410e-01
-2.129950374364852905e-01
-2.234334945678710938e-01
-1.879531890153884888e-02
2.096804380416870117e+00
2.938965260982513428e-01
3.218585848808288574e-01
1.942547410726547241e-01
1.272436678409576416e-01
-3.121702969074249268e-01
-5.896431803703308105e-01
-3.009150028228759766e-01
-1.200949102640151978e-01
-6.277378797531127930e-01
-3.661509156227111816e-01
-8.737803250551223755e-02
-3.674631565809249878e-02
1.617334485054016113e+00
-1.171040982007980347e-01
-3.777762651443481445e-01
-4.163351655006408691e-01
2.060134559869766235e-01
4.431964159011840820e-01
-3.593392297625541687e-02
1.299945592880249023e+00
-1.363110840320587158e-01
-2.821873128414154053e-01
-1.744522303342819214e-01
-2.793818898499011993e-02
-1.965330988168716431e-01
-2.791618406772613525e-01
-1.618134379386901855e+00
4.465379714965820312e-01
2.621406018733978271e-01
1.514718383550643921e-01
1.065787076950073242e+00
6.280649304389953613e-01
-3.308116793632507324e-01
-1.996587365865707397e-01
5.239560455083847046e-02
-9.861906170845031738e-01
4.334924221038818359e-01
-6.266793012619018555e-01
2.709240913391113281e-01
1.590529829263687134e-02
-9.115741252899169922e-01
4.663074016571044922e-01
3.774099051952362061e-01
-2.662988305091857910e-01
-4.432806000113487244e-02
-7.353208661079406738e-01
1.772455424070358276e-01
-1.948411017656326294e-01
3.535192832350730896e-02
-2.175376117229461670e-01
9.872876107692718506e-02
-1.657856255769729614e-01
1.238987129181623459e-02
2.102284692227840424e-02
2.835741639137268066e-01
4.290174841880798340e-01
-8.687300980091094971e-02
-3.821645379066467285e-01
1.990767568349838257e-01
-2.471667051315307617e+00
1.582354903221130371e-01
-1.378446817398071289e-01
2.293087095022201538e-01
-1.752157956361770630e-01
5.759825184941291809e-02
1.922716498374938965e-01
-3.264037370681762695e-01
1.667571067810058594e-01
4.432452470064163208e-02
-1.285363454371690750e-02
3.532123267650604248e-01
1.674695014953613281e-01
-3.538077929988503456e-03
3.301828801631927490e-01
2.409996390342712402e-01
-5.087935924530029297e-01
4.838514924049377441e-01
4.412667825818061829e-02
2.763712108135223389e-01
-2.493153572082519531e+00
-3.342955112457275391e-01
3.994928598403930664e-01
2.643866837024688721e-01
-9.358849376440048218e-02
7.121049761772155762e-01
-3.099515140056610107e-01
4.767572581768035889e-01
-5.981785058975219727e-01
6.115630865097045898e-01
4.458808898925781250e-01
-2.434561103582382202e-01
-2.144836448132991791e-02
-8.827071189880371094e-01
-6.404100656509399414e-01
-4.743424057960510254e-01
1.344739347696304321e-01
-2.725062072277069092e-01
1.480050235986709595e-01
-3.032197654247283936e-01
-2.592909336090087891e-01
-7.598277926445007324e-02
-2.302501052618026733e-01
-3.371407985687255859e-01
4.718188941478729248e-01
2.287636883556842804e-02
-2.363294959068298340e-01
-5.530920624732971191e-02
2.528416514396667480e-01
2.833139598369598389e-01
-4.727167785167694092e-01
7.678466290235519409e-02
2.015693336725234985e-01
5.366606116294860840e-01
3.285602331161499023e-01
1.607163697481155396e-01
-9.224691390991210938e-01
9.042895585298538208e-02
-1.118361204862594604e-01
-1.730175763368606567e-01
2.583020925521850586e-01
-1.213524583727121353e-02
5.891572833061218262e-01
7.648910582065582275e-02
-1.026016026735305786e-01
1.742618680000305176e-01
-3.093518912792205811e-01
4.485726654529571533e-01
-5.669425129890441895e-01
8.713787198066711426e-01
4.359975159168243408e-01
-1.037787944078445435e-01
2.375621348619461060e-02
3.609546422958374023e-01
-1.036646962165832520e+00
8.407316356897354126e-02
-4.367842078208923340e-01
9.428344666957855225e-02
2.067956030368804932e-01
2.393529713153839111e-01
-8.282890915870666504e-02
-4.294510185718536377e-01
-2.023827135562896729e-01
1.712204068899154663e-01
-1.177756711840629578e-01
3.506507873535156250e-01
1.122279763221740723e+00
-9.494526982307434082e-01
-4.846195578575134277e-01
3.831429183483123779e-01
-4.549173265695571899e-02
2.051744759082794189e-01
9.514799118041992188e-01
-5.259961485862731934e-01
-3.090696595609188080e-02
2.497196346521377563e-01
-2.063275724649429321e-01
1.464011371135711670e-01
-1.026671826839447021e-01
7.049950957298278809e-02
-1.283410936594009399e-01
-2.055961638689041138e-01
4.845782518386840820e-01
4.060354530811309814e-01
-4.369778558611869812e-02
-8.697630465030670166e-02
4.878413863480091095e-03
-3.352168500423431396e-01
2.067361474037170410e-01
4.876991510391235352e-01
-6.900242995470762253e-03
8.929009437561035156e-01
1.030077487230300903e-01
-5.015614628791809082e-01
2.429495453834533691e-01
5.579905956983566284e-02
1.516384780406951904e-01
-2.483352869749069214e-01
5.518937483429908752e-02
4.494411349296569824e-01
3.221125006675720215e-01
-7.857341170310974121e-01
3.090631365776062012e-01
1.010447219014167786e-01
1.881269216537475586e-01
-1.831902116537094116e-01
-1.555340766906738281e+00
6.030468270182609558e-02
6.470718234777450562e-02
-1.158280149102210999e-01
-1.657910048961639404e-01
1.108681708574295044e-01
2.518750429153442383e-01
2.366057187318801880e-01
3.589463233947753906e-01
1.127003073692321777e+00
-3.983596563339233398e-01
1.721291989088058472e-02
-1.633262634277343750e-01
4.138400852680206299e-01
3.443903028964996338e-01
-2.957202792167663574e-01
7.325048446655273438e-01
4.708371460437774658e-01
-3.591787517070770264e-01
1.284253150224685669e-01
1.200198754668235779e-01
1.557309925556182861e-01
-1.478178501129150391e-01
-3.471006155014038086e-01
-1.547222770750522614e-02
-8.198413252830505371e-02
-3.182612359523773193e-02
-1.999038457870483398e-01
3.765552341938018799e-01
2.875326275825500488e-01
3.019094467163085938e-01
-1.875695437192916870e-01
-7.470200210809707642e-02
1.390804797410964966e-01
3.013664782047271729e-01
5.196272730827331543e-01
-5.110121369361877441e-01
-1.754886507987976074e-01
4.630594328045845032e-02
-3.576031699776649475e-02
6.718556880950927734e-01
2.470986843109130859e-01
1.732382774353027344e-01
-1.761719107627868652e+00
4.141261428594589233e-02
-4.456310346722602844e-02
5.617187172174453735e-02
2.869963943958282471e-01
5.663613677024841309e-01
-2.346384525299072266e-01
-5.328736901283264160e-01
2.849576771259307861e-01
3.107364177703857422e-01
-9.435148537158966064e-02
2.303762733936309814e-02
-5.366393327713012695e-01
4.765500128269195557e-02
2.575420439243316650e-01
-3.141474127769470215e-01
2.007211893796920776e-01
-1.409957185387611389e-02
2.750302851200103760e-01
-1.055677011609077454e-01
2.412224113941192627e-01
-9.144359081983566284e-02
-1.383650749921798706e-01
2.833047807216644287e-01
-2.132157981395721436e-01
1.596830338239669800e-01
2.137556821107864380e-01
-3.314201831817626953e-01
3.861593008041381836e-01
8.864666521549224854e-02
-1.211029067635536194e-01
-2.885872721672058105e-01
1.658275425434112549e-01
-1.579749397933483124e-02
2.785445749759674072e-01
8.859402686357498169e-02
3.777923285961151123e-01
1.206079348921775818e-01
-3.763975501060485840e-01
-1.490047216415405273e+00
-2.545015886425971985e-02
5.507395416498184204e-02
3.702181279659271240e-01
3.953346908092498779e-01
-4.625391587615013123e-02
1.435733493417501450e-02
1.352212131023406982e-01
3.073146194219589233e-02
1.834785342216491699e-01
-1.823088079690933228e-01
8.412893861532211304e-02
-6.914871931076049805e-01
3.814615309238433838e-01
-8.964273929595947266e-01
-5.574702024459838867e-01
3.614501059055328369e-01
4.330147504806518555e-01
4.113160073757171631e-02
5.708432197570800781e-01
-5.657433345913887024e-02
1.522326916456222534e-01
-2.607482671737670898e-01
-7.611742615699768066e-02
3.596175462007522583e-02
-8.505721390247344971e-02
-2.189380824565887451e-01
3.206537663936614990e-01
-9.300155043601989746e-01
1.641072481870651245e-01
6.705378890037536621e-01
-4.389000535011291504e-01
-2.019488215446472168e-01
-2.349408715963363647e-01
3.482397198677062988e-01
-8.925797045230865479e-02
3.603294119238853455e-02
3.897658586502075195e-01
2.009388953447341919e-01
-2.948879897594451904e-01
8.475199937820434570e-01
8.389421552419662476e-02
-9.099163115024566650e-02
1.949319988489151001e-01
4.062561392784118652e-01
2.428482286632061005e-02
1.049926131963729858e-01
1.470314860343933105e+00
-1.680136442184448242e+00
9.552122652530670166e-02
7.180042564868927002e-02
-1.435112208127975464e-01
-3.491367399692535400e-01
1.539279967546463013e-01
-6.054406613111495972e-02
1.446413844823837280e-01
2.669659852981567383e-01
3.014250397682189941e-01
-4.774661064147949219e-01
1.557853370904922485e-01
2.073482751846313477e+00
-1.985739320516586304e-01
3.868026435375213623e-01
5.020256340503692627e-02
-2.935929782688617706e-02
6.574774533510208130e-02
-4.042127430438995361e-01
6.535043567419052124e-02
8.788210153579711914e-01
-4.835543930530548096e-01
-2.606750428676605225e-01
7.430673837661743164e-01
4.503432214260101318e-01
1.675327569246292114e-01
2.280579060316085815e-01
2.239798158407211304e-01
-3.326427638530731201e-01
-5.256056189537048340e-01
-9.013968706130981445e-02
-4.696409031748771667e-02
-2.333130538463592529e-01
-3.133237957954406738e-01
-5.057474970817565918e-02
-1.867312043905258179e-01
-1.016888856887817383e+00
8.266872912645339966e-02
1.106575410813093185e-02
-1.180893301963806152e+00
-2.344954490661621094e+00
1.137193217873573303e-01
3.558835089206695557e-01
2.872753441333770752e-01
-3.249808251857757568e-01
1.430874019861221313e-01
6.170958280563354492e-02
-1.890633106231689453e-01
7.527411729097366333e-02
1.337161809206008911e-01
5.148330926895141602e-01
-4.784360229969024658e-01
-7.476112991571426392e-02
-6.043357308954000473e-03
2.247377783060073853e-01
1.904035210609436035e-01
1.348545104265213013e-01
1.938057243824005127e-01
-1.353284418582916260e-01
2.956530451774597168e-01
2.142587304115295410e-01
2.551892995834350586e-01
6.385565996170043945e-01
-7.359118759632110596e-02
9.229893982410430908e-02
8.023896813392639160e-02
6.487925052642822266e-01
-1.560564935207366943e-01
4.775621592998504639e-01
-2.112148702144622803e-02
1.459192037582397461e-01
-6.508653163909912109e-01
1.390980362892150879e+00
1.470222920179367065e-01
5.078068375587463379e-01
-3.718480467796325684e-01
-5.712654814124107361e-02
3.270127177238464355e-01
-4.234084784984588623e-01
5.310389995574951172e-01
5.093407034873962402e-01
-3.079945445060729980e-01
-1.265907287597656250e-01
-1.072484068572521210e-03
1.168213132768869400e-02
2.192327827215194702e-01
-3.132715523242950439e-01
3.976647555828094482e-01
6.209008023142814636e-02
3.509687632322311401e-02
8.540936559438705444e-02
-7.230657935142517090e-01
2.577743232250213623e-01
-6.250556558370590210e-02
3.871689438819885254e-01
-3.315147385001182556e-02
-2.852003574371337891e-01
-1.382397413253784180e-01
-4.830110445618629456e-02
-3.011907637119293213e-01
1.181049585342407227e+00
-3.480834066867828369e-01
-4.073963463306427002e-01
2.188124954700469971e-01
4.255965650081634521e-01
1.246008276939392090e-02
7.685568332672119141e-01
4.990017786622047424e-02
2.089432775974273682e-01
-3.872736096382141113e-01
-6.447083353996276855e-01
-2.932567521929740906e-02
-2.425095140933990479e-01
6.656147539615631104e-02
1.315360069274902344e-01
-1.794712245464324951e-01
-3.807547390460968018e-01
-5.709396675229072571e-02
-1.801210045814514160e-01
-4.030582606792449951e-01
6.735618114471435547e-01
-6.236782670021057129e-02
-2.514928877353668213e-01
3.580133914947509766e-01
2.222378998994827271e-01
7.580247521400451660e-02
3.098528981208801270e-01
-1.470945924520492554e-01
-1.694042980670928955e-01
-4.589269161224365234e-01
4.025411009788513184e-01
-2.376724332571029663e-01
-1.750851720571517944e-01
-1.215702220797538757e-01
-5.836775302886962891e-01
7.837960124015808105e-02
-1.288256943225860596e-01
1.649858988821506500e-02
-2.570501528680324554e-02
-3.395832180976867676e-01
3.946585953235626221e-02
-6.644614040851593018e-02
-1.231101714074611664e-02
7.559593915939331055e-01
-8.321635425090789795e-02
5.933540686964988708e-02
2.331658601760864258e-01
-2.436782121658325195e-01
-3.228706866502761841e-02
-4.933712631464004517e-02
-1.693554669618606567e-01
-5.868123844265937805e-03
-1.667610704898834229e-01
-1.886653304100036621e-01
2.048325687646865845e-01
1.025707460939884186e-02
-4.821686148643493652e-01
1.241480559110641479e-01
-2.419389784336090088e-01
-8.446111083030700684e-01
9.706811308860778809e-01
-4.719844758510589600e-01
-4.317909944802522659e-03
3.491229116916656494e-01
2.971833944320678711e-01
-3.345978632569313049e-02
3.963737399317324162e-04
-1.127427965402603149e-01
-2.602931261062622070e-01
-3.173400163650512695e-01
-2.359606623649597168e-01
7.498308271169662476e-02
-8.787482976913452148e-02
-2.393489778041839600e-01
-2.334451079368591309e-01
-1.700851321220397949e-01
-6.457126140594482422e-01
9.990743547677993774e-02
-3.413236141204833984e-01
-1.001412987709045410e+00
8.909225463867187500e-01
-1.697031557559967041e-01
-1.212202668190002441e+00
5.284955501556396484e-01
2.286763489246368408e-01
2.175461202859878540e-01
1.109201982617378235e-01
-1.025000587105751038e-01
-3.564201593399047852e-01
-1.698819249868392944e-01
1.458436530083417892e-02
1.359691023826599121e-01
-1.176527887582778931e-01
3.992156684398651123e-02
3.979369997978210449e-01
2.123454064130783081e-01
-9.890567064285278320e-01
-7.271202653646469116e-02
4.887906834483146667e-02
-6.772379875183105469e-01
5.577918887138366699e-01
-1.944350302219390869e-01
-1.361576616764068604e-01
5.809571743011474609e-01
1.046416833996772766e-01
-2.233944237232208252e-01
2.675849385559558868e-02
5.379126220941543579e-02
-1.370280534029006958e-01
-2.623542845249176025e-01
1.293668448925018311e-01
1.221928149461746216e-01
3.790945708751678467e-01
5.506103634834289551e-01
-4.002431407570838928e-02
-5.656939148902893066e-01
1.584992706775665283e-01
-5.226845666766166687e-02
1.472549140453338623e-01
-2.365664839744567871e-01
-1.276186294853687286e-02
4.140125513076782227e-01
2.391019277274608612e-02
-2.143728733062744141e-01
6.047511100769042969e-02
1.700259894132614136e-01
3.289421787485480309e-03
5.344184041023254395e-01
-1.128135025501251221e-01
4.563654959201812744e-02
-6.666886806488037109e-02
4.184725508093833923e-02
-5.675783753395080566e-01
-1.638590358197689056e-02
-2.265441566705703735e-01
4.399556219577789307e-01
8.239367604255676270e-01
-1.794810444116592407e-01
3.542178571224212646e-01
4.927212297916412354e-01
-1.335399150848388672e+00
2.769433557987213135e-01
6.316784024238586426e-01
5.889762192964553833e-02
-3.740927278995513916e-01
-2.406537234783172607e-01
1.258159726858139038e-01
-1.702135354280471802e-01
2.077289670705795288e-01
4.753088653087615967e-01
2.778004109859466553e-01
-2.423377335071563721e-01
-1.968018561601638794e-01
1.103777647018432617e+00
-2.117708921432495117e-01
-2.856474928557872772e-02
-2.473031282424926758e-01
-6.136561036109924316e-01
2.474636137485504150e-01
1.447461545467376709e-01
-1.471445560455322266e-01
3.414475023746490479e-01
6.819001436233520508e-01
-3.653729259967803955e-01
-5.761630460619926453e-02
-2.778406441211700439e-01
-4.810362756252288818e-01
3.145131468772888184e-01
1.241984218358993530e-02
1.183908209204673767e-01
8.123414963483810425e-02
9.505326747894287109e-01
-2.442344725131988525e-01
4.203087389469146729e-01
1.572856456041336060e-01
-1.857484877109527588e-01
2.410044074058532715e-01
-5.944018810987472534e-02
2.761350870132446289e-01
7.033038139343261719e-01
5.397734642028808594e-01
3.714894652366638184e-01
2.369290292263031006e-01
-1.863066256046295166e-01
-2.275773286819458008e-01
-2.973502688109874725e-02
-6.139785647392272949e-01
2.889862060546875000e-01
6.859519481658935547e-01
2.924800515174865723e-01
-2.697695195674896240e-01
-1.119506359100341797e-01
-6.084003448486328125e-01
4.976598024368286133e-01
-2.541980445384979248e-01
2.477055042982101440e-01
7.657642960548400879e-01
-4.156764745712280273e-01
3.519854545593261719e-01
4.430314898490905762e-01
-5.119386687874794006e-02
4.592434465885162354e-01
-7.337790131568908691e-01
-3.577068150043487549e-01
-4.448924958705902100e-01
2.124899476766586304e-01
2.040620148181915283e-01
2.098422348499298096e-01
-2.035803645849227905e-01
3.221136331558227539e-01
-6.512407660484313965e-01
4.849994182586669922e-02
5.548273921012878418e-01
2.412872165441513062e-01
1.145674228668212891e+00
4.682433903217315674e-01
-9.623659253120422363e-01
2.246427834033966064e-01
-5.455338209867477417e-02
-8.946463465690612793e-01
6.149266958236694336e-01
-6.612392514944076538e-02
4.448201656341552734e-01
4.083855748176574707e-01
-4.371759295463562012e-02
-1.089977324008941650e-01
3.193113803863525391e-01
1.422037780284881592e-01
-2.886535413563251495e-02
-2.207760810852050781e-01
-1.010431870818138123e-01
3.334026634693145752e-01
-4.063579142093658447e-01
-9.245059639215469360e-02
-2.214782983064651489e-01
2.405668236315250397e-02
-8.488624542951583862e-02
3.500173985958099365e-01
-7.555726170539855957e-02
-2.490963041782379150e-01
-8.878231793642044067e-02
-8.687289804220199585e-02
-1.282078385353088379e+00
-3.407951071858406067e-02
3.059446811676025391e-01
-4.251990467309951782e-02
-1.072441101074218750e+00
-2.835902273654937744e-01
3.756923079490661621e-01
-1.747586876153945923e-01
-1.298215426504611969e-02
-1.163948029279708862e-01
6.362677812576293945e-01
2.746537625789642334e-01
4.265623092651367188e-01
-5.420156717300415039e-01
1.863726079463958740e-01
1.914010643959045410e-01
1.857592612504959106e-01
-2.316576093435287476e-01
-1.484944969415664673e-01
-4.499867260456085205e-01
-2.609559893608093262e-01
9.079083101823925972e-04
-2.864113450050354004e-01
3.017667494714260101e-02
3.415085673332214355e-01
-1.009868979454040527e-01
3.269976377487182617e-01
-7.358624786138534546e-02
6.488737463951110840e-02
-4.137930572032928467e-01
2.399916946887969971e-01
-1.317114084959030151e-01
-5.993161797523498535e-01
3.108878135681152344e-01
-1.859777569770812988e-01
9.502962976694107056e-02
-7.630746364593505859e-01
2.339399456977844238e-01
5.598629713058471680e-01
6.918781995773315430e-01
2.357182651758193970e-01
5.285025835037231445e-01
7.643910646438598633e-01
-1.202776432037353516e-01
-1.893303729593753815e-02
-2.463049739599227905e-01
-5.006576180458068848e-01
7.580335438251495361e-02
-1.145575568079948425e-01
1.871171891689300537e-01
6.138605251908302307e-02
9.483260661363601685e-02
-8.896411061286926270e-01
4.356335103511810303e-01
1.088611781597137451e-01
2.213781476020812988e-01
-1.685265153646469116e-01
3.472842872142791748e-01
6.833145022392272949e-01
3.869432806968688965e-01
6.734361648559570312e-01
5.596203804016113281e-01
7.461963295936584473e-01
-1.746906638145446777e-01
-3.572762012481689453e-01
-3.961912095546722412e-01
-4.889598786830902100e-01
-4.346801042556762695e-01
3.000456392765045166e-01
1.601924598217010498e-01
-7.182406783103942871e-01
-1.047038435935974121e+00
-4.291997849941253662e-01
7.990307211875915527e-01
-1.342581212520599365e-01
-4.135977029800415039e-01
7.685980200767517090e-01
-1.298494637012481689e-01
2.606705129146575928e-01
-3.642877563834190369e-02
3.649907652288675308e-03
-5.045337975025177002e-02
-9.789587557315826416e-02
5.847968459129333496e-01
-5.316431522369384766e-01
3.727694749832153320e-01
1.242760866880416870e-01
2.415286898612976074e-01
-2.141670286655426025e-01
-2.228581160306930542e-01
1.782477855682373047e+00
-5.808515548706054688e-01
-4.384022057056427002e-01
-1.110958307981491089e-01
-3.411133289337158203e-01
9.392934292554855347e-02
-1.006841585040092468e-01
4.587709903717041016e-01
1.330846101045608521e-01
3.690851330757141113e-01
3.437663614749908447e-01
4.152992069721221924e-01
2.961552441120147705e-01
-2.898432910442352295e-01
1.190026521682739258e+00
-3.550699949264526367e-01
-9.287800639867782593e-02
-4.994321241974830627e-02
1.177960932254791260e-01
5.976895093917846680e-01
1.715939939022064209e-01
2.026587277650833130e-01
-4.021565020084381104e-01
1.451532244682312012e-01
-1.984746307134628296e-01
1.344468891620635986e-01
-8.653029203414916992e-01
1.292207837104797363e-01
3.601528108119964600e-01
6.396293640136718750e-01
1.358961910009384155e-01
3.897053003311157227e-01
7.310907840728759766e-01
9.613300859928131104e-02
-2.654832899570465088e-01
-6.897176057100296021e-02
-8.904293179512023926e-02
2.909232378005981445e-01
-5.081549659371376038e-02
3.876758515834808350e-01
5.306776165962219238e-01
-5.088667571544647217e-02
2.135018110275268555e-01
-4.971655011177062988e-01
-3.879594206809997559e-01
7.970351725816726685e-02
-4.242406785488128662e-01
-3.572620451450347900e-01
-2.572923302650451660e-01
-3.390679061412811279e-01
-1.729403063654899597e-02
-3.360891044139862061e-01
-1.070186793804168701e-01
1.429847031831741333e-01
-3.195988535881042480e-01
4.192225337028503418e-01
8.536843955516815186e-02
8.627476543188095093e-02
3.891338407993316650e-02
-2.302140444517135620e-01
3.249372243881225586e-01
-1.054028570652008057e-01
5.958849564194679260e-02
-1.149801373481750488e+00
4.783415421843528748e-02
2.884683012962341309e-02
-2.274619191884994507e-01
-5.143262743949890137e-01
-9.224931709468364716e-03
4.336866140365600586e-01
-2.787806987762451172e-01
-5.299732685089111328e-01
5.435877013951539993e-03
-4.438534006476402283e-02
1.026732087135314941e+00
3.505440801382064819e-02
3.856611549854278564e-01
1.154420971870422363e-01
7.735233902931213379e-01
1.370816864073276520e-02
3.413735628128051758e-01
2.474941611289978027e-01
2.590812742710113525e-01
-2.037485837936401367e-01
2.049701288342475891e-02
4.167664330452680588e-03
-1.439092010259628296e-01
-1.568086147308349609e-01
-3.706414997577667236e-01
-4.431030750274658203e-01
-3.035991489887237549e-01
-1.012015938758850098e+00
-6.019718050956726074e-01
1.368445456027984619e-01
3.198562562465667725e-01
1.870076060295104980e-01
1.822301596403121948e-01
-7.619235664606094360e-02
-1.235905364155769348e-01
-1.682196408510208130e-01
-6.371306255459785461e-03
7.245463132858276367e-02
4.046557247638702393e-01
-1.217695549130439758e-01
-2.278478741645812988e-01
-3.148948550224304199e-01
3.078422248363494873e-01
-6.368646770715713501e-02
-5.037900805473327637e-01
-1.423466801643371582e-01
-4.749296903610229492e-01
-2.502281963825225830e-01
-4.367839545011520386e-02
5.419894456863403320e-01
5.880201607942581177e-02
7.351820468902587891e-01
1.271956115961074829e-01
-3.169435635209083557e-02
9.789404273033142090e-02
-2.291323095560073853e-01
-1.346781492233276367e+00
-2.347884476184844971e-01
1.651627011597156525e-02
-2.625810503959655762e-01
-2.916890084743499756e-01
1.180535331368446350e-01
4.413649439811706543e-01
-1.930380910634994507e-01
-1.327149718999862671e-01
-6.900520920753479004e-01
-1.827032268047332764e-01
-1.253875195980072021e-01
5.793467164039611816e-01
5.239201188087463379e-01
8.007877320051193237e-02
7.536681741476058960e-02
-6.720171123743057251e-02
1.733684241771697998e-01
-1.387540996074676514e-01
3.020791709423065186e-01
7.481859326362609863e-01
1.788390576839447021e-01
-1.661254167556762695e-01
-4.349444508552551270e-01
3.875074982643127441e-01
5.363838672637939453e-01
1.688755154609680176e-01
4.142683744430541992e-01
2.695560157299041748e-01
-4.790864139795303345e-02
8.104814589023590088e-02
9.625875204801559448e-02
-2.335805445909500122e-01
2.798693776130676270e-01
4.901942610740661621e-01
-3.943193852901458740e-01
-6.532365083694458008e-01
-5.208509787917137146e-02
5.347561240196228027e-01
2.334208190441131592e-01
5.648759603500366211e-01
3.534564077854156494e-01
3.914212584495544434e-01
-5.748863220214843750e-01
-1.848227083683013916e-01
-5.197105407714843750e-01
6.307949312031269073e-03
-1.620029956102371216e-01
-3.977504372596740723e-01
-7.817258834838867188e-01
-4.519833326339721680e-01
-6.619290709495544434e-01
-4.874222874641418457e-01
2.674362063407897949e-01
4.125099778175354004e-01
3.836488723754882812e-01
5.820939540863037109e-01
2.775047719478607178e-01
-2.092045247554779053e-01
-2.994319498538970947e-01
-5.176293849945068359e-02
-6.726623326539993286e-02
-7.379960417747497559e-01
1.275102645158767700e-01
-2.370126917958259583e-02
3.881027102470397949e-01
2.526486292481422424e-02
6.603708863258361816e-01
9.745031595230102539e-01
3.210773468017578125e-01
6.532005071640014648e-01
8.149012923240661621e-01
8.530615568161010742e-01
-6.172699928283691406e-01
-3.341461122035980225e-01
-2.699205875396728516e-01
-3.654842972755432129e-01
-9.045785665512084961e-02
1.726648211479187012e-01
2.301287651062011719e-01
-1.716777086257934570e-01
-5.041646361351013184e-01
-1.426799446344375610e-01
3.706748783588409424e-01
-4.252644777297973633e-01
2.536238133907318115e-01
-3.144746879115700722e-03
7.750510573387145996e-01
-5.415609106421470642e-02
5.538462996482849121e-01
3.109923303127288818e-01
-3.970957398414611816e-01
8.872522711753845215e-01
-2.582422792911529541e-01
-7.451502084732055664e-01
2.883988805115222931e-02
3.033765852451324463e-01
1.202688068151473999e-01
7.428536415100097656e-01
-9.611683487892150879e-01
9.771865010261535645e-01
-6.488740444183349609e-01
1.270506083965301514e-01
3.083398640155792236e-01
-4.229363799095153809e-01
-6.171380281448364258e-01
-5.547689795494079590e-01
-1.934828162193298340e-01
-2.263336330652236938e-01
-2.242983691394329071e-02
-4.919889867305755615e-01
1.987190842628479004e-01
-2.099655121564865112e-01
8.940152823925018311e-02
2.499437704682350159e-02
7.283247709274291992e-01
4.526124801486730576e-03
5.805033445358276367e-01
-1.077265292406082153e-01
-5.896084904670715332e-01
4.487583339214324951e-01
-2.387759685516357422e-01
-1.545813530683517456e-01
-1.337839365005493164e-01
1.884393207728862762e-02
-6.588691473007202148e-01
-6.522786617279052734e-01
-1.095467805862426758e-01
-1.519507914781570435e-01
-1.098851189017295837e-01
-1.049068272113800049e-01
-9.573410451412200928e-02
-5.696863308548927307e-02
-2.343632280826568604e-01
-1.474622786045074463e-01
3.904339075088500977e-01
2.960022687911987305e-01
2.228964418172836304e-01
-9.337027370929718018e-02
8.500795811414718628e-02
-7.221350073814392090e-02
4.011737182736396790e-02
-6.407131552696228027e-01
5.106810927391052246e-01
2.591323256492614746e-01
2.379297167062759399e-01
6.151648163795471191e-01
2.475751936435699463e-01
1.500332355499267578e-01
1.878926008939743042e-01
6.850361824035644531e-01
3.884895443916320801e-01
1.703295111656188965e-01
-1.334178894758224487e-01
1.219473555684089661e-01
-2.863632142543792725e-01
5.031834170222282410e-02
-2.173849344253540039e-01
2.964076399803161621e-01
4.066906571388244629e-01
-5.659545585513114929e-02
4.054274260997772217e-01
5.618955567479133606e-02
2.354286313056945801e-01
1.625554561614990234e-01
3.582885563373565674e-01
3.452734947204589844e-01
-1.679371446371078491e-01
2.349800914525985718e-01
-6.310048699378967285e-01
-1.619208902120590210e-01
2.814595028758049011e-02
-6.482164859771728516e-01
-1.077404767274856567e-01
-1.523628085851669312e-01
-1.221499443054199219e-01
1.628310978412628174e-01
-2.253141403198242188e-01
-5.631912350654602051e-01
-1.922269165515899658e-01
1.008943080902099609e+00
-4.675191938877105713e-01
-2.398264259099960327e-01
7.597248554229736328e-01
-7.853633165359497070e-02
-5.237892270088195801e-01
2.952738404273986816e-01
5.372607707977294922e-01
3.601220250129699707e-01
2.126744538545608521e-01
5.508289337158203125e-01
-1.395661234855651855e-01
5.668567419052124023e-01
-2.885807156562805176e-01
3.244467377662658691e-01
-4.032739400863647461e-01
2.433554530143737793e-01
-1.543039977550506592e-01
4.647886753082275391e-01
7.809193432331085205e-02
-1.274067014455795288e-01
1.221362829208374023e+00
1.939326077699661255e-01
-2.946825623512268066e-01
2.347119897603988647e-01
2.088997513055801392e-01
-2.091616839170455933e-01
-5.217980146408081055e-01
8.063791692256927490e-02
-2.010399699211120605e-01
-1.822596192359924316e-01
-3.141934573650360107e-01
7.729534804821014404e-02
-2.604859173297882080e-01
5.922803282737731934e-01
-3.237985819578170776e-02
-3.280992209911346436e-01
-5.162169337272644043e-01
4.671994745731353760e-01
-1.790066659450531006e-01
-2.293437272310256958e-01
-5.913244485855102539e-01
-8.490929007530212402e-02
-3.777394294738769531e-01
-3.391727209091186523e-01
4.116313755512237549e-01
2.928664088249206543e-01
5.225998759269714355e-01
3.510044515132904053e-01
3.121188282966613770e-02
-3.449523821473121643e-02
4.397403895854949951e-01
-6.173021197319030762e-01
-1.910260021686553955e-01
5.405129790306091309e-01
1.808596402406692505e-01
-2.939741015434265137e-01
2.800755500793457031e-01
-2.017768174409866333e-01
-6.091677770018577576e-02
-2.309489846229553223e-01
4.663299024105072021e-02
-5.558168292045593262e-01
-6.811027526855468750e-01
-3.808186650276184082e-01
2.737409174442291260e-01
-6.785255074501037598e-01
5.641552805900573730e-01
-9.873239696025848389e-02
-3.469696938991546631e-01
-2.451199106872081757e-02
7.635109126567840576e-02
-9.604851901531219482e-02
1.634633302688598633e+00
1.978030800819396973e-01
2.792437076568603516e-01
-2.415046691894531250e-01
5.778154730796813965e-01
-1.650430820882320404e-02
1.504497766494750977e+00
-2.315134704113006592e-01
-1.774326860904693604e-01
-1.352259069681167603e-01
3.083682954311370850e-01
-7.235267013311386108e-02
-1.000242307782173157e-01
1.002298146486282349e-01
7.443033903837203979e-02
5.420748889446258545e-02
1.324282493442296982e-02
3.852556645870208740e-02
2.105035632848739624e-01
-2.357697784900665283e-01
7.358155399560928345e-02
-3.540664315223693848e-01
-8.048256486654281616e-02
1.224424913525581360e-01
-1.333362311124801636e-01
1.345169097185134888e-01
-1.039647459983825684e-01
-1.290487498044967651e-02
-6.325303763151168823e-02
7.210991531610488892e-02
6.656324863433837891e-02
4.110997915267944336e-02
-3.389251828193664551e-01
-2.346923807635903358e-03
-1.739876121282577515e-01
3.410136327147483826e-02
3.965645134449005127e-01
-9.034506231546401978e-02
-1.139941364526748657e-01
2.430379688739776611e-01
-2.842270769178867340e-02
-9.170201420783996582e-02
-5.169223546981811523e-01
8.422224968671798706e-02
3.617421686649322510e-01
-2.612732946872711182e-01
4.828069359064102173e-02
-1.465990692377090454e-01
8.659571409225463867e-02
-3.512738272547721863e-02
