5.706769824028015137e-01
-1.889418810606002808e-01
-1.178283169865608215e-01
2.385669350624084473e-01
-3.236853778362274170e-01
7.635058760643005371e-01
4.364683851599693298e-02
2.820397317409515381e-01
9.579753875732421875e-02
-1.421385288238525391e+00
2.077076397836208344e-02
1.231127232313156128e-01
3.106174468994140625e-01
-2.085340768098831177e-01
-9.363622218370437622e-02
-9.233910441398620605e-01
-2.881345525383949280e-02
8.636198192834854126e-02
4.485535323619842529e-01
6.937842369079589844e-01
-1.027737110853195190e-01
-1.609708189964294434e+00
1.057900264859199524e-01
-5.871368646621704102e-01
-1.682201214134693146e-02
-6.089210510253906250e-01
2.320565730333328247e-01
8.775301575660705566e-01
-2.537005841732025146e-01
7.799401879310607910e-01
-1.681934483349323273e-02
1.998111754655838013e-01
4.109247922897338867e-01
-5.582052469253540039e-01
-4.292975068092346191e-01
-5.557602047920227051e-01
6.730167269706726074e-01
5.017029643058776855e-01
4.012341797351837158e-01
6.459783762693405151e-02
1.049258828163146973e+00
-8.443803787231445312e-01
8.733842968940734863e-01
-3.440748453140258789e-01
-3.326878249645233154e-01
4.689160585403442383e-01
-8.367132544517517090e-01
6.066132783889770508e-01
-5.102247595787048340e-01
2.777469754219055176e-01
-4.401443600654602051e-01
-4.170329570770263672e-01
5.863569974899291992e-01
-6.028275489807128906e-01
1.139183163642883301e+00
7.371833175420761108e-02
6.274547427892684937e-02
-7.977023124694824219e-01
1.471023678779602051e+00
6.856493353843688965e-01
2.513058185577392578e-01
-2.742891013622283936e-01
-1.625376939773559570e-01
2.203934937715530396e-01
2.280939817428588867e-01
1.429946124553680420e-01
2.095638811588287354e-01
7.463853359222412109e-01
-2.142730057239532471e-01
-7.032707333564758301e-01
1.757727265357971191e-01
-1.648918353021144867e-02
5.373631790280342102e-02
-7.991740107536315918e-01
-5.656836554408073425e-02
1.322983205318450928e-01
3.678723275661468506e-01
1.847694665193557739e-01
6.130181998014450073e-02
5.290149450302124023e-01
-3.185569047927856445e-01
-1.540780067443847656e-01
-3.512495756149291992e-01
-2.942011058330535889e-01
6.073116660118103027e-01
-2.814192175865173340e-01
-2.587995678186416626e-02
3.665200769901275635e-01
-7.435130327939987183e-02
-2.890557050704956055e-01
8.023660778999328613e-01
3.378867506980895996e-01
1.235474720597267151e-01
-1.985756903886795044e-01
-3.491607904434204102e-01
-5.181373357772827148e-01
8.163814246654510498e-02
5.937473177909851074e-01
-4.094921052455902100e-01
-4.322730898857116699e-01
2.367525100708007812e-01
-1.257348358631134033e-01
4.474872946739196777e-01
2.629179656505584717e-01
-5.586698055267333984e-01
4.588697850704193115e-02
2.313838154077529907e-01
-4.378826618194580078e-01
-1.377233117818832397e-01
4.259953498840332031e-01
-3.104608356952667236e-01
-3.246878087520599365e-01
-9.577273577451705933e-02
4.835301041603088379e-01
2.188382446765899658e-01
4.300225377082824707e-01
-2.635821104049682617e-01
-1.972129344940185547e-01
5.203810706734657288e-02
-2.071488201618194580e-01
-3.246355950832366943e-01
9.928823262453079224e-02
2.730711102485656738e-01
-2.312059402465820312e-01
9.284661710262298584e-02
-1.165394112467765808e-01
-1.433721631765365601e-01
-7.064355909824371338e-02
2.032683789730072021e-01
-2.498661167919635773e-02
-9.631021320819854736e-02
2.700455300509929657e-02
-7.967660576105117798e-02
-2.366839945316314697e-01
5.753269046545028687e-02
1.367669850587844849e-01
-4.306317865848541260e-01
1.141615360975265503e-01
1.155458390712738037e-01
-3.191315233707427979e-01
-1.406073451042175293e+00
6.658407449722290039e-01
-1.931380629539489746e-01
4.142916500568389893e-01
3.432937264442443848e-01
-2.673334181308746338e-01
1.247981041669845581e-01
-4.633083641529083252e-01
3.020137548446655273e-01
4.794444441795349121e-01
8.184765279293060303e-02
2.775283455848693848e-01
-3.506478369235992432e-01
4.516001045703887939e-01
-2.879462242126464844e-01
-4.348001256585121155e-02
-6.971989274024963379e-01
-1.307494044303894043e-01
-9.713715314865112305e-02
-7.811072468757629395e-01
-4.475409165024757385e-02
-1.457561105489730835e-01
6.779976487159729004e-01
7.395222783088684082e-02
-9.404849410057067871e-01
3.221081197261810303e-01
-3.135683834552764893e-01
4.108381271362304688e-02
-4.226967692375183105e-01
-6.682575494050979614e-02
-8.693660497665405273e-01
-1.183453202247619629e+00
7.571896165609359741e-02
-5.287360772490501404e-02
4.894161224365234375e-01
9.151900410652160645e-01
7.648085057735443115e-02
-7.786651700735092163e-02
-4.996873065829277039e-02
2.429588884115219116e-01
1.049936786293983459e-01
-2.551401555538177490e-01
-8.756373524665832520e-01
-5.568473339080810547e-01
6.034447550773620605e-01
1.583199799060821533e-01
4.595555365085601807e-01
1.935970783233642578e-01
-2.024714052677154541e-01
3.479778468608856201e-01
4.714599549770355225e-01
2.630645334720611572e-01
4.869489371776580811e-02
-2.773335874080657959e-01
-3.479053080081939697e-01
-5.545437335968017578e-01
4.941108822822570801e-01
-2.142418734729290009e-02
3.317908346652984619e-01
1.097659841179847717e-01
3.652424216270446777e-01
-3.622487187385559082e-01
4.066307842731475830e-01
-1.503774672746658325e-01
4.021235927939414978e-02
1.854743212461471558e-01
-3.203077614307403564e-01
5.442185997962951660e-01
-4.488517716526985168e-02
2.048767358064651489e-02
-2.044408023357391357e-01
-9.875459223985671997e-02
3.793298006057739258e-01
-4.460684359073638916e-01
3.702415823936462402e-01
2.893944978713989258e-01
-2.272131592035293579e-01
-4.034858644008636475e-01
1.585087329149246216e-01
2.965959310531616211e-01
-4.509062767028808594e-01
2.444076985120773315e-01
1.150603294372558594e-01
-2.471212446689605713e-01
-5.932286381721496582e-01
-6.187030300498008728e-02
-1.726735681295394897e-01
1.772117763757705688e-01
-1.020025089383125305e-01
6.315857768058776855e-01
-7.221255302429199219e-01
-6.531915664672851562e-01
4.058732390403747559e-01
1.362159848213195801e-01
6.445545703172683716e-02
3.546204268932342529e-01
-3.679189980030059814e-01
-3.162233158946037292e-02
5.426797550171613693e-03
-1.546675860881805420e-01
1.235296279191970825e-01
-3.124110102653503418e-01
1.891517490148544312e-01
3.877297416329383850e-02
-1.730977743864059448e-01
2.211806029081344604e-01
-3.254267871379852295e-01
-2.391157150268554688e-01
-3.204171061515808105e-01
8.679820299148559570e-01
-2.434408068656921387e-01
-5.053645372390747070e-01
1.394945979118347168e-01
3.526393175125122070e-01
3.017597794532775879e-01
3.903211355209350586e-01
-2.548128366470336914e-01
-2.273066788911819458e-01
3.286097943782806396e-01
2.387348711490631104e-01
4.218513965606689453e-01
-5.953860655426979065e-02
-2.404074668884277344e-01
-4.434593915939331055e-01
-3.737407624721527100e-01
-2.838438935577869415e-02
-9.855440258979797363e-02
9.040254354476928711e-01
8.835898712277412415e-03
9.110175818204879761e-02
-4.059182107448577881e-01
-3.335529193282127380e-02
7.046679258346557617e-01
-7.985236048698425293e-01
-2.145667076110839844e-01
-7.866204530000686646e-02
3.418999612331390381e-01
-2.372438311576843262e-01
2.040546536445617676e-01
4.813463613390922546e-02
-6.616248935461044312e-02
3.656777739524841309e-01
2.481839805841445923e-01
4.258464872837066650e-01
-1.048377454280853271e-01
-5.893690586090087891e-01
7.300588488578796387e-02
4.454921483993530273e-01
3.425243794918060303e-01
-9.023662656545639038e-02
-1.194649264216423035e-01
7.776016741991043091e-02
-4.936847090721130371e-02
-3.534286022186279297e-01
1.488967798650264740e-03
-1.522818803787231445e-01
-2.536960877478122711e-02
4.344071447849273682e-01
-8.872869014739990234e-01
1.648337095975875854e-01
-1.144775375723838806e-01
-9.556367062032222748e-03
5.991304516792297363e-01
-4.330049157142639160e-01
-1.781009435653686523e-01
-1.712192296981811523e-01
-4.620479345321655273e-01
5.820424556732177734e-01
-1.667896658182144165e-01
3.265541978180408478e-03
-9.882958978414535522e-02
-6.504940241575241089e-02
9.455953836441040039e-01
-6.324815154075622559e-01
8.874120116233825684e-01
-1.878369152545928955e-01
1.828519105911254883e-01
1.932239085435867310e-01
2.639387175440788269e-02
1.055845841765403748e-01
6.827141344547271729e-02
9.475619345903396606e-02
3.295012414455413818e-01
-9.532548487186431885e-02
-2.930965423583984375e-01
-1.013860777020454407e-01
-3.431111872196197510e-01
1.407146304845809937e-01
2.591148391366004944e-02
5.793631821870803833e-02
-1.912027299404144287e-01
-1.316262334585189819e-01
4.562780261039733887e-01
-2.339887991547584534e-02
2.226383388042449951e-01
1.476095616817474365e-02
-1.580698043107986450e-01
-2.879128456115722656e-01
1.648777723312377930e-01
2.416676282882690430e-02
4.035393595695495605e-01
-3.774134516716003418e-01
-2.101413309574127197e-01
1.421475503593683243e-02
2.475629746913909912e-01
1.856580227613449097e-01
-1.354393064975738525e-01
-1.413801014423370361e-01
-2.586773633956909180e-01
8.076705336570739746e-01
1.218501180410385132e-01
1.593331694602966309e-01
2.154499888420104980e-01
2.943843305110931396e-01
2.392200529575347900e-01
-1.870453804731369019e-01
1.331203579902648926e+00
-9.014095664024353027e-01
9.115305542945861816e-01
6.384858489036560059e-01
2.107006460428237915e-01
-4.954750537872314453e-01
4.272840023040771484e-01
3.457371890544891357e-02
2.150758206844329834e-01
2.736440002918243408e-01
-4.221748113632202148e-01
2.271307706832885742e-01
-1.124716475605964661e-01
4.289954900741577148e-02
-1.737487614154815674e-01
-6.553034484386444092e-02
1.795792132616043091e-01
-3.816459178924560547e-01
3.872468769550323486e-01
1.271302700042724609e-01
-3.675486147403717041e-01
-1.189349591732025146e-01
4.108844995498657227e-01
2.086954414844512939e-01
-2.341258972883224487e-01
-1.502559185028076172e-01
-1.143606603145599365e-01
-2.115390449762344360e-01
3.935534358024597168e-01
5.180639401078224182e-02
2.029742002487182617e-01
5.007705688476562500e-01
-1.026469916105270386e-01
-8.175796270370483398e-01
7.173740863800048828e-01
5.131924152374267578e-01
6.918907165527343750e-02
-8.541262149810791016e-01
6.801541149616241455e-02
-4.826191961765289307e-01
-4.166426509618759155e-02
6.279615759849548340e-01
-1.541314870119094849e-01
-1.201675608754158020e-01
4.365979433059692383e-01
-2.586319148540496826e-01
-2.209587395191192627e-01
-1.139164716005325317e-01
2.889313697814941406e-01
-3.414590358734130859e-01
2.075489312410354614e-01
2.492662072181701660e-01
5.417711734771728516e-01
-6.436088085174560547e-01
3.826812207698822021e-01
4.923762977123260498e-01
-2.455834150314331055e-01
-6.654546260833740234e-01
-2.800004929304122925e-02
1.141318678855895996e-01
3.711901307106018066e-01
4.038560986518859863e-01
-5.522661842405796051e-03
4.234691560268402100e-01
2.847647964954376221e-01
-5.044646561145782471e-02
2.429419457912445068e-01
9.878919273614883423e-02
-1.964326053857803345e-01
5.134515762329101562e-01
-2.510046958923339844e-01
-2.160315960645675659e-01
-9.020727127790451050e-02
9.927591085433959961e-01
-4.788468778133392334e-01
-3.049502372741699219e-01
2.119227349758148193e-01
2.665258944034576416e-01
3.393039107322692871e-01
-1.107954978942871094e-01
5.328193902969360352e-01
-1.166335463523864746e+00
9.183461666107177734e-01
6.430162787437438965e-01
-3.783392012119293213e-01
5.302265882492065430e-01
-5.716874003410339355e-01
1.757444292306900024e-01
5.888842344284057617e-01
-3.285474777221679688e-01
1.688368618488311768e-01
-6.457337178289890289e-03
1.159508079290390015e-01
-5.698966979980468750e-01
7.913355231285095215e-01
5.972912907600402832e-01
1.801527291536331177e-02
-1.882172822952270508e-01
-9.127067774534225464e-02
-4.540278911590576172e-01
1.079409718513488770e-01
3.198366165161132812e-01
-1.281369477510452271e-01
-1.595319211483001709e-01
3.812232017517089844e-01
-2.835030257701873779e-01
3.564991950988769531e-01
-1.986464560031890869e-01
-4.089920222759246826e-01
5.881854891777038574e-01
-1.388937383890151978e-01
2.523726522922515869e-01
2.963014841079711914e-01
3.949124515056610107e-01
4.574453458189964294e-02
-3.625798523426055908e-01
3.221318423748016357e-01
2.267546206712722778e-01
4.431659877300262451e-01
6.967272758483886719e-01
-4.055551588535308838e-01
-1.083278656005859375e-01
4.068255722522735596e-01
-4.594559967517852783e-01
-4.035875201225280762e-01
-4.660982191562652588e-01
1.550589501857757568e-01
2.973415553569793701e-01
4.649743810296058655e-02
9.441136568784713745e-02
-1.660766601562500000e+00
3.009521663188934326e-01
5.329021215438842773e-01
1.784009456634521484e+00
-7.217506170272827148e-01
4.005724787712097168e-01
1.360156387090682983e-01
2.895832955837249756e-01
3.939363062381744385e-01
3.966151773929595947e-01
-2.312336713075637817e-01
-9.998793005943298340e-01
2.806749343872070312e-01
-1.355944722890853882e-01
-2.346075028181076050e-01
-1.051331460475921631e-01
1.372701255604624748e-03
-3.830485045909881592e-01
-2.243750244379043579e-01
5.744979530572891235e-02
3.619536384940147400e-02
-7.471367716789245605e-02
3.061058819293975830e-01
-7.101830244064331055e-01
-8.136405050754547119e-02
-1.800416111946105957e+00
-4.497694075107574463e-01
1.442430615425109863e-01
1.660809814929962158e-01
-7.324782609939575195e-01
-1.437314152717590332e-01
4.382876157760620117e-01
-8.239055424928665161e-02
-4.290787130594253540e-02
-6.043588519096374512e-01
1.858416199684143066e-01
-1.491439193487167358e-01
3.227975070476531982e-01
3.990178704261779785e-01
-4.531563222408294678e-01
1.879505068063735962e-01
-2.637454569339752197e-01
-2.502877116203308105e-01
-2.950707077980041504e-01
-1.261667907238006592e-02
1.091754063963890076e-01
-1.365395933389663696e-01
-3.064691126346588135e-01
-3.790409862995147705e-01
-5.371669530868530273e-01
3.147685825824737549e-01
7.480684667825698853e-02
-5.418147444725036621e-01
5.320207476615905762e-01
3.628866672515869141e-01
-4.182048439979553223e-01
5.322443693876266479e-02
-5.334031581878662109e-01
-1.180586576461791992e+00
2.859888076782226562e-01
-5.255079865455627441e-01
3.073164522647857666e-01
2.296497970819473267e-01
8.937805891036987305e-02
-1.821433007717132568e-01
-2.460296750068664551e-01
2.464962452650070190e-01
1.082573682069778442e-01
8.273327350616455078e-02
1.962028741836547852e-01
1.598964445292949677e-02
-1.840759441256523132e-02
-1.480311993509531021e-02
-3.897366821765899658e-01
-1.994893848896026611e-01
-3.349328637123107910e-01
5.551746487617492676e-02
-7.290161252021789551e-01
-4.027598202228546143e-01
8.780784904956817627e-02
-1.736957877874374390e-01
4.881139099597930908e-02
-4.449518024921417236e-02
-2.906717658042907715e-01
-1.751780956983566284e-01
-5.837298035621643066e-01
2.750206179916858673e-02
-3.343876451253890991e-02
1.358960568904876709e-01
8.877418935298919678e-02
2.815717831254005432e-02
1.160711646080017090e-01
3.462816178798675537e-01
-1.817784607410430908e-01
5.407316684722900391e-01
-3.486094251275062561e-02
4.563080072402954102e-01
9.787786006927490234e-01
-1.087506264448165894e-01
-1.027512624859809875e-01
-3.056779503822326660e-01
1.354174017906188965e-01
6.745012849569320679e-02
1.616032868623733521e-01
9.383804351091384888e-02
7.679181098937988281e-01
8.548171520233154297e-01
1.730925589799880981e-01
-1.858738251030445099e-02
2.644536793231964111e-01
6.825373321771621704e-02
4.318422079086303711e-01
3.229895234107971191e-02
2.227375507354736328e-01
-2.901913225650787354e-01
1.314681172370910645e-01
8.411540985107421875e-01
6.449591517448425293e-01
2.957493364810943604e-01
-3.954779207706451416e-01
2.758677005767822266e-01
6.955532357096672058e-03
-2.738582193851470947e-01
-1.803791895508766174e-02
-6.645188927650451660e-01
5.119347572326660156e-01
-2.368875890970230103e-01
-5.889696627855300903e-02
-1.263072490692138672e-01
7.311645150184631348e-02
3.179856240749359131e-01
-9.418550133705139160e-02
2.525663934648036957e-02
2.986819148063659668e-01
7.976027578115463257e-02
-5.231262445449829102e-01
2.104915618896484375e+00
-5.089933425188064575e-02
-1.036476120352745056e-01
5.526871085166931152e-01
-1.509141623973846436e-01
4.701685905456542969e-01
3.179458081722259521e-01
2.916359305381774902e-01
-2.604083716869354248e-02
-4.131163954734802246e-01
5.883834958076477051e-01
1.756091415882110596e-01
1.194704249501228333e-01
2.482871264219284058e-01
-1.104454025626182556e-01
-7.731254100799560547e-01
5.109848827123641968e-02
-3.147152066230773926e-01
4.514373838901519775e-01
8.872714638710021973e-02
-4.277857542037963867e-01
4.931133091449737549e-01
4.968557134270668030e-02
1.161273848265409470e-02
-1.006396859884262085e-01
6.178410351276397705e-02
-3.790675699710845947e-01
-2.360710650682449341e-01
1.922791637480258942e-02
2.070672512054443359e-01
-3.405535817146301270e-01
-2.384407371282577515e-01
-3.021517992019653320e-01
-2.723049819469451904e-01
5.269073694944381714e-02
1.059752106666564941e+00
-1.841480284929275513e-01
2.041177898645401001e-01
-1.022070646286010742e-01
-3.494123518466949463e-01
3.349484801292419434e-01
-6.313947439193725586e-01
-9.292808771133422852e-01
3.129906654357910156e-01
-9.241973608732223511e-02
3.361793756484985352e-01
4.495812058448791504e-01
4.474360346794128418e-01
-4.612985625863075256e-02
-1.423429138958454132e-02
3.516944646835327148e-01
5.028280019760131836e-01
8.472730517387390137e-01
5.200421810150146484e-01
-6.133427619934082031e-01
1.682072430849075317e-01
8.296239376068115234e-01
-7.770290374755859375e-01
2.578326165676116943e-01
5.146769881248474121e-01
-5.688274502754211426e-01
-1.888636848889291286e-03
2.153448611497879028e-01
-4.923079013824462891e-01
3.879245221614837646e-01
-3.116714358329772949e-01
-8.824142217636108398e-01
-4.029848873615264893e-01
2.373078614473342896e-01
1.708849966526031494e-01
-3.018915951251983643e-01
-4.075818061828613281e-01
-3.657205104827880859e-01
-4.869911968708038330e-01
3.798381388187408447e-01
4.980795085430145264e-01
-2.108083963394165039e-01
5.393553972244262695e-01
-4.886694550514221191e-01
-3.494256138801574707e-01
2.858287394046783447e-01
2.591755688190460205e-01
-8.697960972785949707e-01
4.935227036476135254e-01
-7.040370702743530273e-01
5.180611610412597656e-01
2.455122232437133789e+00
3.807256743311882019e-02
-5.981141328811645508e-01
1.571500450372695923e-01
3.090058080852031708e-02
3.013817369937896729e-01
1.925477087497711182e-01
2.506851553916931152e-01
-1.434631198644638062e-01
-4.933696985244750977e-01
3.115063309669494629e-01
-3.326845467090606689e-01
8.143797516822814941e-01
-8.795932680368423462e-02
-4.465916156768798828e-01
-2.271105945110321045e-01
-8.652270585298538208e-02
3.545258641242980957e-01
-1.108058691024780273e-01
7.377200573682785034e-02
2.081557409837841988e-03
-6.432456374168395996e-01
2.076114118099212646e-01
8.240327588282525539e-04
-9.880625456571578979e-02
8.520650118589401245e-02
2.666278779506683350e-01
1.439782530069351196e-01
2.539394199848175049e-01
7.814638614654541016e-01
2.178317457437515259e-01
-1.987808495759963989e-01
2.241104990243911743e-01
2.415503263473510742e-01
-8.523753285408020020e-02
1.526648104190826416e-01
-8.886616230010986328e-01
-1.453053802251815796e-01
1.013342142105102539e+00
-1.061991006135940552e-01
-2.793406546115875244e-01
-8.715371042490005493e-02
6.874165534973144531e-01
-2.127973362803459167e-02
-1.010710522532463074e-01
-4.953110218048095703e-01
-6.815647482872009277e-01
-1.229067519307136536e-01
8.842969536781311035e-01
6.290456652641296387e-01
-5.796192884445190430e-01
6.406331658363342285e-01
-6.767981052398681641e-01
-3.579697608947753906e-01
7.232623100280761719e-01
-1.586479246616363525e-01
-3.096112310886383057e-01
1.580552011728286743e-01
-3.187055587768554688e-01
2.062951475381851196e-01
-7.548232376575469971e-02
-5.853825435042381287e-02
-4.907666444778442383e-01
1.142762824892997742e-01
-8.443135023117065430e-02
2.793989479541778564e-01
1.156557351350784302e-01
1.253945976495742798e-01
-1.413099095225334167e-02
-4.920268952846527100e-01
-1.223723664879798889e-01
-1.384037435054779053e-01
-3.735346198081970215e-01
-4.659409224987030029e-01
4.571442306041717529e-01
-1.008559390902519226e-01
-9.653699398040771484e-01
8.002122491598129272e-02
-4.584892094135284424e-01
9.927550703287124634e-02
5.290628075599670410e-01
1.209618821740150452e-01
-5.056643486022949219e-01
-2.834012806415557861e-01
2.779050767421722412e-01
3.990168869495391846e-01
6.216629743576049805e-01
3.594789505004882812e-01
-2.396056205034255981e-01
-2.823172509670257568e-01
3.294392526149749756e-01
-3.747827410697937012e-01
3.180722892284393311e-01
5.602833032608032227e-01
-2.822972834110260010e-01
5.538770556449890137e-01
1.065890416502952576e-01
-2.350328266620635986e-01
4.755218625068664551e-01
-2.671707607805728912e-02
-5.873769521713256836e-01
-2.087760865688323975e-01
2.540082633495330811e-01
1.006114259362220764e-01
-1.326445341110229492e-01
-2.761439383029937744e-01
-5.041392445564270020e-01
-1.456735134124755859e-01
1.224435687065124512e+00
4.229173362255096436e-01
-2.277032434940338135e-01
4.305700063705444336e-01
-1.898684382438659668e+00
1.845888048410415649e-01
-4.048350155353546143e-01
2.690544128417968750e-01
-9.029023349285125732e-02
-1.086498126387596130e-01
-1.498251259326934814e-01
-3.378607705235481262e-02
4.839494526386260986e-01
2.523695826530456543e-01
-5.140474811196327209e-02
-6.833416968584060669e-02
1.265276968479156494e-01
-1.637652963399887085e-01
2.043321281671524048e-01
-6.949811428785324097e-02
-3.375579714775085449e-01
-6.806862950325012207e-01
1.287419795989990234e-01
-2.903924584388732910e-01
3.071570694446563721e-01
4.042005836963653564e-01
-8.931022286415100098e-01
3.766256272792816162e-01
1.818035483360290527e+00
-5.837547779083251953e-01
5.408226847648620605e-01
-3.031655550003051758e-01
-1.253301799297332764e-01
2.044289559125900269e-01
4.608012735843658447e-01
3.461544588208198547e-02
-2.150671929121017456e-01
-5.723778009414672852e-01
-4.991052150726318359e-01
-3.018351197242736816e-01
8.500483632087707520e-02
3.450376540422439575e-02
-4.972209036350250244e-01
1.196880489587783813e-01
-8.431230485439300537e-02
3.738256171345710754e-02
7.272421121597290039e-01
6.184214949607849121e-01
5.749773234128952026e-02
-1.493072137236595154e-02
-1.603638380765914917e-01
-2.709538042545318604e-01
-6.136680021882057190e-02
2.608825862407684326e-01
-7.254633903503417969e-01
2.926192879676818848e-01
6.888080239295959473e-01
3.093487769365310669e-02
-2.512016892433166504e-01
3.576714172959327698e-02
3.113101124763488770e-01
1.870510131120681763e-01
-3.071141541004180908e-01
-3.991697449237108231e-03
3.805190920829772949e-01
-1.880272775888442993e-01
-2.436543405055999756e-01
3.967089653015136719e-01
4.383947551250457764e-01
-1.298505812883377075e-01
5.901284050196409225e-03
4.282559454441070557e-01
-1.157389730215072632e-01
4.984687864780426025e-01
-9.274917840957641602e-02
6.003183126449584961e-01
4.225247800350189209e-01
-1.898431330919265747e-01
1.044175699353218079e-01
1.896116286516189575e-01
-3.859764933586120605e-01
1.518713980913162231e-01
-6.477413773536682129e-01
2.481159381568431854e-02
5.785625055432319641e-02
5.942128300666809082e-01
-5.651461333036422729e-02
-1.481925994157791138e-01
4.763258993625640869e-01
-1.273565173149108887e+00
-6.679386645555496216e-02
-5.581381544470787048e-02
-3.911579251289367676e-01
3.702827990055084229e-01
-3.142307279631495476e-03
8.909328281879425049e-02
1.168527267873287201e-02
4.733077809214591980e-02
2.996051125228404999e-02
2.051958143711090088e-01
8.840947598218917847e-02
-3.010038286447525024e-02
-9.701650589704513550e-03
-5.283284187316894531e-01
6.497467309236526489e-02
1.176899820566177368e-01
-4.176170527935028076e-01
4.657121300697326660e-01
6.426634788513183594e-01
-5.537031292915344238e-01
2.415127605199813843e-01
4.042520821094512939e-01
-3.595362305641174316e-01
7.550448179244995117e-01
-2.025330811738967896e-01
-4.244816955178976059e-03
9.399613738059997559e-02
1.340604424476623535e-01
1.278933137655258179e-01
5.276615619659423828e-01
1.288383547216653824e-02
-1.509435623884201050e-01
-1.291476935148239136e-01
3.213254734873771667e-02
-2.228967100381851196e-01
4.630083143711090088e-01
8.444377779960632324e-02
1.947660148143768311e-01
3.736893236637115479e-01
5.381027981638908386e-02
-3.824329376220703125e-01
-2.083627134561538696e-02
-3.551311194896697998e-01
3.585848808288574219e-01
2.393762767314910889e-01
-2.328179180622100830e-01
-6.878784298896789551e-01
2.567691504955291748e-01
3.531407415866851807e-01
4.488562792539596558e-02
1.618242859840393066e-01
1.489803314208984375e+00
-2.810644209384918213e-01
-1.231178879737854004e+00
-6.325210928916931152e-01
-3.261567652225494385e-01
4.217280820012092590e-02
-3.755320906639099121e-01
-3.098863065242767334e-01
2.038142979145050049e-01
1.735635474324226379e-02
-2.054569274187088013e-01
4.313029348850250244e-01
-3.772706687450408936e-01
3.725210428237915039e-01
-3.931230902671813965e-01
-4.048861563205718994e-01
2.204955369234085083e-01
-7.851726561784744263e-02
-3.908334970474243164e-01
2.726941108703613281e-01
1.752509027719497681e-01
3.074575960636138916e-01
-9.124140441417694092e-02
5.850967392325401306e-02
8.930727839469909668e-02
-7.691990584135055542e-02
2.658532559871673584e-01
-1.030591130256652832e-01
-1.895793080329895020e-01
-5.593262314796447754e-01
4.196808934211730957e-01
-1.616247594356536865e-01
-2.175114601850509644e-01
-2.230745404958724976e-01
4.137907028198242188e-01
1.724932432174682617e+00
-2.061863243579864502e-01
3.754526376724243164e-02
2.801008820533752441e-01
-5.519671738147735596e-02
-1.299908280372619629e+00
-6.440746784210205078e-02
-4.979681968688964844e-01
-8.581829816102981567e-02
-6.019944548606872559e-01
-1.569436676800251007e-02
-2.864756435155868530e-02
-5.903068184852600098e-01
5.610124468803405762e-01
-2.107885926961898804e-01
-4.333675801753997803e-01
1.903644084930419922e+00
-8.139564394950866699e-01
2.162173986434936523e-01
7.097103595733642578e-01
1.123795211315155029e-01
2.025352954864501953e+00
-9.096332788467407227e-01
-5.234489440917968750e-01
6.408249735832214355e-01
-2.285322099924087524e-01
-3.513938188552856445e-02
-6.131656765937805176e-01
-2.240624576807022095e-01
6.022952124476432800e-02
-2.963408231735229492e-01
1.068985685706138611e-01
4.361488819122314453e-01
-1.983667910099029541e-01
-1.240446642041206360e-01
9.871638566255569458e-02
-9.401648640632629395e-01
2.852644324302673340e-01
-4.264392554759979248e-01
2.316476106643676758e-01
5.178118944168090820e-01
-4.254814684391021729e-01
-5.488126724958419800e-02
2.168771773576736450e-01
-7.075235843658447266e-01
-4.152753949165344238e-01
-6.298039555549621582e-01
1.301562041044235229e-01
-2.034005522727966309e-01
-1.258186101913452148e-01
-2.115067243576049805e-01
5.289984941482543945e-01
8.643209934234619141e-02
-3.539960384368896484e-01
8.193469047546386719e-02
9.509804099798202515e-02
3.800450265407562256e-01
-2.552065253257751465e-01
-1.810123026371002197e-01
-6.096328422427177429e-02
2.013490438461303711e+00
3.358112871646881104e-01
2.784942388534545898e-01
1.517167985439300537e-01
1.694431453943252563e-01
-3.503217697143554688e-01
-5.490228533744812012e-01
-1.022100597620010376e-01
-1.925960928201675415e-02
-7.436621189117431641e-01
-2.339022010564804077e-01
1.405185181647539139e-02
6.514653563499450684e-02
1.546800374984741211e+00
-1.352674365043640137e-01
-2.767167985439300537e-01
-5.443565845489501953e-01
3.069144487380981445e-01
3.422567844390869141e-01
6.495765596628189087e-02
1.055177092552185059e+00
-2.371687144041061401e-01
-1.998011469841003418e-01
-7.290295511484146118e-02
-1.290107965469360352e-01
-5.642428621649742126e-02
-3.767723143100738525e-01
-1.733936905860900879e+00
3.668390512466430664e-01
-2.067319601774215698e-01
-8.952519297599792480e-02
5.226823091506958008e-01
6.558458209037780762e-01
-1.618075370788574219e-02
-2.556506097316741943e-01
1.785019487142562866e-01
-5.615152716636657715e-01
5.870422124862670898e-01
-2.760706245899200439e-01
4.129627645015716553e-01
2.505226433277130127e-01
-2.026306390762329102e-01
6.729166209697723389e-02
4.415300190448760986e-01
-4.075932800769805908e-01
-3.384560942649841309e-01
-3.945926129817962646e-01
5.681021511554718018e-02
7.446608692407608032e-02
9.120235592126846313e-02
-2.536515593528747559e-01
1.293717473745346069e-01
-1.101568639278411865e-01
-1.261556893587112427e-01
4.658282734453678131e-03
3.406338095664978027e-01
3.138954937458038330e-01
-5.349754169583320618e-02
-4.248157441616058350e-01
2.460581362247467041e-01
-2.819516897201538086e+00
7.685241103172302246e-02
7.987409830093383789e-02
2.667213678359985352e-01
-2.062289863824844360e-01
1.314600277692079544e-02
4.189433902502059937e-02
-3.651167750358581543e-01
3.102184534072875977e-01
-6.552010774612426758e-03
-8.501120656728744507e-02
3.245119154453277588e-01
1.426493078470230103e-01
2.727394402027130127e-01
2.505482733249664307e-01
2.000420987606048584e-01
-6.857933998107910156e-01
4.547038078308105469e-01
6.756031513214111328e-02
2.498832643032073975e-01
-2.460063934326171875e+00
-3.210776448249816895e-01
3.820132911205291748e-01
2.592238783836364746e-01
-6.067323684692382812e-02
7.312467694282531738e-01
-2.824613749980926514e-01
5.614007115364074707e-01
-2.769450843334197998e-01
3.841823935508728027e-01
3.131290972232818604e-01
-1.100512892007827759e-01
1.097768768668174744e-01
-1.377555966377258301e+00
-1.686177849769592285e-01
-3.073337972164154053e-01
-1.623337715864181519e-01
-1.273324638605117798e-01
1.558358548209071159e-03
-9.976273775100708008e-02
-9.929542988538742065e-02
-2.151777297258377075e-01
2.295540571212768555e-01
-1.884796768426895142e-01
3.245356976985931396e-01
1.801606267690658569e-01
-3.535009622573852539e-01
-2.966498136520385742e-01
-2.446624487638473511e-01
-3.900146484375000000e-01
-8.033988624811172485e-02
3.731026127934455872e-02
6.771323829889297485e-02
1.154262781143188477e+00
-8.035297691822052002e-02
1.754809021949768066e-01
-6.004306674003601074e-01
9.064349532127380371e-02
-1.014506369829177856e-01
-1.737818717956542969e-01
1.594061374664306641e+00
-4.664998948574066162e-01
2.622589170932769775e-01
4.472615942358970642e-02
-1.028770878911018372e-01
-4.072946310043334961e-01
-9.007707983255386353e-02
1.009396687150001526e-01
-5.333738327026367188e-01
3.136410415172576904e-01
5.725364685058593750e-01
-6.168544292449951172e-01
-5.374129414558410645e-01
2.043429464101791382e-01
-4.777931421995162964e-02
-3.569251596927642822e-01
-1.691162139177322388e-01
-4.185155034065246582e-01
7.225691080093383789e-01
-2.363650947809219360e-01
-4.510137140750885010e-01
2.310765907168388367e-02
-3.713870346546173096e-01
-3.270443379878997803e-01
3.693350553512573242e-01
2.324816584587097168e-01
1.628107786178588867e+00
-2.086062282323837280e-01
-4.810853600502014160e-01
4.172528684139251709e-01
-2.190131321549415588e-02
1.874573379755020142e-01
9.281872510910034180e-01
-5.864683389663696289e-01
4.729918390512466431e-02
2.259501069784164429e-01
-1.594048589468002319e-01
1.203235387802124023e-01
-6.738606840372085571e-02
3.194004669785499573e-02
-1.449615508317947388e-01
-7.642649859189987183e-02
4.234002530574798584e-01
3.755580186843872070e-01
-1.295128930360078812e-02
-1.012849211692810059e-01
1.499597169458866119e-02
-2.943730354309082031e-01
6.768007576465606689e-02
-1.635622829198837280e-01
-2.374727576971054077e-01
1.107748866081237793e+00
1.184574589133262634e-01
-2.089083790779113770e-01
-1.169240400195121765e-01
1.003220751881599426e-01
2.613778710365295410e-01
-1.415191590785980225e-01
3.419036511331796646e-03
5.379661321640014648e-01
1.983222961425781250e-01
1.088799983263015747e-01
1.763573586940765381e-01
1.712744235992431641e-01
9.744796901941299438e-02
-2.844890952110290527e-01
-1.368695855140686035e+00
5.513972137123346329e-03
2.631300687789916992e-01
-2.738890610635280609e-02
-2.237394005060195923e-01
9.455696493387222290e-02
2.388368397951126099e-01
1.272291988134384155e-01
3.735514879226684570e-01
1.061369299888610840e+00
-5.611605644226074219e-01
-6.612825673073530197e-03
-1.376080065965652466e-01
3.552747964859008789e-01
3.254278898239135742e-01
-3.392983078956604004e-01
7.402448058128356934e-01
4.506139755249023438e-01
-3.444378077983856201e-01
2.128220200538635254e-01
2.032138872891664505e-03
2.042014300823211670e-01
5.077390745282173157e-02
-3.942599296569824219e-01
-8.503997325897216797e-02
1.037731468677520752e-01
-1.945624500513076782e-02
-1.258464306592941284e-01
3.808833658695220947e-01
3.037096261978149414e-01
3.366138637065887451e-01
-1.635827273130416870e-01
-1.631312370300292969e-01
1.528736948966979980e-01
3.084829449653625488e-01
6.483509540557861328e-01
-5.471244454383850098e-01
-1.458856463432312012e-01
5.727721750736236572e-02
5.577996000647544861e-02
5.131475925445556641e-01
2.709377408027648926e-01
2.936513423919677734e-01
-1.297077387571334839e-01
-2.249248027801513672e-01
2.438209205865859985e-01
3.219552040100097656e-01
2.437623888254165649e-01
5.020155222155153751e-04
1.488585174083709717e-01
-7.282231450080871582e-01
5.751850008964538574e-01
-6.443438585847616196e-03
2.231032997369766235e-01
3.364766240119934082e-01
-9.853405356407165527e-01
1.607042551040649414e-01
5.679559111595153809e-01
-6.226617097854614258e-01
-7.239923626184463501e-02
-3.715871572494506836e-01
-1.209241151809692383e-01
-1.097105145454406738e-01
1.891470402479171753e-01
1.642490364611148834e-02
-1.315594911575317383e-01
3.150191903114318848e-01
1.797688156366348267e-01
2.242877632379531860e-01
1.715665459632873535e-01
-2.305056899785995483e-01
5.399693846702575684e-01
1.220397055149078369e-01
-1.501661241054534912e-01
-1.432606726884841919e-01
1.660644710063934326e-01
-5.284991264343261719e-01
2.524575293064117432e-01
1.955402195453643799e-01
3.539378046989440918e-01
1.445413529872894287e-01
-8.627866953611373901e-02
-1.794744610786437988e+00
-7.892759889364242554e-02
-1.198503151535987854e-01
4.367553591728210449e-01
3.924787044525146484e-01
-1.099848374724388123e-01
-3.776666522026062012e-02
-2.730858325958251953e-01
2.332140505313873291e-01
1.315544843673706055e-01
7.016343623399734497e-02
6.726749986410140991e-02
-5.883343219757080078e-01
2.671686708927154541e-01
-5.331913232803344727e-01
-6.129445433616638184e-01
3.101352155208587646e-01
3.896309733390808105e-01
-1.038941890001296997e-01
3.260444402694702148e-01
-5.868260934948921204e-02
1.628647297620773315e-01
-4.266286194324493408e-01
-8.999171108007431030e-02
1.307207494974136353e-01
-1.080296263098716736e-01
-2.085152119398117065e-01
2.805052697658538818e-01
-7.907288670539855957e-01
1.732267290353775024e-01
7.599338293075561523e-01
-6.949367523193359375e-01
-2.895187735557556152e-01
-5.882089957594871521e-02
3.486520946025848389e-01
-2.178052999079227448e-02
5.325567722320556641e-02
4.139051735401153564e-01
8.437225967645645142e-02
-4.411998018622398376e-02
5.383836627006530762e-01
2.583907246589660645e-01
-1.594417542219161987e-01
2.102025412023067474e-02
2.671748697757720947e-01
-1.521254032850265503e-01
2.970534563064575195e-01
1.420129537582397461e+00
-2.082261562347412109e+00
2.542668879032135010e-01
1.300433576107025146e-01
-1.952272653579711914e-01
-3.829048871994018555e-01
-2.775984108448028564e-01
-2.716831490397453308e-02
3.268139660358428955e-01
5.969938039779663086e-01
4.759429991245269775e-01
5.428652279078960419e-03
2.097060084342956543e-01
1.991286039352416992e+00
-1.192386448383331299e-01
5.470772739499807358e-03
-2.389546483755111694e-02
-5.109117552638053894e-02
-3.515378758311271667e-02
-3.261366486549377441e-01
9.890907257795333862e-02
7.023342251777648926e-01
-4.039953649044036865e-01
-1.869646012783050537e-01
2.853965163230895996e-01
4.686189591884613037e-01
1.326266527175903320e-01
1.824421882629394531e-01
3.027201592922210693e-01
-2.451255321502685547e-01
-4.246388673782348633e-01
-1.750845313072204590e-01
-1.547582000494003296e-01
-4.099221825599670410e-01
-5.363469719886779785e-01
-2.826393544673919678e-01
3.456687927246093750e-02
-6.703281402587890625e-01
3.044505417346954346e-01
-2.104914337396621704e-01
-8.698345422744750977e-01
-2.388569116592407227e+00
-1.086274459958076477e-01
-7.460688799619674683e-02
3.999927267432212830e-02
-1.363253712654113770e+00
5.280870795249938965e-01
1.546293497085571289e-01
-4.292072057723999023e-01
-1.475882679224014282e-01
-9.230809658765792847e-02
8.423572778701782227e-01
-6.195337772369384766e-01
-7.152371108531951904e-02
-9.571770578622817993e-02
2.256969362497329712e-01
2.756504118442535400e-01
4.564260132610797882e-03
2.643069028854370117e-01
-2.200735360383987427e-01
5.837482959032058716e-02
3.220601379871368408e-01
1.627135425806045532e-01
1.037022113800048828e+00
-9.032908827066421509e-02
7.702638953924179077e-02
1.675932407379150391e-01
5.048026442527770996e-01
-3.367261886596679688e-01
3.756387233734130859e-01
-1.090369373559951782e-01
2.111942023038864136e-01
-5.401022434234619141e-01
1.495010256767272949e+00
1.817594915628433228e-01
4.605951309204101562e-01
-4.050140380859375000e-01
-1.824915707111358643e-01
2.653720378875732422e-01
-3.871718943119049072e-01
6.335497498512268066e-01
1.637647897005081177e-01
-2.776122391223907471e-01
-1.570484042167663574e-02
3.404329763725399971e-03
2.310089319944381714e-01
-6.186271831393241882e-02
-4.061684012413024902e-01
4.369803369045257568e-01
3.296015560626983643e-01
5.632504075765609741e-02
2.492549270391464233e-02
-6.744244098663330078e-01
-1.278948336839675903e-01
-2.135299295186996460e-01
1.765070110559463501e-01
1.219219043850898743e-01
-3.943020701408386230e-01
8.050604723393917084e-03
-1.953171938657760620e-01
-7.323536276817321777e-02
8.527890443801879883e-01
-4.961097240447998047e-01
-4.232999980449676514e-01
1.799123734235763550e-01
4.130684137344360352e-01
-4.297741502523422241e-02
3.841908574104309082e-01
-1.781063526868820190e-01
-6.967314332723617554e-02
-5.502822995185852051e-01
-8.512382954359054565e-02
-8.724955469369888306e-02
-3.273153603076934814e-01
2.285842597484588623e-02
2.404948323965072632e-01
-1.367213726043701172e-01
-3.606157898902893066e-01
-5.052265711128711700e-03
-2.226613163948059082e-01
-2.666442692279815674e-01
6.473319530487060547e-01
-1.052855327725410461e-01
-2.973847389221191406e-01
3.846664726734161377e-01
1.731880158185958862e-01
2.126180678606033325e-01
1.900347024202346802e-01
-2.075322866439819336e-01
-1.514628082513809204e-01
-5.035104155540466309e-01
4.584021270275115967e-01
-1.082178503274917603e-01
-1.889271289110183716e-01
-5.861048400402069092e-02
-7.318377494812011719e-01
1.649371162056922913e-02
-1.690658181905746460e-01
-9.515814483165740967e-02
3.804114088416099548e-02
-2.071619182825088501e-01
4.734900314360857010e-03
-2.384662162512540817e-03
1.163957938551902771e-01
4.875671565532684326e-01
-2.362645566463470459e-01
9.600990265607833862e-02
1.723515689373016357e-01
-1.851037144660949707e-01
-1.521997433155775070e-02
1.140225864946842194e-02
-1.904471218585968018e-01
-1.315111177973449230e-03
-2.957584559917449951e-01
-2.489513605833053589e-01
-4.564750567078590393e-02
7.113465666770935059e-02
-4.897827804088592529e-01
1.811185181140899658e-01
-3.006609678268432617e-01
-6.022136807441711426e-01
1.010683298110961914e+00
-5.319225192070007324e-01
-8.841393887996673584e-02
2.703519761562347412e-01
1.520856171846389771e-01
2.616275250911712646e-01
9.436235576868057251e-02
-1.719408929347991943e-01
-3.345776200294494629e-01
-3.784393072128295898e-01
-7.678205519914627075e-02
3.757566586136817932e-02
-3.117348253726959229e-01
-1.865278333425521851e-01
4.253445938229560852e-02
-2.201413661241531372e-01
-4.785971641540527344e-01
4.586830735206604004e-02
-2.896595299243927002e-01
-1.104752182960510254e+00
1.054343461990356445e+00
-1.176098659634590149e-01
-1.435345172882080078e+00
6.289156675338745117e-01
1.754923760890960693e-01
1.497866511344909668e-01
1.157619506120681763e-01
3.926746547222137451e-03
-3.394864201545715332e-01
-1.192379072308540344e-01
5.498081445693969727e-02
-4.794124141335487366e-02
-7.789111882448196411e-02
6.092327088117599487e-02
1.419693976640701294e-01
1.895724087953567505e-01
-9.798679351806640625e-01
-9.460156410932540894e-02
7.201913744211196899e-02
-9.684765934944152832e-01
1.825200170278549194e-01
-1.716880202293395996e-01
-1.215046420693397522e-01
5.258191227912902832e-01
-1.625347584486007690e-01
-1.040123775601387024e-01
-2.108346112072467804e-02
4.432804882526397705e-02
-1.187835112214088440e-01
-2.405328005552291870e-01
1.039216369390487671e-01
2.236365526914596558e-01
4.204937517642974854e-01
5.253284573554992676e-01
-7.895177602767944336e-02
-5.407440662384033203e-01
1.012294590473175049e-01
-2.212566509842872620e-02
1.208707168698310852e-01
-2.451531589031219482e-01
-4.885834455490112305e-02
3.896854519844055176e-01
-1.126842945814132690e-01
-2.597548663616180420e-01
9.843921661376953125e-02
1.284961104393005371e-01
1.845907047390937805e-02
4.958420097827911377e-01
-1.188401654362678528e-01
2.078121714293956757e-02
-1.630282262340188026e-03
2.825291454792022705e-02
-5.425639748573303223e-01
-1.025209724903106689e-01
-4.189744293689727783e-01
5.245521068572998047e-01
8.374890089035034180e-01
-8.615595102310180664e-02
2.713032364845275879e-01
5.947924852371215820e-01
-8.068481087684631348e-01
1.910260766744613647e-01
8.643977046012878418e-01
-3.834482133388519287e-01
-3.491788208484649658e-01
-3.421571254730224609e-01
2.153111696243286133e-01
-2.454950511455535889e-01
1.306573599576950073e-01
3.897949755191802979e-01
3.336705267429351807e-01
-2.186196595430374146e-01
-1.518622506409883499e-02
1.303342342376708984e+00
-1.386137008666992188e-01
-2.253214716911315918e-01
-9.551882743835449219e-02
-7.914817333221435547e-01
4.428327381610870361e-01
1.800666600465774536e-01
1.970986276865005493e-01
5.385313034057617188e-01
-3.589007630944252014e-02
-3.738265633583068848e-01
-1.132908537983894348e-01
-3.389805555343627930e-01
-6.460411846637725830e-02
5.645421743392944336e-01
2.041140347719192505e-01
3.159178793430328369e-01
-6.512485444545745850e-02
6.468464136123657227e-01
-3.430079519748687744e-01
2.961910068988800049e-01
3.182053193449974060e-02
-6.135545298457145691e-02
2.151116430759429932e-01
6.526919454336166382e-02
1.503508985042572021e-01
4.892985224723815918e-01
8.215826749801635742e-01
2.498748004436492920e-01
2.441460341215133667e-01
-3.140847980976104736e-01
-2.463886439800262451e-01
-5.949758365750312805e-02
-6.821581721305847168e-01
1.667927950620651245e-01
5.734886527061462402e-01
1.680049747228622437e-01
-1.611504554748535156e-01
-7.321850210428237915e-02
-5.053700804710388184e-01
3.792585134506225586e-01
-1.520741283893585205e-01
3.680644333362579346e-01
1.297376632690429688e+00
-2.956357300281524658e-01
2.319344282150268555e-01
4.728507399559020996e-01
1.499093174934387207e+00
3.392041027545928955e-01
-2.444679588079452515e-01
-4.270086288452148438e-01
-2.199301868677139282e-01
2.843493521213531494e-01
-3.767749965190887451e-01
1.229461953043937683e-01
-3.208087682723999023e-01
2.066542357206344604e-01
-5.640404224395751953e-01
3.378579020500183105e-01
7.361540198326110840e-01
2.185127288103103638e-01
5.800371170043945312e-01
4.886302947998046875e-01
-7.172139883041381836e-01
2.450612932443618774e-01
-7.667846232652664185e-02
-5.553192496299743652e-01
1.648977100849151611e-01
-8.727239072322845459e-02
8.552683591842651367e-01
2.297368347644805908e-01
-5.995066091418266296e-02
-2.608086466789245605e-01
2.915040552616119385e-01
9.982252866029739380e-02
-5.079568549990653992e-02
-2.393643110990524292e-01
-1.307399421930313110e-01
-4.660999402403831482e-02
-3.179832696914672852e-01
-2.285158075392246246e-02
-2.106801569461822510e-01
-4.388339072465896606e-02
1.172016933560371399e-01
2.741544544696807861e-01
-7.118899375200271606e-03
-1.894648820161819458e-01
1.211035773158073425e-01
-1.828846335411071777e-02
-1.451639652252197266e+00
-3.478134870529174805e-01
3.091230988502502441e-01
-1.095575839281082153e-01
-1.100092530250549316e+00
-1.520858108997344971e-01
4.298902451992034912e-01
-1.120065599679946899e-01
6.389715522527694702e-02
-1.124436035752296448e-01
5.836357474327087402e-01
2.839523851871490479e-01
6.018744111061096191e-01
-4.622944891452789307e-01
-3.590903431177139282e-02
1.035165339708328247e-01
2.193769514560699463e-01
-3.792912960052490234e-01
-1.917243152856826782e-01
-3.867493867874145508e-01
-3.211202919483184814e-01
5.268717557191848755e-02
-2.633426785469055176e-01
5.330680403858423233e-03
2.557841241359710693e-01
9.605178982019424438e-02
2.027779966592788696e-01
-1.935662776231765747e-01
4.374919086694717407e-02
-3.451176285743713379e-01
4.428435862064361572e-01
-7.238463163375854492e-01
-7.231542468070983887e-01
-3.417645990848541260e-01
-3.625707030296325684e-01
-2.788212597370147705e-01
-4.205640554428100586e-01
3.391110897064208984e-01
2.331278622150421143e-01
-1.574201043695211411e-03
9.522339701652526855e-02
6.130871176719665527e-01
4.675082564353942871e-01
1.167322099208831787e-01
-1.490523964166641235e-01
-5.264909937977790833e-02
-3.053593039512634277e-01
2.890715897083282471e-01
-3.800460100173950195e-01
-9.174090623855590820e-02
2.126596719026565552e-01
-9.929286688566207886e-02
-7.114342451095581055e-01
1.561908572912216187e-01
-1.443444490432739258e-01
-1.692643910646438599e-01
7.848858833312988281e-02
4.790453016757965088e-01
4.219549298286437988e-01
8.339926600456237793e-02
4.642858803272247314e-01
3.560003936290740967e-01
1.015918731689453125e+00
1.328674852848052979e-01
-5.344691276550292969e-01
-7.410009205341339111e-02
-2.044743746519088745e-01
-4.632669091224670410e-01
2.584305405616760254e-01
-2.098141759634017944e-01
-1.016217350959777832e+00
-8.826645463705062866e-02
-3.216828107833862305e-01
4.336554706096649170e-01
2.218690887093544006e-02
-1.240106448531150818e-01
6.829659938812255859e-01
1.564198732376098633e-01
2.275274544954299927e-01
4.499770328402519226e-02
3.176954761147499084e-02
-6.738578528165817261e-02
5.901121348142623901e-02
4.970366358757019043e-01
1.178294047713279724e-01
1.436447650194168091e-01
5.406095087528228760e-02
1.937957108020782471e-01
4.976555332541465759e-02
-2.058819830417633057e-01
1.975310087203979492e+00
-2.991808950901031494e-01
-3.283085525035858154e-01
9.757214784622192383e-02
-1.669432222843170166e-01
3.447769582271575928e-01
-3.927238658070564270e-02
2.453100532293319702e-01
5.909202620387077332e-02
4.169501960277557373e-01
3.507107496261596680e-01
4.965741038322448730e-01
1.035009860061109066e-03
-2.226633131504058838e-01
-1.684566140174865723e-01
-2.989949882030487061e-01
-5.327872931957244873e-02
1.363434791564941406e-01
5.900670886039733887e-01
8.227190375328063965e-01
2.435788959264755249e-01
-4.774280786514282227e-01
-4.715766906738281250e-01
-1.514943391084671021e-01
-2.575157582759857178e-01
-7.944602519273757935e-02
-6.302472352981567383e-01
3.222990632057189941e-01
2.186601012945175171e-01
1.566857099533081055e-01
9.363158792257308960e-02
6.529741883277893066e-01
4.452401995658874512e-01
2.019911706447601318e-01
-3.860630989074707031e-01
1.995951309800148010e-02
-1.181922480463981628e-02
4.190485477447509766e-01
-8.134869486093521118e-02
3.736585974693298340e-01
4.761204421520233154e-01
4.222405701875686646e-02
1.274969428777694702e-01
-7.319694757461547852e-01
-3.453826010227203369e-01
2.451908886432647705e-01
-5.000944733619689941e-01
-2.010428458452224731e-01
-1.129488274455070496e-01
-2.086302787065505981e-01
9.160761535167694092e-02
-2.112115770578384399e-01
-2.159900404512882233e-02
4.864908754825592041e-02
-9.457599371671676636e-02
3.497087657451629639e-01
-1.143004652112722397e-02
4.024993628263473511e-02
1.764645725488662720e-01
-1.310036331415176392e-01
1.106843799352645874e-01
1.410198688507080078e+00
7.917787134647369385e-02
-5.221162438392639160e-01
-5.246033519506454468e-02
-1.583345532417297363e-01
-4.271762818098068237e-02
-5.391027331352233887e-01
-1.928181797266006470e-01
1.633260250091552734e-01
-3.564257919788360596e-01
-5.683242678642272949e-01
-9.751083701848983765e-02
1.489539742469787598e-01
7.375277876853942871e-01
4.188156723976135254e-01
5.274668931961059570e-01
1.682376116514205933e-01
7.247331142425537109e-01
6.298400163650512695e-01
2.946883141994476318e-01
6.302090883255004883e-01
9.428647160530090332e-02
4.402880370616912842e-02
2.554394900798797607e-01
1.542834937572479248e-01
-2.917671203613281250e-01
-2.445730268955230713e-01
-2.545809149742126465e-01
-3.100328743457794189e-01
-7.400363683700561523e-02
-1.026320099830627441e+00
-5.337980389595031738e-01
-5.491776391863822937e-02
5.081495642662048340e-01
-1.217495426535606384e-01
-1.128613203763961792e-01
-3.072968721389770508e-01
-3.930884003639221191e-01
-8.384944498538970947e-02
-3.757120668888092041e-01
8.986032754182815552e-02
3.236958086490631104e-01
4.473348259925842285e-01
-3.249525278806686401e-02
-6.729774177074432373e-02
4.742622375488281250e-03
5.501297861337661743e-02
-2.471942752599716187e-01
3.844212591648101807e-01
-2.118821740150451660e-01
-1.356048434972763062e-01
-3.721251711249351501e-02
2.187740802764892578e-01
-3.246410787105560303e-01
2.809436321258544922e-01
-1.723915785551071167e-01
-1.988848596811294556e-01
1.504808813333511353e-01
-1.773571968078613281e-01
-1.210828542709350586e+00
-3.604483902454376221e-01
1.999608613550662994e-02
-5.202900618314743042e-02
-1.609745025634765625e-01
-2.271021008491516113e-01
3.433034121990203857e-01
1.408533900976181030e-01
-6.984133273363113403e-02
-6.942565441131591797e-01
-1.631667912006378174e-01
-1.021231487393379211e-01
5.789023041725158691e-01
4.892632961273193359e-01
-1.273829489946365356e-01
7.435385882854461670e-02
-8.111789822578430176e-02
2.140151560306549072e-01
1.922454982995986938e-01
4.641359746456146240e-01
1.424812972545623779e-01
-8.873885124921798706e-02
-2.506011426448822021e-01
3.922617137432098389e-01
3.525751233100891113e-01
3.391524255275726318e-01
-9.249611198902130127e-02
-7.414268702268600464e-02
4.639596045017242432e-01
1.990825086832046509e-01
1.666875779628753662e-01
1.674843579530715942e-01
-1.238936334848403931e-01
1.510850042104721069e-01
1.943430900573730469e-01
-6.463657617568969727e-01
-7.637949585914611816e-01
-1.091913953423500061e-01
3.283541202545166016e-01
2.115643173456192017e-01
4.106152951717376709e-01
5.035774111747741699e-01
4.162204563617706299e-01
-6.403836011886596680e-01
-1.574957370758056641e-01
-1.862195581197738647e-01
-4.020750522613525391e-02
-2.958269119262695312e-01
-3.620224595069885254e-01
-6.428778171539306641e-01
-4.272665083408355713e-01
-6.548473238945007324e-01
-6.400539875030517578e-01
2.312645614147186279e-01
4.528055787086486816e-01
1.723745763301849365e-01
5.487487912178039551e-01
3.589049279689788818e-01
-3.367629051208496094e-01
-2.224745601415634155e-01
2.932875603437423706e-02
-3.703470900654792786e-02
-6.827368140220642090e-01
1.790757775306701660e-01
-1.909426599740982056e-02
3.328253030776977539e-01
4.050001874566078186e-02
8.599203228950500488e-01
9.056522846221923828e-01
2.531715333461761475e-01
6.038494706153869629e-01
7.894505262374877930e-01
6.084156632423400879e-01
-6.203049421310424805e-01
-3.426129370927810669e-02
-1.626770049333572388e-01
-3.606472611427307129e-01
-3.857384249567985535e-02
-5.792504549026489258e-02
2.079756855964660645e-01
-1.823905408382415771e-01
-1.567649394273757935e-01
-1.053973063826560974e-01
1.534704118967056274e-01
-3.587956726551055908e-01
2.494322061538696289e-01
-1.109857484698295593e-01
4.985234439373016357e-01
1.752581447362899780e-02
6.416993737220764160e-01
3.762357831001281738e-01
-4.289512038230895996e-01
1.032688260078430176e+00
-3.642765581607818604e-01
-5.693109631538391113e-01
-2.264149785041809082e-01
1.945957988500595093e-01
2.726398408412933350e-02
4.042518138885498047e-01
-8.992940187454223633e-01
2.528630495071411133e-01
-5.979995131492614746e-01
-2.312780544161796570e-02
1.398880966007709503e-02
-3.287150263786315918e-01
-4.474820792675018311e-01
-5.400556325912475586e-01
-2.102107405662536621e-01
-1.539069116115570068e-01
1.039075031876564026e-01
-2.993271052837371826e-01
3.317118585109710693e-01
-3.425723910331726074e-01
-1.574361138045787811e-02
1.744907647371292114e-01
7.460955977439880371e-01
-1.121153682470321655e-01
9.572381973266601562e-01
-2.379537075757980347e-01
-4.534303545951843262e-01
4.577360153198242188e-01
-3.482409119606018066e-01
-3.072578310966491699e-01
-5.552660822868347168e-01
4.471794515848159790e-02
-2.430865764617919922e-01
-7.519246339797973633e-01
-1.602278947830200195e-01
-6.673587113618850708e-02
5.806940048933029175e-02
-2.831315994262695312e-02
-4.153868556022644043e-02
1.002829447388648987e-01
-2.789697051048278809e-01
2.049943804740905762e-01
1.805544644594192505e-01
2.493751198053359985e-01
-6.079595070332288742e-03
-2.428458780050277710e-01
2.973555773496627808e-02
-1.164766699075698853e-01
-1.966117918491363525e-01
-5.189104676246643066e-01
7.274000644683837891e-01
8.594898134469985962e-02
3.012103438377380371e-01
7.626010179519653320e-01
3.813513219356536865e-01
1.472009997814893723e-02
4.292559996247291565e-02
5.445612668991088867e-01
2.939559221267700195e-01
-8.524797111749649048e-02
2.030187658965587616e-02
-3.638544678688049316e-01
-1.997098773717880249e-01
2.136374861001968384e-01
4.956781864166259766e-02
1.210944354534149170e-01
1.941481530666351318e-01
7.049782574176788330e-02
3.205798566341400146e-01
-3.299748525023460388e-02
1.952539533376693726e-01
2.335215359926223755e-01
3.476212024688720703e-01
2.154479026794433594e-01
-8.555806241929531097e-03
2.672058641910552979e-01
-3.960412740707397461e-01
-4.761965572834014893e-02
-3.467230498790740967e-02
-5.275251269340515137e-01
-2.196661829948425293e-01
-3.893355280160903931e-02
-3.024418652057647705e-01
-1.413974096067249775e-03
-2.094275951385498047e-01
-7.081936001777648926e-01
-2.919887602329254150e-01
1.377161741256713867e-01
-3.108556568622589111e-02
-2.555265128612518311e-01
6.743038892745971680e-01
-2.016945928335189819e-02
4.716936945915222168e-01
2.842922508716583252e-01
3.661259114742279053e-01
3.939058184623718262e-01
3.029130995273590088e-01
5.475499033927917480e-01
-1.123140007257461548e-01
4.330995976924896240e-01
-2.901179492473602295e-01
-1.530764624476432800e-03
-6.238794922828674316e-01
2.491648346185684204e-01
2.285417355597019196e-02
2.091729789972305298e-01
9.476141631603240967e-02
-1.017264798283576965e-01
6.792287230491638184e-01
3.164838254451751709e-01
-2.082274258136749268e-01
1.787842959165573120e-01
-1.683155447244644165e-02
-2.216103486716747284e-02
-3.129260540008544922e-01
-1.544494777917861938e-01
-3.238649368286132812e-01
-2.607871592044830322e-01
-5.202043652534484863e-01
-1.142129227519035339e-01
-1.188191846013069153e-01
4.631589353084564209e-01
-1.226803064346313477e-01
-2.621115148067474365e-01
-4.687154293060302734e-01
-9.659019857645034790e-02
-3.268587589263916016e-01
-4.200733453035354614e-02
-2.785761356353759766e-01
-1.688921749591827393e-01
-3.424165248870849609e-01
-2.701614499092102051e-01
3.286041021347045898e-01
4.213483631610870361e-01
3.124958872795104980e-01
5.011434480547904968e-02
1.700821891427040100e-02
-1.277494132518768311e-01
4.041550457477569580e-01
-6.155383586883544922e-01
-2.647301256656646729e-01
4.271706640720367432e-01
1.498894244432449341e-01
-1.519386321306228638e-01
1.696361452341079712e-01
-2.042352110147476196e-01
1.988562569022178650e-02
-2.616291940212249756e-01
5.816799774765968323e-02
-2.558858692646026611e-01
-7.814994454383850098e-01
-4.249833226203918457e-01
2.062575370073318481e-01
-2.226605862379074097e-01
6.553417444229125977e-01
-1.345126330852508545e-01
-4.849311411380767822e-01
7.991142570972442627e-02
5.173042416572570801e-02
-7.043009996414184570e-02
6.601146459579467773e-01
1.585631966590881348e-01
1.249529197812080383e-01
-2.530270218849182129e-01
6.162827610969543457e-01
-1.100741252303123474e-01
1.018290996551513672e+00
-2.339373528957366943e-01
-1.674936264753341675e-01
-6.514919549226760864e-02
3.098738193511962891e-01
-6.761090457439422607e-02
-1.432896852493286133e-01
5.775215104222297668e-02
6.497871875762939453e-02
5.072302743792533875e-02
-7.274376600980758667e-02
7.532162219285964966e-02
2.018413394689559937e-01
-2.263449281454086304e-01
-5.137605592608451843e-02
-3.625615239143371582e-01
-2.635302022099494934e-02
1.078947931528091431e-01
-8.330710977315902710e-02
1.548344939947128296e-01
-2.218545414507389069e-02
-6.932328641414642334e-02
-2.009880542755126953e-01
2.434415668249130249e-01
6.555055081844329834e-02
-3.760852618142962456e-03
-3.686929047107696533e-01
-1.189036071300506592e-01
-2.512617595493793488e-02
1.620660275220870972e-01
2.971803843975067139e-01
1.371552329510450363e-02
-2.395396679639816284e-02
1.649914234876632690e-01
-4.142985120415687561e-02
1.227384507656097412e-01
-3.078874349594116211e-01
8.383997529745101929e-02
2.968565523624420166e-01
2.180367335677146912e-02
5.157607048749923706e-02
-1.724461168050765991e-01
7.707770168781280518e-02
4.133484140038490295e-02
