5.674292445182800293e-01
-3.352358341217041016e-01
-1.412286907434463501e-01
9.493457525968551636e-02
-5.792785286903381348e-01
7.037357091903686523e-01
-1.969856470823287964e-01
2.614068686962127686e-01
3.173442482948303223e-01
-1.364265561103820801e+00
-4.311338812112808228e-02
2.404138147830963135e-01
1.078496053814888000e-01
-4.099666774272918701e-01
-9.740485996007919312e-02
-9.402493834495544434e-01
-1.516069378703832626e-02
5.741189792752265930e-02
3.619790971279144287e-01
7.686017751693725586e-01
-4.000697657465934753e-02
-1.553737044334411621e+00
6.109190732240676880e-02
-6.973909735679626465e-01
1.909322850406169891e-02
-6.529340744018554688e-01
2.281595468521118164e-01
9.738053083419799805e-01
-4.012265503406524658e-01
6.734619736671447754e-01
-8.272735774517059326e-02
2.006917446851730347e-01
4.593626260757446289e-01
-4.410476088523864746e-01
-4.320790171623229980e-01
-7.594161033630371094e-01
6.399803161621093750e-01
3.201792240142822266e-01
5.588979721069335938e-01
7.893034070730209351e-02
1.027411937713623047e+00
-9.892283082008361816e-01
7.345005869865417480e-01
-4.632329940795898438e-01
-4.970374703407287598e-01
5.347494482994079590e-01
-7.628565430641174316e-01
9.235497117042541504e-01
-5.322169661521911621e-01
2.899446189403533936e-01
-5.073381662368774414e-01
-2.958872914314270020e-01
6.656629443168640137e-01
-8.706909418106079102e-01
1.231072425842285156e+00
-5.032650008797645569e-02
1.658511161804199219e-01
-7.518005371093750000e-01
1.368009328842163086e+00
6.985519528388977051e-01
2.858707606792449951e-01
-2.601206898689270020e-01
-1.769599020481109619e-01
1.061572059988975525e-01
2.038907855749130249e-01
1.501204520463943481e-01
1.484976410865783691e-01
7.480668425559997559e-01
-2.030089050531387329e-01
-6.662272214889526367e-01
1.827578395605087280e-01
-7.288467884063720703e-02
1.317841112613677979e-01
-8.269160389900207520e-01
-6.957882642745971680e-02
1.201857998967170715e-01
4.219626188278198242e-01
1.460666656494140625e-01
9.792195260524749756e-02
5.343838930130004883e-01
-2.183251231908798218e-01
-1.760067790746688843e-01
-1.759587377309799194e-01
-3.775640428066253662e-01
6.472068428993225098e-01
-2.749910652637481689e-01
-8.853150904178619385e-02
3.761490285396575928e-01
-1.024996116757392883e-01
-4.303094148635864258e-01
1.145129323005676270e+00
2.552922070026397705e-01
1.593627333641052246e-01
-2.036677002906799316e-01
-2.082068026065826416e-01
-4.557508230209350586e-01
2.677178680896759033e-01
6.702213883399963379e-01
-3.764778077602386475e-01
-3.560768365859985352e-01
-1.817318648099899292e-01
1.846648156642913818e-01
3.756682276725769043e-01
2.964895665645599365e-01
-4.263608753681182861e-01
-1.217000037431716919e-01
3.513128161430358887e-01
3.188406676054000854e-02
1.505213230848312378e-02
9.676008485257625580e-03
-7.644071429967880249e-02
1.861810125410556793e-02
2.910124957561492920e-01
1.132908016443252563e-01
1.059067472815513611e-01
1.981789022684097290e-01
-3.017830550670623779e-01
2.715039551258087158e-01
-4.713507294654846191e-01
-6.252992153167724609e-01
-3.042503297328948975e-01
2.680366039276123047e-01
1.375078111886978149e-01
4.126390442252159119e-03
2.421682178974151611e-01
-2.704408466815948486e-01
3.319425042718648911e-03
-1.137319505214691162e-01
3.611720204353332520e-01
-1.263951063156127930e-01
4.406791552901268005e-02
1.812599152326583862e-01
-1.598218381404876709e-01
-1.375310271978378296e-01
-6.843353807926177979e-02
8.162245899438858032e-02
-2.601242065429687500e-01
2.333600074052810669e-01
-2.256843447685241699e-02
-4.466122090816497803e-01
-8.856282234191894531e-01
7.614049911499023438e-01
-2.585456669330596924e-01
9.520705342292785645e-01
4.565003812313079834e-01
-2.789627015590667725e-01
1.756013929843902588e-01
-1.070769548416137695e+00
4.038469791412353516e-01
6.322689056396484375e-01
2.006752341985702515e-01
2.488691955804824829e-01
-1.025014996528625488e+00
1.064724087715148926e+00
-3.906540870666503906e-01
5.422615408897399902e-01
-1.134266853332519531e+00
-1.518486887216567993e-01
-1.337196677923202515e-01
-4.039763808250427246e-01
-7.536894828081130981e-02
-1.935588419437408447e-01
3.413407802581787109e-01
1.193115413188934326e-01
-4.323206841945648193e-01
2.562729418277740479e-01
-2.292972952127456665e-01
5.695226415991783142e-02
-4.964288473129272461e-01
-3.289997279644012451e-01
-1.534162759780883789e-01
-1.736251413822174072e-01
1.295681148767471313e-01
-1.891122609376907349e-01
3.405401408672332764e-01
7.207337021827697754e-01
2.631255984306335449e-01
2.114802412688732147e-02
-5.932542309165000916e-02
1.530178189277648926e-01
-1.147724315524101257e-01
-8.307384699583053589e-02
-1.009464502334594727e+00
-4.223137497901916504e-01
-8.947781473398208618e-02
9.166000038385391235e-02
6.596786379814147949e-01
6.497456878423690796e-02
-4.205357283353805542e-02
4.831039607524871826e-01
-1.290752291679382324e-01
-9.076317399740219116e-02
1.203049942851066589e-01
1.268274933099746704e-01
-4.227786064147949219e-01
-5.434253215789794922e-01
1.006123423576354980e+00
-2.059750072658061981e-02
1.947315037250518799e-01
-2.406753133982419968e-03
3.491248786449432373e-01
-4.535162448883056641e-01
3.961093127727508545e-01
-8.731653541326522827e-02
7.472237944602966309e-02
2.585211992263793945e-01
-2.965913414955139160e-01
4.046395719051361084e-01
-1.386974900960922241e-01
-4.875976964831352234e-02
-1.310014724731445312e-01
-9.552305191755294800e-02
9.258418530225753784e-02
-4.456627964973449707e-01
4.239935874938964844e-01
4.040101766586303711e-01
-1.233550831675529480e-01
-3.976633846759796143e-01
2.031843513250350952e-01
2.659446299076080322e-01
-3.958390355110168457e-01
2.938863039016723633e-01
7.574387639760971069e-02
-2.096290439367294312e-01
-4.693166017532348633e-01
-2.287631183862686157e-01
-3.474174439907073975e-02
3.382287546992301941e-02
9.366357699036598206e-03
6.735572814941406250e-01
-7.128574848175048828e-01
-5.080469846725463867e-01
2.990164160728454590e-01
2.951138615608215332e-01
4.338981118053197861e-03
3.161912858486175537e-01
-2.148717641830444336e-01
-9.769766032695770264e-02
2.526416629552841187e-02
-2.205278258770704269e-03
2.284117788076400757e-01
-4.421974718570709229e-01
4.901948198676109314e-02
-8.913598209619522095e-02
-6.292892247438430786e-02
3.144463598728179932e-01
-4.974524974822998047e-01
-1.977991312742233276e-02
-4.710190594196319580e-01
4.708665609359741211e-01
-2.608053199946880341e-02
3.690798953175544739e-02
3.085043728351593018e-01
1.042477712035179138e-01
3.871544897556304932e-01
-3.695789352059364319e-02
-1.356876492500305176e-01
-3.403926193714141846e-01
4.767377078533172607e-01
2.341851145029067993e-01
7.315468788146972656e-01
-2.274006456136703491e-01
-1.834594160318374634e-01
-7.717109322547912598e-01
-4.498432874679565430e-01
3.379250690340995789e-02
-1.409482955932617188e-01
6.109881997108459473e-01
-9.725854545831680298e-02
1.639008522033691406e-01
-4.715651571750640869e-01
-1.068793460726737976e-01
5.287721157073974609e-01
-5.177624821662902832e-01
-1.465213745832443237e-01
-6.162633001804351807e-02
5.195000171661376953e-01
-3.070985972881317139e-01
2.842721939086914062e-01
3.306607306003570557e-01
8.023936301469802856e-02
3.431245088577270508e-01
2.246087044477462769e-01
3.644435405731201172e-01
-1.496341079473495483e-02
-6.306241154670715332e-01
9.847581386566162109e-02
5.503886938095092773e-01
3.317179679870605469e-01
-2.613210082054138184e-01
-5.909956991672515869e-03
1.787227988243103027e-01
6.691838800907135010e-02
-3.983237445354461670e-01
-4.283539950847625732e-02
-1.664924472570419312e-01
3.369800001382827759e-02
4.825607836246490479e-01
-8.768677115440368652e-01
1.423950046300888062e-01
1.225832477211952209e-01
-6.052442267537117004e-02
4.734629988670349121e-01
-6.523236036300659180e-01
-1.018711999058723450e-01
-2.975280284881591797e-01
-3.899685144424438477e-01
9.955404400825500488e-01
-1.440907716751098633e-01
1.476298924535512924e-02
-8.716113120317459106e-02
6.137244403362274170e-02
1.533425927162170410e+00
-8.663391470909118652e-01
8.455092310905456543e-01
-5.020553469657897949e-01
5.460369586944580078e-01
1.669621616601943970e-01
5.807113647460937500e-02
1.873337030410766602e-01
-2.661172151565551758e-01
2.554939389228820801e-01
2.107636034488677979e-01
7.313156872987747192e-02
-2.879884243011474609e-01
-1.864634603261947632e-01
-1.198941767215728760e-01
2.504671216011047363e-01
6.588818877935409546e-02
-1.697829216718673706e-01
-8.181897550821304321e-02
-2.465223893523216248e-02
3.664031922817230225e-01
-1.816623210906982422e-01
5.043532699346542358e-02
-6.505417823791503906e-02
-4.656815230846405029e-01
-1.035426333546638489e-01
-2.243248373270034790e-02
-3.253663182258605957e-01
3.024773001670837402e-01
-3.777819871902465820e-01
-7.330349087715148926e-02
1.225478053092956543e-01
-1.522387564182281494e-01
2.913737297058105469e-01
-2.395717799663543701e-01
-3.166289627552032471e-01
-2.670452892780303955e-01
7.941684126853942871e-01
-3.985082507133483887e-01
-1.581748872995376587e-01
5.268164724111557007e-02
4.088825881481170654e-01
3.248234987258911133e-01
5.075596570968627930e-01
5.721653103828430176e-01
-9.562166333198547363e-01
9.304941296577453613e-01
6.212111711502075195e-01
1.739011704921722412e-01
-4.589991271495819092e-01
7.342537641525268555e-01
1.782821714878082275e-01
1.582291871309280396e-01
2.326967269182205200e-01
-2.760822176933288574e-01
1.338043510913848877e-01
-9.064808487892150879e-02
-4.116371273994445801e-01
9.243725799024105072e-03
1.413718312978744507e-01
1.149960160255432129e-01
-3.360798358917236328e-01
4.433147013187408447e-01
2.854670882225036621e-01
-4.001307785511016846e-01
-1.921460148878395557e-03
4.019601345062255859e-01
1.669139415025711060e-01
-3.185851573944091797e-01
-6.278991699218750000e-02
-2.024589031934738159e-01
-4.542212933301925659e-02
2.474044710397720337e-01
-1.638033241033554077e-01
2.980579137802124023e-01
3.597239851951599121e-01
1.573139987885951996e-02
-1.001202940940856934e+00
5.961245894432067871e-01
5.219508409500122070e-01
-4.141230136156082153e-02
-7.405620813369750977e-01
-8.521264791488647461e-02
-2.342103719711303711e-01
-1.736085414886474609e-01
8.134904503822326660e-01
-2.365653365850448608e-01
-3.459596037864685059e-01
3.029484152793884277e-01
-3.039037287235260010e-01
4.860079661011695862e-02
-2.836273014545440674e-01
2.545027136802673340e-01
-1.661012321710586548e-01
-5.884434655308723450e-02
6.698380112648010254e-01
2.677486240863800049e-01
-7.220188379287719727e-01
4.652619659900665283e-01
4.281287491321563721e-01
7.701672613620758057e-02
-9.881200790405273438e-01
1.124314889311790466e-01
-9.560135751962661743e-02
2.655330300331115723e-01
4.703787863254547119e-01
-5.438530072569847107e-02
2.998842000961303711e-01
3.378530740737915039e-01
-1.611012816429138184e-01
3.344342410564422607e-01
-4.824111610651016235e-02
1.539810840040445328e-02
6.475309133529663086e-01
-3.784431815147399902e-01
-1.222605258226394653e-01
-2.145539969205856323e-01
7.122181057929992676e-01
-3.012149035930633545e-02
-3.084292411804199219e-01
3.201206326484680176e-01
1.624404639005661011e-01
4.437450170516967773e-01
-1.140384003520011902e-01
3.518592119216918945e-01
-9.032738804817199707e-01
9.239544868469238281e-01
6.756153106689453125e-01
-3.620529174804687500e-01
5.203583240509033203e-01
-8.534932136535644531e-01
9.900424629449844360e-02
7.019817829132080078e-01
-3.933626115322113037e-01
1.583949774503707886e-01
1.544769154861569405e-03
1.103487610816955566e-01
-8.379881381988525391e-01
9.440217614173889160e-01
8.586358428001403809e-01
1.446221768856048584e-02
-2.140847593545913696e-01
-1.190160140395164490e-01
-4.104389548301696777e-01
1.212230622768402100e-01
2.210443019866943359e-01
-6.650205701589584351e-02
-1.229628250002861023e-01
3.967466056346893311e-01
-2.661643922328948975e-01
2.315855026245117188e-01
-3.286130726337432861e-01
-5.406517982482910156e-01
6.454212665557861328e-01
-3.378869593143463135e-01
3.556692004203796387e-01
2.046109884977340698e-01
5.284380316734313965e-01
1.171253547072410583e-01
-3.812870681285858154e-01
3.389045596122741699e-01
1.873009800910949707e-01
4.866355955600738525e-01
6.654245853424072266e-01
-5.332664847373962402e-01
3.451759368181228638e-02
5.301028490066528320e-01
-4.808214902877807617e-01
5.442056804895401001e-02
-6.593030095100402832e-01
-1.015641838312149048e-01
-2.484873384237289429e-01
-4.061328470706939697e-01
5.551439523696899414e-01
-8.905348777770996094e-01
7.500476837158203125e-01
2.167216539382934570e-01
2.382950782775878906e+00
-2.658800780773162842e-01
-2.525359988212585449e-01
5.891444683074951172e-01
5.507523417472839355e-01
8.589984774589538574e-01
8.475131392478942871e-01
-7.580026984214782715e-01
-3.155163228511810303e-01
7.371831536293029785e-01
-5.031108856201171875e-01
-3.173540532588958740e-01
-2.245345115661621094e-01
-2.991785407066345215e-01
-3.101637661457061768e-01
-2.532449662685394287e-01
3.384160995483398438e-02
-4.657747969031333923e-02
-9.526257961988449097e-02
3.483275175094604492e-01
-7.418925762176513672e-01
-5.105833336710929871e-02
-1.777333736419677734e+00
-5.906780958175659180e-01
-2.433466538786888123e-02
1.082440391182899475e-01
-7.487586140632629395e-01
-2.839526534080505371e-01
2.765764594078063965e-01
-1.055398285388946533e-01
-3.258252888917922974e-02
-8.551372885704040527e-01
-1.267540007829666138e-01
-1.312233805656433105e+00
-1.231637448072433472e-01
1.167083159089088440e-01
-2.584542632102966309e-01
3.760112524032592773e-01
-7.016202807426452637e-02
3.467646820354275405e-05
-6.017585098743438721e-02
2.663434743881225586e-01
-1.955390125513076782e-01
-5.250171422958374023e-01
-7.953980565071105957e-01
-2.140030711889266968e-01
-3.506019711494445801e-01
2.167622745037078857e-01
-4.263846948742866516e-02
-3.580104410648345947e-01
3.097174465656280518e-01
1.922405958175659180e-01
-4.542286694049835205e-01
7.838355749845504761e-02
-7.484876513481140137e-01
-1.177391886711120605e+00
4.527341425418853760e-01
-3.339907824993133545e-01
4.848155081272125244e-01
1.738983094692230225e-01
2.823528051376342773e-01
-1.435189843177795410e-01
-4.692347347736358643e-01
4.196209907531738281e-01
2.850764691829681396e-01
3.017673194408416748e-01
3.736506998538970947e-01
-1.374792158603668213e-01
1.634694933891296387e-01
1.777287423610687256e-01
-5.028380751609802246e-01
-2.098871022462844849e-01
-3.192470669746398926e-01
7.330886274576187134e-02
-7.020244598388671875e-01
-4.316096901893615723e-01
1.241460889577865601e-01
-2.780969440937042236e-01
7.355619221925735474e-02
-3.754384443163871765e-02
-2.623706161975860596e-01
-1.525036841630935669e-01
-6.386809945106506348e-01
5.580247566103935242e-02
-5.516096204519271851e-02
1.344389170408248901e-01
1.115090399980545044e-01
-2.165223211050033569e-01
1.642411015927791595e-02
3.664865493774414062e-01
-2.222865521907806396e-01
5.283199548721313477e-01
7.585065439343452454e-03
6.068036556243896484e-01
8.498088121414184570e-01
-3.438827022910118103e-02
-1.387038975954055786e-01
-1.717012524604797363e-01
1.049161255359649658e-01
7.786744087934494019e-02
1.893451511859893799e-01
1.283868849277496338e-01
7.454639673233032227e-01
8.265821933746337891e-01
1.372540593147277832e-01
-1.864792034029960632e-02
2.364068627357482910e-01
3.289802372455596924e-02
7.391806840896606445e-01
1.302356738597154617e-02
2.697767317295074463e-01
-6.399258971214294434e-01
-4.373279958963394165e-02
1.252272248268127441e+00
3.286507725715637207e-01
1.296273171901702881e-01
-2.423566877841949463e-01
7.251005619764328003e-02
1.599082797765731812e-01
-1.147449538111686707e-01
1.320050358772277832e-01
-6.694293022155761719e-01
3.346441686153411865e-01
-4.712422192096710205e-02
1.558469384908676147e-01
2.768981456756591797e-02
2.259697765111923218e-01
1.618995666503906250e-01
-1.289413273334503174e-01
1.781065911054611206e-01
1.423629522323608398e-01
3.606623783707618713e-02
-4.488385021686553955e-01
2.006894826889038086e+00
-2.052029222249984741e-02
-5.739825218915939331e-02
4.824476838111877441e-01
2.009490281343460083e-01
4.206361472606658936e-01
3.035490810871124268e-01
2.149638086557388306e-01
-7.124708592891693115e-02
-3.144970238208770752e-01
5.570952296257019043e-01
3.583287298679351807e-01
9.537148475646972656e-02
2.045610398054122925e-01
-2.096090316772460938e-01
-6.331969499588012695e-01
3.748311195522546768e-03
-2.644537985324859619e-01
5.601108074188232422e-01
8.242280781269073486e-02
-7.992688566446304321e-02
5.149305462837219238e-01
-5.253309011459350586e-02
1.198716685175895691e-01
-8.590842783451080322e-02
1.661618202924728394e-01
-4.376976788043975830e-01
-1.484038233757019043e-01
1.170855984091758728e-01
1.794881075620651245e-01
-2.327626943588256836e-01
-2.199279516935348511e-01
-2.224424034357070923e-01
-1.701624393463134766e-01
1.337963789701461792e-01
1.272396683692932129e+00
-1.117725521326065063e-01
1.342162191867828369e-01
-5.034572631120681763e-02
-8.916747570037841797e-02
1.422689259052276611e-01
-7.157803773880004883e-01
-8.980737328529357910e-01
2.724096179008483887e-01
-1.914959698915481567e-01
2.779142558574676514e-01
1.528975069522857666e-01
3.894517421722412109e-01
-9.411577135324478149e-02
1.569879949092864990e-01
3.137397468090057373e-01
3.643088042736053467e-01
7.130814790725708008e-01
4.609471261501312256e-01
-7.548871636390686035e-01
3.576980531215667725e-01
7.381642460823059082e-01
-6.585492491722106934e-01
3.806291818618774414e-01
9.278905391693115234e-01
-4.286887943744659424e-01
5.021397396922111511e-02
8.759290724992752075e-02
-2.737293243408203125e-01
-4.836906678974628448e-03
-1.813293397426605225e-01
-7.831963896751403809e-01
-1.816129535436630249e-01
3.597154915332794189e-01
3.793083727359771729e-01
-1.755682677030563354e-01
-3.318350315093994141e-01
-4.749497473239898682e-01
-3.565171360969543457e-01
8.651224970817565918e-01
4.131332337856292725e-01
-1.068779081106185913e-01
3.938420116901397705e-01
-4.274501502513885498e-01
-1.836697101593017578e+00
4.703119397163391113e-01
3.673147782683372498e-02
-9.190496802330017090e-01
4.773650765419006348e-01
-1.271301209926605225e-01
5.569203495979309082e-01
1.272474765777587891e+00
-7.772167772054672241e-02
-5.459210872650146484e-01
9.336080402135848999e-02
8.125649392604827881e-02
3.925132155418395996e-01
2.071725279092788696e-01
2.966341078281402588e-01
-7.727577090263366699e-01
-3.053744733333587646e-01
3.349637985229492188e-01
-1.381760835647583008e+00
8.650333881378173828e-01
-1.068688705563545227e-01
-1.553554236888885498e-01
-2.813950181007385254e-01
-2.030412256717681885e-01
3.660062551498413086e-01
-1.730501204729080200e-01
8.920385688543319702e-02
1.251931861042976379e-02
-6.332138776779174805e-01
1.409949660301208496e-01
-4.304336011409759521e-02
3.915727138519287109e-01
2.684185802936553955e-01
2.737872302532196045e-01
1.567461341619491577e-01
1.964679211378097534e-01
8.686701655387878418e-01
2.304568737745285034e-01
-2.130390107631683350e-01
2.251873165369033813e-01
2.552162408828735352e-01
9.412718936800956726e-03
2.548040747642517090e-01
-9.343890547752380371e-01
-7.485304772853851318e-02
7.130275368690490723e-01
-6.128241494297981262e-02
-1.164015382528305054e-01
-1.791779994964599609e-01
7.211815118789672852e-01
2.120810300111770630e-01
-4.122823104262351990e-02
1.015728935599327087e-01
-7.428033351898193359e-01
-7.159973680973052979e-02
9.040456414222717285e-01
3.067084848880767822e-01
-5.867444872856140137e-01
3.811318576335906982e-01
-5.593675374984741211e-01
-3.420569598674774170e-01
9.330494403839111328e-01
7.349004503339529037e-03
-2.172405421733856201e-01
8.472957462072372437e-02
-2.967866063117980957e-01
1.310575157403945923e-01
-1.084213554859161377e-01
-1.124839335680007935e-01
-5.051441192626953125e-01
1.596854329109191895e-01
7.953219115734100342e-02
2.075068801641464233e-01
1.295073479413986206e-01
6.374362856149673462e-02
5.462809279561042786e-02
-1.650548279285430908e-01
-1.255822330713272095e-01
-4.541193321347236633e-02
-7.119813561439514160e-01
-1.091706976294517517e-01
5.409930944442749023e-01
1.001268858090043068e-03
-8.415816426277160645e-01
-4.195052012801170349e-02
-5.297749638557434082e-01
-2.557131648063659668e-02
3.161880075931549072e-01
-1.474597603082656860e-01
-6.276620030403137207e-01
-5.673497170209884644e-02
1.575521230697631836e-01
4.152481853961944580e-01
4.920285642147064209e-01
2.372744381427764893e-01
-2.874470055103302002e-01
-6.597558856010437012e-01
2.007625252008438110e-01
-2.545036077499389648e-01
3.428191244602203369e-01
9.725243449211120605e-01
2.072820067405700684e-01
4.306017756462097168e-01
6.088775396347045898e-02
-1.666436642408370972e-01
-1.067035272717475891e-01
1.986222527921199799e-02
-8.152744770050048828e-01
-4.810632392764091492e-02
2.942588031291961670e-01
5.543994307518005371e-01
-8.702241629362106323e-02
-7.169446349143981934e-02
-7.284951806068420410e-01
-1.019206866621971130e-01
1.499904751777648926e+00
4.130382239818572998e-01
-2.372145056724548340e-01
2.542881667613983154e-01
-2.005200386047363281e+00
1.918550133705139160e-01
1.709330230951309204e-01
2.096004039049148560e-02
-4.687409475445747375e-02
-1.518073678016662598e-01
-1.827090978622436523e-02
-7.705730199813842773e-02
4.707744121551513672e-01
2.867005169391632080e-01
-9.577801078557968140e-02
-6.022526323795318604e-02
8.511908352375030518e-02
-1.105793640017509460e-01
2.097331881523132324e-01
-1.107523590326309204e-01
-2.299592792987823486e-01
-6.630285978317260742e-01
1.077999994158744812e-01
-2.312093973159790039e-01
6.154263019561767578e-01
2.359742820262908936e-01
-1.005834579467773438e+00
1.836128830909729004e-01
1.667729258537292480e+00
-4.595146477222442627e-01
-1.423789560794830322e-01
-2.035987973213195801e-01
1.949589848518371582e-01
3.266230821609497070e-01
5.634226202964782715e-01
-1.360338646918535233e-02
-1.561837494373321533e-01
-5.808181762695312500e-01
-4.029013812541961670e-01
-1.976358741521835327e-01
-1.447113752365112305e-01
-4.398382902145385742e-01
-4.034946262836456299e-01
-8.741722442209720612e-03
-1.642878949642181396e-01
-1.605232618749141693e-02
8.030260801315307617e-01
6.871107816696166992e-01
6.168638169765472412e-02
-4.288841784000396729e-02
-7.726450264453887939e-02
-3.008965849876403809e-01
-2.203896874561905861e-03
2.480919957160949707e-01
-9.198050498962402344e-01
2.937662005424499512e-01
6.572373509407043457e-01
1.501969248056411743e-02
-2.482566833496093750e-01
9.876396507024765015e-03
3.132587075233459473e-01
2.692036628723144531e-01
-3.207582235336303711e-01
8.739711716771125793e-03
8.334062695503234863e-01
-2.063257545232772827e-01
-5.761496350169181824e-02
5.757772326469421387e-01
4.628367424011230469e-01
-1.590373814105987549e-01
1.585890650749206543e-01
3.832462430000305176e-01
-1.377352979034185410e-02
4.435904622077941895e-01
3.496329486370086670e-02
6.498912572860717773e-01
4.347616434097290039e-01
-1.435222178697586060e-01
3.759576752781867981e-02
7.135887444019317627e-02
-3.402178585529327393e-01
1.106311827898025513e-01
-5.537349581718444824e-01
-2.190293278545141220e-03
8.012772351503372192e-02
4.834787249565124512e-01
-1.517014205455780029e-01
-7.271609455347061157e-02
5.511049628257751465e-01
-1.273915052413940430e+00
-3.240135610103607178e-01
1.504101008176803589e-01
-4.823432862758636475e-01
4.458654820919036865e-01
-7.420200854539871216e-02
2.224821448326110840e-01
2.732329070568084717e-01
-5.671020969748497009e-02
-9.652544744312763214e-03
1.965687572956085205e-01
5.668492242693901062e-02
1.947802454233169556e-01
-8.728626370429992676e-02
-6.769130229949951172e-01
1.908553689718246460e-01
1.171755641698837280e-01
-5.104310512542724609e-01
5.805963277816772461e-01
7.828851342201232910e-01
-5.233353972434997559e-01
9.291002899408340454e-02
4.757358133792877197e-01
-2.892486155033111572e-01
8.697623610496520996e-01
-2.913763225078582764e-01
9.821722656488418579e-02
1.897803097963333130e-01
4.160947725176811218e-02
8.596876263618469238e-02
5.111125111579895020e-01
-7.778567820787429810e-02
-3.047842383384704590e-01
-2.404026389122009277e-01
-1.525454670190811157e-01
8.544381707906723022e-04
5.633327960968017578e-01
1.898340582847595215e-01
1.361989080905914307e-01
3.095722496509552002e-01
-3.556896448135375977e-01
-3.451454341411590576e-01
3.016687370836734772e-02
-4.276551008224487305e-01
3.002106249332427979e-01
2.829442024230957031e-01
-1.964376270771026611e-01
-7.147208452224731445e-01
1.089832633733749390e-01
-1.060920432209968567e-01
-7.155454903841018677e-02
1.958141326904296875e-01
1.454806208610534668e+00
-2.026504874229431152e-01
-1.270613670349121094e+00
-7.986131310462951660e-01
-3.526653647422790527e-01
1.356043368577957153e-01
-4.935185015201568604e-01
-4.283026456832885742e-01
3.069523274898529053e-01
1.012633815407752991e-01
-2.793589532375335693e-01
3.765487968921661377e-01
-4.950901567935943604e-01
4.469546079635620117e-01
-4.467259645462036133e-01
-3.572904467582702637e-01
3.262166082859039307e-01
1.399528980255126953e-01
-3.518315255641937256e-01
3.575969934463500977e-01
2.250389754772186279e-01
4.132539331912994385e-01
-6.315904855728149414e-02
8.978383243083953857e-02
-1.244012545794248581e-02
-1.361254751682281494e-01
2.971163988113403320e-01
-6.128031387925148010e-02
-7.269381731748580933e-02
-5.398059487342834473e-01
4.536667466163635254e-01
-1.960164457559585571e-01
-1.862375289201736450e-01
-2.546701729297637939e-01
4.451759159564971924e-01
1.743604540824890137e+00
-2.375565469264984131e-01
1.430636346340179443e-01
3.134092688560485840e-01
-8.700112998485565186e-02
-1.266718745231628418e+00
-9.435181319713592529e-02
-4.815524816513061523e-01
-5.385713577270507812e-01
-2.382668294012546539e-02
4.144143164157867432e-01
-4.945527315139770508e-01
-1.035167694091796875e+00
-3.268959224224090576e-01
2.457910478115081787e-01
-3.552721440792083740e-01
3.998385667800903320e-01
-1.281367778778076172e+00
5.393322110176086426e-01
-2.059332132339477539e-01
-3.946222364902496338e-01
7.426326870918273926e-01
-2.757383976131677628e-03
-5.720543265342712402e-01
8.386740088462829590e-01
3.177161514759063721e-01
4.318602085113525391e-01
-1.143918335437774658e-01
8.336202800273895264e-02
-2.214693725109100342e-01
-3.991847038269042969e-01
2.406991720199584961e-01
5.842434167861938477e-01
1.162517722696065903e-02
-2.178667932748794556e-01
1.057396456599235535e-01
-8.108784556388854980e-01
4.188616573810577393e-01
-5.328468680381774902e-01
3.537165522575378418e-01
7.375968098640441895e-01
-6.208804845809936523e-01
2.455596625804901123e-02
1.592081785202026367e-01
-8.413041830062866211e-01
-2.489390522241592407e-01
-7.609438896179199219e-01
-2.104981094598770142e-01
-2.222514152526855469e-01
-1.994533687829971313e-01
-4.625822901725769043e-01
5.099475979804992676e-01
6.882330030202865601e-02
-1.958514600992202759e-01
2.277689278125762939e-01
7.803141325712203979e-02
3.989951610565185547e-01
-2.743391394615173340e-01
-1.614906489849090576e-01
-7.959671318531036377e-02
2.239834308624267578e+00
3.536470234394073486e-01
3.899721205234527588e-01
1.321203410625457764e-01
1.885585039854049683e-01
-3.740151226520538330e-01
-5.335544943809509277e-01
-1.313602179288864136e-01
-1.118708923459053040e-01
-1.004472136497497559e+00
-1.183666363358497620e-01
-7.871901243925094604e-02
-3.198087587952613831e-02
1.676440119743347168e+00
4.306878522038459778e-02
-3.623434305191040039e-01
-3.362733423709869385e-01
2.148328572511672974e-01
4.339578747749328613e-01
-2.555023506283760071e-02
1.101227402687072754e+00
-1.330055892467498779e-01
-4.714701175689697266e-01
-1.694132983684539795e-01
-3.747513145208358765e-02
-1.599017977714538574e-01
-2.602120935916900635e-01
-1.616006255149841309e+00
4.892956912517547607e-01
-1.762311756610870361e-01
-1.577854007482528687e-01
5.902511477470397949e-01
7.263167500495910645e-01
-1.761973276734352112e-02
-2.932636439800262451e-01
1.331761628389358521e-01
-3.878691792488098145e-01
6.545213460922241211e-01
-3.313863575458526611e-01
4.902788698673248291e-01
3.056117594242095947e-01
-2.971952557563781738e-01
1.349870562553405762e-01
3.946063518524169922e-01
-4.631859362125396729e-01
-3.247646391391754150e-01
-4.641616940498352051e-01
-3.020364418625831604e-02
4.355939477682113647e-02
-8.441801369190216064e-02
-2.878882288932800293e-01
1.438140422105789185e-01
-9.423663467168807983e-02
8.489318937063217163e-02
2.664959058165550232e-02
3.278673887252807617e-01
5.978039503097534180e-01
-3.915738314390182495e-02
-4.466914534568786621e-01
2.595463991165161133e-01
-2.701917171478271484e+00
3.057098947465419769e-02
-5.334543809294700623e-02
3.181363642215728760e-01
-2.268605232238769531e-01
4.728746414184570312e-02
3.200829401612281799e-02
-3.794808089733123779e-01
2.967421710491180420e-01
2.135361358523368835e-02
-2.243859767913818359e-01
4.162231087684631348e-01
2.347436249256134033e-01
9.789352118968963623e-02
1.766805201768875122e-01
3.462131619453430176e-01
-7.861940860748291016e-01
5.466081500053405762e-01
-2.858185581862926483e-02
3.406814038753509521e-01
-2.413787603378295898e+00
-3.964816629886627197e-01
4.669969975948333740e-01
2.797083258628845215e-01
-1.705542951822280884e-01
6.943452358245849609e-01
-3.757678270339965820e-01
4.099210500717163086e-01
-5.480064749717712402e-01
1.411489844322204590e-01
4.205252230167388916e-01
-2.187672257423400879e-01
9.839363396167755127e-03
-1.018612504005432129e+00
-2.791834771633148193e-01
-3.930731117725372314e-01
1.259985715150833130e-01
-2.354109138250350952e-01
8.512003719806671143e-02
-2.445347756147384644e-01
8.584082871675491333e-02
-9.851243346929550171e-02
-4.956832528114318848e-01
-3.076559901237487793e-01
4.307955801486968994e-01
1.304271817207336426e-02
-2.127718180418014526e-01
-7.643450051546096802e-02
-3.065176308155059814e-01
2.473538368940353394e-02
2.308830618858337402e-02
-2.585297077894210815e-02
1.642607524991035461e-02
1.175675868988037109e+00
4.532912969589233398e-01
1.625251024961471558e-01
-6.212729215621948242e-01
2.796786464750766754e-02
-6.456598639488220215e-02
-2.326807081699371338e-01
2.957107424736022949e-01
-4.353139698505401611e-01
7.984659075736999512e-01
5.794999375939369202e-02
-8.226850628852844238e-02
-3.337052166461944580e-01
-5.631227791309356689e-02
5.227669477462768555e-01
-1.548828035593032837e-01
4.600099921226501465e-01
4.729788377881050110e-02
-1.402863115072250366e-01
-1.002852804958820343e-02
-7.989596575498580933e-02
-7.870724201202392578e-01
7.937900722026824951e-02
-2.163576483726501465e-01
5.787006020545959473e-02
2.515223622322082520e-01
2.160123735666275024e-01
-3.992489725351333618e-02
-4.015981853008270264e-01
-1.350772023200988770e+00
7.660091668367385864e-02
-9.147424995899200439e-02
-9.966086596250534058e-02
1.163266181945800781e+00
-7.990588545799255371e-01
-3.449076712131500244e-01
3.856131434440612793e-01
-1.435169726610183716e-01
2.938632965087890625e-01
1.033875823020935059e+00
-5.851894617080688477e-01
-1.529050469398498535e-01
3.556062877178192139e-01
-2.024623453617095947e-01
2.265654653310775757e-01
-1.746154874563217163e-01
1.394874900579452515e-01
-2.895845100283622742e-02
-2.463901638984680176e-01
4.257953763008117676e-01
3.282569348812103271e-01
-1.037630885839462280e-01
-1.524544358253479004e-01
-9.012409299612045288e-02
-5.033743381500244141e-01
-8.809286355972290039e-02
-6.895757317543029785e-01
-4.393249750137329102e-01
9.175813198089599609e-01
-8.614985644817352295e-02
-4.858114719390869141e-01
2.255032509565353394e-01
-3.424160480499267578e-01
6.416654586791992188e-01
-3.312774896621704102e-01
2.088921517133712769e-01
3.486095964908599854e-01
2.728386819362640381e-01
2.611666619777679443e-01
7.627595067024230957e-01
-9.845475852489471436e-02
3.043482601642608643e-01
1.201944425702095032e-01
-1.158583402633666992e+00
2.661512494087219238e-01
4.981871843338012695e-01
-1.481593959033489227e-02
-3.706418871879577637e-01
2.926340103149414062e-01
4.017228186130523682e-01
1.938676834106445312e-01
2.021611779928207397e-01
9.169265627861022949e-01
-1.973803937435150146e-01
1.915236264467239380e-01
-2.950516939163208008e-01
5.780338644981384277e-01
5.269126892089843750e-01
-4.871404469013214111e-01
4.727317690849304199e-01
3.964780271053314209e-01
-5.076470375061035156e-01
-1.350762993097305298e-01
-1.923237293958663940e-01
4.659583792090415955e-02
9.473057091236114502e-02
-4.854134321212768555e-01
4.164456948637962341e-02
8.968592435121536255e-02
-3.920286521315574646e-02
4.577999189496040344e-02
3.979675471782684326e-01
2.635066211223602295e-01
2.701667547225952148e-01
-1.780807673931121826e-01
-1.394825130701065063e-01
1.954937428236007690e-01
3.934770822525024414e-01
2.043344825506210327e-01
-3.606339395046234131e-01
-3.128587901592254639e-01
4.503248259425163269e-02
-1.963715106248855591e-01
5.217724442481994629e-01
3.086911737918853760e-01
4.387990534305572510e-01
-1.013777777552604675e-01
-3.209285140037536621e-01
4.458502531051635742e-01
5.221368670463562012e-01
3.641604483127593994e-01
-8.396400511264801025e-02
1.302632987499237061e-01
-4.314521253108978271e-01
7.774996161460876465e-01
-8.864004164934158325e-02
3.155216276645660400e-01
6.783038973808288574e-01
-9.413743615150451660e-01
-1.287721395492553711e-01
4.095326960086822510e-01
-7.238839268684387207e-01
-3.997956514358520508e-01
-5.771782398223876953e-01
-2.758275866508483887e-01
-3.413961455225944519e-02
3.037293553352355957e-01
-4.202035069465637207e-02
-2.493164539337158203e-01
3.462983667850494385e-01
-2.878572046756744385e-01
3.578748106956481934e-01
1.524349302053451538e-01
-3.226118385791778564e-01
6.074468493461608887e-01
1.363832056522369385e-01
-5.837990716099739075e-02
-2.513275444507598877e-01
1.033687070012092590e-01
-5.206922069191932678e-02
3.587415516376495361e-01
5.774858407676219940e-03
5.520855188369750977e-01
1.300368160009384155e-01
1.158489808440208435e-01
-1.627567172050476074e+00
-3.983470052480697632e-02
3.574658557772636414e-02
3.987453877925872803e-01
4.882351458072662354e-01
-3.223247453570365906e-02
1.585488556884229183e-03
9.657487273216247559e-02
2.864486575126647949e-01
1.702066212892532349e-01
1.933455318212509155e-01
7.589798420667648315e-02
-7.072474360466003418e-01
5.710811018943786621e-01
-6.885792016983032227e-01
-5.562426447868347168e-01
2.938955724239349365e-01
4.245132803916931152e-01
-8.985278010368347168e-02
3.648422360420227051e-01
-8.929265290498733521e-02
1.367043405771255493e-01
-4.775396287441253662e-01
-6.471444666385650635e-02
1.189738735556602478e-01
-6.898546218872070312e-02
-2.337434142827987671e-01
3.326589167118072510e-01
-5.661927461624145508e-01
1.478288769721984863e-01
5.420386791229248047e-01
-5.668447017669677734e-01
-5.221054702997207642e-02
-4.702143073081970215e-01
3.529763519763946533e-01
-7.771574705839157104e-02
-2.008877247571945190e-01
3.781717717647552490e-01
2.469971925020217896e-01
-6.977038830518722534e-02
6.191859841346740723e-01
2.259000241756439209e-01
-1.913136690855026245e-01
5.357400700449943542e-02
4.701868891716003418e-01
-1.185513809323310852e-01
2.653666436672210693e-01
1.601328611373901367e+00
-1.571967244148254395e+00
2.218188196420669556e-01
5.534055083990097046e-02
-1.864668726921081543e-01
-4.840805232524871826e-01
1.202959567308425903e-01
4.813593812286853790e-03
3.038525283336639404e-01
5.649616122245788574e-01
4.439404606819152832e-01
1.236373558640480042e-01
1.773958355188369751e-01
2.045337438583374023e+00
-2.128605693578720093e-01
-1.015286073088645935e-01
7.016454637050628662e-02
-2.015393227338790894e-01
8.000023663043975830e-02
-4.199929535388946533e-01
5.996949225664138794e-02
9.425099492073059082e-01
-4.978732168674468994e-01
3.233352303504943848e-02
1.691936403512954712e-01
2.231761962175369263e-01
5.074259042739868164e-01
7.380080819129943848e-01
2.118653059005737305e-01
-5.376804471015930176e-01
-5.339465737342834473e-01
6.472229957580566406e-03
-2.482844740152359009e-01
-2.767131328582763672e-01
-3.813874423503875732e-01
-1.261545717716217041e-01
-1.198286116123199463e-01
7.907106727361679077e-02
1.506588608026504517e-01
-5.664245039224624634e-02
-5.571291446685791016e-01
-2.322282791137695312e+00
4.572070017457008362e-02
2.379929572343826294e-01
2.030404359102249146e-01
-3.985779285430908203e-01
-1.655925437808036804e-02
4.402897611726075411e-04
-2.635197639465332031e-01
4.734899848699569702e-02
6.387372314929962158e-02
5.968437790870666504e-01
-4.652774631977081299e-01
2.682342007756233215e-02
-5.125098978169262409e-04
2.714528739452362061e-01
1.815128028392791748e-01
7.112330198287963867e-02
1.886417120695114136e-01
-1.267553269863128662e-01
3.228387534618377686e-01
3.977975547313690186e-01
2.557999193668365479e-01
1.133851528167724609e+00
-2.745410203933715820e-01
-6.600529700517654419e-02
-1.132800728082656860e-01
4.643037915229797363e-01
-1.853653341531753540e-01
5.682948827743530273e-01
-1.326417643576860428e-02
2.587890625000000000e-01
-4.469549953937530518e-01
1.509236574172973633e+00
2.991835772991180420e-01
4.171093106269836426e-01
-5.231544375419616699e-01
2.189471013844013214e-02
1.757472753524780273e-01
-2.699634134769439697e-01
7.033933401107788086e-01
4.521490037441253662e-01
-1.598931699991226196e-01
-4.148472473025321960e-02
2.790855616331100464e-02
-1.268339455127716064e-01
1.256999224424362183e-01
-2.576609253883361816e-01
5.777274966239929199e-01
3.793467283248901367e-01
1.471495032310485840e-01
-3.090665042400360107e-01
-5.566027760505676270e-01
1.669355779886245728e-01
-3.825847432017326355e-02
8.456857204437255859e-01
-5.145581439137458801e-02
-3.314568996429443359e-01
-1.638550162315368652e-01
-2.214476466178894043e-02
-3.018372654914855957e-01
1.173820376396179199e+00
-3.227865993976593018e-01
-3.450477123260498047e-01
5.043742656707763672e-01
3.889213502407073975e-01
-3.795725703239440918e-01
4.333370923995971680e-01
3.368064016103744507e-02
-5.567818880081176758e-02
-3.774167001247406006e-01
-3.526437878608703613e-01
8.605793863534927368e-02
-8.672259747982025146e-02
1.123991385102272034e-01
3.656300604343414307e-01
-2.253797799348831177e-01
-3.008382320404052734e-01
-1.022791936993598938e-01
-1.342777013778686523e-01
-3.373772203922271729e-01
7.890447378158569336e-01
-1.684403792023658752e-02
-3.430376350879669189e-01
1.742134541273117065e-01
2.263945490121841431e-01
-1.193418540060520172e-02
3.033920526504516602e-01
-1.003615632653236389e-01
-1.594822704792022705e-01
-4.156941771507263184e-01
4.875236153602600098e-01
-1.985633000731468201e-02
-1.214302703738212585e-01
-1.029737889766693115e-01
-6.264672875404357910e-01
6.318686902523040771e-02
-1.588341444730758667e-01
-7.947923149913549423e-04
-7.600364740937948227e-03
-3.763799965381622314e-01
1.695472896099090576e-01
-4.832925647497177124e-02
4.965751245617866516e-02
7.204197645187377930e-01
-1.764723062515258789e-01
5.996609330177307129e-01
1.066677048802375793e-01
-2.103280127048492432e-01
1.349014937877655029e-01
-4.707670584321022034e-02
-1.065140739083290100e-01
-4.719571769237518311e-02
-2.361003011465072632e-01
-2.519709765911102295e-01
-6.854832172393798828e-03
7.374481856822967529e-02
-4.978552162647247314e-01
1.868051886558532715e-01
-3.035806417465209961e-01
-9.038130640983581543e-01
9.300288558006286621e-01
-5.345703959465026855e-01
4.823530092835426331e-02
2.574122846126556396e-01
2.998170852661132812e-01
1.050696521997451782e-02
-1.899148710072040558e-02
-1.928432583808898926e-01
-2.257274538278579712e-01
-3.823516368865966797e-01
-1.960368454456329346e-01
3.499198704957962036e-02
-4.971082136034965515e-02
-2.152831107378005981e-01
-3.385477066040039062e-01
-1.923470497131347656e-01
-5.398300290107727051e-01
7.588545233011245728e-02
-3.177220523357391357e-01
-9.663109779357910156e-01
8.634457588195800781e-01
-1.453717797994613647e-01
-1.432306170463562012e+00
5.280199050903320312e-01
2.981244921684265137e-01
2.295465171337127686e-01
2.936256527900695801e-01
-7.382496446371078491e-02
-5.071457624435424805e-01
-1.515584737062454224e-01
9.861762821674346924e-02
-7.580210268497467041e-02
-1.431966274976730347e-01
-2.393509959802031517e-03
1.110647097229957581e-01
2.522951960563659668e-01
-1.044695854187011719e+00
-3.310338407754898071e-02
9.464357048273086548e-03
-8.471276760101318359e-01
5.025051832199096680e-01
-2.343876361846923828e-01
-7.377101480960845947e-02
3.610342741012573242e-01
1.953155174851417542e-02
-8.122204244136810303e-02
-7.824566215276718140e-02
-1.616912707686424255e-02
-2.040659785270690918e-01
-3.055870532989501953e-01
2.171540707349777222e-01
1.610860079526901245e-01
4.209574460983276367e-01
5.529745221138000488e-01
-7.472298294305801392e-02
-5.677483081817626953e-01
1.563814580440521240e-01
-5.433468520641326904e-02
1.477630734443664551e-01
-2.276573777198791504e-01
-5.190528556704521179e-02
4.165721237659454346e-01
-4.660534858703613281e-02
-2.106818109750747681e-01
6.788364052772521973e-02
1.286280900239944458e-01
8.360960520803928375e-03
5.476934313774108887e-01
-7.223539799451828003e-02
4.777165502309799194e-02
-1.994586139917373657e-01
5.517494678497314453e-02
-6.717063784599304199e-01
-1.226743310689926147e-01
-6.307888627052307129e-01
5.430655479431152344e-01
7.463611364364624023e-01
-7.416233420372009277e-02
2.516854703426361084e-01
4.071443676948547363e-01
-1.191970825195312500e+00
1.714196354150772095e-01
7.234649658203125000e-01
-4.635165035724639893e-01
-2.401566058397293091e-01
-1.453191936016082764e-01
-1.853653937578201294e-01
-2.797906994819641113e-01
-6.974443793296813965e-02
3.759017288684844971e-01
4.165250062942504883e-01
-2.378599643707275391e-01
-1.720552444458007812e-01
1.122399330139160156e+00
-1.073936462402343750e+00
-4.906831681728363037e-02
-3.480488955974578857e-01
-6.343823075294494629e-01
2.663775384426116943e-01
1.742618232965469360e-01
-7.101185321807861328e-01
3.621292412281036377e-01
1.489407181739807129e+00
-5.777722001075744629e-01
-3.771438822150230408e-02
-1.355977952480316162e-01
7.132667303085327148e-02
2.454772591590881348e-01
-4.646375775337219238e-03
1.421030461788177490e-01
-2.385138720273971558e-02
4.706506729125976562e-01
-4.332885742187500000e-01
2.107256948947906494e-01
-4.633480682969093323e-02
2.411634661257266998e-02
9.311121702194213867e-02
1.502548158168792725e-01
6.505943089723587036e-02
3.915532827377319336e-01
1.482036471366882324e+00
1.644506901502609253e-01
-2.404424548149108887e-01
-4.314315915107727051e-01
-1.000130772590637207e-01
-8.530449122190475464e-02
-5.172798037528991699e-01
7.457144558429718018e-02
8.462233543395996094e-01
8.152228593826293945e-02
-5.305660143494606018e-02
-1.586940288543701172e-01
-4.817614555358886719e-01
7.267192602157592773e-01
-8.230227977037429810e-02
1.862393878400325775e-02
4.162531495094299316e-01
-6.462433934211730957e-01
5.825986862182617188e-01
4.324443340301513672e-01
-9.148149192333221436e-02
6.898370385169982910e-01
-2.289259433746337891e-01
-2.002655565738677979e-01
-5.040696859359741211e-01
1.541899144649505615e-01
-3.668934106826782227e-01
3.810071051120758057e-01
5.449907481670379639e-02
5.490705370903015137e-01
-7.648949027061462402e-01
6.879671812057495117e-01
4.850045442581176758e-01
1.735551804304122925e-01
5.232648253440856934e-01
5.337141752243041992e-01
-7.303690314292907715e-01
2.908755838871002197e-01
-1.216889917850494385e-01
-9.113321900367736816e-01
-5.313173532485961914e-01
-1.323362141847610474e-01
7.057318091392517090e-01
2.002595812082290649e-01
1.725621372461318970e-01
-6.207432746887207031e-01
8.650619387626647949e-01
6.696421653032302856e-02
8.970789611339569092e-03
-2.847009599208831787e-01
-1.061713099479675293e-01
-9.136847406625747681e-02
-3.995441794395446777e-01
-1.427924335002899170e-01
-1.279086917638778687e-01
7.363504916429519653e-02
-6.870603561401367188e-02
3.988758921623229980e-01
-1.249225735664367676e-01
-2.958591580390930176e-01
3.818936180323362350e-03
-1.358412802219390869e-01
-1.263306617736816406e+00
-1.018094494938850403e-01
3.542595207691192627e-01
-1.849189996719360352e-01
-9.404074549674987793e-01
-3.992101550102233887e-01
3.080497682094573975e-01
-2.347705513238906860e-01
9.596710652112960815e-02
-2.299873977899551392e-01
6.222947835922241211e-01
2.586122155189514160e-01
5.694070458412170410e-01
-5.562612414360046387e-01
1.183822154998779297e-01
1.965606659650802612e-01
3.369837403297424316e-01
-2.060121148824691772e-01
-1.033213138580322266e-01
-4.327186942100524902e-01
-3.236353695392608643e-01
2.493951097130775452e-02
-3.260603845119476318e-01
3.223982080817222595e-02
2.361682057380676270e-01
-8.032063394784927368e-02
1.173763945698738098e-01
1.570379883050918579e-01
-1.327788224443793297e-03
-4.626455605030059814e-01
2.196817398071289062e-01
-2.413094937801361084e-01
-5.407639145851135254e-01
6.718093752861022949e-01
-2.398425042629241943e-01
-3.210703283548355103e-02
-6.364535093307495117e-01
3.555110096931457520e-01
6.492330431938171387e-01
2.665620446205139160e-01
1.779049187898635864e-01
7.265659570693969727e-01
5.753862857818603516e-01
-2.078298293054103851e-02
-1.025687232613563538e-01
-2.076146751642227173e-01
-4.528194367885589600e-01
1.308731287717819214e-01
-9.164217859506607056e-02
1.152144670486450195e-01
7.429226636886596680e-01
-2.740820944309234619e-01
-6.176587939262390137e-01
1.444794416427612305e+00
-1.650642752647399902e-01
1.039428040385246277e-01
1.056464090943336487e-01
5.829295516014099121e-01
3.959082365036010742e-01
1.935481131076812744e-01
3.952299654483795166e-01
3.696004450321197510e-01
2.986870408058166504e-01
1.081469655036926270e-01
-6.756651401519775391e-01
2.960627973079681396e-01
-1.464074999094009399e-01
-1.581587940454483032e-01
1.661214381456375122e-01
-1.138682141900062561e-01
-1.265713572502136230e+00
6.230517756193876266e-03
-5.924621224403381348e-01
5.063277482986450195e-01
-1.775480061769485474e-02
-6.629339605569839478e-02
6.131050586700439453e-01
4.779466986656188965e-02
2.965789735317230225e-01
1.100992038846015930e-01
1.702738553285598755e-01
3.064280934631824493e-02
1.037723869085311890e-01
4.139805436134338379e-01
-1.916163414716720581e-01
3.066914379596710205e-01
-1.904298667795956135e-03
1.176287978887557983e-01
1.216453537344932556e-01
-5.341358855366706848e-02
1.751834511756896973e+00
-2.879967689514160156e-01
-5.151974558830261230e-01
3.033494651317596436e-01
-8.348308503627777100e-02
3.860770761966705322e-01
-2.345119565725326538e-01
2.525796294212341309e-01
2.990043461322784424e-01
5.480685830116271973e-01
4.235108792781829834e-01
5.111992955207824707e-01
4.115023314952850342e-01
-3.848178982734680176e-01
4.499632120132446289e-01
-3.421503901481628418e-01
-1.457860022783279419e-01
-1.401171833276748657e-01
3.602486252784729004e-01
7.017858028411865234e-01
2.127162665128707886e-01
1.991019695997238159e-01
-3.220181763172149658e-01
3.566742241382598877e-01
-2.689843177795410156e-01
-6.760924309492111206e-02
-6.705356240272521973e-01
-5.874912068247795105e-02
1.802811771631240845e-01
3.067670166492462158e-01
5.611753463745117188e-02
4.777694940567016602e-01
5.164561271667480469e-01
2.059076279401779175e-01
-3.720300495624542236e-01
4.000448584556579590e-01
3.210884705185890198e-02
3.682130277156829834e-01
-6.348243355751037598e-02
2.985785901546478271e-01
6.297358274459838867e-01
-2.503985464572906494e-01
2.730067968368530273e-01
-2.036420702934265137e-01
-3.993024826049804688e-01
-8.973035961389541626e-03
-3.882357776165008545e-01
-3.919536471366882324e-01
-3.066464364528656006e-01
-3.772277534008026123e-01
-7.831674814224243164e-02
-3.379172980785369873e-01
-1.960116028785705566e-01
1.987957805395126343e-01
-1.649896204471588135e-01
1.456246525049209595e-01
4.717184603214263916e-01
1.242219358682632446e-01
-1.198133155703544617e-01
-2.232100069522857666e-01
7.738484740257263184e-01
6.506596803665161133e-01
6.687852740287780762e-02
-4.058886468410491943e-01
-7.007410749793052673e-03
-2.725841701030731201e-01
-2.001597434282302856e-01
-7.169833779335021973e-01
-1.000663042068481445e-01
4.479474127292633057e-01
-2.980968952178955078e-01
-3.361133038997650146e-01
-2.456195056438446045e-01
-6.143256649374961853e-02
7.434688210487365723e-01
4.678482711315155029e-01
2.360694808885455132e-03
1.356510668992996216e-01
4.074181914329528809e-01
8.383958041667938232e-02
3.599674105644226074e-01
2.512867152690887451e-01
6.556118279695510864e-02
-4.071697890758514404e-01
1.790450215339660645e-01
1.415635645389556885e-01
-2.739020884037017822e-01
9.966053068637847900e-02
-4.295173883438110352e-01
-2.927088737487792969e-01
-1.021558493375778198e-01
-1.117218017578125000e+00
-5.664950013160705566e-01
-2.942395769059658051e-02
2.670414447784423828e-01
-1.715007722377777100e-01
2.235528826713562012e-02
-2.594694793224334717e-01
-3.162080347537994385e-01
-3.038457222282886505e-02
-9.734970331192016602e-01
3.174933493137359619e-01
6.897726655006408691e-02
-3.042374551296234131e-01
-9.938105195760726929e-02
-4.894881844520568848e-01
-5.182583630084991455e-02
-1.286805868148803711e-01
-1.200857907533645630e-01
2.008701412705704570e-04
-1.333932131528854370e-01
5.170048773288726807e-02
2.509484589099884033e-01
1.864337474107742310e-01
-2.625856101512908936e-01
4.069129824638366699e-01
-3.884697556495666504e-01
-3.471090197563171387e-01
1.636004149913787842e-01
7.262123376131057739e-02
-1.153766393661499023e+00
-1.684547215700149536e-01
-6.713150441646575928e-02
-2.420153170824050903e-01
-1.955280005931854248e-01
1.060998290777206421e-01
2.431171238422393799e-01
-1.467615216970443726e-01
-3.187863156199455261e-02
-6.008712649345397949e-01
-1.013474240899085999e-01
3.361093811690807343e-03
6.654170155525207520e-01
4.056510627269744873e-01
-3.266254365444183350e-01
3.630891740322113037e-01
-1.854503899812698364e-01
8.827039599418640137e-02
4.709543883800506592e-01
3.918281197547912598e-01
-6.723111271858215332e-01
3.497416675090789795e-01
-1.849494874477386475e-01
1.243000775575637817e-01
2.192167937755584717e-01
3.100358247756958008e-01
-1.476955972611904144e-02
-1.525875926017761230e-01
3.399837911128997803e-01
-1.057333126664161682e-01
1.010796427726745605e-01
7.689645141363143921e-02
-2.158512175083160400e-01
2.424383759498596191e-01
9.995350837707519531e-01
-6.167253851890563965e-01
-1.224272489547729492e+00
-5.483091995120048523e-02
1.878895163536071777e-01
2.632466554641723633e-01
2.366430461406707764e-01
4.889079034328460693e-01
3.244074285030364990e-01
-8.584070801734924316e-01
-1.180879920721054077e-01
-1.850446611642837524e-01
-5.322975292801856995e-02
-2.345318943262100220e-01
-4.293501675128936768e-01
-6.224187612533569336e-01
-3.902022242546081543e-01
-6.960518360137939453e-01
-4.274453520774841309e-01
1.943546235561370850e-01
4.789803028106689453e-01
2.539929449558258057e-01
4.802127778530120850e-01
2.092510461807250977e-01
-2.417962998151779175e-01
-2.301868349313735962e-01
1.694009006023406982e-01
-3.939597010612487793e-01
-5.855364203453063965e-01
5.130757093429565430e-01
-1.724299043416976929e-01
2.327933162450790405e-02
1.741072833538055420e-01
8.210869431495666504e-01
9.831561446189880371e-01
5.228254571557044983e-02
4.995426237583160400e-01
1.030379772186279297e+00
5.948727130889892578e-01
-4.248265624046325684e-01
-3.506630361080169678e-01
-1.856691241264343262e-01
-1.919501721858978271e-01
6.162327900528907776e-02
2.027980685234069824e-01
8.036189526319503784e-02
-1.933048367500305176e-01
-6.148803830146789551e-01
-2.061108499765396118e-01
3.592606186866760254e-01
-4.029310941696166992e-01
2.919714152812957764e-01
-1.152289509773254395e-01
1.046553969383239746e+00
4.128693789243698120e-02
6.422540545463562012e-01
3.761713206768035889e-01
-3.810926377773284912e-01
1.069707155227661133e+00
-3.431814014911651611e-01
-8.292304873466491699e-01
-2.357394099235534668e-01
1.748849153518676758e-01
5.371761322021484375e-02
5.406801700592041016e-01
-8.777980804443359375e-01
-9.412360191345214844e-02
-9.542665630578994751e-02
5.492391809821128845e-02
1.410567045211791992e+00
-2.132708281278610229e-01
-2.869780957698822021e-01
-5.297114253044128418e-01
-5.886057019233703613e-01
-1.002068594098091125e-01
8.581145107746124268e-02
-4.111601412296295166e-01
3.342937231063842773e-01
-1.078243404626846313e-01
2.702984027564525604e-02
4.703313112258911133e-01
8.881804347038269043e-01
1.587375551462173462e-01
5.282744765281677246e-01
-1.195918917655944824e-01
-5.283967256546020508e-01
4.674787223339080811e-01
-3.343916833400726318e-01
-1.502076834440231323e-01
-3.126665651798248291e-01
1.083516776561737061e-01
-2.623027265071868896e-01
-6.727966070175170898e-01
-1.110956296324729919e-01
-1.411011219024658203e-01
-9.190500527620315552e-02
-9.994950145483016968e-02
-1.969126984477043152e-02
-1.293273121118545532e-01
-2.288503199815750122e-01
1.668634861707687378e-01
2.831470668315887451e-01
2.606037259101867676e-01
1.604346781969070435e-01
-2.693796753883361816e-01
8.037294447422027588e-02
2.573633790016174316e-01
-3.570894300937652588e-01
-3.105070590972900391e-01
1.058974862098693848e+00
-2.436096519231796265e-01
-4.182437434792518616e-03
9.581326246261596680e-01
3.955103456974029541e-01
-2.319846451282501221e-01
1.767096072435379028e-01
3.524316549301147461e-01
1.201785951852798462e-01
-1.061565354466438293e-01
2.062898725271224976e-01
-6.943061351776123047e-01
-2.724312841892242432e-01
4.531312882900238037e-01
1.155076473951339722e-01
1.441208720207214355e-01
7.433848083019256592e-02
-2.262260578572750092e-02
3.762744665145874023e-01
-4.135239124298095703e-02
2.683852016925811768e-01
2.332337796688079834e-01
4.542754292488098145e-01
1.892618983983993530e-01
3.468838036060333252e-01
3.481176495552062988e-01
-4.317593872547149658e-01
-6.188532710075378418e-02
1.204910352826118469e-01
-4.293576478958129883e-01
-2.510091364383697510e-01
3.815794885158538818e-01
-4.743996858596801758e-01
1.793211139738559723e-02
-3.205362856388092041e-01
-5.778597593307495117e-01
-7.689543813467025757e-02
9.190305322408676147e-02
1.929770857095718384e-01
-3.827708065509796143e-01
4.624831378459930420e-01
1.207774356007575989e-01
4.418921470642089844e-01
1.564951837062835693e-01
1.032774429768323898e-02
5.028756856918334961e-01
3.057498037815093994e-01
7.045345902442932129e-01
-4.377525299787521362e-02
6.558032035827636719e-01
-4.299661815166473389e-01
2.293117493391036987e-01
-5.523308515548706055e-01
1.049422547221183777e-01
-2.837162315845489502e-01
3.638003170490264893e-01
2.048283368349075317e-01
-1.912699639797210693e-01
7.753120660781860352e-01
2.227312922477722168e-01
-2.049597948789596558e-01
1.998025476932525635e-01
1.506414711475372314e-01
-1.506410688161849976e-01
-2.698752284049987793e-01
8.050628006458282471e-03
-3.024843037128448486e-01
-2.074429094791412354e-01
-3.479353189468383789e-01
-6.217256560921669006e-02
-1.999508887529373169e-01
7.461442947387695312e-01
-1.817498654127120972e-01
-2.753353416919708252e-01
-4.920980930328369141e-01
3.317500352859497070e-01
-2.184672802686691284e-01
-1.722214072942733765e-01
-3.120721876621246338e-01
-2.561041116714477539e-01
-4.526246190071105957e-01
-2.619487047195434570e-01
4.714022576808929443e-01
2.973352968692779541e-01
3.394035100936889648e-01
1.936519332230091095e-02
-4.865610226988792419e-02
-5.282031372189521790e-02
3.684711456298828125e-01
-4.621132910251617432e-01
-2.528119087219238281e-01
4.716549515724182129e-01
1.888836622238159180e-01
2.786528132855892181e-02
1.849593371152877808e-01
-3.353047668933868408e-01
-3.306701779365539551e-02
-2.657164335250854492e-01
2.496630102396011353e-01
-2.031447589397430420e-01
-7.348288893699645996e-01
-4.197559952735900879e-01
2.536614835262298584e-01
-5.797032117843627930e-01
5.893869400024414062e-01
-4.719455167651176453e-02
-2.203737646341323853e-01
-2.046710848808288574e-01
1.156092658638954163e-01
-1.342480182647705078e-01
1.547989368438720703e+00
2.878122329711914062e-01
9.752154350280761719e-02
-5.156311392784118652e-01
9.627414345741271973e-01
-1.672652512788772583e-01
1.705754995346069336e+00
-2.272218763828277588e-01
-1.493034809827804565e-01
-1.928853429853916168e-02
3.048075437545776367e-01
-6.181022897362709045e-02
-1.359307318925857544e-01
7.033204287290573120e-02
6.813074648380279541e-02
-6.602619588375091553e-02
-7.017081230878829956e-02
1.399628221988677979e-01
2.076051235198974609e-01
-2.336382716894149780e-01
4.803373664617538452e-02
-3.561432361602783203e-01
-5.844864994287490845e-02
2.427158951759338379e-01
9.376677870750427246e-02
1.465645432472229004e-01
7.495615631341934204e-02
-5.757393687963485718e-02
9.944342821836471558e-02
2.989777922630310059e-01
1.121119856834411621e-01
-2.422870323061943054e-02
-4.162002801895141602e-01
-2.301914244890213013e-02
-1.190344691276550293e-01
2.316370904445648193e-01
6.914030909538269043e-01
-1.147409975528717041e-01
-5.972228571772575378e-02
1.950146257877349854e-01
-1.917264610528945923e-02
4.788707196712493896e-02
-4.022722840309143066e-01
-1.077168881893157959e-01
2.555961906909942627e-01
4.346802458167076111e-02
9.702485054731369019e-02
-1.066804006695747375e-01
8.431544899940490723e-02
1.395296584814786911e-02
