5.479434728622436523e-01
-2.537273764610290527e-01
-1.011995971202850342e-01
2.135883271694183350e-01
-3.747517764568328857e-01
7.405582070350646973e-01
2.534587495028972626e-02
3.702507019042968750e-01
1.312196552753448486e-01
-1.294750213623046875e+00
-1.779947057366371155e-02
2.058973908424377441e-01
3.429383933544158936e-01
-2.988526523113250732e-01
-1.046627238392829895e-01
-9.833748340606689453e-01
-3.176965937018394470e-02
8.544909209012985229e-02
4.665976762771606445e-01
7.475411891937255859e-01
-1.098279505968093872e-01
-1.583271503448486328e+00
6.404446810483932495e-02
-6.171979904174804688e-01
-3.187159774824976921e-03
-6.903973817825317383e-01
2.239657342433929443e-01
9.235557913780212402e-01
-2.772042155265808105e-01
6.680513024330139160e-01
1.923134364187717438e-02
2.291030734777450562e-01
3.975044190883636475e-01
-5.648527145385742188e-01
-4.052930474281311035e-01
-7.189690470695495605e-01
4.891846776008605957e-01
6.067017316818237305e-01
4.238199889659881592e-01
5.363036412745714188e-03
9.904102683067321777e-01
-8.615437150001525879e-01
9.141756296157836914e-01
-3.500347733497619629e-01
-2.459493875503540039e-01
4.874450862407684326e-01
-9.236183166503906250e-01
7.260736227035522461e-01
-5.196495652198791504e-01
2.977736592292785645e-01
-4.609405100345611572e-01
-4.029403328895568848e-01
6.542381644248962402e-01
-6.689239144325256348e-01
1.415344834327697754e+00
-1.641352474689483643e-02
6.390357017517089844e-02
-8.141956925392150879e-01
1.486714005470275879e+00
6.483528017997741699e-01
2.273396253585815430e-01
-2.577363252639770508e-01
-1.966367959976196289e-01
2.073075920343399048e-01
2.657132148742675781e-01
1.533337235450744629e-01
2.416056692600250244e-01
7.691532969474792480e-01
-1.912382096052169800e-01
-7.385070919990539551e-01
1.937597543001174927e-01
-3.189724311232566833e-02
7.955575734376907349e-02
-8.154938817024230957e-01
-4.710054025053977966e-02
1.388168931007385254e-01
3.650355339050292969e-01
2.016413509845733643e-01
6.204792857170104980e-02
4.982143938541412354e-01
-4.266460835933685303e-01
-3.079420514404773712e-02
-3.533605039119720459e-01
-1.575004309415817261e-01
4.765293300151824951e-01
-3.809154927730560303e-01
5.441802740097045898e-02
2.199195027351379395e-01
4.312327504158020020e-02
-2.548437118530273438e-01
6.212395429611206055e-01
3.491281270980834961e-01
-1.571969687938690186e-02
-5.577824637293815613e-02
-3.912357687950134277e-01
-4.297457039356231689e-01
1.943782530725002289e-02
6.747884750366210938e-01
-5.343296527862548828e-01
-5.212054848670959473e-01
2.492346614599227905e-01
-1.078179925680160522e-01
4.084138870239257812e-01
2.658084928989410400e-01
-6.299896836280822754e-01
5.189371109008789062e-02
2.651629149913787842e-01
-3.447693586349487305e-01
-1.566028892993927002e-01
4.663100540637969971e-01
-3.477135002613067627e-01
-3.336506485939025879e-01
-1.095739006996154785e-02
4.243430793285369873e-01
2.006022185087203979e-01
3.092259168624877930e-01
-2.327285557985305786e-01
-2.236680239439010620e-01
5.122227966785430908e-02
-1.964321136474609375e-01
-3.694874942302703857e-01
1.400180608034133911e-01
2.511192560195922852e-01
-1.417906284332275391e-01
9.736301749944686890e-02
-1.737227439880371094e-01
-1.029637157917022705e-01
-1.314626932144165039e-01
2.622099816799163818e-01
-6.573821604251861572e-02
-6.097783148288726807e-02
5.251757055521011353e-02
-1.283580213785171509e-01
-1.935047209262847900e-01
3.096186369657516479e-02
8.519067615270614624e-02
-4.218211174011230469e-01
1.505180448293685913e-01
8.290365338325500488e-02
-4.654490351676940918e-01
-8.075615763664245605e-01
3.947068154811859131e-01
6.598901003599166870e-02
-1.637559384107589722e-01
6.311284750699996948e-02
-3.225972503423690796e-02
-1.403085887432098389e-01
-1.066849008202552795e-01
-2.882974222302436829e-03
8.422886133193969727e-01
-1.961955130100250244e-01
4.031622037291526794e-02
7.071253657341003418e-02
-1.760325133800506592e-01
-2.995142340660095215e-02
3.870085254311561584e-02
-9.365561008453369141e-01
-4.167227447032928467e-01
1.723717749118804932e-01
-5.061771869659423828e-01
1.842085570096969604e-01
-3.486032187938690186e-01
4.125209748744964600e-01
-1.861079633235931396e-01
-7.004505395889282227e-01
4.160448014736175537e-01
-4.149966835975646973e-01
2.818193137645721436e-01
-6.009752750396728516e-01
-8.964502066373825073e-02
-5.801062583923339844e-01
-4.773027002811431885e-01
3.161372244358062744e-01
-2.981877624988555908e-01
5.303333997726440430e-01
5.968245863914489746e-01
3.619805574417114258e-01
-3.144504725933074951e-01
1.650476008653640747e-01
5.004077553749084473e-01
6.787379086017608643e-02
-2.162688672542572021e-01
-8.516780734062194824e-01
-5.676270127296447754e-01
6.739109158515930176e-01
2.432745397090911865e-01
3.169872164726257324e-01
2.193201035261154175e-01
-1.923171430826187134e-01
3.974533081054687500e-01
6.623436808586120605e-01
2.658431529998779297e-01
-2.741009369492530823e-02
-4.019737243652343750e-01
-3.019232153892517090e-01
-8.501477837562561035e-01
3.961364030838012695e-01
-1.585352718830108643e-01
3.582780957221984863e-01
1.325523257255554199e-01
3.918464779853820801e-01
-4.519661962985992432e-01
3.711127340793609619e-01
-5.920435190200805664e-01
5.563310533761978149e-02
1.552219241857528687e-01
-2.296509742736816406e-01
6.619238853454589844e-01
-1.021790727972984314e-01
-6.226816214621067047e-03
-2.159475833177566528e-01
-4.115220531821250916e-02
7.929099202156066895e-01
-5.411823391914367676e-01
3.835501670837402344e-01
1.034172177314758301e-01
-6.432934105396270752e-02
-3.900124430656433105e-01
1.681587696075439453e-01
2.858130335807800293e-01
-4.114234447479248047e-01
2.031212002038955688e-01
9.190598130226135254e-02
-2.684840857982635498e-01
-6.236517429351806641e-01
5.405088886618614197e-03
-2.817505896091461182e-01
1.863143891096115112e-01
-1.373050063848495483e-01
6.531569957733154297e-01
-1.247491478919982910e+00
-7.027277350425720215e-01
4.077665507793426514e-01
1.005998179316520691e-01
1.332062631845474243e-01
3.833428919315338135e-01
-3.796736299991607666e-01
-7.026730477809906006e-02
4.579975083470344543e-02
-1.243927627801895142e-01
2.032219916582107544e-01
-3.669332563877105713e-01
2.447029799222946167e-01
-1.853522658348083496e-02
-2.008876651525497437e-01
2.853816747665405273e-01
-4.048969447612762451e-01
-1.322428882122039795e-01
-3.815534710884094238e-01
6.960566639900207520e-01
-1.563879549503326416e-01
-3.675982952117919922e-01
2.170786857604980469e-01
2.390341609716415405e-01
3.676092028617858887e-01
1.247607097029685974e-01
-2.073425054550170898e-01
-2.642903625965118408e-01
3.831420540809631348e-01
2.666745781898498535e-01
4.789858162403106689e-01
-9.429731220006942749e-02
-2.031208574771881104e-01
-4.363561868667602539e-01
-3.955733180046081543e-01
-1.906153000891208649e-02
-1.210677847266197205e-01
9.429709315299987793e-01
-5.949744954705238342e-03
5.818371102213859558e-02
-4.212103486061096191e-01
-4.845598712563514709e-02
7.421050071716308594e-01
-8.509973287582397461e-01
-1.898120641708374023e-01
-7.539968937635421753e-02
2.903227210044860840e-01
-2.306809127330780029e-01
2.055995613336563110e-01
7.368028163909912109e-02
1.092381924390792847e-01
3.086016178131103516e-01
2.249632179737091064e-01
3.177455365657806396e-01
-3.362682089209556580e-02
-5.879534482955932617e-01
6.828614324331283569e-02
5.812222957611083984e-01
2.993150055408477783e-01
-5.656299740076065063e-02
-2.647750638425350189e-02
1.284162998199462891e-01
4.803103208541870117e-02
-4.786339104175567627e-01
-7.756949868053197861e-03
-2.319152355194091797e-01
3.922312706708908081e-02
3.811949193477630615e-01
-8.160957098007202148e-01
2.673755586147308350e-01
6.018835678696632385e-02
-8.297494053840637207e-02
5.825132727622985840e-01
-4.921200871467590332e-01
-1.483617573976516724e-01
-2.224027216434478760e-01
-4.371736347675323486e-01
6.675023436546325684e-01
-1.884480565786361694e-01
3.162421658635139465e-02
-1.016560941934585571e-01
-9.188896976411342621e-03
1.165411353111267090e+00
-6.711797714233398438e-01
8.911980390548706055e-01
-2.720499336719512939e-01
3.277053236961364746e-01
1.625565439462661743e-01
5.602512881159782410e-02
2.067144513130187988e-01
2.120677530765533447e-01
-2.568952441215515137e-01
2.198630869388580322e-01
-3.405837714672088623e-01
-7.796509563922882080e-02
1.010861843824386597e-01
-3.720355927944183350e-01
3.134490549564361572e-01
-3.472032546997070312e-01
1.936889886856079102e-01
-1.049411445856094360e-01
-8.639743179082870483e-02
6.144664883613586426e-01
-1.398546695709228516e-01
3.417788743972778320e-01
-1.239687670022249222e-03
-1.022742018103599548e-01
-4.624784886837005615e-01
4.017111659049987793e-01
1.549979150295257568e-01
4.425423741340637207e-01
-3.948856294155120850e-01
-1.618256568908691406e-01
1.388014703989028931e-01
-1.454776618629693985e-02
2.656742036342620850e-01
-1.763783097267150879e-01
-3.220439255237579346e-01
-2.648027837276458740e-01
1.613737463951110840e+00
-4.508456587791442871e-01
-2.303828112781047821e-02
5.834953859448432922e-02
4.242813289165496826e-01
2.953222095966339111e-01
6.352357268333435059e-01
2.086257219314575195e+00
-1.382080197334289551e+00
1.071978211402893066e+00
8.763305544853210449e-01
2.411187589168548584e-01
-5.351289510726928711e-01
4.541738927364349365e-01
6.547451019287109375e-02
8.469826728105545044e-02
3.298535048961639404e-01
-3.818152546882629395e-01
1.264535486698150635e-01
-1.493480950593948364e-01
1.278718560934066772e-01
-2.464146167039871216e-01
-1.482207328081130981e-01
1.486240327358245850e-01
-2.594473063945770264e-01
4.481027722358703613e-01
1.863716691732406616e-01
-3.087165951728820801e-01
-1.799849122762680054e-01
4.647069573402404785e-01
2.510259747505187988e-01
-2.685297429561614990e-01
-6.636553257703781128e-02
-2.189413458108901978e-01
-1.680324524641036987e-01
4.907554984092712402e-01
-1.455004960298538208e-01
3.259622454643249512e-01
4.400680363178253174e-01
2.320070005953311920e-02
-9.080166220664978027e-01
9.057435989379882812e-01
6.026878356933593750e-01
2.015121467411518097e-02
-8.223077654838562012e-01
-5.368104204535484314e-02
-5.413861274719238281e-01
3.811488300561904907e-02
7.061250805854797363e-01
-2.203233391046524048e-01
-1.875366568565368652e-01
2.973755598068237305e-01
-2.163457870483398438e-01
-2.371400296688079834e-01
-1.436542868614196777e-01
4.703016281127929688e-01
-2.914558649063110352e-01
2.092293649911880493e-01
3.184653818607330322e-01
4.348750710487365723e-01
-6.599664092063903809e-01
5.231812000274658203e-01
5.206429362297058105e-01
-8.197250962257385254e-02
-6.763135790824890137e-01
-2.380761504173278809e-02
3.966093435883522034e-02
3.920606970787048340e-01
4.566885530948638916e-01
-1.186895370483398438e-01
3.784172534942626953e-01
3.788729310035705566e-01
-1.652158498764038086e-01
3.550781607627868652e-01
-6.021440494805574417e-03
-1.106671094894409180e-01
6.553894877433776855e-01
-3.787038028240203857e-01
-1.282079517841339111e-01
-2.114610821008682251e-01
8.965696096420288086e-01
-4.278090894222259521e-01
-3.930282592773437500e-01
3.088682889938354492e-01
1.713725179433822632e-01
4.490796029567718506e-01
7.147254049777984619e-02
4.807586967945098877e-01
-1.177874684333801270e+00
9.928949475288391113e-01
7.276071310043334961e-01
-4.537054300308227539e-01
6.072841286659240723e-01
-5.243272185325622559e-01
2.527830898761749268e-01
5.137810707092285156e-01
-4.112107753753662109e-01
2.036578357219696045e-01
-7.981142401695251465e-02
1.920352280139923096e-01
-6.369944214820861816e-01
8.194152712821960449e-01
5.018334388732910156e-01
-5.798590928316116333e-02
-1.299831271171569824e-01
-1.370343714952468872e-01
-3.430662155151367188e-01
4.458393529057502747e-02
3.322647511959075928e-01
-1.939378529787063599e-01
-1.926778256893157959e-01
3.950459063053131104e-01
-4.085751175880432129e-01
3.681043386459350586e-01
-2.380071282386779785e-01
-1.459986418485641479e-01
7.707089781761169434e-01
-1.640858501195907593e-01
2.867216169834136963e-01
3.447790443897247314e-01
4.458949267864227295e-01
6.768763065338134766e-02
-3.566550016403198242e-01
3.432298302650451660e-01
5.658977627754211426e-01
4.770079553127288818e-01
7.335933446884155273e-01
-5.126431584358215332e-01
-4.894398897886276245e-02
5.263050794601440430e-01
-5.340018868446350098e-01
-4.289044737815856934e-01
-4.391215145587921143e-01
2.639621198177337646e-01
4.381102621555328369e-01
1.067587733268737793e-01
8.026755601167678833e-02
-1.526195526123046875e+00
2.736444473266601562e-01
7.422522306442260742e-01
1.877084851264953613e+00
-7.461737990379333496e-01
5.616101026535034180e-01
1.095638573169708252e-01
2.568401992321014404e-01
3.767752945423126221e-01
3.764787316322326660e-01
-3.608075678348541260e-01
-1.353548645973205566e+00
2.574353218078613281e-01
-1.185130476951599121e-01
-2.746420800685882568e-01
-1.095412671566009521e-01
6.448963284492492676e-02
-3.881287276744842529e-01
-3.761229515075683594e-01
3.304434195160865784e-02
1.764637534506618977e-03
-1.103596910834312439e-01
3.150864541530609131e-01
-7.492829561233520508e-01
-8.521177619695663452e-02
-1.791786670684814453e+00
-5.349041223526000977e-01
1.228896379470825195e-01
1.181341707706451416e-01
-7.549173235893249512e-01
-2.337191998958587646e-01
2.799301147460937500e-01
-1.090463399887084961e-01
-4.622544720768928528e-02
-8.905022144317626953e-01
1.350735276937484741e-01
-9.273350983858108521e-02
2.107993066310882568e-01
2.998884916305541992e-01
-3.996271491050720215e-01
1.307746022939682007e-01
-2.581953108310699463e-01
-1.677917987108230591e-01
-1.982159018516540527e-01
-1.027219966053962708e-01
-2.732897922396659851e-02
-2.497856318950653076e-01
-2.558016180992126465e-01
-3.374432623386383057e-01
-4.878839850425720215e-01
3.191114068031311035e-01
6.940928846597671509e-02
-4.932571053504943848e-01
4.751196503639221191e-01
2.235084474086761475e-01
-5.279051065444946289e-01
1.216230615973472595e-01
-6.249932646751403809e-01
-9.825407266616821289e-01
4.064091145992279053e-01
-5.104376077651977539e-01
4.385057985782623291e-01
2.759709954261779785e-01
2.285172790288925171e-01
-6.673806905746459961e-02
-3.655652105808258057e-01
3.467830717563629150e-01
2.323246002197265625e-01
2.389110177755355835e-01
3.257929384708404541e-01
-6.742262095212936401e-02
-2.256209030747413635e-02
1.271221339702606201e-01
-4.966368675231933594e-01
-3.106983304023742676e-01
-3.034885823726654053e-01
6.046818569302558899e-02
-7.483559250831604004e-01
-4.882154166698455811e-01
6.151046603918075562e-02
-1.392950713634490967e-01
8.287836797535419464e-03
-1.042888760566711426e-01
-3.180084824562072754e-01
-2.085217684507369995e-01
-4.252503514289855957e-01
-7.740577217191457748e-03
-6.328777223825454712e-02
1.297310739755630493e-01
5.254873633384704590e-02
-1.207659691572189331e-01
6.941255927085876465e-02
3.088199794292449951e-01
-1.538748592138290405e-01
3.803948462009429932e-01
4.248921759426593781e-03
5.173741579055786133e-01
9.549671411514282227e-01
1.567153073847293854e-02
-1.112041473388671875e-01
-3.299364745616912842e-01
1.343356221914291382e-01
8.642227947711944580e-02
2.126493304967880249e-01
8.377978950738906860e-02
7.361430525779724121e-01
9.115455746650695801e-01
1.680907160043716431e-01
-1.756971143186092377e-02
2.612549364566802979e-01
6.560184806585311890e-02
4.300739467144012451e-01
3.476370871067047119e-02
2.507348656654357910e-01
-4.862002730369567871e-01
6.639746576547622681e-02
9.100608229637145996e-01
3.101472556591033936e-01
2.487365156412124634e-01
-3.315881490707397461e-01
1.400144845247268677e-01
7.921142131090164185e-02
-2.060108929872512817e-01
4.705066978931427002e-02
-7.085763216018676758e-01
4.259205460548400879e-01
-1.896655857563018799e-01
1.244914531707763672e-02
-6.320885568857192993e-02
1.371850520372390747e-01
2.545031607151031494e-01
-1.838969439268112183e-01
8.931183815002441406e-02
2.348008453845977783e-01
3.017009049654006958e-02
-4.061942100524902344e-01
2.192260742187500000e+00
2.131848596036434174e-02
-3.389371931552886963e-02
4.660721123218536377e-01
-2.258911132812500000e-01
4.170754551887512207e-01
3.069411516189575195e-01
2.193956822156906128e-01
-7.553882896900177002e-02
-3.207524716854095459e-01
5.413452982902526855e-01
1.163614839315414429e-01
4.626560211181640625e-02
1.979816854000091553e-01
-3.426843583583831787e-01
-8.846417665481567383e-01
-4.631555173546075821e-03
-2.292173504829406738e-01
5.015370249748229980e-01
1.030101925134658813e-01
-3.556208312511444092e-01
5.111720561981201172e-01
-1.992944628000259399e-02
6.598856300115585327e-02
-9.509257040917873383e-03
1.145561262965202332e-01
-1.796649992465972900e-01
-2.032807171344757080e-01
6.610134989023208618e-02
1.890325695276260376e-01
-2.863771915435791016e-01
-1.972023099660873413e-01
-3.214561045169830322e-01
-2.242672592401504517e-01
7.018808275461196899e-02
1.029334902763366699e+00
-1.619272977113723755e-01
1.592369526624679565e-01
-7.006587386131286621e-01
-1.800471916794776917e-02
2.056151181459426880e-01
-1.487749218940734863e+00
-1.397419095039367676e+00
7.514609396457672119e-02
-3.788676857948303223e-02
7.538683712482452393e-02
1.633762270212173462e-01
2.045279443264007568e-01
-6.769290566444396973e-01
2.632521092891693115e-01
1.015710309147834778e-01
2.566254436969757080e-01
5.597052574157714844e-01
2.662514746189117432e-01
-6.162358522415161133e-01
1.861845701932907104e-01
5.516182184219360352e-01
-4.970749616622924805e-01
2.323623001575469971e-01
6.638076305389404297e-01
-2.988768219947814941e-01
1.183772757649421692e-01
2.088312953710556030e-01
-4.377959072589874268e-01
2.604869306087493896e-01
-3.269253075122833252e-01
-5.433446168899536133e-01
-3.057022094726562500e-01
2.204428613185882568e-01
1.173739656805992126e-01
-3.146719336509704590e-01
-4.045945107936859131e-01
-4.107744097709655762e-01
-5.002794265747070312e-01
5.858551859855651855e-01
3.812670409679412842e-01
-2.340959459543228149e-01
5.124537944793701172e-01
-2.943820655345916748e-01
-8.593806028366088867e-01
7.473301887512207031e-02
-3.016607165336608887e-01
-9.887273311614990234e-01
6.599313020706176758e-01
-3.026330173015594482e-01
7.514589428901672363e-01
7.041927576065063477e-01
1.293057650327682495e-01
-3.639542758464813232e-01
9.457272477447986603e-03
2.663773298263549805e-01
5.340701341629028320e-01
4.097971916198730469e-01
4.814403057098388672e-01
-4.753094017505645752e-01
-2.313773632049560547e-01
5.272462964057922363e-01
-5.960414409637451172e-01
8.485357165336608887e-01
-1.117814034223556519e-01
-4.848371148109436035e-01
-2.770736515522003174e-01
-1.022811830043792725e-01
3.770101666450500488e-01
-7.583767175674438477e-02
9.967876225709915161e-02
8.595348335802555084e-03
-6.201645135879516602e-01
1.075203791260719299e-01
-4.912326112389564514e-02
-1.336123980581760406e-02
1.146864816546440125e-01
2.759797573089599609e-01
1.671151220798492432e-01
2.043526917695999146e-01
8.698426485061645508e-01
2.411716133356094360e-01
-2.230589836835861206e-01
2.688320577144622803e-01
1.545397844165563583e-02
-2.801497578620910645e-01
-2.147169969975948334e-02
-9.463002085685729980e-01
-7.713317126035690308e-02
9.539124965667724609e-01
-5.863242968916893005e-02
-2.631544768810272217e-01
-1.522233188152313232e-01
7.300376892089843750e-01
-8.839099109172821045e-02
-5.186039209365844727e-02
-4.509422481060028076e-01
-6.970599889755249023e-01
-8.238922059535980225e-02
8.484598994255065918e-01
3.991062045097351074e-01
-5.970352292060852051e-01
5.076882243156433105e-01
-6.095351576805114746e-01
-3.281778693199157715e-01
7.193809747695922852e-01
-1.663719117641448975e-01
-2.944610416889190674e-01
1.870997548103332520e-01
-3.980548679828643799e-01
2.358955442905426025e-01
-2.994599342346191406e-01
-2.116254717111587524e-02
-4.349603056907653809e-01
8.104281127452850342e-02
-2.540130354464054108e-02
3.252429366111755371e-01
2.579095959663391113e-01
1.599813699722290039e-01
-7.849629968404769897e-03
-5.459623932838439941e-01
-9.127523750066757202e-03
-1.097980737686157227e-01
-3.613516092300415039e-01
-5.395054817199707031e-01
2.728751599788665771e-01
-1.819572746753692627e-01
-9.568244218826293945e-01
9.405533969402313232e-02
-2.496477663516998291e-01
1.209794431924819946e-01
2.909992337226867676e-01
1.232545170933008194e-02
-4.860977530479431152e-01
-1.938391476869583130e-01
2.964403033256530762e-01
4.183301031589508057e-01
6.305381655693054199e-01
3.789399266242980957e-01
-3.338530361652374268e-01
-1.826780587434768677e-01
3.431971669197082520e-01
-3.766425549983978271e-01
2.636640369892120361e-01
6.924390792846679688e-01
-4.978082180023193359e-01
8.203727006912231445e-02
-3.296133130788803101e-02
-2.618366479873657227e-01
5.455499291419982910e-01
-5.464015528559684753e-02
-1.477779746055603027e+00
-1.197051703929901123e-01
2.336984723806381226e-01
9.005912579596042633e-03
-1.739406287670135498e-01
-3.038591444492340088e-01
-3.082529902458190918e-01
-1.885995268821716309e-01
1.149755477905273438e+00
5.802665352821350098e-01
-2.841874957084655762e-01
4.318804442882537842e-01
-1.885339975357055664e+00
2.281658053398132324e-01
-2.585931122303009033e-01
2.055958509445190430e-01
1.819610223174095154e-02
-1.011705994606018066e-01
-5.654448643326759338e-02
-2.730443887412548065e-02
4.771700203418731689e-01
2.832505106925964355e-01
-4.136147350072860718e-02
-2.429236471652984619e-02
1.330012232065200806e-01
-1.506568789482116699e-01
2.474010139703750610e-01
-6.336596608161926270e-02
-3.064638674259185791e-01
-5.910131931304931641e-01
1.531798690557479858e-01
-2.810761928558349609e-01
3.850817084312438965e-01
4.352785050868988037e-01
-4.623579382896423340e-01
2.795389294624328613e-01
1.631172418594360352e+00
-6.706094741821289062e-01
8.289850354194641113e-01
-4.102959632873535156e-01
-2.332835793495178223e-01
9.906988590955734253e-02
3.824248909950256348e-01
1.225961595773696899e-01
-3.259229958057403564e-01
-6.824400424957275391e-01
-6.121556162834167480e-01
-4.137234091758728027e-01
4.755124449729919434e-03
2.670071423053741455e-01
-6.126000881195068359e-01
2.147202044725418091e-01
-1.470875889062881470e-01
9.000308811664581299e-03
7.347480058670043945e-01
6.441025137901306152e-01
5.139731988310813904e-02
1.600264222361147404e-03
-1.404220014810562134e-01
-2.457444369792938232e-01
-5.266459658741950989e-02
2.887389361858367920e-01
-8.938794136047363281e-01
2.663585543632507324e-01
6.516772508621215820e-01
5.094395205378532410e-02
-2.171688377857208252e-01
5.386926233768463135e-02
3.059245944023132324e-01
2.113835066556930542e-01
-2.776436507701873779e-01
-2.099151909351348877e-02
3.570719063282012939e-01
-2.098411768674850464e-01
-1.957542896270751953e-01
5.270876884460449219e-01
4.019305408000946045e-01
-1.331070065498352051e-01
6.974945962429046631e-02
3.795351684093475342e-01
-6.684853881597518921e-02
2.444401085376739502e-01
-1.070572659373283386e-01
8.351629376411437988e-01
4.460670948028564453e-01
-1.459087878465652466e-01
1.393826007843017578e-01
2.097400724887847900e-01
-4.091448783874511719e-01
1.585318297147750854e-01
-7.604699730873107910e-01
4.264050349593162537e-02
1.008973419666290283e-01
6.038711667060852051e-01
-5.158076807856559753e-02
-1.531184017658233643e-01
4.764201641082763672e-01
-1.183407783508300781e+00
-1.100276783108711243e-01
-8.238898217678070068e-02
-4.041604995727539062e-01
3.684899210929870605e-01
-5.768345436081290245e-04
1.369902044534683228e-01
1.630128026008605957e-01
3.750708326697349548e-02
4.209085553884506226e-02
2.175257802009582520e-01
9.381129592657089233e-02
-3.599527478218078613e-02
-4.655997268855571747e-03
-5.163535475730895996e-01
5.050448700785636902e-02
1.341660022735595703e-01
-4.246200919151306152e-01
4.726722240447998047e-01
6.570749878883361816e-01
-5.377569794654846191e-01
2.403546124696731567e-01
4.238214194774627686e-01
-3.743386864662170410e-01
7.600710391998291016e-01
-2.110752761363983154e-01
8.613487705588340759e-03
8.225565403699874878e-02
1.645906120538711548e-01
1.325085759162902832e-01
5.443691015243530273e-01
5.915337707847356796e-03
-1.295309215784072876e-01
-1.360796540975570679e-01
1.090800911188125610e-01
-1.243272423744201660e-01
4.163795411586761475e-01
9.575254470109939575e-02
1.832828372716903687e-01
3.653036057949066162e-01
-3.829696401953697205e-02
-3.561429977416992188e-01
6.263454910367727280e-03
-2.681907117366790771e-01
3.469434976577758789e-01
2.440588176250457764e-01
-1.504994928836822510e-01
-6.881070733070373535e-01
3.019254207611083984e-01
3.449487313628196716e-02
5.057407543063163757e-02
1.605176925659179688e-01
1.450661778450012207e+00
-2.697140574455261230e-01
-1.203426003456115723e+00
-5.702842473983764648e-01
-3.149222731590270996e-01
5.649129301309585571e-02
-3.899757266044616699e-01
-3.236142396926879883e-01
2.735851407051086426e-01
1.252919286489486694e-01
-2.220074981451034546e-01
4.170820116996765137e-01
-3.935094177722930908e-01
3.904032111167907715e-01
-3.732067942619323730e-01
-5.766357779502868652e-01
3.669568896293640137e-02
-8.992517739534378052e-02
-4.214661121368408203e-01
2.934359908103942871e-01
2.330098450183868408e-01
3.215255439281463623e-01
-8.971099555492401123e-02
-8.626347407698631287e-04
-2.572155296802520752e-01
-1.739647239446640015e-02
2.056529521942138672e-01
-1.833909898996353149e-01
2.579193711280822754e-01
-5.455904603004455566e-01
3.596111536026000977e-01
-1.008551716804504395e-01
-2.910165190696716309e-01
-1.636164337396621704e-01
3.543977439403533936e-01
1.654679059982299805e+00
-1.473913192749023438e-01
-4.977954179048538208e-02
2.191321104764938354e-01
4.347016569226980209e-03
-1.359344959259033203e+00
-4.898932762444019318e-03
-4.036598801612854004e-01
-7.203883528709411621e-01
1.112509250640869141e+00
-7.210648804903030396e-02
2.589355967938899994e-02
-4.076651036739349365e-01
-2.250043630599975586e+00
-3.320927917957305908e-01
6.230011116713285446e-03
6.856927275657653809e-01
-7.591249942779541016e-01
8.714102953672409058e-02
2.794004082679748535e-01
1.995677500963211060e-01
9.361516833305358887e-01
-3.571990430355072021e-01
-3.070694208145141602e-01
3.758773207664489746e-01
-4.626260995864868164e-01
-8.780435472726821899e-02
-7.464287281036376953e-01
-1.367058008909225464e-01
-3.075197935104370117e-01
-2.845793068408966064e-01
9.479176253080368042e-02
4.286405444145202637e-01
-6.580184400081634521e-02
-4.134555906057357788e-02
1.215661540627479553e-01
-1.050502181053161621e+00
2.730214595794677734e-01
-4.216213822364807129e-01
2.191931903362274170e-01
4.531466662883758545e-01
-4.812189340591430664e-01
1.894352585077285767e-01
2.273265868425369263e-01
-7.121418714523315430e-01
-1.755831539630889893e-01
-6.178364157676696777e-01
6.334725022315979004e-02
-2.127152830362319946e-01
-1.300334781408309937e-01
-2.026062458753585815e-01
5.196614861488342285e-01
7.102296501398086548e-02
-1.417554765939712524e-01
1.020622402429580688e-01
8.591175824403762817e-02
3.898164927959442139e-01
-2.716998159885406494e-01
-1.719194650650024414e-01
-7.009132951498031616e-02
2.195767879486083984e+00
3.456658422946929932e-01
2.673391401767730713e-01
1.421227902173995972e-01
1.785570681095123291e-01
-3.664721548557281494e-01
-5.397841930389404297e-01
-1.107301637530326843e-01
-3.396377712488174438e-02
-7.275124192237854004e-01
-2.203227281570434570e-01
6.261684466153383255e-04
4.998571798205375671e-02
1.562764048576354980e+00
-1.724356226623058319e-02
-2.904553115367889404e-01
-5.290843844413757324e-01
2.877175807952880859e-01
3.558320701122283936e-01
5.142828449606895447e-02
9.752379655838012695e-01
-2.205781191587448120e-01
-2.172487527132034302e-01
-8.660996705293655396e-02
-1.153657808899879456e-01
-7.177685946226119995e-02
-3.631200492382049561e-01
-1.706516146659851074e+00
3.534656763076782227e-01
-3.092071712017059326e-01
-6.692226231098175049e-02
4.996923208236694336e-01
6.210285425186157227e-01
4.810897260904312134e-02
-1.731743365526199341e-01
1.669289320707321167e-01
-5.405558943748474121e-01
5.651339292526245117e-01
-2.555764317512512207e-01
4.002788960933685303e-01
1.963451504707336426e-01
-1.591916084289550781e-01
1.567213535308837891e-01
4.209415316581726074e-01
-3.889441490173339844e-01
-2.800376713275909424e-01
-3.720895349979400635e-01
1.085773855447769165e-01
1.920022256672382355e-02
6.633927673101425171e-02
-2.925668060779571533e-01
1.680906265974044800e-01
-6.341430544853210449e-02
-7.835748046636581421e-02
2.992933429777622223e-02
3.672139644622802734e-01
3.268423080444335938e-01
-2.177340164780616760e-02
-4.642929732799530029e-01
2.713703215122222900e-01
-2.737464427947998047e+00
2.309735864400863647e-01
-4.174691066145896912e-02
3.039832711219787598e-01
-2.446528375148773193e-01
9.459710866212844849e-02
3.168078139424324036e-03
-3.665007352828979492e-01
3.210290670394897461e-01
-1.788268983364105225e-01
-8.995252847671508789e-02
3.297635912895202637e-01
9.030468016862869263e-02
3.306663930416107178e-01
2.323265224695205688e-01
1.507684886455535889e-01
-6.052582263946533203e-01
4.423548579216003418e-01
6.894464045763015747e-02
2.526622712612152100e-01
-2.450665473937988281e+00
-3.189026415348052979e-01
4.528494775295257568e-01
2.391451895236968994e-01
-6.306488066911697388e-02
8.574403524398803711e-01
-2.879580855369567871e-01
5.888707637786865234e-01
-3.777495622634887695e-01
1.317428708076477051e+00
3.104590177536010742e-01
-1.052599996328353882e-01
1.115672662854194641e-01
-1.176748752593994141e+00
-2.267817407846450806e-01
-3.353638052940368652e-01
-3.100772947072982788e-02
-1.257294118404388428e-01
2.358212834224104881e-03
-1.559159457683563232e-01
-1.135286986827850342e-01
-1.257273852825164795e-01
-2.421863190829753876e-02
-1.923066079616546631e-01
3.277018666267395020e-01
9.104725718498229980e-02
-3.556993007659912109e-01
-3.305939584970474243e-02
-1.967910081148147583e-01
-4.301068484783172607e-01
-1.789874434471130371e-01
1.327365338802337646e-01
1.702252775430679321e-01
1.204772830009460449e+00
2.866825461387634277e-01
2.693547606468200684e-01
-6.894820928573608398e-01
1.881439238786697388e-01
-2.003689408302307129e-01
-7.395430654287338257e-02
6.756844520568847656e-01
-5.049871206283569336e-01
3.683134615421295166e-01
1.453304886817932129e-01
-2.008774876594543457e-01
-2.863408625125885010e-01
-1.887149512767791748e-01
3.690536022186279297e-01
-3.040434718132019043e-01
1.377895236015319824e+00
2.204045504331588745e-01
-2.611674964427947998e-01
-1.064492464065551758e-01
-7.460889220237731934e-01
-6.499491333961486816e-01
-7.056113332509994507e-02
-3.543644547462463379e-01
-6.642202287912368774e-02
3.729745447635650635e-01
7.878759503364562988e-02
-2.660332247614860535e-02
-2.442352771759033203e-01
-2.697808444499969482e-01
1.846491917967796326e-02
1.938153989613056183e-02
3.129896521568298340e-01
1.275702238082885742e+00
-6.974496841430664062e-01
-4.686005413532257080e-01
4.210567474365234375e-01
-3.035343624651432037e-02
1.959602832794189453e-01
9.425073266029357910e-01
-5.646870732307434082e-01
2.683484181761741638e-02
2.341512739658355713e-01
-1.514253765344619751e-01
1.314696669578552246e-01
-7.829097658395767212e-02
5.280066654086112976e-02
-1.414507329463958740e-01
-4.806506261229515076e-02
4.057969450950622559e-01
3.894393444061279297e-01
-2.605778537690639496e-02
-1.197598427534103394e-01
6.555717438459396362e-03
-2.562386989593505859e-01
7.946635782718658447e-02
-2.205734401941299438e-01
-2.228009253740310669e-01
1.092632770538330078e+00
9.758005291223526001e-02
-1.209608465433120728e-01
-1.771415472030639648e-01
9.627240151166915894e-02
2.624003291130065918e-01
-1.610494256019592285e-01
1.732868701219558716e-02
5.417384505271911621e-01
2.077086120843887329e-01
1.051940768957138062e-01
2.146502733230590820e-01
1.579928100109100342e-01
1.137439161539077759e-01
-2.314656674861907959e-01
-1.353700518608093262e+00
-1.733278036117553711e-01
3.678809404373168945e-01
-5.310572683811187744e-02
-1.253780573606491089e-01
-3.753389464691281319e-03
1.327385753393173218e-01
1.364066451787948608e-01
4.645980596542358398e-01
9.614723920822143555e-01
-5.082809925079345703e-01
-1.046570837497711182e-01
-4.071801528334617615e-02
2.917470633983612061e-01
2.269913256168365479e-01
-4.805656671524047852e-01
8.112607598304748535e-01
3.474446833133697510e-01
-2.601971626281738281e-01
3.583831787109375000e-01
1.003315076231956482e-01
3.396833539009094238e-01
1.135320812463760376e-01
-5.618487000465393066e-01
-1.306693404912948608e-01
1.492633223533630371e-01
2.598760277032852173e-02
2.861822582781314850e-02
2.859354317188262939e-01
3.725951015949249268e-01
1.979433596134185791e-01
-9.638382494449615479e-02
-2.189257293939590454e-01
2.087189406156539917e-01
6.646936535835266113e-01
2.886066734790802002e-01
-3.675731122493743896e-01
-9.001059085130691528e-02
-2.851292863488197327e-02
-9.136471152305603027e-02
4.677277803421020508e-01
1.423925012350082397e-01
1.431086659431457520e-01
-3.620519936084747314e-01
-2.557944059371948242e-01
2.732937037944793701e-01
3.561842739582061768e-01
4.349212050437927246e-01
1.026667878031730652e-01
1.720945388078689575e-01
-7.824732065200805664e-01
6.053252220153808594e-01
-3.453304991126060486e-02
2.270763218402862549e-01
5.804080963134765625e-01
-1.113602638244628906e+00
2.453105002641677856e-01
5.929379463195800781e-01
-6.420634984970092773e-01
-2.755881845951080322e-01
-4.026143550872802734e-01
-1.231424063444137573e-01
-1.148384138941764832e-01
1.960770785808563232e-01
4.965776111930608749e-03
-1.455842107534408569e-01
2.556342780590057373e-01
2.324145585298538208e-01
2.120867520570755005e-01
1.624669730663299561e-01
-2.440630048513412476e-01
5.173991322517395020e-01
1.608744114637374878e-01
-1.447616666555404663e-01
-1.412292569875717163e-01
2.650232613086700439e-01
-1.763943433761596680e-01
2.609140872955322266e-01
1.807226985692977905e-01
2.556931078433990479e-01
1.900534629821777344e-01
-5.535635352134704590e-02
-1.852969408035278320e+00
-1.097429245710372925e-01
6.321068108081817627e-02
4.672393202781677246e-01
1.830081343650817871e-01
-4.541660472750663757e-02
-6.710337102413177490e-02
-1.246064230799674988e-01
5.843300744891166687e-02
1.013778895139694214e-01
-4.846699908375740051e-02
7.645253092050552368e-02
-7.007195353507995605e-01
4.616612493991851807e-01
-5.990464687347412109e-01
-6.426740288734436035e-01
2.794795334339141846e-01
3.609146177768707275e-01
9.402189403772354126e-02
2.959519326686859131e-01
-5.387324839830398560e-02
1.094322353601455688e-01
-5.258526206016540527e-01
-3.852804005146026611e-02
1.010144427418708801e-01
-8.253294229507446289e-02
-2.594960629940032959e-01
3.130599558353424072e-01
-7.710372805595397949e-01
1.221061125397682190e-01
3.732110857963562012e-01
-7.141031026840209961e-01
-1.739351153373718262e-01
-1.910317242145538330e-01
3.513877987861633301e-01
-1.973635107278823853e-01
2.138649811968207359e-03
3.560368120670318604e-01
1.573289185762405396e-01
-9.438037872314453125e-02
3.730665147304534912e-01
2.766745388507843018e-01
-1.347716897726058960e-01
2.825743518769741058e-03
3.596963584423065186e-01
-1.682971566915512085e-01
3.160751461982727051e-01
1.120345234870910645e+00
-2.130236625671386719e+00
2.725799083709716797e-01
1.073887795209884644e-01
-1.657224893569946289e-01
-4.204163253307342529e-01
-1.091863587498664856e-01
-7.797696441411972046e-02
3.429646193981170654e-01
6.136850118637084961e-01
4.942096471786499023e-01
7.490908354520797729e-02
2.274917215108871460e-01
1.998336911201477051e+00
-1.966326683759689331e-01
-8.413397590629756451e-04
5.310506746172904968e-02
7.654943317174911499e-02
1.667151786386966705e-02
-4.031031727790832520e-01
6.186648458242416382e-02
7.713164091110229492e-01
-4.810162186622619629e-01
-3.306020796298980713e-01
2.091102302074432373e-01
4.978498220443725586e-01
1.146602928638458252e-01
1.778377741575241089e-01
2.236840575933456421e-01
-3.210979402065277100e-01
-5.201756954193115234e-01
-1.255703568458557129e-01
-2.317302674055099487e-01
-6.327914595603942871e-01
-5.375427603721618652e-01
-2.797283530235290527e-01
3.680022433400154114e-02
-2.206359803676605225e-01
3.057706654071807861e-01
-2.133638113737106323e-01
-1.468528866767883301e+00
-2.418689012527465820e+00
-1.110039576888084412e-01
-4.389216005802154541e-02
5.058868601918220520e-02
-2.116200327873229980e-01
7.409223169088363647e-02
-2.896123379468917847e-02
-4.007847309112548828e-01
-1.583484262228012085e-01
-8.901264518499374390e-02
7.188059687614440918e-01
-6.215163469314575195e-01
-5.715878307819366455e-02
-8.863440901041030884e-02
2.364220172166824341e-01
2.688348591327667236e-01
-4.788434505462646484e-02
2.526467740535736084e-01
-2.131304442882537842e-01
1.600600630044937134e-01
3.506282567977905273e-01
1.695020943880081177e-01
8.778505325317382812e-01
-1.133762672543525696e-01
2.437058538198471069e-01
-2.095953188836574554e-02
4.796994328498840332e-01
-3.166094124317169189e-01
3.832344412803649902e-01
-9.981948137283325195e-02
3.046083450317382812e-01
-5.333954095840454102e-01
1.388373374938964844e+00
1.707755625247955322e-01
4.848111569881439209e-01
-3.941072225570678711e-01
-1.582329124212265015e-01
2.956937551498413086e-01
-3.985605537891387939e-01
5.410407781600952148e-01
2.913488149642944336e-01
-2.885412871837615967e-01
3.521499410271644592e-02
-3.681854158639907837e-02
2.362227886915206909e-01
1.334784179925918579e-01
-3.024346232414245605e-01
4.153721630573272705e-01
3.179781734943389893e-01
5.213753506541252136e-02
-8.627344854176044464e-03
-6.855051517486572266e-01
1.867825388908386230e-01
-3.061261586844921112e-02
3.200242817401885986e-01
-5.901652947068214417e-02
-3.992661833763122559e-01
-1.621870100498199463e-01
-1.480368990451097488e-02
-3.896882534027099609e-01
1.096845388412475586e+00
-3.154473006725311279e-01
-1.849195212125778198e-01
4.253040552139282227e-01
4.810518324375152588e-01
-1.342272162437438965e-01
3.102493882179260254e-01
5.859277769923210144e-02
1.154611781239509583e-01
-3.690471947193145752e-01
-3.956118524074554443e-01
9.315840154886245728e-02
-1.823228150606155396e-01
6.690441817045211792e-02
2.804396748542785645e-01
-1.805056482553482056e-01
-3.217992186546325684e-01
-3.674202412366867065e-02
-1.789958178997039795e-01
-2.819906175136566162e-01
6.063317060470581055e-01
-6.148973479866981506e-02
-3.950763344764709473e-01
5.509599447250366211e-01
2.842161059379577637e-01
1.176595911383628845e-01
1.695921868085861206e-01
-1.593224257230758667e-01
-1.068351492285728455e-01
-4.629595279693603516e-01
5.394548773765563965e-01
-6.461910158395767212e-02
-1.492348462343215942e-01
2.425323473289608955e-03
-6.538448929786682129e-01
-4.470474272966384888e-02
-1.373605877161026001e-01
-1.029886677861213684e-01
9.969364851713180542e-02
-2.487970888614654541e-01
2.505593895912170410e-01
5.897462740540504456e-02
7.724595814943313599e-02
6.189530491828918457e-01
-1.902476102113723755e-01
1.523495167493820190e-01
2.202422320842742920e-01
-1.221516355872154236e-01
4.885277152061462402e-02
6.307342648506164551e-02
-1.583875268697738647e-01
5.986389517784118652e-02
6.416354328393936157e-02
-2.229829579591751099e-01
-4.246604815125465393e-02
4.486042261123657227e-02
-5.123189687728881836e-01
1.572742462158203125e-01
-2.747138738632202148e-01
-7.481678128242492676e-01
1.459899425506591797e+00
-5.056574344635009766e-01
-5.571839283220469952e-04
2.676023542881011963e-01
2.809054851531982422e-01
-2.097294200211763382e-03
4.157080873847007751e-02
-1.534710973501205444e-01
-3.056369721889495850e-01
-3.538063764572143555e-01
-1.639577150344848633e-01
6.410442292690277100e-02
-1.591169089078903198e-01
-1.948212236166000366e-01
3.896941244602203369e-02
-2.117466032505035400e-01
-3.937475383281707764e-01
6.913919746875762939e-02
-2.982088923454284668e-01
-7.928597927093505859e-01
9.956916570663452148e-01
-1.259739696979522705e-01
-1.460826039314270020e+00
6.859118342399597168e-01
1.989353150129318237e-01
1.623105853796005249e-01
1.508535593748092651e-01
-1.329719182103872299e-02
-3.463074266910552979e-01
-1.281571239233016968e-01
9.004715830087661743e-02
-5.657632648944854736e-02
-3.760363161563873291e-02
5.217011645436286926e-02
1.097878515720367432e-01
1.995694041252136230e-01
-9.339099526405334473e-01
-8.294110000133514404e-02
6.186116114258766174e-02
-5.401505231857299805e-01
2.606069743633270264e-01
-1.820758283138275146e-01
-2.436506450176239014e-01
4.898973405361175537e-01
4.450924322009086609e-02
-2.516266703605651855e-01
-9.926550090312957764e-02
4.539421200752258301e-02
-1.267205327749252319e-01
-2.502279579639434814e-01
2.093366235494613647e-01
2.131125479936599731e-01
4.119797945022583008e-01
5.310395359992980957e-01
-6.468355655670166016e-02
-5.464812517166137695e-01
1.076947525143623352e-01
-3.261424973607063293e-02
1.264472901821136475e-01
-2.590289413928985596e-01
-2.906584553420543671e-02
3.952958583831787109e-01
-2.746591158211231232e-02
-2.315786778926849365e-01
8.584925532341003418e-02
1.447454392910003662e-01
2.403524704277515411e-02
4.934522807598114014e-01
-1.132649332284927368e-01
2.723528817296028137e-02
-7.212449610233306885e-02
3.389277681708335876e-02
-4.111195504665374756e-01
-9.518591314554214478e-02
-5.408350825309753418e-01
5.164338350296020508e-01
7.915596365928649902e-01
-2.463361024856567383e-01
2.795156538486480713e-01
2.390846014022827148e-01
-9.152995347976684570e-01
1.991036683320999146e-01
6.603866219520568848e-01
-6.759439110755920410e-01
-1.929867565631866455e-01
-3.501887619495391846e-01
1.437763422727584839e-01
-2.741296589374542236e-01
1.378965079784393311e-01
4.132687747478485107e-01
2.263734042644500732e-01
-2.098305076360702515e-01
-3.535009548068046570e-02
1.309117913246154785e+00
4.091261699795722961e-02
-2.294500768184661865e-01
-3.738526627421379089e-02
-7.904641032218933105e-01
4.469342231750488281e-01
2.995380759239196777e-01
6.141536869108676910e-03
5.425029397010803223e-01
1.449753940105438232e-01
-2.459050863981246948e-01
-2.226378470659255981e-01
-1.288682818412780762e-01
-3.248763456940650940e-02
6.336883306503295898e-01
2.078075408935546875e-01
3.267526030540466309e-01
-9.553754329681396484e-02
6.506832242012023926e-01
-3.210845291614532471e-01
2.699758708477020264e-01
-5.194225814193487167e-03
-3.513705357909202576e-02
3.783641755580902100e-01
9.228844940662384033e-02
1.242748945951461792e-01
5.477700829505920410e-01
7.705494165420532227e-01
2.237526178359985352e-01
2.310026288032531738e-01
-3.498594462871551514e-01
-2.021872624754905701e-02
-2.494637966156005859e-01
-6.572847962379455566e-01
1.404441893100738525e-01
5.515964627265930176e-01
1.414625644683837891e-01
-1.055905148386955261e-01
-9.975711256265640259e-02
-5.419649481773376465e-01
6.939275264739990234e-01
7.399486005306243896e-02
5.129683017730712891e-02
1.050959154963493347e-01
-5.756069421768188477e-01
5.489830374717712402e-01
6.017648801207542419e-02
-1.211777776479721069e-01
6.561405658721923828e-01
2.961600944399833679e-02
-1.363567113876342773e-01
-5.839940905570983887e-01
3.063768744468688965e-01
-6.807073950767517090e-01
3.578597605228424072e-01
-6.313143298029899597e-03
5.132322311401367188e-01
-7.965335845947265625e-01
6.542276740074157715e-01
5.441098213195800781e-01
2.967432737350463867e-01
5.832545757293701172e-01
4.120800793170928955e-01
-1.024580597877502441e+00
1.661052852869033813e-01
-6.687837303616106510e-04
-1.063311815261840820e+00
3.234317004680633545e-01
-1.129809021949768066e-02
7.993587255477905273e-01
1.757185906171798706e-01
-1.458146125078201294e-01
-3.962522745132446289e-02
5.389570072293281555e-02
1.728942841291427612e-01
2.383058890700340271e-02
-1.636246442794799805e-01
-2.963171005249023438e-01
2.967284806072711945e-02
-4.977732896804809570e-01
-9.663186222314834595e-02
-1.230001747608184814e-01
2.901186794042587280e-02
1.039013266563415527e-02
3.334896862506866455e-01
-8.023619651794433594e-02
-2.266139686107635498e-01
3.614099323749542236e-02
-9.134724736213684082e-02
-1.653325557708740234e+00
7.104422897100448608e-02
2.872551381587982178e-01
-1.179853230714797974e-01
-9.697065949440002441e-01
-2.450245171785354614e-01
3.564682602882385254e-01
-1.767842918634414673e-01
1.318645477294921875e-01
-1.856794506311416626e-01
5.534937977790832520e-01
2.328517884016036987e-01
6.200813651084899902e-01
-5.393177866935729980e-01
-3.831514716148376465e-02
1.102985516190528870e-01
2.084430009126663208e-01
-1.987007558345794678e-01
-1.479307562112808228e-01
-3.254002630710601807e-01
-2.948076725006103516e-01
4.431394487619400024e-02
-2.737392187118530273e-01
1.098012458533048630e-02
2.638911604881286621e-01
1.000144481658935547e-01
1.766528785228729248e-01
1.234003901481628418e-01
1.197503060102462769e-01
-4.181521236896514893e-01
5.958873033523559570e-01
-4.580422341823577881e-01
-4.795134663581848145e-01
-1.007717177271842957e-01
-2.476448416709899902e-01
-8.742998540401458740e-02
-5.275586247444152832e-01
2.182575911283493042e-01
3.875963985919952393e-01
1.130946129560470581e-01
1.966458745300769806e-02
5.957219600677490234e-01
5.889979004859924316e-01
3.666036948561668396e-02
-2.837955951690673828e-01
-1.317211836576461792e-01
-3.866627514362335205e-01
1.820396333932876587e-01
-3.275591731071472168e-01
2.801222205162048340e-01
2.416405677795410156e-01
-1.089707836508750916e-01
-8.449933528900146484e-01
8.704047799110412598e-01
-4.788911435753107071e-03
7.554519176483154297e-02
-4.505229741334915161e-02
8.226522207260131836e-01
6.219223141670227051e-01
5.027486383914947510e-02
5.735983252525329590e-01
5.125632882118225098e-01
4.002369940280914307e-01
-4.482957348227500916e-02
-3.870188593864440918e-01
-2.572475671768188477e-01
-3.597260415554046631e-01
-3.079995810985565186e-01
2.009826004505157471e-01
1.987856812775135040e-02
-1.038337111473083496e+00
3.359367325901985168e-02
-3.965225815773010254e-01
5.418076515197753906e-01
-2.005482558161020279e-03
-2.129563689231872559e-02
6.783580183982849121e-01
1.646980196237564087e-01
2.215015292167663574e-01
5.712619423866271973e-02
1.188245229423046112e-02
-3.713262826204299927e-02
-6.917303800582885742e-02
5.020071864128112793e-01
2.175884097814559937e-01
1.521859467029571533e-01
9.906084090471267700e-02
2.127909064292907715e-01
-1.643361449241638184e-01
-1.382229179143905640e-01
1.535740613937377930e+00
-3.118309080600738525e-01
-4.558409452438354492e-01
5.523463487625122070e-01
-3.541082441806793213e-01
1.779789775609970093e-01
6.738228350877761841e-02
1.329840570688247681e-01
3.939804807305335999e-02
2.242657691240310669e-01
3.269266188144683838e-01
5.972384214401245117e-01
1.300803571939468384e-01
-1.429548561573028564e-01
4.054744541645050049e-01
-2.114081233739852905e-01
2.226435691118240356e-01
5.771946161985397339e-02
2.602894008159637451e-01
8.479914665222167969e-01
2.332359552383422852e-01
-1.295730024576187134e-01
-3.020799458026885986e-01
-2.242792248725891113e-01
-1.684321463108062744e-01
-6.483676284551620483e-02
-6.128613948822021484e-01
2.392225563526153564e-01
2.101934999227523804e-01
1.110107600688934326e-01
2.139971777796745300e-02
5.253050327301025391e-01
5.453860759735107422e-01
2.320427745580673218e-01
-5.931300520896911621e-01
4.629481211304664612e-02
-1.142045930027961731e-01
3.858345448970794678e-01
-1.098371520638465881e-01
4.918595850467681885e-01
6.751649379730224609e-01
3.564903512597084045e-02
-1.661210320889949799e-02
-5.627951025962829590e-01
-4.472822844982147217e-01
2.158486656844615936e-02
-4.719563722610473633e-01
-2.554383575916290283e-01
-1.725675314664840698e-01
-1.881077587604522705e-01
1.056228056550025940e-01
-2.544685006141662598e-01
-1.959132105112075806e-01
4.005036875605583191e-02
-1.487099081277847290e-01
3.149037063121795654e-01
1.346439719200134277e-01
-5.242635682225227356e-02
2.603808641433715820e-01
-1.663789898157119751e-01
5.470566153526306152e-01
1.873677670955657959e-01
1.508282721042633057e-01
-5.896757245063781738e-01
3.760606646537780762e-01
-3.972903788089752197e-01
1.729741692543029785e-01
-8.030386567115783691e-01
-3.080839216709136963e-01
-1.778558045625686646e-01
-1.401986926794052124e-01
-3.536135852336883545e-01
-3.070544004440307617e-01
3.660509586334228516e-01
3.498979508876800537e-01
6.438687443733215332e-01
8.955901861190795898e-01
4.848578870296478271e-01
3.969001397490501404e-02
-1.060209050774574280e-01
2.588300704956054688e-01
4.412380158901214600e-01
-1.268889900529757142e-04
6.328643858432769775e-02
1.179504767060279846e-01
1.900367587804794312e-01
-2.941948175430297852e-01
-3.876941502094268799e-01
-2.569064795970916748e-01
-1.945084780454635620e-01
-8.379463106393814087e-02
-8.211225271224975586e-01
-4.828824400901794434e-01
-4.699251800775527954e-02
5.098622441291809082e-01
-1.098340377211570740e-01
-1.489782333374023438e-01
-2.744520306587219238e-01
1.189367100596427917e-01
-3.568913787603378296e-02
-6.654692292213439941e-01
1.164405141025781631e-02
2.389263659715652466e-01
1.191625893115997314e-01
-3.876284882426261902e-02
-2.623628079891204834e-01
7.443037629127502441e-02
-5.928106233477592468e-02
-3.328305780887603760e-01
2.502332329750061035e-01
-3.261598348617553711e-01
-1.690612733364105225e-01
1.046983972191810608e-01
3.340647816658020020e-01
-3.554783761501312256e-02
3.947740793228149414e-01
-1.066550537943840027e-01
-2.022041082382202148e-01
1.931497901678085327e-01
-1.904973387718200684e-01
-1.383985161781311035e+00
-1.667504906654357910e-01
3.370568528771400452e-02
5.304847657680511475e-02
-3.227947354316711426e-01
-1.962891072034835815e-01
3.772971630096435547e-01
1.947898268699645996e-01
-7.540442794561386108e-02
-7.247806787490844727e-01
-2.003603875637054443e-01
-1.606596708297729492e-01
3.141781389713287354e-01
5.027922987937927246e-01
-6.857401877641677856e-02
8.902308344841003418e-02
-2.818579412996768951e-02
1.686315685510635376e-01
2.709332108497619629e-01
1.507305353879928589e-01
-8.158066868782043457e-01
-2.116643637418746948e-02
-1.294109672307968140e-01
1.267778426408767700e-01
8.648850917816162109e-01
1.067534238100051880e-01
1.042995229363441467e-01
-7.269777655601501465e-01
2.563189864158630371e-01
-4.159516692161560059e-01
2.930607087910175323e-02
4.386984743177890778e-03
4.087154567241668701e-02
3.178956508636474609e-01
2.941591143608093262e-01
-5.134156942367553711e-01
-1.434664368629455566e+00
2.743626479059457779e-03
5.388218164443969727e-01
1.696843057870864868e-01
6.975067257881164551e-01
4.548856317996978760e-01
3.443673849105834961e-01
-7.373155355453491211e-01
-9.789599105715751648e-03
-3.605820238590240479e-01
-3.693508356809616089e-02
-4.473575353622436523e-01
-3.284599483013153076e-01
-9.549465775489807129e-01
-2.485291212797164917e-01
-4.724424481391906738e-01
-3.907151892781257629e-02
2.338194698095321655e-01
5.335435867309570312e-01
1.740692406892776489e-01
3.253411352634429932e-01
2.463350594043731689e-01
-4.077349305152893066e-01
-2.495422661304473877e-01
6.107950210571289062e-01
1.831175386905670166e-02
-7.618608474731445312e-01
7.444044202566146851e-02
-9.236219525337219238e-02
2.406251132488250732e-01
8.972562849521636963e-02
8.286508917808532715e-01
7.957502603530883789e-01
3.828858733177185059e-01
6.060591340065002441e-01
8.158677816390991211e-01
8.133057951927185059e-01
-5.447351932525634766e-01
-1.920123994350433350e-01
-1.183080002665519714e-01
-3.549600243568420410e-01
-4.750049114227294922e-02
8.313968032598495483e-02
1.756434589624404907e-01
1.354253757745027542e-02
-7.290169596672058105e-01
-1.722403019666671753e-01
1.985334977507591248e-02
-4.607721865177154541e-01
2.379973083734512329e-01
-2.346525900065898895e-02
4.304629862308502197e-01
-7.589336484670639038e-02
5.852034687995910645e-01
3.392055034637451172e-01
-4.560443758964538574e-01
7.999109029769897461e-01
-2.724364995956420898e-01
-5.903708934783935547e-01
-1.768311411142349243e-01
3.280861377716064453e-01
9.081546962261199951e-02
6.777722239494323730e-01
-8.475542664527893066e-01
4.052724242210388184e-01
-3.242775797843933105e-01
2.072820663452148438e-01
-8.572531491518020630e-02
-8.171877264976501465e-01
-6.268639564514160156e-01
-4.565727114677429199e-01
-3.221950829029083252e-01
-2.900370061397552490e-01
3.396814689040184021e-02
-5.664235949516296387e-01
1.503785848617553711e-01
-3.753508925437927246e-01
7.983852177858352661e-02
2.185070365667343140e-01
8.413386940956115723e-01
1.270425915718078613e-01
5.794534683227539062e-01
-1.481772959232330322e-01
-5.776476860046386719e-01
7.758696675300598145e-01
-3.187722563743591309e-01
-2.934922873973846436e-01
-4.288823008537292480e-01
1.275790333747863770e-01
-2.118470817804336548e-01
-7.459455728530883789e-01
-2.228104621171951294e-01
-3.881258144974708557e-02
-4.536762088537216187e-02
-2.373213646933436394e-03
3.313587233424186707e-02
9.736972302198410034e-02
-2.846785485744476318e-01
2.465721070766448975e-01
1.676313132047653198e-01
1.853288114070892334e-01
1.083061024546623230e-01
-2.706874012947082520e-01
1.415540426969528198e-01
1.439723074436187744e-01
-2.232327610254287720e-01
-4.930276572704315186e-01
5.629798173904418945e-01
6.112452968955039978e-02
1.602523475885391235e-01
7.817639708518981934e-01
2.695741951465606689e-01
1.937012933194637299e-02
3.624945878982543945e-02
5.336006879806518555e-01
3.005975484848022461e-01
4.068958386778831482e-02
3.334233909845352173e-02
-9.579312056303024292e-02
-1.820120811462402344e-01
2.959116697311401367e-01
-4.634779691696166992e-02
-7.650414109230041504e-02
2.608683109283447266e-01
4.483765736222267151e-02
3.277609944343566895e-01
5.348814185708761215e-03
5.605662241578102112e-02
1.291079819202423096e-01
3.155563175678253174e-01
2.679773569107055664e-01
-1.001488193869590759e-01
2.470864206552505493e-01
-6.221714615821838379e-01
-1.199131458997726440e-01
-6.201919540762901306e-02
-9.542350172996520996e-01
-1.834778487682342529e-01
-1.743779703974723816e-02
-2.711297869682312012e-01
7.225277274847030640e-02
-3.047312498092651367e-01
-6.938090920448303223e-01
-1.970310956239700317e-01
3.060449361801147461e-01
-1.006763428449630737e-01
-1.822675317525863647e-01
3.960794806480407715e-01
-7.037265598773956299e-02
3.904855847358703613e-01
2.871432602405548096e-01
3.280068039894104004e-01
3.273920714855194092e-01
1.570839136838912964e-01
5.968071222305297852e-01
-1.525993645191192627e-01
5.422558784484863281e-01
-3.116798698902130127e-01
2.473587356507778168e-02
-6.457278132438659668e-01
3.735578060150146484e-01
-1.743008196353912354e-01
9.829664230346679688e-02
1.007629260420799255e-01
-1.284945309162139893e-01
4.834100306034088135e-01
2.896112501621246338e-01
-1.575971543788909912e-01
2.062590122222900391e-01
-3.033916652202606201e-02
2.684303000569343567e-02
-3.411771357059478760e-01
-1.699814349412918091e-01
-1.722480207681655884e-01
-2.696465849876403809e-01
-5.721276402473449707e-01
1.254563331604003906e-01
-1.021135374903678894e-01
3.929067254066467285e-01
-1.180972978472709656e-01
-2.639628946781158447e-01
-4.345961511135101318e-01
3.169602453708648682e-01
-3.238615691661834717e-01
-1.210139915347099304e-01
-4.617279171943664551e-01
-1.604378968477249146e-01
-2.549221813678741455e-01
-2.438217848539352417e-01
2.938131988048553467e-01
6.464033126831054688e-01
3.244546055793762207e-01
1.638887077569961548e-01
3.164330124855041504e-02
5.124137736856937408e-03
4.058289527893066406e-01
-5.712312459945678711e-01
-2.152013331651687622e-01
5.224826335906982422e-01
1.369838714599609375e-01
-1.342894136905670166e-01
2.009214162826538086e-01
-2.259830534458160400e-01
2.449118159711360931e-02
-2.785858213901519775e-01
7.065574824810028076e-02
-2.050749063491821289e-01
-7.302361726760864258e-01
-4.330040216445922852e-01
2.058040648698806763e-01
-1.252349019050598145e-01
6.065053343772888184e-01
-1.253082007169723511e-01
-3.624681830406188965e-01
-1.338609308004379272e-02
4.146589711308479309e-02
-6.836796551942825317e-02
1.032880544662475586e+00
1.510071903467178345e-01
1.606497168540954590e-01
-2.416078746318817139e-01
6.310657262802124023e-01
-1.150487139821052551e-01
8.362831473350524902e-01
-2.268792688846588135e-01
-1.706331670284271240e-01
5.518660182133316994e-04
3.059384822845458984e-01
-7.708220183849334717e-02
-1.378053873777389526e-01
9.460723400115966797e-02
8.550909906625747681e-02
4.929951205849647522e-02
8.499039337038993835e-03
8.368148654699325562e-02
2.068483233451843262e-01
-2.304455041885375977e-01
-6.025375425815582275e-02
-3.626616895198822021e-01
1.052629109472036362e-02
9.922450035810470581e-02
-1.343788504600524902e-01
1.489625424146652222e-01
-8.732530474662780762e-02
-3.412550315260887146e-02
-1.003708094358444214e-01
2.220122963190078735e-01
8.972526411525905132e-04
-2.917569875717163086e-02
-3.980000317096710205e-01
-5.784016475081443787e-02
-1.072530895471572876e-01
1.127655208110809326e-01
3.830684125423431396e-01
-9.199858456850051880e-02
-4.126120731234550476e-02
1.786981225013732910e-01
-4.732836037874221802e-02
-5.730877444148063660e-02
-3.441824316978454590e-01
1.567804720252752304e-03
2.391428351402282715e-01
1.096091326326131821e-02
1.437790393829345703e-01
-1.773469597101211548e-01
8.118141442537307739e-02
1.666349172592163086e-02
