1.193053498864173889e-01
-1.710683479905128479e-02
-4.832435846328735352e-01
3.485894203186035156e-01
-5.711343884468078613e-01
9.899804741144180298e-02
5.505179762840270996e-01
3.152599632740020752e-01
1.007219254970550537e-01
-3.462744951248168945e-01
6.161843538284301758e-01
-1.205158531665802002e-01
-2.678296715021133423e-02
-1.739306896924972534e-01
-1.954766213893890381e-01
-6.018647551536560059e-02
5.968972668051719666e-02
7.311181724071502686e-02
-4.936189055442810059e-01
1.972390711307525635e-01
-1.581726521253585815e-01
-1.170294880867004395e+00
1.094203114509582520e+00
-9.122627377510070801e-01
6.216080114245414734e-02
-2.827860414981842041e-01
1.826329901814460754e-02
5.312492847442626953e-01
-1.160646915435791016e+00
5.705676078796386719e-01
-6.351056694984436035e-01
1.687521785497665405e-01
-3.229452669620513916e-01
-3.508933484554290771e-01
4.752589762210845947e-01
-6.873988509178161621e-01
1.061520934104919434e+00
-5.878152325749397278e-02
1.569953113794326782e-01
-8.734899759292602539e-01
1.208172440528869629e+00
4.316633045673370361e-01
2.216696888208389282e-01
2.749491930007934570e-01
-4.370532557368278503e-02
-4.847862720489501953e-01
-1.024800017476081848e-01
1.900183081626892090e+00
9.168748259544372559e-01
2.628913819789886475e-01
5.198851227760314941e-01
3.305784240365028381e-02
7.208583503961563110e-02
-6.734049916267395020e-01
3.460424765944480896e-02
-7.159497141838073730e-01
7.532773166894912720e-02
1.338533878326416016e+00
-3.049742281436920166e-01
-3.991322815418243408e-01
1.132731318473815918e+00
3.306572139263153076e-01
4.182307422161102295e-01
-4.610766470432281494e-02
-3.445448577404022217e-01
1.394344866275787354e-01
-2.605316638946533203e-01
1.962147206068038940e-01
-1.109064593911170959e-01
-7.310472428798675537e-02
-5.917824506759643555e-01
-4.832818210124969482e-01
6.901075839996337891e-01
-1.338684558868408203e-01
5.620822906494140625e-01
4.130427837371826172e-01
-4.978714138269424438e-02
-3.597807288169860840e-01
-7.311524152755737305e-01
2.232327163219451904e-01
-2.398608624935150146e-01
2.254067957401275635e-01
3.224011063575744629e-01
2.484450861811637878e-02
2.373893260955810547e-01
-3.704302310943603516e-01
-4.949340522289276123e-01
4.681539833545684814e-01
-1.427032470703125000e+00
5.131946206092834473e-01
3.895469903945922852e-01
5.341037511825561523e-01
-2.531072199344635010e-01
-2.908396422863006592e-01
4.013948440551757812e-01
8.164046704769134521e-02
-1.440069317817687988e+00
1.158943306654691696e-02
-1.065172910690307617e+00
-4.391517043113708496e-01
8.066436052322387695e-01
5.632607340812683105e-01
-2.205899804830551147e-01
5.019382238388061523e-01
2.204117029905319214e-01
1.348481625318527222e-01
-3.413804620504379272e-02
-7.383026927709579468e-02
-2.327018082141876221e-01
-1.206004172563552856e-01
-1.538487374782562256e-01
3.185568451881408691e-01
1.185764908790588379e+00
-2.087358981370925903e-01
2.178316265344619751e-01
-1.106287598609924316e+00
2.172054052352905273e-01
2.839192450046539307e-01
-1.617721766233444214e-01
4.906446039676666260e-01
8.266813308000564575e-02
-2.315853536128997803e-01
-2.784629352390766144e-02
-1.408717334270477295e-01
3.274347782135009766e-01
-6.172633767127990723e-01
-6.355831623077392578e-01
5.556433200836181641e-01
-2.586895823478698730e-01
4.518852829933166504e-01
2.872279882431030273e-01
-2.551471889019012451e-01
-2.238309085369110107e-01
3.212731480598449707e-01
-2.375481128692626953e-01
-1.111786291003227234e-01
-1.120897568762302399e-02
2.909875512123107910e-01
-3.057864010334014893e-01
-2.333111017942428589e-01
6.452075242996215820e-01
-2.232426851987838745e-01
1.363538354635238647e-01
-7.804134488105773926e-02
6.566228270530700684e-01
5.936205387115478516e-01
3.246107995510101318e-01
-2.306064367294311523e-01
1.855560243129730225e-01
6.187803149223327637e-01
-3.953357934951782227e-01
-6.822364807128906250e+00
6.134189665317535400e-02
3.716072142124176025e-01
5.021816492080688477e-01
-2.708235681056976318e-01
5.850033089518547058e-02
-1.248162519186735153e-02
-1.352960616350173950e-01
2.008983045816421509e-01
1.884800195693969727e-01
9.694400429725646973e-02
1.411895304918289185e-01
5.290958881378173828e-01
2.782872021198272705e-01
-1.689597129821777344e+00
-4.523906111717224121e-01
2.421736001968383789e+00
-3.225816786289215088e-01
3.107727468013763428e-01
-2.770466804504394531e-01
9.865266084671020508e-01
5.065066814422607422e-01
-5.341612100601196289e-01
-3.740727305412292480e-01
-7.640984058380126953e-01
-1.649226188659667969e+00
1.803138107061386108e-01
-4.394190609455108643e-01
-1.321760773658752441e+00
-6.499251723289489746e-01
-1.761942863464355469e+00
4.008412659168243408e-01
-4.556154310703277588e-01
4.012325704097747803e-01
-4.055315256118774414e-01
-7.060701847076416016e-01
-6.358106136322021484e-01
6.395395994186401367e-01
6.899248063564300537e-02
-1.178895980119705200e-01
6.052520871162414551e-01
1.984556913375854492e+00
2.432951778173446655e-01
4.357868432998657227e-01
4.907971918582916260e-01
1.950042694807052612e-01
-3.181285411119461060e-02
-2.299644798040390015e-01
-7.376865744590759277e-01
-1.335125863552093506e-01
-1.035940498113632202e-01
-3.966790735721588135e-01
1.541319787502288818e-01
-6.183430552482604980e-01
1.475952863693237305e-01
-1.038113906979560852e-01
-4.334619641304016113e-01
-7.449933290481567383e-01
3.245320022106170654e-01
-2.381449937820434570e-01
-1.036913096904754639e-01
2.892689593136310577e-02
1.133922412991523743e-01
-5.718958973884582520e-01
2.240573406219482422e+00
6.477113366127014160e-01
3.282180428504943848e-01
-5.689241364598274231e-02
3.224856555461883545e-01
-3.061014786362648010e-02
6.373853087425231934e-01
-1.407841444015502930e-01
1.524722576141357422e-01
-1.311784386634826660e+00
-5.876091122627258301e-01
7.380185723304748535e-01
2.608337402343750000e-01
9.660632908344268799e-02
5.428579822182655334e-02
5.214084386825561523e-01
8.675359934568405151e-02
1.088442444801330566e+00
6.663444638252258301e-01
-1.237624734640121460e-01
3.732862770557403564e-01
-3.335568308830261230e-01
-6.239613518118858337e-02
5.164769887924194336e-01
-5.777769088745117188e-01
1.444488465785980225e-01
6.171163320541381836e-01
-4.294180124998092651e-02
8.800276517868041992e-01
-6.308898329734802246e-02
-5.636453628540039062e-01
-2.500022649765014648e-01
-2.848417162895202637e-01
-2.813779115676879883e-01
-1.711734682321548462e-01
1.955578625202178955e-01
2.349188625812530518e-01
-7.043920457363128662e-02
1.866895407438278198e-01
4.017592370510101318e-01
6.856621503829956055e-01
-5.854931473731994629e-01
2.058749645948410034e-01
-2.046035975217819214e-01
6.774986386299133301e-01
2.466394603252410889e-01
1.214932277798652649e-01
3.450514376163482666e-01
-5.698471888899803162e-02
4.656429290771484375e-01
-7.758859395980834961e-01
-4.835124313831329346e-01
2.780023217201232910e-01
9.529628604650497437e-02
-3.313750922679901123e-01
-2.717909216880798340e-01
-5.833266377449035645e-01
-4.495596587657928467e-01
-2.110845595598220825e-01
-4.958528876304626465e-01
8.808933943510055542e-02
1.815562099218368530e-01
-9.634522795677185059e-01
8.566212058067321777e-01
-1.132712602615356445e+00
8.372269272804260254e-01
-2.791941165924072266e-01
6.422586441040039062e-01
1.336193919181823730e+00
-2.880985438823699951e-01
4.364767372608184814e-01
-5.552493929862976074e-01
1.587708592414855957e+00
-4.695129871368408203e+00
2.085717022418975830e-01
-1.188887357711791992e+00
6.316026449203491211e-01
-9.279515743255615234e-01
1.284731030464172363e-01
6.859227418899536133e-01
-2.193997055292129517e-01
3.776613771915435791e-01
4.584476053714752197e-01
1.448697447776794434e+00
-9.985513091087341309e-01
1.456656008958816528e-01
-6.922672390937805176e-01
8.854681849479675293e-01
1.728839874267578125e-01
1.154641583561897278e-01
1.732789576053619385e-01
-7.281871885061264038e-02
1.554399877786636353e-01
1.277313232421875000e-01
1.781521290540695190e-01
1.084278106689453125e+00
1.259684443473815918e+00
-5.435028076171875000e-01
2.982037663459777832e-01
6.765152215957641602e-01
1.327517926692962646e-01
1.171776428818702698e-01
-6.039336919784545898e-01
-3.457255661487579346e-01
4.188666343688964844e-01
-1.321946084499359131e-01
1.722922474145889282e-01
-2.567750513553619385e-01
-3.830604791641235352e+00
1.204792037606239319e-01
-7.699316143989562988e-01
1.474039535969495773e-02
1.045236349105834961e+00
2.596699714660644531e+00
5.250897407531738281e-01
-4.022106170654296875e+00
-3.212592005729675293e-01
1.196694076061248779e-01
1.176031708717346191e+00
-1.072196364402770996e+00
2.264162003993988037e-01
-7.969341874122619629e-01
9.136090874671936035e-01
1.090699508786201477e-01
2.449436932802200317e-01
5.372333526611328125e-01
-5.718334317207336426e-01
-5.216071009635925293e-01
-8.111835718154907227e-01
1.068381428718566895e+00
-3.880223333835601807e-01
-1.550616919994354248e-01
4.115362092852592468e-02
2.187875360250473022e-01
3.317217230796813965e-01
7.217544317245483398e-02
-4.002421498298645020e-01
4.754568338394165039e-01
5.296305567026138306e-02
2.621358335018157959e-01
-3.838107585906982422e-01
-2.145861536264419556e-01
1.599641889333724976e-01
5.422080159187316895e-01
-3.457099497318267822e-01
-1.220650151371955872e-01
-1.908317804336547852e-01
8.014947921037673950e-02
-5.580101609230041504e-01
-2.544366419315338135e-01
-3.519735932350158691e-01
-2.371929585933685303e-02
-1.360364437103271484e+00
