4.093848764896392822e-01
2.142358720302581787e-01
-2.727042436599731445e-01
7.634817808866500854e-02
-5.298598408699035645e-01
5.322609469294548035e-02
3.586558103561401367e-01
1.508571300655603409e-02
2.177710831165313721e-01
-5.064723268151283264e-02
6.447604298591613770e-02
-5.939688086509704590e-01
1.555882990360260010e-01
-1.500108838081359863e-01
-4.123278856277465820e-01
7.626735419034957886e-02
4.729551821947097778e-02
-3.895571529865264893e-01
1.311147660017013550e-01
3.298874497413635254e-01
-4.233780801296234131e-01
-1.043027162551879883e+00
9.474700689315795898e-01
-8.030856847763061523e-01
-6.732527166604995728e-02
-1.962280869483947754e-01
-2.242965698242187500e-01
4.671379327774047852e-01
-5.860486030578613281e-01
6.428032517433166504e-01
-6.256211996078491211e-01
3.362332582473754883e-01
-1.308554410934448242e-01
-1.818675696849822998e-01
8.284134268760681152e-01
-5.788581371307373047e-01
2.218983173370361328e+00
-1.289562284946441650e-01
4.799688160419464111e-01
-1.083201885223388672e+00
1.454809069633483887e+00
3.663110136985778809e-01
3.111932575702667236e-01
-6.540665626525878906e-01
-3.563833190128207207e-03
1.575850322842597961e-02
7.774330973625183105e-01
7.878438234329223633e-01
-1.609439730644226074e+00
-1.879719048738479614e-01
3.226227685809135437e-02
-2.783820927143096924e-01
-2.878486737608909607e-02
-2.811845242977142334e-01
9.664767980575561523e-02
-1.413301229476928711e+00
1.766107797622680664e+00
-1.674935668706893921e-01
9.165371656417846680e-01
-1.403049230575561523e-01
2.719405889511108398e-01
1.969972159713506699e-03
4.950450062751770020e-01
1.058442145586013794e-02
-2.206655889749526978e-01
2.770102322101593018e-01
-3.208090066909790039e-01
1.307671219110488892e-01
-2.545972168445587158e-01
7.424132525920867920e-02
-4.631823301315307617e-01
-4.736221730709075928e-01
5.641849040985107422e-01
-1.309784054756164551e-01
5.170938968658447266e-01
1.653694510459899902e-01
-5.053908005356788635e-02
-4.642925858497619629e-01
2.235175371170043945e-01
1.875531077384948730e-01
-2.261082977056503296e-01
4.088307023048400879e-01
3.007323741912841797e-01
-4.620700180530548096e-01
3.295540809631347656e-01
-5.924794673919677734e-01
-5.052285790443420410e-01
4.493589699268341064e-01
-6.386390328407287598e-01
4.647595882415771484e-01
3.335033357143402100e-01
1.235518604516983032e-01
9.979738295078277588e-02
-2.400192022323608398e-01
3.813111186027526855e-01
-3.379442095756530762e-01
6.105650588870048523e-02
8.460973501205444336e-01
1.260584145784378052e-01
2.018196582794189453e-01
1.086848258972167969e+00
3.438620567321777344e-01
-7.731500864028930664e-01
4.819998741149902344e-01
-7.644143700599670410e-01
9.203535318374633789e-02
-8.027725666761398315e-02
-7.009427063167095184e-03
-8.060692548751831055e-01
-1.976364850997924805e-01
1.059111505746841431e-01
1.073972702026367188e+00
1.223472714424133301e+00
-7.163523435592651367e-01
2.168376296758651733e-01
-3.684263825416564941e-01
3.951117694377899170e-01
4.972953498363494873e-01
4.447640478610992432e-01
4.014673233032226562e-01
-7.880408167839050293e-01
-2.473755478858947754e-01
4.729771055281162262e-03
-1.562197357416152954e-01
4.727469980716705322e-01
-6.298463940620422363e-01
-5.635426640510559082e-01
4.789855182170867920e-01
-1.757539957761764526e-01
3.792189955711364746e-01
2.084716707468032837e-01
-3.308009207248687744e-01
-1.153236478567123413e-01
2.142741233110427856e-01
-3.741767406463623047e-01
-2.124577015638351440e-01
2.756515443325042725e-01
1.704653650522232056e-01
-1.144773215055465698e-01
-2.332599014043807983e-01
5.820601582527160645e-01
-1.828799694776535034e-01
-1.686327576637268066e+00
-9.786525368690490723e-02
-5.547942519187927246e-01
5.423034429550170898e-01
3.506607115268707275e-01
-1.639108955860137939e-01
-1.517388075590133667e-01
5.443916320800781250e-01
-2.377692013978958130e-01
-8.133898735046386719e+00
1.973418332636356354e-02
-5.207145810127258301e-01
4.827988445758819580e-01
1.552443861961364746e+00
2.230635434389114380e-01
2.036062628030776978e-01
6.381818056106567383e-01
2.333156168460845947e-01
-9.910803437232971191e-01
1.507792472839355469e-01
4.774299860000610352e-01
-1.400674879550933838e-01
-6.509104371070861816e-01
-1.798742413520812988e+00
-9.938202053308486938e-02
8.241360187530517578e-01
-4.319234564900398254e-02
2.318938821554183960e-01
1.131780147552490234e-01
6.905618906021118164e-01
8.506673574447631836e-01
-3.018181920051574707e-01
6.472159177064895630e-02
-1.166449766606092453e-02
-1.314173817634582520e+00
4.216808974742889404e-01
-4.295904636383056641e-01
-5.604950785636901855e-01
-9.006336331367492676e-01
-1.027901887893676758e+00
4.042817652225494385e-01
-4.280445575714111328e-01
4.536423683166503906e-01
-4.635328054428100586e-01
-7.315815091133117676e-01
3.715524822473526001e-02
5.836178064346313477e-01
1.395426876842975616e-02
-1.450935751199722290e-01
5.880884081125259399e-02
1.574779391288757324e+00
1.978783011436462402e-01
2.703374028205871582e-01
5.747182965278625488e-01
2.164536565542221069e-01
-7.568081468343734741e-02
-1.806741654872894287e-01
-7.183502316474914551e-01
-7.706896960735321045e-02
-8.678586781024932861e-02
-1.306813210248947144e-01
-1.595914810895919800e-01
4.010468125343322754e-01
-5.330035686492919922e-01
-1.009617745876312256e-01
-1.292129516601562500e+00
3.843691051006317139e-01
3.556351065635681152e-01
-1.926980912685394287e-01
3.997592926025390625e-01
-3.340498208999633789e-01
3.403145074844360352e-01
-9.521646499633789062e-01
5.122533440589904785e-01
8.405195474624633789e-01
-1.257000863552093506e-01
1.286849379539489746e-01
3.514258265495300293e-01
2.904173731803894043e-01
3.406870067119598389e-01
-1.315589666366577148e+00
-1.177766919136047363e-01
-1.020468592643737793e+00
-2.040082029998302460e-02
-7.386125922203063965e-01
9.288557171821594238e-01
5.281795263290405273e-01
4.085959792137145996e-01
-8.442447781562805176e-01
8.601987361907958984e-02
6.404593586921691895e-01
-9.030396938323974609e-01
-8.771753311157226562e-02
-6.661811470985412598e-01
-8.810861408710479736e-02
-8.964617252349853516e-01
1.458045393228530884e-01
-1.368952155113220215e+00
6.038315966725349426e-02
3.515537455677986145e-02
-2.041477262973785400e-01
3.934643268585205078e-01
-2.558002173900604248e-01
3.924383521080017090e-01
-9.923321008682250977e-02
-1.900500059127807617e-01
-3.695273399353027344e-01
-1.980390697717666626e-01
-1.869750618934631348e-01
2.526834607124328613e-01
-3.324312567710876465e-01
1.986199468374252319e-01
4.577646851539611816e-01
5.538904666900634766e-01
6.891734004020690918e-01
5.830465257167816162e-02
-3.539320826530456543e-01
4.909282028675079346e-01
-1.850756257772445679e-01
-2.297412231564521790e-02
3.893049657344818115e-01
-1.906951367855072021e-01
3.147691488265991211e-01
-1.171229481697082520e+00
2.034754455089569092e-01
4.806359112262725830e-01
2.561966180801391602e-01
-2.061023712158203125e-01
-2.346119433641433716e-01
-6.762191057205200195e-01
-2.316936850547790527e-01
1.782431900501251221e-01
-8.983477205038070679e-02
1.283278465270996094e-01
1.668475866317749023e-01
-5.395014286041259766e-01
5.665221214294433594e-01
4.105637371540069580e-01
1.138075664639472961e-01
-1.812071651220321655e-01
-5.494854450225830078e-01
-1.065943479537963867e+00
-2.341400645673274994e-02
1.907098144292831421e-01
-1.135528802871704102e+00
1.241557002067565918e+00
-1.860505223274230957e+00
8.587670922279357910e-01
-5.405464768409729004e-01
-9.884414076805114746e-01
-5.967954993247985840e-01
-1.753083895891904831e-03
2.460627794265747070e+00
-1.957852989435195923e-01
5.048416852951049805e-01
4.130426347255706787e-01
3.474426865577697754e-01
-8.212851285934448242e-01
2.624086141586303711e-01
-3.615578413009643555e-01
-2.814520895481109619e-01
-2.532736957073211670e-01
7.782857865095138550e-02
-1.200714632868766785e-01
1.882019042968750000e-01
1.281051486730575562e-01
-5.546373128890991211e-01
4.679889678955078125e-01
5.222089290618896484e-01
9.705420732498168945e-01
-2.208253554999828339e-02
5.084702968597412109e-01
8.494442701339721680e-01
1.253575552254915237e-03
6.405331492424011230e-01
-4.835350215435028076e-01
8.793284744024276733e-02
8.638200759887695312e-01
-6.657484769821166992e-01
6.643680930137634277e-01
7.410024404525756836e-01
-2.256156682968139648e+00
-1.941859871149063110e-01
-4.400227367877960205e-01
-3.043327033519744873e-01
1.479173898696899414e-01
1.650102019309997559e+00
6.064469814300537109e-01
-2.561209201812744141e+00
-9.269788861274719238e-01
-1.211231231689453125e+00
7.701150774955749512e-01
-9.807057976722717285e-01
2.244624793529510498e-01
-1.156489085406064987e-02
-2.051084768027067184e-03
5.643877759575843811e-02
6.849250793457031250e-01
3.963056504726409912e-01
-3.352416455745697021e-01
-8.279393315315246582e-01
-6.784042119979858398e-01
9.109381437301635742e-01
-4.576941728591918945e-01
-2.263075113296508789e-01
1.834665089845657349e-01
3.252125382423400879e-01
6.451345682144165039e-01
7.531231641769409180e-02
-2.820484936237335205e-01
4.820729494094848633e-01
-2.133867442607879639e-01
-3.232580423355102539e-02
-5.950308218598365784e-02
-2.300680577754974365e-01
2.444103956222534180e-01
2.448672205209732056e-01
-3.383345603942871094e-01
-2.013947218656539917e-01
-2.331272065639495850e-01
2.900560200214385986e-01
-6.286871433258056641e-02
-2.184510678052902222e-01
-6.072847247123718262e-01
-4.983739182353019714e-02
-5.796987414360046387e-01
