2.314825356006622314e-01
-1.515715420246124268e-01
-4.827773272991180420e-01
9.121374785900115967e-02
-4.558590054512023926e-01
1.683056354522705078e-01
9.002209305763244629e-01
1.767489463090896606e-01
6.100413948297500610e-02
2.026997208595275879e-01
1.137485951185226440e-01
-1.583806127309799194e-01
2.379622906446456909e-01
2.671029651537537575e-03
-1.994600594043731689e-01
7.708873599767684937e-02
-1.387721300125122070e-02
-2.885277755558490753e-02
-7.585790753364562988e-01
1.756861209869384766e-01
-4.198377132415771484e-01
-1.029192447662353516e+00
7.080032229423522949e-01
-8.285558223724365234e-01
1.001036446541547775e-02
-3.285758197307586670e-01
-5.352351441979408264e-02
4.108628332614898682e-01
-8.881775736808776855e-01
7.479140758514404297e-01
-6.054433584213256836e-01
6.661539673805236816e-01
-2.365893274545669556e-01
-2.425586879253387451e-01
5.182198882102966309e-01
-6.333910226821899414e-01
1.896807551383972168e+00
-3.254219591617584229e-01
4.362685382366180420e-01
-1.085210561752319336e+00
1.382742285728454590e+00
3.714619278907775879e-01
-3.559929132461547852e-02
8.146674185991287231e-02
1.509303301572799683e-01
-2.018506973981857300e-01
-2.055660933256149292e-01
1.509552597999572754e+00
-4.024019718170166016e+00
4.450157582759857178e-01
-1.009806431829929352e-02
-3.434304296970367432e-01
-5.122417211532592773e-01
-5.042960643768310547e-01
-1.628916859626770020e-01
3.157654032111167908e-02
-1.659091562032699585e-01
-3.993343710899353027e-01
1.969365179538726807e-01
-4.934903606772422791e-02
3.473116159439086914e-01
2.445694506168365479e-01
4.673977196216583252e-01
4.176463931798934937e-02
-1.540451347827911377e-01
2.360322177410125732e-01
-3.623998761177062988e-01
3.475778177380561829e-02
-2.546620182693004608e-02
-3.415627777576446533e-02
-4.449656605720520020e-01
-2.728758156299591064e-01
4.994564652442932129e-01
2.839873731136322021e-02
5.903248786926269531e-01
4.104031324386596680e-01
-1.206538304686546326e-01
-4.302147328853607178e-01
-4.606786668300628662e-01
1.293153613805770874e-01
-1.007695570588111877e-01
5.459641814231872559e-01
3.563622236251831055e-01
1.080351397395133972e-01
1.537403464317321777e-01
-4.408381283283233643e-01
-5.676146969199180603e-02
2.838565707206726074e-01
2.552444934844970703e-01
2.568738758563995361e-01
3.088184893131256104e-01
-1.883642673492431641e-01
-2.484271228313446045e-01
-2.257680892944335938e-01
4.045174717903137207e-01
9.232454299926757812e-01
-8.572603762149810791e-02
-7.882812023162841797e-01
-7.919463515281677246e-01
-2.058646380901336670e-01
8.067410588264465332e-01
3.402666151523590088e-01
-6.573759913444519043e-01
3.332826197147369385e-01
-9.536107778549194336e-01
3.018488883972167969e-01
-9.881627559661865234e-02
-5.531838908791542053e-02
-1.980614811182022095e-01
-6.480062603950500488e-01
-1.712729781866073608e-01
1.858979612588882446e-01
1.069502234458923340e+00
-2.447260767221450806e-01
2.693668603897094727e-01
-5.986055731773376465e-01
2.488778978586196899e-01
2.664225101470947266e-01
-4.544577300548553467e-01
2.528533041477203369e-01
4.963039755821228027e-01
-3.423700630664825439e-01
1.172819957137107849e-01
-7.549228519201278687e-02
4.303591549396514893e-01
-7.752434015274047852e-01
-6.448202729225158691e-01
5.381391048431396484e-01
-1.475573182106018066e-01
4.910542368888854980e-01
2.655600905418395996e-01
-2.641482651233673096e-01
-1.238087639212608337e-01
5.138412117958068848e-01
-2.340544909238815308e-01
-1.189937368035316467e-01
3.125602304935455322e-01
2.524068653583526611e-01
-3.434205949306488037e-01
-9.619562327861785889e-02
6.322865486145019531e-01
-2.242130488157272339e-01
-2.426250725984573364e-01
-2.118570655584335327e-01
-6.650014519691467285e-01
8.037347197532653809e-01
4.095949828624725342e-01
-1.558912843465805054e-01
2.137046903371810913e-01
3.345225751399993896e-01
-5.838930606842041016e-01
-5.722647190093994141e+00
-1.006007641553878784e-01
3.628223836421966553e-01
4.680919349193572998e-01
1.534862071275711060e-01
1.226429194211959839e-01
2.136624455451965332e-01
-3.994418978691101074e-01
1.061457023024559021e-01
4.206979870796203613e-01
-5.206911824643611908e-03
2.558649778366088867e-01
1.318668830208480358e-03
2.354168891906738281e-01
-1.761773467063903809e+00
-6.109184585511684418e-03
1.982947826385498047e+00
-6.240840554237365723e-01
4.925647974014282227e-01
3.071855902671813965e-01
1.326774120330810547e+00
5.939227938652038574e-01
-4.011625945568084717e-01
1.880011558532714844e+00
-1.779572814702987671e-01
-1.747840642929077148e+00
3.777223229408264160e-01
-8.947068452835083008e-01
-7.372462153434753418e-01
-7.400586605072021484e-01
-1.380229592323303223e+00
3.681752383708953857e-01
-4.945273697376251221e-01
4.263527393341064453e-01
-4.359772205352783203e-01
-6.914678215980529785e-01
-5.908753871917724609e-01
8.626998066902160645e-01
2.408306114375591278e-02
-2.287351936101913452e-01
6.899300813674926758e-01
1.991173505783081055e+00
2.147098332643508911e-01
2.752257585525512695e-01
5.169088840484619141e-01
3.936134278774261475e-01
-2.570321410894393921e-02
-2.215446680784225464e-01
-5.653260350227355957e-01
-1.050138995051383972e-01
1.497500985860824585e-01
-2.124823033809661865e-01
-1.561322063207626343e-01
-1.447024822235107422e+00
2.551952563226222992e-02
3.066101968288421631e-01
-1.103992581367492676e+00
5.681841969490051270e-01
3.526637852191925049e-01
-2.435151934623718262e-01
6.649711728096008301e-01
1.462529413402080536e-02
3.441532552242279053e-01
-9.568465352058410645e-01
1.139864087104797363e+00
8.133108615875244141e-01
3.054543584585189819e-02
2.262783646583557129e-01
4.380169808864593506e-01
2.070910669863224030e-02
6.076380014419555664e-01
3.618195280432701111e-02
-4.109903573989868164e-01
-1.055507779121398926e+00
-1.865721046924591064e-01
1.518395900726318359e+00
3.476520776748657227e-01
1.714423149824142456e-01
2.621203958988189697e-01
1.894498467445373535e-01
6.399624049663543701e-02
1.838859617710113525e-01
4.935021400451660156e-01
-5.384461879730224609e-01
-1.246994175016880035e-02
-2.413067370653152466e-01
-8.886258602142333984e-01
1.275680422782897949e+00
-2.998836338520050049e-01
-1.329433917999267578e-01
4.864056408405303955e-01
-7.159744948148727417e-02
3.433553576469421387e-01
-3.280788287520408630e-02
-7.588111162185668945e-01
-3.507170453667640686e-02
-2.245844155550003052e-01
-3.201013803482055664e-01
-1.418782630935311317e-03
5.545292422175407410e-02
2.050848752260208130e-01
-3.064742088317871094e-01
3.356849551200866699e-01
4.264905154705047607e-01
6.627781987190246582e-01
1.156128197908401489e-01
-2.315065264701843262e-01
-2.647140324115753174e-01
7.141254544258117676e-01
-8.211343884468078613e-01
6.132384762167930603e-02
4.879004955291748047e-01
-2.851097583770751953e-01
5.731105208396911621e-01
-1.124145865440368652e+00
-4.904032051563262939e-01
6.563529372215270996e-01
2.847080826759338379e-01
-1.693193912506103516e-01
-5.556165575981140137e-01
-8.951767086982727051e-01
-9.956976026296615601e-02
-5.509235262870788574e-01
-4.152405858039855957e-01
-1.944565325975418091e-01
2.853333950042724609e-01
-9.900202155113220215e-01
1.394970417022705078e+00
-1.752763032913208008e+00
5.707214474678039551e-01
-5.580447912216186523e-01
1.079902887344360352e+00
1.548332571983337402e+00
-1.987199038267135620e-01
2.887605130672454834e-01
-6.699834465980529785e-01
1.602489471435546875e+00
-3.465157985687255859e+00
1.667872667312622070e-01
-9.034424424171447754e-01
2.614035904407501221e-01
-1.022905230522155762e+00
4.474901556968688965e-01
3.281664252281188965e-01
-1.327514797449111938e-01
3.458349704742431641e-01
6.994413733482360840e-01
1.088501572608947754e+00
-1.116421580314636230e+00
2.641006410121917725e-01
-5.168484449386596680e-01
5.809581279754638672e-01
1.262061148881912231e-01
1.454032808542251587e-01
-2.237862199544906616e-01
2.166880518198013306e-01
5.388588309288024902e-01
5.945015326142311096e-02
4.752726256847381592e-01
6.704879999160766602e-01
7.914941310882568359e-01
-3.879634141921997070e-01
7.337250709533691406e-01
1.265155196189880371e+00
1.546302288770675659e-01
3.848685622215270996e-01
-4.829390048980712891e-01
-2.587715983390808105e-01
6.241286993026733398e-01
-6.307322978973388672e-01
1.379829943180084229e-01
-2.584901452064514160e-01
-3.595100164413452148e+00
4.434559866786003113e-02
-2.250420302152633667e-01
-5.747270211577415466e-02
7.067888975143432617e-01
2.860090255737304688e+00
6.219712495803833008e-01
-2.997616052627563477e+00
-7.696073055267333984e-01
4.742574691772460938e-01
8.800010681152343750e-01
-1.235943198204040527e+00
-1.031945571303367615e-01
-8.357533812522888184e-01
3.370769023895263672e-01
4.174553155899047852e-01
4.330783486366271973e-01
1.023034691810607910e+00
-4.442564249038696289e-01
-7.496396899223327637e-01
-6.338046789169311523e-01
1.176011323928833008e+00
-4.381743073463439941e-01
-2.945731282234191895e-01
1.754745841026306152e-01
5.201610922813415527e-02
5.248599648475646973e-01
-2.242040820419788361e-02
-2.584264874458312988e-01
2.553080320358276367e-01
-1.212845817208290100e-01
-3.335297703742980957e-01
-1.773811131715774536e-01
-3.066294789314270020e-01
1.292071789503097534e-01
-3.108345568180084229e-01
-2.525646686553955078e-01
-5.674210786819458008e-01
-2.384829968214035034e-01
-1.096506565809249878e-01
-3.303048908710479736e-01
-7.912009023129940033e-03
-6.402907371520996094e-01
-1.579246670007705688e-01
-1.705659627914428711e+00
