-1.482757776975631714e-01
7.671056687831878662e-02
-3.586809337139129639e-01
8.833455443382263184e-01
-6.878596544265747070e-01
-5.683516860008239746e-01
1.124591231346130371e+00
2.617734372615814209e-01
4.716449603438377380e-02
-3.617736697196960449e-01
-9.761103242635726929e-02
-4.245568439364433289e-02
-8.394064009189605713e-02
-3.635058999061584473e-01
-2.543992549180984497e-02
1.986821144819259644e-01
-1.142916362732648849e-02
-2.777647972106933594e-01
9.902160167694091797e-01
-9.171181917190551758e-02
-7.074807286262512207e-01
-1.635277152061462402e+00
1.014759063720703125e+00
-9.073945283889770508e-01
4.184607267379760742e-01
3.940551076084375381e-03
-1.149891540408134460e-01
3.082746267318725586e-01
-1.459062576293945312e+00
2.353576868772506714e-01
-5.169099569320678711e-01
1.111535280942916870e-01
-9.313862919807434082e-01
-2.980857789516448975e-01
3.774803280830383301e-01
-7.539883255958557129e-01
1.136560201644897461e+00
2.555378973484039307e-01
7.508029341697692871e-01
-4.078533649444580078e-01
1.078668832778930664e+00
1.169842705130577087e-01
1.319590568542480469e+00
-2.488564699888229370e-01
-4.432357847690582275e-01
-4.487125668674707413e-03
9.396898150444030762e-01
1.401694297790527344e+00
9.650788903236389160e-01
5.268588066101074219e-01
3.323356509208679199e-01
5.427721738815307617e-01
2.891623079776763916e-01
-1.385313034057617188e+00
-6.796072721481323242e-01
-2.406775206327438354e-01
2.456253767013549805e+00
-2.286280870437622070e+00
-2.631078660488128662e-01
-3.852935731410980225e-01
4.277451634407043457e-01
-1.025404930114746094e-01
7.824848294258117676e-01
-1.045392304658889771e-01
-1.619374752044677734e-01
2.551669478416442871e-01
-4.515168666839599609e-01
2.058416754007339478e-01
-2.274871617555618286e-01
3.063580393791198730e-01
-4.967130720615386963e-01
-5.806367397308349609e-01
4.415548443794250488e-01
-4.308579489588737488e-02
7.023406028747558594e-01
2.722629904747009277e-01
3.502000123262405396e-02
-4.317264854907989502e-01
3.956536948680877686e-01
1.172332912683486938e-01
-2.507740855216979980e-01
3.969366848468780518e-01
8.666234016418457031e-01
-2.177503705024719238e-01
4.602785706520080566e-01
2.809293195605278015e-02
8.952705562114715576e-02
-5.070241093635559082e-01
-1.756835103034973145e+00
3.317866623401641846e-01
4.674231410026550293e-01
5.101848840713500977e-01
-1.173246204853057861e-01
-4.790419638156890869e-01
4.501928091049194336e-01
2.919929921627044678e-01
-1.619500517845153809e+00
-7.377506494522094727e-01
-3.412639023736119270e-03
8.955506235361099243e-02
1.766808182001113892e-01
-2.033134549856185913e-01
2.118323147296905518e-01
3.726622760295867920e-01
4.741851985454559326e-01
-5.129970908164978027e-01
2.600431740283966064e-01
9.907899424433708191e-03
-3.211274743080139160e-01
-6.107681393623352051e-01
3.587504625320434570e-01
2.156105995178222656e+00
4.333732426166534424e-01
-9.359770417213439941e-01
3.555994927883148193e-01
-1.318790670484304428e-02
3.001546859741210938e-01
7.757071256637573242e-01
6.058167219161987305e-01
-2.103971689939498901e-02
7.055840492248535156e-01
-1.918329447507858276e-01
-1.287648230791091919e-01
-1.864023804664611816e-01
5.685497522354125977e-01
-5.017723888158798218e-02
-5.639826655387878418e-01
4.584828615188598633e-01
-1.276760548353195190e-01
3.658395111560821533e-01
2.661218345165252686e-01
-3.278245925903320312e-01
-1.359532494097948074e-02
4.099589586257934570e-01
-3.005571365356445312e-01
-1.590559929609298706e-01
2.917677462100982666e-01
-2.318651080131530762e-01
-2.786268889904022217e-01
-4.392735362052917480e-01
5.605005025863647461e-01
-1.722311824560165405e-01
-1.067314445972442627e-01
-2.547632753849029541e-01
7.526668310165405273e-01
-2.481506019830703735e-01
5.972624421119689941e-01
-1.552584618330001831e-01
1.796267479658126831e-01
1.284253716468811035e+00
-4.095861017704010010e-01
-4.932739257812500000e+00
1.231802627444267273e-01
-1.008116602897644043e+00
5.648152232170104980e-01
2.076299428939819336e+00
-1.609064936637878418e-01
5.222532153129577637e-01
8.823583722114562988e-01
3.679690882563591003e-02
1.341279506683349609e+00
1.992170214653015137e-01
7.084965705871582031e-01
-6.207064390182495117e-01
3.180634379386901855e-01
-2.746165752410888672e+00
4.754901230335235596e-01
-1.386034131050109863e+00
1.080022692680358887e+00
3.850762248039245605e-01
-1.394545733928680420e-01
1.168425321578979492e+00
4.981438815593719482e-01
-2.851034402847290039e-01
-1.565709233283996582e+00
-1.178008675575256348e+00
7.052814364433288574e-01
-3.040278255939483643e-01
1.140722632408142090e+00
-2.808516919612884521e-01
-9.948045760393142700e-02
-4.812758862972259521e-01
3.942247927188873291e-01
-1.006175994873046875e+00
4.422949254512786865e-01
-4.342215657234191895e-01
-6.677227616310119629e-01
-2.749550640583038330e-01
4.402895271778106689e-01
3.138539195060729980e-01
-4.352826625108718872e-02
3.713267296552658081e-02
6.216394901275634766e-01
9.700866937637329102e-01
4.974292516708374023e-01
5.247543454170227051e-01
5.201342105865478516e-01
-4.955692961812019348e-02
-2.512314021587371826e-01
-6.352581381797790527e-01
-1.072155237197875977e-01
-7.348838448524475098e-01
2.573285698890686035e-01
7.413308024406433105e-01
-1.403988242149353027e+00
1.141277313232421875e+00
6.509265303611755371e-01
9.896642565727233887e-01
2.117609083652496338e-01
1.687344312667846680e-01
-8.590751141309738159e-02
3.364891707897186279e-01
-2.045844346284866333e-01
-3.857958316802978516e-01
2.553445398807525635e-01
-1.198456645011901855e+00
1.604790799319744110e-02
7.175353169441223145e-01
-4.453130066394805908e-01
2.733233869075775146e-01
-4.306550920009613037e-01
2.228223159909248352e-02
-6.928553432226181030e-02
6.712732911109924316e-01
-8.244145512580871582e-01
1.149647831916809082e+00
6.760058403015136719e-01
-1.350989103317260742e+00
3.214515745639801025e-01
7.018005251884460449e-01
-1.935916185379028320e+00
4.078489840030670166e-01
-2.635010182857513428e-01
1.823739111423492432e-01
-4.569495320320129395e-01
1.126104950904846191e+00
-3.061064183712005615e-01
-1.620599627494812012e+00
6.897380575537681580e-03
-2.215131998062133789e+00
-1.563671082258224487e-01
1.794331520795822144e-02
1.609133481979370117e+00
4.015730619430541992e-01
-4.716241359710693359e-01
-2.252333760261535645e-01
-1.196670532226562500e+00
-1.138146296143531799e-01
-5.085206031799316406e-01
-2.261862605810165405e-01
-5.816760659217834473e-01
9.840112179517745972e-02
2.725222408771514893e-01
7.619231939315795898e-02
-1.359930634498596191e-01
5.773065090179443359e-01
3.091318309307098389e-01
9.120482206344604492e-02
-2.627866566181182861e-01
3.773427009582519531e-01
-6.900562345981597900e-02
1.125278230756521225e-02
1.396676003932952881e-01
-1.188098564743995667e-01
1.042723178863525391e+00
-1.157459139823913574e+00
1.139295578002929688e+00
-4.859177172183990479e-01
-2.360632866621017456e-01
-1.660638600587844849e-01
-1.428696751594543457e+00
-4.374420046806335449e-01
8.516211062669754028e-02
-3.655358552932739258e-01
-2.174358665943145752e-01
2.195392996072769165e-01
7.633574604988098145e-01
-1.636001914739608765e-01
-5.905366688966751099e-02
-5.885378718376159668e-01
3.514625132083892822e-01
-8.277294039726257324e-01
4.709901511669158936e-01
8.727883100509643555e-01
1.113412063568830490e-02
1.153481245040893555e+00
2.773671038448810577e-02
1.590263605117797852e+00
-3.592220544815063477e-01
-2.439966052770614624e-01
-1.820297479629516602e+00
5.202351808547973633e-01
-1.802325844764709473e+00
-2.245366424322128296e-01
2.150006294250488281e+00
-1.491173505783081055e+00
8.766153454780578613e-01
1.531343460083007812e-01
1.187154412269592285e+00
-1.039046883583068848e+00
1.115846753120422363e+00
-7.001201510429382324e-01
7.637500166893005371e-01
-2.812154889106750488e-01
1.059500426054000854e-01
3.173598051071166992e-01
1.167644560337066650e-01
2.668242752552032471e-01
-4.988240599632263184e-01
-2.953792177140712738e-02
4.106795787811279297e-01
-2.073436975479125977e-01
-3.105083405971527100e-01
2.894217371940612793e-01
7.841805815696716309e-01
3.353152573108673096e-01
7.876431196928024292e-02
-2.233427911996841431e-01
-2.799070775508880615e-01
1.152391880750656128e-01
8.582682609558105469e-01
1.631991624832153320e+00
9.327000379562377930e-01
7.915550470352172852e-01
-2.033470422029495239e-01
-1.757377028465270996e+00
-4.505733549594879150e-01
6.306481957435607910e-01
-7.162975072860717773e-01
7.445130944252014160e-01
-5.670413494110107422e+00
-8.498223423957824707e-01
-6.435157060623168945e-01
6.504818797111511230e-01
-1.560142338275909424e-01
1.945802807807922363e+00
1.633074879646301270e+00
3.979046344757080078e-01
7.199955582618713379e-01
2.142606377601623535e-01
4.077971279621124268e-01
3.179440200328826904e-01
-4.941318631172180176e-01
-9.730663895606994629e-01
2.084303379058837891e+00
-4.966096282005310059e-01
-2.164487540721893311e-01
-4.709047824144363403e-02
2.024837732315063477e-01
9.505507946014404297e-01
3.156327605247497559e-01
-2.035668194293975830e-01
4.004088044166564941e-01
7.752028293907642365e-03
5.098110437393188477e-01
-2.616093158721923828e-01
-3.294148743152618408e-01
2.118521034717559814e-01
3.624897003173828125e-01
-2.774461805820465088e-01
-5.621965527534484863e-01
-4.729235544800758362e-02
-6.207494065165519714e-02
-2.007734030485153198e-01
6.269744038581848145e-01
-1.150347113609313965e+00
3.267872333526611328e-02
-1.194651246070861816e+00
