3.572027683258056641e-01
-1.304703354835510254e-01
-3.545773625373840332e-01
2.623280882835388184e-01
-4.339092671871185303e-01
3.208956122398376465e-02
-4.056182205677032471e-01
1.215877383947372437e-01
1.186527963727712631e-02
-2.715162038803100586e-01
1.664076447486877441e-01
-3.134405910968780518e-01
-1.184728890657424927e-01
-1.109197512269020081e-01
-3.145427405834197998e-01
4.036978259682655334e-02
1.819433569908142090e-01
-4.565741717815399170e-01
4.684664011001586914e-01
5.168222263455390930e-02
-4.133826494216918945e-01
-9.279685616493225098e-01
8.976162672042846680e-01
-9.983381032943725586e-01
4.145854711532592773e-01
-2.441285997629165649e-01
-6.007082462310791016e-01
5.479344725608825684e-01
-8.165687322616577148e-02
6.640985012054443359e-01
-5.729898214340209961e-01
2.020076364278793335e-01
-3.063305616378784180e-01
-1.893486529588699341e-01
3.550153970718383789e-01
-8.370925784111022949e-01
2.169656276702880859e+00
-8.986463397741317749e-02
1.971082836389541626e-01
-9.769079685211181641e-01
1.565814018249511719e+00
6.365678906440734863e-01
6.023896932601928711e-01
-6.497704386711120605e-01
1.987782418727874756e-01
9.952241927385330200e-02
1.009265303611755371e+00
2.921824529767036438e-02
-2.392068147659301758e+00
-3.017987310886383057e-01
-2.643496990203857422e-01
1.746634840965270996e-01
-1.440861225128173828e-01
-6.992202997207641602e-01
1.228928789496421814e-01
6.493749022483825684e-01
3.087838590145111084e-01
4.456998109817504883e-01
7.853205800056457520e-01
-2.083553969860076904e-01
9.102286398410797119e-02
4.530950784683227539e-01
5.618117451667785645e-01
-6.749380379915237427e-02
-5.349527597427368164e-01
2.013399899005889893e-01
6.408108770847320557e-02
8.943730592727661133e-02
-1.359779387712478638e-01
-2.128702700138092041e-01
-5.865710377693176270e-01
-4.126158952713012695e-01
5.078357458114624023e-01
-1.788015961647033691e-01
4.739871025085449219e-01
6.245195865631103516e-01
4.022933542728424072e-03
-2.524382472038269043e-01
-1.108377426862716675e-01
1.053389534354209900e-01
-2.292579859495162964e-01
4.867430329322814941e-01
1.765874177217483521e-01
-1.575815081596374512e-01
4.204743206501007080e-01
-3.526353836059570312e-01
-9.624663591384887695e-01
7.711685895919799805e-01
-1.907240271568298340e+00
9.233809709548950195e-01
-8.743108063936233521e-02
2.157534956932067871e-01
-3.453879952430725098e-01
-4.712392985820770264e-01
4.554755091667175293e-01
5.646321177482604980e-01
2.401979923248291016e+00
-1.441543936729431152e+00
-5.097812414169311523e-01
9.943556785583496094e-02
1.165057539939880371e+00
1.697805672883987427e-01
-1.133068084716796875e+00
4.913854300975799561e-01
-4.527167975902557373e-01
-5.609869956970214844e-01
2.788519263267517090e-01
4.753544181585311890e-02
-7.416089177131652832e-01
-3.373879194259643555e-01
2.082873135805130005e-01
-4.669354856014251709e-01
2.910673916339874268e-01
-1.152964472770690918e+00
2.590120434761047363e-01
-7.598986029624938965e-01
6.186209619045257568e-02
2.480133771896362305e-01
-1.492520868778228760e-01
1.885889619588851929e-01
-4.798984825611114502e-01
-3.902618587017059326e-01
5.098228454589843750e-01
-1.157639920711517334e-01
3.573098182678222656e-01
-2.558264434337615967e-01
-5.650128722190856934e-01
4.756374955177307129e-01
-3.488754034042358398e-01
3.826053738594055176e-01
3.593419790267944336e-01
-3.158229291439056396e-01
5.882931873202323914e-02
4.210179448127746582e-01
-4.730193912982940674e-01
-1.805525720119476318e-01
2.896399199962615967e-01
2.276064008474349976e-01
-4.867981076240539551e-01
-4.490851759910583496e-01
5.754882693290710449e-01
-1.949574947357177734e-01
-1.834602713584899902e+00
-2.371980845928192139e-01
-4.926945865154266357e-01
5.617490410804748535e-02
6.130816340446472168e-01
9.227434545755386353e-02
-1.196395605802536011e-01
3.601944148540496826e-01
-2.001719325780868530e-01
-2.321712255477905273e+00
1.173560023307800293e-01
1.456618607044219971e-01
4.395906031131744385e-01
4.661257863044738770e-01
2.642147429287433624e-02
-3.468040376901626587e-02
-6.327754259109497070e-02
2.093035727739334106e-01
-7.317459583282470703e-01
7.158128917217254639e-02
5.216802358627319336e-01
-2.528686523437500000e-01
-1.636446118354797363e-01
3.162477016448974609e-01
2.040264606475830078e-01
-1.479671597480773926e+00
2.566583156585693359e-01
5.150473713874816895e-01
4.138008058071136475e-01
1.163470387458801270e+00
7.393064498901367188e-01
-1.947467029094696045e-01
-1.085873007774353027e+00
-3.475637733936309814e-01
7.042145729064941406e-01
1.543691158294677734e-01
-1.757765114307403564e-01
-3.397712707519531250e-01
5.968078970909118652e-01
9.053614735603332520e-01
4.014782309532165527e-01
-1.736767292022705078e-01
4.598960876464843750e-01
-4.695185422897338867e-01
-7.322835326194763184e-01
-8.348031900823116302e-03
5.890446305274963379e-01
3.412106037139892578e-01
-1.120414808392524719e-01
-5.725265666842460632e-02
7.015563249588012695e-01
1.039034962654113770e+00
3.652851581573486328e-01
5.555999279022216797e-01
2.874643504619598389e-01
-7.213548570871353149e-02
-1.865042150020599365e-01
-6.294596195220947266e-01
-7.058802992105484009e-02
4.523923099040985107e-01
-3.453492745757102966e-02
3.434762358665466309e-01
-8.542755991220474243e-02
-4.587036967277526855e-01
6.563603878021240234e-01
-8.092097938060760498e-03
-1.886312151327729225e-03
2.322763800621032715e-01
-3.748538196086883545e-01
1.692305654287338257e-01
-2.638759911060333252e-01
-7.225994486361742020e-03
1.577738672494888306e-01
8.254565596580505371e-01
-1.808122247457504272e-01
4.039893448352813721e-01
6.951422244310379028e-02
2.921928763389587402e-01
-1.409332454204559326e-01
-3.693425655364990234e-01
-1.052875518798828125e+00
-1.690915077924728394e-01
1.871535778045654297e-01
-8.792345970869064331e-02
3.642164766788482666e-01
5.428369641304016113e-01
-9.396146051585674286e-03
2.683197334408760071e-02
-5.094746351242065430e-01
5.646107345819473267e-02
-3.500809073448181152e-01
1.398927718400955200e-01
-9.311696290969848633e-01
-5.161927938461303711e-01
-5.623167157173156738e-01
-1.233189344406127930e+00
-1.976469457149505615e-01
-7.805214077234268188e-02
2.659091055393218994e-01
2.477466464042663574e-01
2.858498096466064453e-01
5.428392291069030762e-01
-1.413221806287765503e-01
-7.395604252815246582e-02
6.592018604278564453e-01
-4.127610921859741211e-01
-2.439607232809066772e-01
-9.911097586154937744e-02
-4.537957608699798584e-01
4.721320867538452148e-01
-3.455345928668975830e-01
3.235932067036628723e-02
-2.089738994836807251e-01
7.104090452194213867e-01
1.750451177358627319e-01
3.257640600204467773e-01
-1.786371767520904541e-01
6.044011712074279785e-01
-3.151888847351074219e-01
1.604238748550415039e-01
-3.223246708512306213e-02
1.946428269147872925e-01
6.520772576332092285e-01
-6.622194647789001465e-01
-1.791481375694274902e-01
8.785931766033172607e-02
-3.134937286376953125e-01
-4.828861653804779053e-01
-1.678144931793212891e-01
-4.687077999114990234e-01
-5.305472612380981445e-01
9.266243875026702881e-02
-5.111163854598999023e-01
1.920434534549713135e-01
1.164486333727836609e-01
-6.123462915420532227e-01
2.657239139080047607e-01
-7.245490550994873047e-01
3.140068054199218750e-01
-7.711323499679565430e-01
2.148459404706954956e-01
2.854357659816741943e-01
-9.922289289534091949e-03
2.788188159465789795e-01
-1.031188443303108215e-01
2.858043611049652100e-01
7.244891524314880371e-01
-1.635680347681045532e-01
2.014543056488037109e+00
9.451532959938049316e-01
-9.378760457038879395e-01
-1.531497538089752197e-01
4.206165969371795654e-01
-7.557714581489562988e-01
7.633454203605651855e-01
-8.954003453254699707e-02
5.378999710083007812e-01
-3.981905579566955566e-01
-2.090149223804473877e-01
-7.432322502136230469e-01
5.365700721740722656e-01
-3.889795392751693726e-03
-1.941021084785461426e-01
2.772483825683593750e-01
1.365597397089004517e-01
1.541191339492797852e-01
-2.654600143432617188e-01
4.330433905124664307e-01
4.394164681434631348e-01
4.737264215946197510e-01
-2.257539927959442139e-01
3.658602535724639893e-01
1.152429819107055664e+00
3.629449903964996338e-01
6.141324639320373535e-01
-2.111106663942337036e-01
1.581872552633285522e-01
3.934501409530639648e-01
4.137311279773712158e-01
5.381727218627929688e-01
-1.087970584630966187e-01
-3.420368731021881104e-01
4.233943670988082886e-02
-4.092595875263214111e-01
-3.243647515773773193e-01
5.504431724548339844e-01
-3.780149519443511963e-01
3.711785078048706055e-01
9.140633344650268555e-01
-8.523116111755371094e-01
-1.042826056480407715e+00
6.182674765586853027e-01
-5.299515128135681152e-01
-3.025227487087249756e-01
3.418529033660888672e-01
-2.083176560699939728e-02
1.002504676580429077e-01
1.853620260953903198e-01
1.373596638441085815e-01
9.485369920730590820e-02
-1.101649284362792969e+00
-5.995733141899108887e-01
1.048553943634033203e+00
-4.839146137237548828e-01
-2.243236154317855835e-01
3.409852087497711182e-01
2.981538772583007812e-01
5.504394769668579102e-01
-1.538963522762060165e-02
-4.014949798583984375e-01
6.702799201011657715e-01
3.469858691096305847e-02
2.014771476387977600e-02
-2.336283214390277863e-02
-1.579099744558334351e-01
2.660511136054992676e-01
7.433531433343887329e-02
-2.397753149271011353e-01
-4.214670360088348389e-01
-1.087762340903282166e-01
2.837561070919036865e-01
-1.308137029409408569e-01
-1.416187733411788940e-01
-3.915940225124359131e-01
-7.046951353549957275e-02
-4.705210328102111816e-01
