2.935282289981842041e-01
4.369241371750831604e-02
-4.351128637790679932e-01
5.937491729855537415e-02
-4.651855528354644775e-01
-4.254865273833274841e-02
4.450269639492034912e-01
3.102436289191246033e-02
4.547407478094100952e-02
6.428355723619461060e-02
1.213802471756935120e-01
-1.063772942870855331e-03
-3.845826908946037292e-02
-3.520138189196586609e-02
-4.257503449916839600e-01
-1.529189795255661011e-01
1.962452083826065063e-01
-6.687540411949157715e-01
1.564982980489730835e-01
2.027664333581924438e-01
-5.213195681571960449e-01
-6.021009683609008789e-01
9.132840037345886230e-01
-7.680975794792175293e-01
8.647485375404357910e-01
-2.398375868797302246e-01
-5.979794263839721680e-01
4.734087884426116943e-01
-6.438498497009277344e-01
5.401970744132995605e-01
-5.626571774482727051e-01
4.245731830596923828e-01
-5.793967843055725098e-01
-2.938364744186401367e-01
4.687550365924835205e-01
-6.359323859214782715e-01
1.652449369430541992e+00
-2.702605165541172028e-02
3.413375318050384521e-01
-9.008777737617492676e-01
1.498578667640686035e+00
6.361882686614990234e-01
4.029359221458435059e-01
-3.479248285293579102e-01
-9.290335699915885925e-03
-2.587693631649017334e-01
2.013721317052841187e-01
1.285323619842529297e+00
-1.938095688819885254e+00
2.147867381572723389e-01
-3.958924412727355957e-01
1.118833899497985840e+00
3.636986613273620605e-01
-7.479617595672607422e-01
2.462837696075439453e-01
-4.114708006381988525e-01
1.404764890670776367e+00
-7.559235095977783203e-01
5.601981282234191895e-01
-1.282074153423309326e-01
1.759133338928222656e+00
3.704768419265747070e-01
5.248826742172241211e-01
-2.046716772019863129e-02
-2.515071630477905273e-01
1.853376328945159912e-01
-1.877821981906890869e-01
1.255838721990585327e-01
-1.699555963277816772e-01
7.870668172836303711e-02
-4.992391467094421387e-01
-4.762764573097229004e-01
4.863929748535156250e-01
-1.218388974666595459e-02
6.896314024925231934e-01
3.170154392719268799e-01
-7.849805057048797607e-03
-5.856029987335205078e-01
7.102051377296447754e-01
1.923158615827560425e-01
-2.893592119216918945e-01
4.207844734191894531e-01
4.388581812381744385e-01
-8.577512204647064209e-02
3.923123776912689209e-01
-4.055524468421936035e-01
-7.293710112571716309e-01
5.073572993278503418e-01
-1.277652025222778320e+00
4.457010924816131592e-01
1.764145195484161377e-01
-1.807535588741302490e-01
-2.711292207241058350e-01
-2.725436687469482422e-01
6.538530439138412476e-02
2.130011618137359619e-01
9.122201800346374512e-01
-1.947430849075317383e+00
-4.989956617355346680e-01
-3.558127209544181824e-02
3.857675492763519287e-01
-5.035364031791687012e-01
9.359375834465026855e-01
5.906628370285034180e-01
-8.602503538131713867e-01
-5.048671960830688477e-01
6.016313657164573669e-02
5.473173689097166061e-03
-4.595825970172882080e-01
-2.549273669719696045e-01
-2.177007943391799927e-01
1.179383993148803711e+00
-6.263315081596374512e-01
-1.098748445510864258e+00
2.066423892974853516e-01
-1.393803477287292480e+00
-1.154695674777030945e-01
-9.439726173877716064e-02
-9.404234290122985840e-01
1.000777035951614380e-01
-7.113711833953857422e-01
-5.684828162193298340e-01
2.373585291206836700e-02
-1.283565014600753784e-01
4.422469139099121094e-01
-4.089910686016082764e-01
-6.146221756935119629e-01
5.297383666038513184e-01
-2.120279967784881592e-01
4.259692132472991943e-01
3.113895952701568604e-01
-2.668465375900268555e-01
-1.349488794803619385e-01
5.174040794372558594e-01
-3.082505464553833008e-01
-1.452059745788574219e-01
3.544286489486694336e-01
1.409954875707626343e-01
-3.477152585983276367e-01
-3.571034073829650879e-01
6.315600275993347168e-01
-2.315464615821838379e-01
9.408996105194091797e-01
-2.078680247068405151e-01
-8.821586370468139648e-01
4.221889749169349670e-02
4.055095016956329346e-01
-5.977299436926841736e-02
1.234658882021903992e-01
3.476352989673614502e-01
-3.967006206512451172e-01
-8.698265075683593750e+00
-8.321785330772399902e-01
-3.289327397942543030e-02
4.522567689418792725e-01
3.761518895626068115e-01
-5.503433942794799805e-02
-3.849474787712097168e-01
-5.950143933296203613e-01
8.404099196195602417e-02
-1.006538748741149902e+00
-3.087453730404376984e-02
4.663220047950744629e-01
-2.256731241941452026e-01
4.657289087772369385e-01
2.758645713329315186e-01
1.712256819009780884e-01
-9.912748932838439941e-01
1.052137613296508789e-01
5.916998982429504395e-01
4.318040311336517334e-01
1.651877313852310181e-01
7.958372235298156738e-01
-3.272699117660522461e-01
-9.674879312515258789e-01
1.042276620864868164e+00
3.307191133499145508e-01
4.753931760787963867e-01
1.788747012615203857e-01
-1.907343864440917969e-01
-4.862266778945922852e-01
8.364345431327819824e-01
3.803653717041015625e-01
-4.471908211708068848e-01
4.380593299865722656e-01
-4.627284705638885498e-01
-7.049431204795837402e-01
9.727574884891510010e-02
5.763934254646301270e-01
4.861586093902587891e-01
-1.561593860387802124e-01
-5.023835301399230957e-01
6.748593449592590332e-01
8.090080618858337402e-01
3.523198962211608887e-01
5.336232185363769531e-01
8.631730675697326660e-01
-4.684718325734138489e-02
-2.096173167228698730e-01
-5.705512166023254395e-01
-9.255610406398773193e-02
2.731249928474426270e-01
5.801512300968170166e-02
1.182925999164581299e-01
-2.643157839775085449e-01
-4.332194924354553223e-01
5.615302920341491699e-01
-1.755193918943405151e-01
2.358334958553314209e-01
2.393372952938079834e-01
-3.384411036968231201e-01
1.314150393009185791e-01
-3.448228538036346436e-01
9.694821387529373169e-02
-7.270862814038991928e-03
3.441922664642333984e-01
2.795336008071899414e+00
3.541111350059509277e-01
-6.271359976381063461e-03
1.367675811052322388e-01
-2.586529254913330078e-01
-1.018211483955383301e+00
-1.339968204498291016e+00
4.985832870006561279e-01
-9.380114078521728516e-02
-1.614226847887039185e-01
2.329604923725128174e-01
5.569825768470764160e-01
5.219589453190565109e-03
1.763996630907058716e-01
-2.616123557090759277e-01
1.520199179649353027e-01
-2.813279926776885986e-01
2.812597453594207764e-01
-7.255969047546386719e-01
-3.854423463344573975e-01
-5.971390604972839355e-01
-1.314811706542968750e+00
-7.254981249570846558e-02
1.801440358161926270e+00
3.044831752777099609e-01
2.230640649795532227e-01
4.734919071197509766e-01
4.740724265575408936e-01
-1.337917745113372803e-01
-2.282652631402015686e-02
7.479171156883239746e-01
-1.695596128702163696e-01
-2.857076823711395264e-01
-1.923621594905853271e-01
-3.926361799240112305e-01
3.688938021659851074e-01
-4.921069145202636719e-01
2.496526092290878296e-01
1.745699942111968994e-01
6.051926016807556152e-01
3.304249048233032227e-01
3.016487061977386475e-01
-2.132890522480010986e-01
5.586645007133483887e-01
-1.034599900245666504e+00
1.684558093547821045e-01
3.191941380500793457e-01
3.803659677505493164e-01
6.147513389587402344e-01
-8.084612488746643066e-01
-1.634885519742965698e-01
3.551707565784454346e-01
2.216221950948238373e-02
-4.603401720523834229e-01
-3.369585275650024414e-01
-5.164291858673095703e-01
-3.912834525108337402e-01
1.660381853580474854e-01
-4.817951321601867676e-01
1.750229299068450928e-01
-4.760522767901420593e-02
-2.732814550399780273e-01
-3.312735632061958313e-02
6.323412656784057617e-01
1.937297731637954712e-01
-8.276844024658203125e-01
-6.629918217658996582e-01
1.027667641639709473e+00
-6.290451288223266602e-01
1.528999358415603638e-01
-1.454594433307647705e-01
3.388933241367340088e-01
6.035990118980407715e-01
-5.391885340213775635e-02
2.649676322937011719e+00
1.272702574729919434e+00
-5.895469188690185547e-01
4.470406472682952881e-02
9.220010042190551758e-01
-1.335494518280029297e+00
1.008085727691650391e+00
-3.201505541801452637e-01
7.914666533470153809e-01
-1.231266930699348450e-01
-8.273410201072692871e-01
-7.555709481239318848e-01
2.310211807489395142e-01
-1.345403790473937988e-01
-8.003328740596771240e-02
2.187493741512298584e-01
3.851283341646194458e-02
6.351619958877563477e-01
-1.304842978715896606e-01
6.160388588905334473e-01
4.730156958103179932e-01
2.140986919403076172e-01
-3.094363212585449219e-01
4.946451783180236816e-01
1.349594831466674805e+00
3.453257381916046143e-01
7.095180153846740723e-01
-4.017918407917022705e-01
5.232460424304008484e-02
3.491335511207580566e-01
1.690062321722507477e-02
2.030440568923950195e-01
-7.166808098554611206e-02
-1.896034359931945801e+00
1.726069897413253784e-01
-7.708820700645446777e-02
-3.423846662044525146e-01
2.632423043251037598e-01
-5.830281972885131836e-01
2.396481931209564209e-01
6.742129325866699219e-01
-6.349763274192810059e-01
-2.952203452587127686e-01
4.534218907356262207e-01
-1.164827823638916016e+00
1.993430554866790771e-01
5.619732737541198730e-01
1.203859746456146240e-01
-1.011863499879837036e-01
3.192481398582458496e-01
4.555073082447052002e-01
1.254567503929138184e-01
-1.269722223281860352e+00
-6.375650167465209961e-01
1.031892418861389160e+00
-4.412714540958404541e-01
-2.624301910400390625e-01
2.135349214076995850e-01
2.840525209903717041e-01
4.836817085742950439e-01
-1.246754229068756104e-01
-3.603775501251220703e-01
6.549518108367919922e-01
-1.055632233619689941e-01
8.494986593723297119e-02
-1.153799444437026978e-01
-3.091874718666076660e-01
2.265088856220245361e-01
1.789154410362243652e-01
-4.231179356575012207e-01
-2.853223085403442383e-01
-4.951317980885505676e-02
5.072159171104431152e-01
-1.536446213722229004e-01
-6.016378477215766907e-02
-4.222044646739959717e-01
-8.652034401893615723e-02
-2.929383516311645508e-01
