2.705501317977905273e-01
-9.581167250871658325e-02
-3.005262911319732666e-01
2.016007713973522186e-02
-4.532646834850311279e-01
4.756276905536651611e-01
3.528901934623718262e-02
-3.610042855143547058e-02
4.910242930054664612e-02
-2.153784222900867462e-02
1.679336577653884888e-01
-3.200274407863616943e-01
-1.427906751632690430e-01
2.106492407619953156e-02
-1.206500902771949768e-01
-7.130099833011627197e-02
2.295617908239364624e-01
-1.004986390471458435e-01
1.186967790126800537e-01
1.480708867311477661e-01
-3.363984525203704834e-01
-8.358691334724426270e-01
1.030715227127075195e+00
-9.854706525802612305e-01
5.021092891693115234e-01
-2.631205022335052490e-01
-5.843662023544311523e-01
3.905298411846160889e-01
-4.256700277328491211e-01
6.379703879356384277e-01
-6.185098886489868164e-01
3.705584406852722168e-01
-2.706887423992156982e-01
-2.480221092700958252e-01
2.470722496509552002e-01
-6.190265417098999023e-01
1.519757509231567383e+00
2.371577732264995575e-02
6.019755080342292786e-02
-9.414420127868652344e-01
1.504756569862365723e+00
5.736931562423706055e-01
4.653519988059997559e-01
-5.970901846885681152e-01
3.963641449809074402e-02
-7.730205357074737549e-02
6.771836280822753906e-01
-1.908379793167114258e-01
-1.861782193183898926e+00
3.170401751995086670e-01
-1.639482229948043823e-01
-2.896436154842376709e-01
2.705231122672557831e-02
-7.828195095062255859e-01
1.073718294501304626e-01
-8.914806693792343140e-02
-2.194957733154296875e-01
-8.860883712768554688e-01
4.808514416217803955e-01
-5.362493917346000671e-02
-4.971147775650024414e-01
1.099999994039535522e-01
5.475818514823913574e-01
-7.744765281677246094e-02
-4.348256886005401611e-01
1.629891842603683472e-01
-7.028281688690185547e-02
1.415362954139709473e-01
-2.116877734661102295e-01
2.060502581298351288e-02
-5.720559954643249512e-01
-4.530835747718811035e-01
5.087928771972656250e-01
-8.236160129308700562e-02
6.985005140304565430e-01
4.039266407489776611e-01
1.893028989434242249e-02
-4.996525347232818604e-01
2.788974940776824951e-01
1.339118033647537231e-01
-2.222250998020172119e-01
4.219512045383453369e-01
4.140122234821319580e-01
-9.359701722860336304e-02
5.010769963264465332e-01
-4.231038093566894531e-01
-7.120350003242492676e-01
6.113254427909851074e-01
-1.095951914787292480e+00
6.193352341651916504e-01
-1.145243421196937561e-01
2.269291430711746216e-01
-3.466379046440124512e-01
-3.789124786853790283e-01
2.968564629554748535e-01
4.586443603038787842e-01
1.045337796211242676e+00
-1.789414525032043457e+00
-5.986447930335998535e-01
2.133758664131164551e-01
2.755308747291564941e-01
1.705121994018554688e-01
-1.107348799705505371e+00
6.095424890518188477e-01
-1.227614507079124451e-01
-7.882872968912124634e-02
1.133902836591005325e-02
1.181585434824228287e-02
-7.539517879486083984e-01
-2.167382277548313141e-02
8.943654596805572510e-02
-3.856028318405151367e-01
1.738524287939071655e-01
-1.083493113517761230e+00
2.739343941211700439e-01
-1.500889062881469727e-01
4.500745609402656555e-02
2.993136942386627197e-01
-7.524756789207458496e-01
8.964146673679351807e-02
-5.861772894859313965e-01
-5.140677690505981445e-01
5.235123634338378906e-01
-1.418594419956207275e-01
3.138332068920135498e-01
-2.933460474014282227e-01
-5.726871490478515625e-01
4.861930012702941895e-01
-3.501901030540466309e-01
3.955720663070678711e-01
2.757858633995056152e-01
-3.025087714195251465e-01
1.592702418565750122e-01
4.329958856105804443e-01
-3.555406630039215088e-01
-1.641297340393066406e-01
2.784197628498077393e-01
3.585917949676513672e-01
-4.687085449695587158e-01
-2.130837738513946533e-01
5.854490399360656738e-01
-1.969868242740631104e-01
-1.906790971755981445e+00
-1.584466546773910522e-01
-1.156853213906288147e-01
3.513022065162658691e-01
3.510331511497497559e-01
-2.927090823650360107e-01
-1.579544246196746826e-01
5.162032246589660645e-01
-2.254509776830673218e-01
-2.192170143127441406e+00
-8.439426310360431671e-03
8.849736303091049194e-02
4.955381155014038086e-01
9.442003965377807617e-01
4.592180717736482620e-03
1.028883904218673706e-01
-4.510137438774108887e-01
9.190951474010944366e-03
-8.554065823554992676e-01
-2.375286631286144257e-02
7.297577857971191406e-01
4.276786446571350098e-01
-1.483654510229825974e-02
-3.919049799442291260e-01
1.932608485221862793e-01
-1.305968642234802246e+00
-2.679057419300079346e-01
5.858449935913085938e-01
2.540916204452514648e-01
9.194586277008056641e-01
5.129520297050476074e-01
-4.374156594276428223e-01
-1.103142976760864258e+00
-6.247435808181762695e-01
4.123845994472503662e-01
3.835343122482299805e-01
-4.930704534053802490e-01
-2.144358903169631958e-01
1.313207000494003296e-01
9.587600231170654297e-01
3.910130858421325684e-01
-1.956928223371505737e-01
4.574292004108428955e-01
-4.680829942226409912e-01
-7.202534675598144531e-01
1.402297168970108032e-01
5.967022180557250977e-01
4.069024622440338135e-01
-7.323046773672103882e-02
-6.398621201515197754e-02
7.055083513259887695e-01
1.002202630043029785e+00
2.820883095264434814e-01
5.531317591667175293e-01
2.380087524652481079e-01
-6.982150673866271973e-02
-1.899102479219436646e-01
-6.223278045654296875e-01
-7.324847579002380371e-02
3.992510735988616943e-01
-3.102039098739624023e-01
1.087640672922134399e-01
-1.960472017526626587e-01
9.469256550073623657e-02
8.092963695526123047e-01
-4.326502978801727295e-02
3.822339177131652832e-01
2.209414690732955933e-01
-3.626435697078704834e-01
4.370178282260894775e-01
-1.217422485351562500e-01
3.377714753150939941e-02
-4.430515319108963013e-02
7.524211406707763672e-01
7.177317142486572266e-02
3.216769695281982422e-01
2.809090912342071533e-01
1.227705702185630798e-01
-6.271032989025115967e-02
-5.706709027290344238e-01
-1.238574028015136719e+00
-6.539911627769470215e-01
-1.354835033416748047e-01
-1.224589571356773376e-01
5.649467110633850098e-01
4.894830882549285889e-01
2.792043089866638184e-01
1.959028393030166626e-01
-8.177597522735595703e-01
4.036874473094940186e-01
-1.191852211952209473e+00
-1.284834891557693481e-01
-8.924551010131835938e-01
-2.519618272781372070e-01
-6.197556853294372559e-02
-8.817649483680725098e-01
-5.018343329429626465e-01
-1.120697036385536194e-01
3.550639748573303223e-01
2.445990145206451416e-01
7.807022929191589355e-01
5.259295105934143066e-01
-9.386077523231506348e-02
-2.903489395976066589e-02
4.614596664905548096e-01
-8.602260053157806396e-02
-2.720114886760711670e-01
-7.804485410451889038e-02
-1.070048585534095764e-01
6.792735457420349121e-01
-1.393694579601287842e-01
8.817560970783233643e-02
1.265362501144409180e-01
6.745985746383666992e-01
2.109458744525909424e-01
3.217240571975708008e-01
-2.152352482080459595e-01
5.951268672943115234e-01
-2.925716936588287354e-01
3.018948435783386230e-01
7.611802220344543457e-02
1.268258839845657349e-01
7.739858627319335938e-01
-7.494623661041259766e-01
-7.870146036148071289e-01
5.214521288871765137e-01
-2.202184647321701050e-01
-4.891102313995361328e-01
-1.994829922914505005e-01
-6.667635440826416016e-01
-4.085048139095306396e-01
-2.026924490928649902e-01
-3.350260853767395020e-01
2.976346015930175781e-01
4.245693683624267578e-01
-7.287264466285705566e-01
1.017691195011138916e-01
2.168406993150711060e-01
5.192468762397766113e-01
-6.902675032615661621e-01
2.678517811000347137e-02
1.413646221160888672e+00
-2.073025405406951904e-01
7.105980515480041504e-01
-1.456410437822341919e-01
2.004663497209548950e-01
6.306836605072021484e-01
2.358005046844482422e-01
2.052516698837280273e+00
1.034185886383056641e+00
-5.771747827529907227e-01
4.501503333449363708e-02
7.017122507095336914e-01
-7.479418516159057617e-01
8.060705065727233887e-01
-3.375012278556823730e-01
6.191772818565368652e-01
-4.367665052413940430e-01
2.250475585460662842e-01
-8.686227202415466309e-01
2.207838594913482666e-01
-7.630485296249389648e-02
-1.013390198349952698e-01
1.524725742638111115e-02
1.364114731550216675e-01
1.772507131099700928e-01
-3.983398526906967163e-02
1.764747500419616699e-01
4.967918097972869873e-01
1.169525757431983948e-01
-2.875041067600250244e-01
6.726144552230834961e-01
1.374412894248962402e+00
3.101766407489776611e-01
6.714339256286621094e-01
-5.748590230941772461e-01
1.741062551736831665e-01
3.881244063377380371e-01
4.686728715896606445e-01
1.362861394882202148e-01
-1.660257279872894287e-01
-1.487577319145202637e+00
-5.346852913498878479e-02
-7.462359666824340820e-01
-3.681726753711700439e-01
3.957664594054222107e-02
2.664914168417453766e-02
2.609945833683013916e-01
1.032432317733764648e+00
-6.737970709800720215e-01
-7.443357706069946289e-01
3.900509774684906006e-01
-7.018525004386901855e-01
-2.431975901126861572e-01
5.609818696975708008e-01
-9.716459549963474274e-03
-2.865434065461158752e-02
1.602148264646530151e-01
1.842564046382904053e-01
9.140301495790481567e-02
-9.858072400093078613e-01
-6.884001493453979492e-01
1.299077749252319336e+00
-4.803188741207122803e-01
-2.783529758453369141e-01
3.962284922599792480e-01
2.734191715717315674e-01
6.534396409988403320e-01
1.307789385318756104e-01
-1.937657296657562256e-01
5.898902416229248047e-01
8.759950101375579834e-02
1.010139435529708862e-01
4.096127301454544067e-02
-1.465846598148345947e-01
2.241991311311721802e-01
8.093222975730895996e-02
-4.828149378299713135e-01
-3.563236594200134277e-01
-2.000775188207626343e-01
5.268852710723876953e-01
-1.640280336141586304e-01
-9.333325177431106567e-02
-4.076431989669799805e-01
-8.286466449499130249e-02
-7.276612520217895508e-02
