-3.516538301482796669e-03
1.285515818744897842e-02
-4.810778796672821045e-01
5.899597331881523132e-02
-4.812928438186645508e-01
-3.365394100546836853e-02
6.666026115417480469e-01
6.922931969165802002e-02
2.866219729185104370e-02
6.950148940086364746e-02
1.557307094335556030e-01
4.623571783304214478e-02
-7.591188699007034302e-02
7.762170396745204926e-03
-5.037910342216491699e-01
-1.645779460668563843e-01
2.254111021757125854e-01
-7.075789570808410645e-01
7.141560316085815430e-02
2.289941012859344482e-01
-5.413662195205688477e-01
-7.440976500511169434e-01
8.616566658020019531e-01
-7.146220207214355469e-01
8.285621404647827148e-01
-2.222177535295486450e-01
-5.792528986930847168e-01
5.049151182174682617e-01
-7.373291254043579102e-01
4.807465076446533203e-01
-6.163727641105651855e-01
3.414338231086730957e-01
-5.768610835075378418e-01
-3.790678679943084717e-01
4.379337728023529053e-01
-6.142180562019348145e-01
1.717337369918823242e+00
2.315487526357173920e-02
3.357899188995361328e-01
-9.176356196403503418e-01
1.470547556877136230e+00
6.610456109046936035e-01
4.848738312721252441e-01
-2.867569923400878906e-01
9.040188044309616089e-02
-2.500237822532653809e-01
2.739433348178863525e-01
1.320523977279663086e+00
-1.888715028762817383e+00
1.675477176904678345e-01
4.929048940539360046e-02
1.086595773696899414e+00
3.757843971252441406e-01
-7.279242873191833496e-01
2.838596999645233154e-01
-9.454072266817092896e-02
1.642455339431762695e+00
-7.646315097808837891e-01
6.753548979759216309e-01
-6.131650507450103760e-02
1.918213129043579102e+00
4.437240306288003922e-03
5.418963432312011719e-01
-2.552519924938678741e-02
-2.527281939983367920e-01
1.991467624902725220e-01
-2.039062529802322388e-01
1.402467936277389526e-01
-1.974317729473114014e-01
6.186658889055252075e-02
-5.064859986305236816e-01
-5.217534303665161133e-01
5.579906105995178223e-01
-2.525079995393753052e-02
6.780089139938354492e-01
3.411550521850585938e-01
1.163188717328011990e-03
-5.791141986846923828e-01
6.700417995452880859e-01
1.874413937330245972e-01
-2.500062286853790283e-01
4.288003742694854736e-01
5.541787147521972656e-01
-4.705448076128959656e-02
3.644847869873046875e-01
-3.902181088924407959e-01
-8.026594519615173340e-01
5.113126039505004883e-01
-1.325023174285888672e+00
5.176694393157958984e-01
4.030723571777343750e-01
-2.019388824701309204e-01
-2.309492975473403931e-01
-2.732569873332977295e-01
2.621773816645145416e-02
4.085250496864318848e-01
8.019738793373107910e-01
-2.008437156677246094e+00
-3.923445940017700195e-01
-1.658998727798461914e-01
3.751552402973175049e-01
-9.682753682136535645e-01
9.694473743438720703e-01
5.834312438964843750e-01
-3.732964694499969482e-01
-4.780481755733489990e-01
1.075757443904876709e-01
8.419914520345628262e-04
-4.342859387397766113e-01
-2.319338023662567139e-01
-8.423248678445816040e-02
1.220986604690551758e+00
-2.678561024367809296e-02
-1.081896305084228516e+00
2.318187654018402100e-01
-1.371939301490783691e+00
-1.452400237321853638e-01
-1.677590757608413696e-01
-3.004118204116821289e-01
3.002942912280559540e-02
-6.978652477264404297e-01
-6.606801748275756836e-01
-6.199716031551361084e-02
-1.100676730275154114e-01
4.217564165592193604e-01
-4.189578592777252197e-01
-6.214471459388732910e-01
5.363308191299438477e-01
-2.199865877628326416e-01
4.328371882438659668e-01
3.070896565914154053e-01
-2.614778876304626465e-01
-1.678349822759628296e-01
5.486186742782592773e-01
-3.079825043678283691e-01
-1.311893463134765625e-01
3.593502640724182129e-01
5.099922418594360352e-02
-3.507474660873413086e-01
-3.228334784507751465e-01
6.374731063842773438e-01
-2.359185069799423218e-01
9.645736813545227051e-01
-1.950089484453201294e-01
-2.619663476943969727e-01
1.096939817070960999e-01
4.599454402923583984e-01
-8.882531523704528809e-02
1.355852931737899780e-01
2.565645575523376465e-01
-3.571768999099731445e-01
-8.819533348083496094e+00
-7.445288449525833130e-02
-1.403203792870044708e-02
4.654524624347686768e-01
4.009755551815032959e-01
-5.933998525142669678e-02
-3.633335530757904053e-01
2.069807797670364380e-02
-2.625062502920627594e-02
-1.008856058120727539e+00
-1.192300021648406982e-01
4.690889418125152588e-01
2.777922898530960083e-02
1.099895760416984558e-01
2.845175862312316895e-01
1.648349761962890625e-01
-1.195265531539916992e+00
-6.354203820228576660e-02
6.016623973846435547e-01
4.604031443595886230e-01
1.591339111328125000e-01
7.177107930183410645e-01
-2.739252150058746338e-01
-9.234753847122192383e-01
1.248982787132263184e+00
3.015161156654357910e-01
4.617746770381927490e-01
1.409459207206964493e-02
7.935970090329647064e-03
-4.136770367622375488e-01
8.498623967170715332e-01
3.734793066978454590e-01
-4.445279836654663086e-01
4.449743926525115967e-01
-4.627400934696197510e-01
-7.137552499771118164e-01
3.919116407632827759e-02
5.905582308769226074e-01
4.708929359912872314e-01
-1.532748639583587646e-01
-5.580983757972717285e-01
6.812011003494262695e-01
8.317297101020812988e-01
3.764417171478271484e-01
5.406035780906677246e-01
8.623665571212768555e-01
-5.523246526718139648e-02
-2.023183107376098633e-01
-5.779584646224975586e-01
-8.568235486745834351e-02
2.311346232891082764e-01
2.210861258208751678e-02
2.111484557390213013e-01
-2.540130019187927246e-01
-5.238724946975708008e-01
5.123931169509887695e-01
-1.136818379163742065e-01
3.077495098114013672e-01
2.332693934440612793e-01
-3.631809949874877930e-01
-5.765262246131896973e-02
-2.720111012458801270e-01
1.100566610693931580e-01
-3.254766017198562622e-02
2.539967894554138184e-01
2.902597188949584961e+00
3.583418428897857666e-01
5.220178514719009399e-02
4.214712232351303101e-02
-3.458312451839447021e-01
-1.017965078353881836e+00
-1.385740280151367188e+00
5.514715909957885742e-01
-1.347714662551879883e-01
-8.305130153894424438e-02
2.446008026599884033e-01
5.436201691627502441e-01
-8.032684028148651123e-02
1.421410292387008667e-01
-1.874492615461349487e-01
2.175271958112716675e-01
5.787550657987594604e-02
2.696012556552886963e-01
-7.191384434700012207e-01
-4.033071696758270264e-01
-2.339319884777069092e-01
-1.313637256622314453e+00
-1.416447311639785767e-01
1.529235839843750000e+00
3.111066222190856934e-01
2.473576366901397705e-01
4.623852372169494629e-01
4.486384987831115723e-01
-1.679993420839309692e-01
-1.615296350792050362e-03
5.347168445587158203e-01
-2.387046664953231812e-01
-3.068789243698120117e-01
-6.637052446603775024e-02
-4.084244966506958008e-01
3.477219641208648682e-01
-4.875609278678894043e-01
3.100721836090087891e-01
2.792745828628540039e-01
6.047168970108032227e-01
3.977566361427307129e-01
3.360877335071563721e-01
-2.468147128820419312e-01
5.404857993125915527e-01
-1.039728999137878418e+00
1.425790637731552124e-01
9.450849145650863647e-02
3.216784596443176270e-01
5.503560900688171387e-01
-7.535495758056640625e-01
-2.927989959716796875e-01
3.502607047557830811e-01
1.506040804088115692e-02
-4.541133046150207520e-01
-2.871210873126983643e-01
-5.288618803024291992e-01
-3.920750916004180908e-01
1.899352967739105225e-01
-3.940397202968597412e-01
1.636912524700164795e-01
2.718217968940734863e-01
-8.313453942537307739e-02
-8.862186968326568604e-02
3.269599378108978271e-01
1.600237190723419189e-01
-8.022212982177734375e-01
-6.476792097091674805e-01
6.556142568588256836e-01
-5.246270895004272461e-01
2.816266715526580811e-01
-2.108455449342727661e-01
3.105045258998870850e-01
5.759253501892089844e-01
-2.091214805841445923e-01
2.778264284133911133e+00
1.202663779258728027e+00
-5.888732671737670898e-01
4.023663327097892761e-02
8.275833725929260254e-01
-1.260005950927734375e+00
1.017285704612731934e+00
-2.311193197965621948e-01
8.799884319305419922e-01
-5.406533926725387573e-02
-7.960767745971679688e-01
-8.308144807815551758e-01
2.060117572546005249e-01
-1.781363338232040405e-01
-1.102526485919952393e-01
2.913050055503845215e-01
5.506564676761627197e-02
4.898236393928527832e-01
-1.094125062227249146e-01
8.271589875221252441e-01
3.534681797027587891e-01
1.008131727576255798e-01
-2.988424897193908691e-01
4.995942711830139160e-01
1.376974105834960938e+00
3.532864153385162354e-01
6.802968978881835938e-01
-3.274678885936737061e-01
6.540713459253311157e-02
3.565940558910369873e-01
2.443338185548782349e-01
1.386280357837677002e-01
2.330652624368667603e-02
-1.571310520172119141e+00
1.009342297911643982e-01
-1.190259307622909546e-01
-3.524266183376312256e-01
1.194037869572639465e-01
-5.625588297843933105e-01
2.923892140388488770e-01
1.871271878480911255e-01
-7.000591754913330078e-01
-2.192358821630477905e-01
4.167977571487426758e-01
-1.127263307571411133e+00
7.793957740068435669e-02
5.591988563537597656e-01
1.397990137338638306e-01
-8.510670065879821777e-02
3.154570162296295166e-01
4.678204357624053955e-01
1.212762445211410522e-01
-1.214098811149597168e+00
-6.216176748275756836e-01
1.150733590126037598e+00
-4.636639654636383057e-01
-2.675385475158691406e-01
1.961199343204498291e-01
2.891735136508941650e-01
4.184816181659698486e-01
-1.600322723388671875e-01
-3.880252242088317871e-01
6.558076739311218262e-01
-1.250857859849929810e-01
7.550959289073944092e-02
-1.131776422262191772e-01
-3.505915701389312744e-01
2.242402136325836182e-01
1.351839303970336914e-01
-4.584375917911529541e-01
-2.168287932872772217e-01
-9.146396070718765259e-02
5.023224353790283203e-01
-6.266054511070251465e-02
-1.012813597917556763e-01
-3.836852014064788818e-01
-9.536836296319961548e-02
-1.625326275825500488e-01
