4.722058400511741638e-02
-6.002709269523620605e-02
-4.104883968830108643e-01
4.780587181448936462e-02
-8.218702673912048340e-01
1.790550798177719116e-01
5.117235332727432251e-02
1.919172555208206177e-01
8.122070878744125366e-02
-3.077130317687988281e-01
2.947687506675720215e-01
-1.982107609510421753e-01
-1.212162431329488754e-02
-9.389104694128036499e-02
-2.607874274253845215e-01
-6.023078784346580505e-02
-3.444104641675949097e-02
1.322204023599624634e-01
-8.065598607063293457e-01
1.412533521652221680e-01
-1.951975226402282715e-01
-1.142727017402648926e+00
1.218266367912292480e+00
-9.790589809417724609e-01
1.522013545036315918e-01
-2.538685798645019531e-01
-1.761682033538818359e-01
4.869579970836639404e-01
-1.229348897933959961e+00
5.355665087699890137e-01
-6.293374896049499512e-01
2.767665088176727295e-01
-2.884664237499237061e-01
-2.896794378757476807e-01
5.040189027786254883e-01
-7.893699407577514648e-01
1.225551843643188477e+00
-4.459912888705730438e-03
2.447227239608764648e-01
-8.915054202079772949e-01
1.241718292236328125e+00
4.028841853141784668e-01
2.884540557861328125e-01
-2.933157607913017273e-02
-1.602598428726196289e-01
-4.654692709445953369e-01
1.620021909475326538e-01
7.778519988059997559e-01
-2.820377588272094727e+00
4.767986536026000977e-01
6.173110604286193848e-01
-7.885485291481018066e-01
-4.516822397708892822e-01
-5.466990470886230469e-01
7.512881606817245483e-02
-1.209311410784721375e-01
-5.047093033790588379e-01
7.944235205650329590e-01
2.437117546796798706e-01
-4.725275635719299316e-01
1.275179386138916016e+00
6.497671604156494141e-01
5.325384736061096191e-01
-6.391287595033645630e-02
-3.303375244140625000e-01
1.931216865777969360e-01
-1.287091225385665894e-01
1.879451125860214233e-01
-1.302959471940994263e-01
-7.625020574778318405e-03
-5.612698793411254883e-01
-4.619810879230499268e-01
6.746623516082763672e-01
-7.343125343322753906e-02
6.080583930015563965e-01
3.781590759754180908e-01
2.313861250877380371e-02
-4.474684894084930420e-01
-6.769365072250366211e-01
2.078348994255065918e-01
-2.447900623083114624e-01
2.775815129280090332e-01
3.788349628448486328e-01
-1.563439369201660156e-01
4.371315538883209229e-01
-3.862012624740600586e-01
-5.628437995910644531e-01
3.676958382129669189e-01
-1.882500767707824707e+00
3.086751103401184082e-01
3.277950882911682129e-01
9.567350894212722778e-02
-9.667199105024337769e-02
-3.003578186035156250e-01
4.538232982158660889e-01
-2.360339313745498657e-01
4.334985092282295227e-02
1.183252409100532532e-02
-1.938778534531593323e-02
-1.308662593364715576e-01
6.071526408195495605e-01
6.754130125045776367e-01
-1.655691266059875488e-01
4.524990618228912354e-01
2.774770855903625488e-01
-8.814645558595657349e-02
3.050414025783538818e-01
-8.199305832386016846e-02
-2.007003426551818848e-01
-2.191781699657440186e-01
1.727879792451858521e-01
4.537957310676574707e-01
1.145041465759277344e+00
-1.283689737319946289e-01
2.434104084968566895e-01
-1.396990418434143066e+00
1.969980895519256592e-01
8.446851372718811035e-01
-3.731690347194671631e-02
6.776819825172424316e-01
-8.049296736717224121e-01
-2.152793556451797485e-01
-3.204526007175445557e-02
-1.549322754144668579e-01
2.875097095966339111e-01
-6.832579374313354492e-01
-6.440238952636718750e-01
5.578060746192932129e-01
-1.914819926023483276e-01
4.663401544094085693e-01
2.575791180133819580e-01
-3.116889894008636475e-01
-1.552108973264694214e-01
2.823050916194915771e-01
-1.961797922849655151e-01
-9.283047914505004883e-02
6.266098469495773315e-02
2.860027253627777100e-01
-2.434107512235641479e-01
-1.765757799148559570e-01
6.538908481597900391e-01
-2.005785256624221802e-01
2.343703806400299072e-01
-1.373194307088851929e-01
7.318478226661682129e-01
3.186770379543304443e-01
6.806747317314147949e-01
-2.168704271316528320e-01
3.103945553302764893e-01
5.116363167762756348e-01
-2.326244860887527466e-01
-7.202250957489013672e+00
1.202215701341629028e-01
3.551441431045532227e-01
4.698568880558013916e-01
-4.267061650753021240e-01
6.155306845903396606e-02
4.989047348499298096e-01
2.175139933824539185e-01
4.180057048797607422e-01
-9.146166443824768066e-01
4.398354142904281616e-02
1.654544770717620850e-01
4.296205937862396240e-01
-2.870513498783111572e-01
-1.567431330680847168e+00
-4.567979872226715088e-01
3.020509243011474609e+00
-1.077530622482299805e+00
3.479495942592620850e-01
-1.485429108142852783e-01
8.435837626457214355e-01
4.167090654373168945e-01
-1.415327042341232300e-01
1.388692498207092285e+00
6.313338875770568848e-01
-1.910257101058959961e+00
5.558872967958450317e-02
-4.556467533111572266e-01
-4.589357376098632812e-01
-1.150874137878417969e+00
-1.608400702476501465e+00
4.132772088050842285e-01
-6.236742138862609863e-01
3.818685114383697510e-01
-3.756722211837768555e-01
-6.747366189956665039e-01
-7.032706141471862793e-01
7.227731347084045410e-01
1.765093207359313965e-01
-1.330018490552902222e-01
5.707781314849853516e-01
1.904422163963317871e+00
2.682601213455200195e-01
6.589839458465576172e-01
4.608359634876251221e-01
1.448723524808883667e-01
5.011878442019224167e-03
-7.623968273401260376e-02
-6.726071238517761230e-01
-1.647401303052902222e-01
8.419406414031982422e-02
-5.187498927116394043e-01
4.416941478848457336e-02
3.482086360454559326e-01
3.741796016693115234e-01
-7.895570397377014160e-01
-1.311034798622131348e+00
9.779127836227416992e-01
2.743079662322998047e-01
-5.414745211601257324e-01
1.926911771297454834e-01
-1.241903901100158691e-01
1.059885472059249878e-01
-1.049388170242309570e+00
-5.682862401008605957e-01
4.354202747344970703e-01
1.294573843479156494e-01
-7.156640291213989258e-02
5.199012532830238342e-02
7.992827147245407104e-02
9.653608202934265137e-01
-6.847009658813476562e-01
4.583586156368255615e-01
-1.085041761398315430e+00
3.974285442382097244e-03
-6.117783784866333008e-01
5.617823004722595215e-01
1.513023972511291504e-01
1.340428441762924194e-01
-5.305576324462890625e-01
6.309510469436645508e-01
-2.162155956029891968e-01
-3.042567148804664612e-02
-1.038749292492866516e-01
-4.195381104946136475e-01
-7.423532754182815552e-02
-9.383659362792968750e-01
4.683022499084472656e-01
-7.806298732757568359e-01
-4.541370552033185959e-03
4.371339082717895508e-01
-2.805942669510841370e-02
2.215209901332855225e-01
-1.758092790842056274e-01
4.649606645107269287e-01
3.642191737890243530e-02
-2.172737419605255127e-01
-3.220290839672088623e-01
-1.398233622312545776e-01
4.370987117290496826e-01
3.548656105995178223e-01
-2.178216278553009033e-01
1.971200257539749146e-01
4.123485088348388672e-01
6.164212822914123535e-01
2.278183102607727051e-01
1.195668950676918030e-01
-2.724133133888244629e-01
7.977495789527893066e-01
4.885170608758926392e-02
5.408352240920066833e-02
7.260034084320068359e-01
2.785659730434417725e-01
2.316659241914749146e-01
-9.976511597633361816e-01
1.314201116561889648e+00
2.217853367328643799e-01
-7.642717100679874420e-03
-3.129173815250396729e-01
-1.931304186582565308e-01
-5.859501957893371582e-01
-7.674558162689208984e-01
4.911715537309646606e-02
-6.521251052618026733e-02
-1.987306214869022369e-02
3.935427591204643250e-02
-3.935484588146209717e-01
1.901995986700057983e-01
-5.278757214546203613e-01
3.627041578292846680e-01
-2.426085248589515686e-02
6.217998862266540527e-01
2.223767280578613281e+00
-2.509562671184539795e-01
5.490213036537170410e-01
-4.512303471565246582e-01
1.638323307037353516e+00
-4.912127971649169922e+00
4.389134347438812256e-01
-3.489420711994171143e-01
6.668046712875366211e-01
-2.462352037429809570e+00
1.414120793342590332e-01
5.078773498535156250e-01
-2.784632742404937744e-01
3.324868679046630859e-01
3.836358785629272461e-01
1.263634800910949707e+00
-2.626533508300781250e-01
2.989405989646911621e-01
-3.164890110492706299e-01
4.184064269065856934e-01
-3.711892291903495789e-02
2.942088618874549866e-02
2.615650370717048645e-02
1.434374451637268066e-01
3.379997611045837402e-01
-2.507838010787963867e-01
3.865637481212615967e-01
9.050027728080749512e-01
1.002880454063415527e+00
-3.833822011947631836e-01
3.661216497421264648e-01
4.761891365051269531e-01
5.576138943433761597e-02
4.699021950364112854e-02
-6.237170696258544922e-01
-1.510993540287017822e-01
3.701087534427642822e-01
-4.206673502922058105e-01
3.537824153900146484e-01
-6.324740052223205566e-01
-3.592942953109741211e+00
3.955268859863281250e-01
-9.559599310159683228e-02
3.015370480716228485e-02
8.116250634193420410e-01
1.670356392860412598e+00
5.899320840835571289e-01
-2.146209239959716797e+00
1.550171375274658203e-01
-4.428670406341552734e-01
6.910804510116577148e-01
-1.592482209205627441e+00
3.179106116294860840e-01
-7.148111704736948013e-03
3.262309730052947998e-01
1.357477456331253052e-01
7.718908786773681641e-01
4.885672330856323242e-01
-3.978730440139770508e-01
-2.090223431587219238e-01
-5.935968756675720215e-01
1.309440612792968750e+00
-3.341232836246490479e-01
-2.275803536176681519e-01
2.206275165081024170e-01
3.027894496917724609e-01
4.934046566486358643e-01
-6.143437325954437256e-02
-3.229938745498657227e-01
3.594337403774261475e-01
-3.767848312854766846e-01
1.106633916497230530e-01
-7.988332211971282959e-02
-2.066923230886459351e-01
2.747279405593872070e-01
2.670130431652069092e-01
-2.098149806261062622e-01
-2.930263876914978027e-01
-1.461390554904937744e-01
1.313420832157135010e-01
-5.434148907661437988e-01
4.018620774149894714e-02
-1.005190014839172363e+00
-2.618262358009815216e-02
-1.268530011177062988e+00
