3.525250852108001709e-01
-1.272720694541931152e-01
-1.791889369487762451e-01
1.487783342599868774e-01
-1.571806669235229492e-01
6.543066501617431641e-01
-8.311378210783004761e-02
-4.656322672963142395e-02
2.509358339011669159e-02
-1.324651241302490234e-01
2.066021561622619629e-01
-2.965207099914550781e-01
-7.461865991353988647e-02
5.050691589713096619e-02
-2.032984793186187744e-01
-7.413350790739059448e-02
2.189431637525558472e-01
-2.632100582122802734e-01
3.432341217994689941e-01
1.295827180147171021e-01
-3.791756033897399902e-01
-7.931539416313171387e-01
1.003074884414672852e+00
-1.002424240112304688e+00
4.962672591209411621e-01
-1.304810047149658203e-01
-4.978886842727661133e-01
2.812252044677734375e-01
-2.431157678365707397e-01
6.091123819351196289e-01
-6.175435781478881836e-01
3.292395174503326416e-01
-1.944788098335266113e-01
-2.184920907020568848e-01
1.530946940183639526e-01
-6.157085895538330078e-01
1.631012201309204102e+00
-1.618490740656852722e-02
3.674301877617835999e-02
-9.709554910659790039e-01
1.613615870475769043e+00
5.885935425758361816e-01
7.080324888229370117e-01
-1.943290978670120239e-01
3.754400089383125305e-02
-7.489508390426635742e-02
7.781414985656738281e-01
6.198788061738014221e-02
-2.099515199661254883e+00
1.810742169618606567e-01
-4.629303812980651855e-01
2.364004850387573242e-01
9.767429530620574951e-02
-6.280378699302673340e-01
6.374990195035934448e-02
3.650481626391410828e-02
4.571474194526672363e-01
-7.796297073364257812e-01
5.881302952766418457e-01
-2.436445951461791992e-01
5.008364319801330566e-01
1.743760108947753906e-01
5.936402082443237305e-01
-8.045867085456848145e-02
-4.609313905239105225e-01
1.357096731662750244e-01
-3.013429231941699982e-02
1.331015080213546753e-01
-2.615477442741394043e-01
8.376069366931915283e-02
-5.680586099624633789e-01
-4.172509610652923584e-01
4.089916348457336426e-01
-3.128858283162117004e-02
7.221853733062744141e-01
3.456577956676483154e-01
-1.053944943123497069e-04
-5.253722667694091797e-01
1.235625073313713074e-01
9.859133511781692505e-02
-1.860315948724746704e-01
4.379769563674926758e-01
3.490923941135406494e-01
7.431712746620178223e-02
6.102184057235717773e-01
-4.406552314758300781e-01
-7.094362378120422363e-01
5.612402558326721191e-01
-1.658672571182250977e+00
8.020039796829223633e-01
-4.191788434982299805e-01
8.384130001068115234e-01
-3.020572364330291748e-01
-3.252151608467102051e-01
1.912879049777984619e-01
4.579859972000122070e-02
2.289566516876220703e+00
-1.442450881004333496e+00
-4.699079096317291260e-01
1.357123553752899170e-01
1.437497377395629883e+00
3.758430853486061096e-02
-1.049823522567749023e+00
5.809779763221740723e-01
-2.460910975933074951e-01
-2.480316311120986938e-01
1.583075225353240967e-01
3.382646292448043823e-02
-6.613960266113281250e-01
-1.886115074157714844e-01
2.210601270198822021e-01
-4.055411815643310547e-01
9.551834315061569214e-02
-1.027625083923339844e+00
2.969886064529418945e-01
1.975850313901901245e-01
6.813213229179382324e-02
1.870481967926025391e-01
-7.011060714721679688e-01
1.664800941944122314e-01
-5.102245211601257324e-01
-5.232674479484558105e-01
5.068354010581970215e-01
-1.344952136278152466e-01
2.590333521366119385e-01
-2.766913175582885742e-01
-5.642132759094238281e-01
4.792693257331848145e-01
-2.987767755985260010e-01
3.736720979213714600e-01
2.094400078058242798e-01
-3.263006210327148438e-01
2.687651813030242920e-01
4.322321414947509766e-01
-3.752954900264739990e-01
-1.907497346401214600e-01
2.696793079376220703e-01
4.651624858379364014e-01
-4.052419066429138184e-01
-2.094486206769943237e-01
5.745140910148620605e-01
-1.891158074140548706e-01
-1.271634817123413086e+00
-4.197994768619537354e-01
-1.781242936849594116e-01
3.023784160614013672e-01
4.926954805850982666e-01
-2.032488286495208740e-01
-8.700349926948547363e-02
3.744276165962219238e-01
-8.639468997716903687e-02
-1.846555590629577637e+00
-4.558602347970008850e-02
-2.464830428361892700e-01
4.926994740962982178e-01
1.375275611877441406e+00
1.305796951055526733e-02
4.383843392133712769e-02
-5.063498616218566895e-01
1.931798309087753296e-01
-8.059334158897399902e-01
-7.785727083683013916e-02
6.778101325035095215e-01
3.863892853260040283e-01
-3.934245929121971130e-02
-6.200990080833435059e-01
1.567554771900177002e-01
-1.252304315567016602e+00
3.799780011177062988e-01
5.648328661918640137e-01
2.037447392940521240e-01
1.024833440780639648e+00
4.821864366531372070e-01
-5.416836738586425781e-01
-1.300740003585815430e+00
-6.560555100440979004e-01
5.729427933692932129e-01
4.510347247123718262e-01
-3.827264308929443359e-01
-1.512546688318252563e-01
2.249390259385108948e-02
1.067162156105041504e+00
4.043265581130981445e-01
-1.650734841823577881e-01
4.609289765357971191e-01
-4.717651307582855225e-01
-7.158530354499816895e-01
2.567273676395416260e-01
6.078588366508483887e-01
3.821761310100555420e-01
-5.992116406559944153e-02
-5.984519049525260925e-02
7.029750943183898926e-01
9.701538681983947754e-01
3.190124034881591797e-01
5.593987703323364258e-01
2.333017140626907349e-01
-7.209161669015884399e-02
-1.857941150665283203e-01
-6.352197527885437012e-01
-6.946432590484619141e-02
3.599629998207092285e-01
-2.151889801025390625e-01
1.716113239526748657e-01
-1.217633038759231567e-01
-8.604510128498077393e-02
7.838560938835144043e-01
2.313646376132965088e-01
3.633882105350494385e-02
2.320287674665451050e-01
-3.157180249691009521e-01
3.036009967327117920e-01
-1.008341684937477112e-01
1.226302683353424072e-01
2.723491005599498749e-02
7.671523690223693848e-01
5.048695206642150879e-01
3.525007963180541992e-01
1.761776357889175415e-01
1.434715688228607178e-01
-1.773355007171630859e-01
-7.593966126441955566e-01
-1.083714127540588379e+00
-5.585650801658630371e-01
5.514540523290634155e-02
-3.071217536926269531e-01
6.555454730987548828e-01
6.736170053482055664e-01
3.153904527425765991e-02
1.984004825353622437e-01
-6.308997273445129395e-01
1.989285796880722046e-01
-7.623387575149536133e-01
-8.527460694313049316e-02
-7.638500332832336426e-01
4.057561978697776794e-02
-1.175704076886177063e-01
-6.604050397872924805e-01
-3.427956104278564453e-01
2.104584425687789917e-01
3.562617003917694092e-01
3.132196366786956787e-01
6.580650210380554199e-01
5.127702355384826660e-01
-1.259299814701080322e-01
-5.703921988606452942e-02
6.299325227737426758e-01
-1.970452070236206055e-01
-3.110017776489257812e-01
-1.663488000631332397e-01
-8.608688414096832275e-02
4.379511177539825439e-01
4.750245809555053711e-02
5.045030638575553894e-02
4.973148703575134277e-01
6.551281213760375977e-01
2.302727550268173218e-01
5.352477431297302246e-01
-2.343372702598571777e-01
5.924150943756103516e-01
-3.043348491191864014e-01
3.038743734359741211e-01
1.799980401992797852e-01
2.224944382905960083e-01
6.288563609123229980e-01
-7.733830809593200684e-01
-8.630807995796203613e-01
2.558467090129852295e-01
4.923767969012260437e-02
-5.415006875991821289e-01
-4.802763760089874268e-01
-3.618694841861724854e-01
-3.966069221496582031e-01
-2.199996262788772583e-01
-3.595426678657531738e-01
5.178984999656677246e-01
3.439279496669769287e-01
-4.984936118125915527e-01
-1.190041601657867432e-01
1.584345698356628418e-01
6.603416800498962402e-01
-6.246916055679321289e-01
-1.355618685483932495e-01
1.965774893760681152e+00
-6.710965186357498169e-02
5.217363834381103516e-01
-1.120566651225090027e-01
1.191373541951179504e-01
7.874423861503601074e-01
2.186580300331115723e-01
1.800195574760437012e+00
9.046085476875305176e-01
-6.432543396949768066e-01
4.108788073062896729e-02
9.470099210739135742e-01
-7.457400560379028320e-01
8.557775616645812988e-01
-2.735016345977783203e-01
7.016392946243286133e-01
-4.159150123596191406e-01
3.580594360828399658e-01
-7.816380858421325684e-01
2.883354425430297852e-01
-5.852233991026878357e-02
-9.689850360155105591e-02
3.308389335870742798e-02
2.025238275527954102e-01
1.424476057291030884e-01
-1.791237294673919678e-01
2.983217835426330566e-01
4.526137113571166992e-01
7.215933203697204590e-01
-3.051584064960479736e-01
6.721102595329284668e-01
1.331310749053955078e+00
2.648743093013763428e-01
6.819416880607604980e-01
-6.633766293525695801e-01
7.805228233337402344e-02
3.968098163604736328e-01
3.124732673168182373e-01
2.069985717535018921e-01
-3.794820606708526611e-01
-1.284936785697937012e+00
-1.363555155694484711e-02
-5.567488670349121094e-01
-3.638422787189483643e-01
-3.124028742313385010e-01
1.521359831094741821e-01
3.984869718551635742e-01
1.218783855438232422e+00
-8.346628546714782715e-01
-2.853363752365112305e-01
4.972305297851562500e-01
-4.986042976379394531e-01
-3.726365566253662109e-01
6.451854109764099121e-01
8.176055550575256348e-02
-1.285990178585052490e-01
1.553793996572494507e-01
2.151895910501480103e-01
1.513362526893615723e-01
-1.178669452667236328e+00
-6.305747032165527344e-01
1.141354203224182129e+00
-4.977177083492279053e-01
-3.031062483787536621e-01
3.296088874340057373e-01
2.765236198902130127e-01
6.561478972434997559e-01
1.967200636863708496e-01
-2.355407625436782837e-01
5.953078866004943848e-01
5.964837223291397095e-02
8.495030924677848816e-04
-2.467974554747343063e-03
-2.144010961055755615e-01
1.913921684026718140e-01
4.970823600888252258e-02
-4.564910531044006348e-01
-3.164270818233489990e-01
-2.016746699810028076e-01
4.677879512310028076e-01
-1.819745749235153198e-01
-1.553009450435638428e-01
-4.962341487407684326e-01
-9.586851298809051514e-02
-3.068071901798248291e-01
