2.960130572319030762e-01
-1.467076689004898071e-01
-2.008871287107467651e-01
1.255245208740234375e-01
-1.281366497278213501e-01
5.610382556915283203e-01
-6.826654076576232910e-02
-5.207961052656173706e-02
2.678712271153926849e-02
-1.275152564048767090e-01
1.886333376169204712e-01
-4.064820706844329834e-01
-9.414453804492950439e-02
6.006613001227378845e-02
-2.222311198711395264e-01
-5.570404976606369019e-02
2.323820590972900391e-01
-2.248212099075317383e-01
-9.209941141307353973e-03
1.548052132129669189e-01
-3.815023899078369141e-01
-7.821228504180908203e-01
1.058842182159423828e+00
-1.015164017677307129e+00
4.946743845939636230e-01
-1.232004836201667786e-01
-5.404724478721618652e-01
3.290206193923950195e-01
-2.262656986713409424e-01
5.881621241569519043e-01
-6.051320433616638184e-01
3.366091847419738770e-01
-2.076297700405120850e-01
-2.059779167175292969e-01
1.598540395498275757e-01
-5.928947329521179199e-01
1.589309930801391602e+00
2.167970873415470123e-03
6.348095089197158813e-02
-9.328421354293823242e-01
1.591980934143066406e+00
5.907342433929443359e-01
7.193528413772583008e-01
-2.482252866029739380e-01
2.465018816292285919e-02
-5.655540153384208679e-02
7.884206771850585938e-01
3.274230286478996277e-02
-2.314640522003173828e+00
2.134781330823898315e-01
-4.998987317085266113e-01
1.824786961078643799e-01
4.938821494579315186e-02
-7.002749443054199219e-01
-8.573913946747779846e-03
1.340753026306629181e-02
4.746115803718566895e-01
-8.204119801521301270e-01
5.368070006370544434e-01
-2.193657755851745605e-01
4.287292063236236572e-01
2.177738696336746216e-01
6.007348299026489258e-01
-7.386413216590881348e-02
-4.069316685199737549e-01
1.388637572526931763e-01
-9.150681644678115845e-02
1.159055531024932861e-01
-2.685500085353851318e-01
6.903175264596939087e-02
-5.597284436225891113e-01
-4.239939153194427490e-01
4.461648464202880859e-01
-4.500762000679969788e-02
7.251225709915161133e-01
3.626682460308074951e-01
-3.795821918174624443e-03
-5.328301787376403809e-01
1.780821382999420166e-01
1.225031018257141113e-01
-2.013470381498336792e-01
4.553943276405334473e-01
3.389133512973785400e-01
2.694565616548061371e-02
6.057949066162109375e-01
-4.095344543457031250e-01
-6.423535346984863281e-01
5.890756249427795410e-01
-1.411151409149169922e+00
7.645017504692077637e-01
-4.226536154747009277e-01
7.208796739578247070e-01
-2.807267904281616211e-01
-3.129484951496124268e-01
2.331440448760986328e-01
1.082983911037445068e-01
2.214233160018920898e+00
-1.425424456596374512e+00
-4.818126857280731201e-01
1.281886547803878784e-01
1.329137444496154785e+00
1.307067275047302246e-01
-9.409021735191345215e-01
5.826389193534851074e-01
-2.748271524906158447e-01
-1.850542128086090088e-01
1.195906177163124084e-01
2.340638451278209686e-02
-7.252394556999206543e-01
-1.687061041593551636e-01
2.169282734394073486e-01
-3.962842822074890137e-01
1.341133862733840942e-01
-1.036384463310241699e+00
2.897244691848754883e-01
2.293577939271926880e-01
7.396709918975830078e-02
2.517033815383911133e-01
-8.741115927696228027e-01
1.777127683162689209e-01
-5.322831273078918457e-01
-5.002695918083190918e-01
5.328671336174011230e-01
-1.350132524967193604e-01
2.692728638648986816e-01
-2.807815074920654297e-01
-5.680401921272277832e-01
4.828681051731109619e-01
-3.092500567436218262e-01
3.806005418300628662e-01
1.748847663402557373e-01
-3.190698623657226562e-01
2.272263765335083008e-01
4.354334473609924316e-01
-3.531656861305236816e-01
-1.795366257429122925e-01
2.725178897380828857e-01
4.859624505043029785e-01
-3.932285010814666748e-01
-2.165669500827789307e-01
5.779125094413757324e-01
-1.922805756330490112e-01
-1.664608597755432129e+00
-3.741416335105895996e-01
-2.378776967525482178e-01
3.504276275634765625e-01
4.763408601284027100e-01
-2.203390151262283325e-01
-1.543898731470108032e-01
3.779305815696716309e-01
-1.168437600135803223e-01
-1.872275471687316895e+00
-3.650766983628273010e-02
-2.041066586971282959e-01
5.040276646614074707e-01
1.370194077491760254e+00
3.272004425525665283e-02
9.172677993774414062e-02
-6.417442560195922852e-01
1.754121333360671997e-01
-8.184400200843811035e-01
-4.874505475163459778e-02
6.970635056495666504e-01
4.132643043994903564e-01
-4.453382268548011780e-02
-5.131783485412597656e-01
1.473525166511535645e-01
-1.290835142135620117e+00
3.460997641086578369e-01
5.613946914672851562e-01
2.185713797807693481e-01
9.694485664367675781e-01
4.829674065113067627e-01
-5.264122486114501953e-01
-1.269955277442932129e+00
-7.162520289421081543e-01
4.831290841102600098e-01
4.466039240360260010e-01
-4.173704385757446289e-01
-1.251115202903747559e-01
4.412532225251197815e-02
1.056717634201049805e+00
4.034847021102905273e-01
-1.463555097579956055e-01
4.629806280136108398e-01
-4.738349914550781250e-01
-7.193329334259033203e-01
2.743264138698577881e-01
6.079456210136413574e-01
3.811425566673278809e-01
-6.007913500070571899e-02
-6.204899773001670837e-02
7.054549455642700195e-01
9.730473756790161133e-01
3.040016889572143555e-01
5.634942650794982910e-01
2.273920178413391113e-01
-7.411051541566848755e-02
-1.839686036109924316e-01
-6.317451000213623047e-01
-6.739930063486099243e-02
3.632106781005859375e-01
-2.379342764616012573e-01
1.537436246871948242e-01
-7.694255560636520386e-02
-3.938416484743356705e-03
7.962543964385986328e-01
2.772671282291412354e-01
8.216078579425811768e-02
2.325123399496078491e-01
-3.251136541366577148e-01
3.812666535377502441e-01
-1.248012483119964600e-01
9.796188026666641235e-02
-8.830635808408260345e-03
7.599481344223022461e-01
4.107653498649597168e-01
3.487168550491333008e-01
1.880694031715393066e-01
1.512655317783355713e-01
-1.444238424301147461e-01
-7.554185986518859863e-01
-1.120381712913513184e+00
-5.820581316947937012e-01
-6.466918159276247025e-03
-2.324930578470230103e-01
6.084846258163452148e-01
6.669645309448242188e-01
1.119565442204475403e-01
1.624972224235534668e-01
-6.093748807907104492e-01
2.338156998157501221e-01
-7.933112382888793945e-01
-8.050759881734848022e-02
-7.733888626098632812e-01
-3.642987087368965149e-02
-1.415332704782485962e-01
-7.119217514991760254e-01
-4.000492393970489502e-01
3.711516261100769043e-01
4.022144377231597900e-01
3.089646100997924805e-01
6.599614024162292480e-01
5.168591141700744629e-01
-1.282197386026382446e-01
-2.751357667148113251e-02
6.238440871238708496e-01
-1.550141572952270508e-01
-3.097925484180450439e-01
-1.716167479753494263e-01
-1.098139733076095581e-01
5.652629733085632324e-01
-6.277270615100860596e-03
7.768242806196212769e-02
4.644683897495269775e-01
6.542285084724426270e-01
2.312460988759994507e-01
5.011420845985412598e-01
-2.352890074253082275e-01
5.652261376380920410e-01
-2.877339720726013184e-01
2.546188235282897949e-01
1.707202494144439697e-01
2.200025618076324463e-01
6.710864901542663574e-01
-7.330616712570190430e-01
-8.623831272125244141e-01
3.273343145847320557e-01
-3.066180972382426262e-03
-5.596638321876525879e-01
-4.545857310295104980e-01
-3.955327868461608887e-01
-4.731003046035766602e-01
-2.107154130935668945e-01
-3.648821711540222168e-01
4.362540543079376221e-01
3.044506311416625977e-01
-5.279578566551208496e-01
-1.123372390866279602e-01
4.346050620079040527e-01
5.963591933250427246e-01
-6.549755930900573730e-01
-9.918390959501266479e-02
2.185642957687377930e+00
-8.188133686780929565e-02
5.831812620162963867e-01
-1.392211318016052246e-01
1.394021064043045044e-01
7.689372897148132324e-01
2.634491026401519775e-01
1.865078806877136230e+00
9.517365694046020508e-01
-8.494582176208496094e-01
3.529513999819755554e-02
9.634304642677307129e-01
-7.446579933166503906e-01
8.301536440849304199e-01
-2.659274041652679443e-01
6.813848614692687988e-01
-4.089676141738891602e-01
3.303878903388977051e-01
-7.994382977485656738e-01
2.603032886981964111e-01
-5.860777199268341064e-02
-5.937402695417404175e-02
2.982951886951923370e-02
2.181933671236038208e-01
1.504418551921844482e-01
-1.479122787714004517e-01
2.771354317665100098e-01
4.638530611991882324e-01
5.830619335174560547e-01
-2.914952933788299561e-01
7.479031682014465332e-01
1.338103055953979492e+00
2.674342691898345947e-01
6.879303455352783203e-01
-6.963809132575988770e-01
1.078579053282737732e-01
3.926212489604949951e-01
3.034472763538360596e-01
1.890282928943634033e-01
-3.309916853904724121e-01
-1.489086985588073730e+00
-3.376594930887222290e-02
-5.753066539764404297e-01
-3.426127135753631592e-01
-2.779753506183624268e-01
1.363695114850997925e-01
3.699781000614166260e-01
1.250348448753356934e+00
-7.599722146987915039e-01
-3.032139241695404053e-01
4.900322854518890381e-01
-5.024340748786926270e-01
-3.422955572605133057e-01
6.212202310562133789e-01
6.020978838205337524e-02
-1.170643046498298645e-01
1.758552342653274536e-01
2.468871325254440308e-01
1.345802098512649536e-01
-1.077726244926452637e+00
-6.672295331954956055e-01
1.190467715263366699e+00
-5.104147791862487793e-01
-3.004343509674072266e-01
3.472147881984710693e-01
2.727413773536682129e-01
6.258146762847900391e-01
2.040430605411529541e-01
-2.143732756376266479e-01
5.900033116340637207e-01
2.438435517251491547e-02
8.835500106215476990e-03
5.097344517707824707e-02
-1.965847313404083252e-01
1.936312317848205566e-01
4.523519054055213928e-02
-4.792124629020690918e-01
-2.544772922992706299e-01
-1.631770133972167969e-01
4.556744992733001709e-01
-1.778036653995513916e-01
-1.766640096902847290e-01
-4.760520458221435547e-01
-9.870630502700805664e-02
-3.189234733581542969e-01
