6.169286370277404785e-02
-1.721727699041366577e-01
-2.495877593755722046e-01
-2.309308014810085297e-02
-8.003672361373901367e-01
1.039881631731987000e-01
6.692864298820495605e-01
2.682003080844879150e-01
2.086909711360931396e-01
-3.345216512680053711e-01
2.222251147031784058e-01
-2.136762738227844238e-01
-4.263059422373771667e-02
-4.575876891613006592e-02
-3.229596912860870361e-01
3.499889969825744629e-01
1.222104299813508987e-02
-8.078032732009887695e-02
-4.676648676395416260e-01
5.865508224815130234e-03
-5.525479912757873535e-01
-8.943293094635009766e-01
7.004184126853942871e-01
-7.394306659698486328e-01
1.892906129360198975e-01
-3.205428123474121094e-01
7.470665499567985535e-03
5.300186276435852051e-01
-1.003860473632812500e+00
6.079627871513366699e-01
-6.200371980667114258e-01
2.435729652643203735e-01
-2.183210551738739014e-01
-3.482722640037536621e-01
4.952479302883148193e-01
-5.757560729980468750e-01
1.157966136932373047e+00
-3.501754403114318848e-01
4.095169007778167725e-01
-7.970263957977294922e-01
1.415606498718261719e+00
3.808378577232360840e-01
3.436747491359710693e-01
-1.011759042739868164e-01
6.135166808962821960e-02
-3.140560984611511230e-01
1.419589668512344360e-01
1.507173538208007812e+00
-5.214963436126708984e+00
2.066752165555953979e-01
1.942419707775115967e-01
-7.413548827171325684e-01
-7.692700624465942383e-01
-5.548674464225769043e-01
-1.172943115234375000e+00
-8.180227875709533691e-02
1.628633141517639160e-01
-6.070970892906188965e-01
-6.880834102630615234e-01
-2.281116247177124023e-01
8.743183612823486328e-01
-3.353430926799774170e-01
3.995170891284942627e-01
-1.539582479745149612e-02
-3.810168802738189697e-01
2.930608987808227539e-01
-2.503271102905273438e-01
2.060495167970657349e-01
-3.660868108272552490e-02
-6.328216940164566040e-02
-6.491232514381408691e-01
-1.954983919858932495e-01
8.189666867256164551e-01
-1.049761325120925903e-01
4.697348177433013916e-01
4.393249154090881348e-01
-9.193581342697143555e-02
-2.835759520530700684e-01
-5.396143794059753418e-01
5.190273001790046692e-02
-1.405488103628158569e-01
5.844060778617858887e-01
2.605974078178405762e-01
1.529787331819534302e-01
9.013441205024719238e-02
-3.943988680839538574e-01
2.136870622634887695e-01
7.741311192512512207e-01
1.188857197761535645e+00
-3.554546460509300232e-02
3.339046537876129150e-01
-2.765174955129623413e-02
-5.307537317276000977e-01
-2.341096252202987671e-01
4.163898825645446777e-01
5.163685083389282227e-01
1.773932725191116333e-01
-5.361184477806091309e-01
-1.133673787117004395e+00
-7.501307129859924316e-01
1.136449813842773438e+00
3.733968734741210938e-01
1.119565486907958984e+00
4.402835071086883545e-01
-1.038385834544897079e-02
-5.251181125640869141e-01
-9.634052962064743042e-02
4.519011825323104858e-02
-3.319129347801208496e-01
-5.827177762985229492e-01
1.493692100048065186e-01
1.810485273599624634e-01
1.092540621757507324e+00
1.461758613586425781e-01
2.011568695306777954e-01
-5.220561623573303223e-01
3.817359507083892822e-01
-1.252463608980178833e-01
-3.196105360984802246e-01
3.338919878005981445e-01
-4.126789420843124390e-02
-2.797934710979461670e-01
1.012677624821662903e-01
-8.134057372808456421e-02
4.456655681133270264e-01
-8.201674818992614746e-01
-5.575313568115234375e-01
4.617903530597686768e-01
-3.162617087364196777e-01
4.085572659969329834e-01
2.762084305286407471e-01
-3.013831973075866699e-01
-2.706077992916107178e-01
4.593242406845092773e-01
-2.989434599876403809e-01
-1.911195069551467896e-01
3.159579038619995117e-01
3.555810153484344482e-01
-3.217506408691406250e-01
-3.218494653701782227e-01
5.598489642143249512e-01
-1.741228103637695312e-01
1.818813323974609375e+00
-1.419809460639953613e-01
4.314732551574707031e-01
-4.097218066453933716e-02
4.081456959247589111e-01
-2.539153993129730225e-01
2.246773540973663330e-01
4.764062166213989258e-01
-3.547418713569641113e-01
-5.518851280212402344e+00
-3.357202932238578796e-02
7.604121565818786621e-01
3.831852376461029053e-01
-2.292334735393524170e-01
1.097895652055740356e-01
-2.060720324516296387e-01
-2.709267735481262207e-01
1.751421391963958740e-01
-3.183544576168060303e-01
5.961789563298225403e-02
2.663091123104095459e-01
1.345387846231460571e-01
5.205482244491577148e-01
-1.581608533859252930e+00
-3.141779899597167969e-01
8.388250470161437988e-01
-5.548952221870422363e-01
2.985935509204864502e-01
4.032105952501296997e-02
1.348202705383300781e+00
5.666421651840209961e-01
-4.361401870846748352e-02
1.481319069862365723e+00
-2.048768520355224609e+00
-1.674378991127014160e+00
4.621015489101409912e-01
-7.030976414680480957e-01
-8.990274667739868164e-01
-5.711725354194641113e-01
-9.750329852104187012e-01
3.576074242591857910e-01
-2.019966244697570801e-01
4.618225395679473877e-01
-4.750217497348785400e-01
-7.513256072998046875e-01
-7.569771409034729004e-01
6.145991086959838867e-01
-6.656142068095505238e-04
-1.700115948915481567e-01
4.199295639991760254e-01
1.850796222686767578e+00
1.789406538009643555e-01
2.756220996379852295e-01
5.551144480705261230e-01
5.837485194206237793e-01
-3.253983333706855774e-02
-1.860017031431198120e-01
-6.776090264320373535e-01
-6.983436644077301025e-02
-2.647502720355987549e-01
8.283256553113460541e-03
-4.078083932399749756e-01
-9.937594532966613770e-01
6.238396167755126953e-01
2.111717462539672852e-01
-1.087292194366455078e+00
5.256561934947967529e-02
2.520534694194793701e-01
2.071852385997772217e-01
7.847932577133178711e-01
-2.160863578319549561e-01
8.157585263252258301e-01
-9.873876571655273438e-01
1.004293918609619141e+00
3.744500577449798584e-01
-3.401760011911392212e-03
1.780797690153121948e-01
4.320494234561920166e-01
-3.226259946823120117e-01
2.806842625141143799e-01
-1.137905046343803406e-01
8.164572715759277344e-02
-1.213220715522766113e+00
-1.252280116081237793e+00
1.190324306488037109e+00
1.178768724203109741e-01
2.957339286804199219e-01
8.134252429008483887e-01
-1.257461071014404297e+00
-7.000308483839035034e-02
3.100557625293731689e-01
5.849595665931701660e-01
-1.722514331340789795e-01
2.552858553826808929e-02
-2.251028120517730713e-01
-9.905465841293334961e-01
4.674892127513885498e-01
-5.416993498802185059e-01
-2.428814768791198730e-01
3.503015041351318359e-01
3.536181747913360596e-01
2.931132316589355469e-01
-5.911550484597682953e-03
-6.281753182411193848e-01
2.820066213607788086e-01
-2.329225987195968628e-01
-3.102593123912811279e-01
-1.284277588129043579e-01
-1.217202395200729370e-01
2.982515692710876465e-01
-9.266092628240585327e-02
4.820018112659454346e-01
4.148403406143188477e-01
6.315644979476928711e-01
-2.698570787906646729e-01
5.955703090876340866e-03
-2.593146264553070068e-01
7.575429677963256836e-01
-9.004465341567993164e-01
6.762016564607620239e-02
6.463239789009094238e-01
-1.070840507745742798e-01
7.249138355255126953e-01
-8.874295353889465332e-01
-7.712234258651733398e-01
6.176889538764953613e-01
4.563687741756439209e-01
-6.808024048805236816e-01
-1.155024051666259766e+00
-8.569522500038146973e-01
1.167811378836631775e-01
-1.520968824625015259e-01
-8.201990127563476562e-01
-2.895833738148212433e-02
3.032701611518859863e-01
1.029307097196578979e-01
6.646752357482910156e-01
-1.420284390449523926e+00
4.446532130241394043e-01
-5.885141491889953613e-01
6.661266684532165527e-01
1.015077471733093262e+00
-1.694163382053375244e-01
-7.358756847679615021e-03
-7.001570463180541992e-01
1.878139853477478027e+00
-4.165170192718505859e+00
4.257633909583091736e-02
-1.145884275436401367e+00
-6.308190524578094482e-02
-1.525811672210693359e+00
5.330096483230590820e-01
1.170332208275794983e-01
-6.863429546356201172e-01
5.089911222457885742e-01
6.494777798652648926e-01
7.457728385925292969e-01
-1.200397253036499023e+00
-4.465854540467262268e-02
-5.256514549255371094e-01
1.187169671058654785e+00
8.400673419237136841e-02
1.518969386816024780e-01
4.040906727313995361e-01
2.470003515481948853e-01
-4.081776440143585205e-01
7.189180850982666016e-01
1.483503729104995728e-01
6.203871965408325195e-01
6.643256545066833496e-01
-1.406119763851165771e-01
5.542204976081848145e-01
8.554252982139587402e-01
1.826493591070175171e-01
3.011112809181213379e-01
-5.844105482101440430e-01
-1.988243758678436279e-01
5.454291105270385742e-01
-2.390072643756866455e-01
3.302744626998901367e-01
1.905701905488967896e-01
-8.619791269302368164e-01
3.299553319811820984e-02
-6.400571465492248535e-01
-6.100229173898696899e-02
1.260683536529541016e+00
1.848550200462341309e+00
8.092635869979858398e-01
-3.772173881530761719e+00
-7.999702692031860352e-01
-1.700316369533538818e-01
1.039842724800109863e+00
-1.113244056701660156e+00
8.203201740980148315e-02
-1.171449780464172363e+00
7.488458156585693359e-01
-1.178836449980735779e-01
4.781182706356048584e-01
7.200161218643188477e-01
-3.550053536891937256e-01
-1.723190397024154663e-01
-6.643411517143249512e-01
1.209616422653198242e+00
-2.591891884803771973e-01
-2.308436185121536255e-01
6.690138578414916992e-01
7.812651246786117554e-02
4.389420747756958008e-01
2.472162842750549316e-01
-3.613475561141967773e-01
3.439868092536926270e-01
-1.462406963109970093e-01
1.390208601951599121e-01
-1.435797959566116333e-01
-3.556182682514190674e-01
2.122532278299331665e-01
-9.378725290298461914e-02
6.955084949731826782e-02
-2.151473462581634521e-01
-3.387227952480316162e-01
-1.055370494723320007e-01
-3.351866602897644043e-01
1.297114342451095581e-01
-5.282607674598693848e-01
-1.014385223388671875e-01
-1.874656438827514648e+00
