-6.308736652135848999e-02
-1.711867004632949829e-02
-1.463692933320999146e-01
1.765052825212478638e-01
-2.276977896690368652e-01
-8.798902854323387146e-03
6.814880967140197754e-01
4.145066440105438232e-01
2.240573018789291382e-01
-4.712812304496765137e-01
7.533649206161499023e-01
3.141833245754241943e-01
-1.554942224174737930e-02
-5.535554289817810059e-01
-3.213485479354858398e-01
1.660543978214263916e-01
-1.106989607214927673e-01
-2.150088399648666382e-01
1.203092813491821289e+00
6.276660412549972534e-02
-8.593129515647888184e-01
-1.109916210174560547e+00
9.832055568695068359e-01
-9.588534235954284668e-01
5.068191885948181152e-01
-9.565681219100952148e-02
-2.706027030944824219e-01
4.788919687271118164e-01
-8.399412035942077637e-01
3.645883500576019287e-01
-5.103989243507385254e-01
2.193102985620498657e-01
-3.025811016559600830e-01
-6.019631028175354004e-01
6.468476057052612305e-01
-3.621669113636016846e-01
2.034963130950927734e+00
3.916338086128234863e-01
2.609427273273468018e-01
-7.198680043220520020e-01
1.438496351242065430e+00
3.461335003376007080e-01
8.138089776039123535e-01
1.926299929618835449e-01
-2.941509783267974854e-01
-3.457037806510925293e-01
7.178474068641662598e-01
-5.980974435806274414e-01
-8.269316554069519043e-01
3.830415904521942139e-01
3.032222762703895569e-02
1.517858982086181641e+00
4.306834191083908081e-02
-4.464480876922607422e-01
2.641073167324066162e-01
-1.520100593566894531e+00
2.538918018341064453e+00
-7.293186187744140625e-01
-1.127762079238891602e+00
-1.947773396968841553e-01
1.151618480682373047e+00
-1.502179622650146484e+00
6.155774593353271484e-01
-8.783247321844100952e-02
-3.194202482700347900e-01
9.630671143531799316e-02
-2.971487343311309814e-01
1.588139981031417847e-01
-1.391233503818511963e-01
5.429440736770629883e-01
-5.435311198234558105e-01
-1.341116130352020264e-01
2.909419834613800049e-01
-4.652374982833862305e-02
9.117559194564819336e-01
-1.255042999982833862e-01
2.020684070885181427e-02
-4.173576533794403076e-01
9.985073804855346680e-01
2.030931040644645691e-02
-2.245837450027465820e-01
5.519624948501586914e-01
6.563960313796997070e-01
-1.178495287895202637e-01
6.203019618988037109e-01
-5.608728155493736267e-03
1.115975618362426758e+00
4.835714995861053467e-01
-5.629868507385253906e-01
7.250926494598388672e-01
6.441203951835632324e-01
5.048043653368949890e-02
3.457077220082283020e-02
-2.598277926445007324e-01
5.020114183425903320e-01
-1.601745635271072388e-01
1.359003186225891113e-01
-1.930433869361877441e+00
-2.081432342529296875e+00
-2.676166296005249023e-01
1.394408702850341797e+00
2.136654853820800781e-01
-1.471310734748840332e+00
3.822175860404968262e-01
-5.034823715686798096e-02
1.071951389312744141e-01
2.467075586318969727e-01
-6.296074390411376953e-02
-2.760235965251922607e-01
1.207138374447822571e-01
3.212349414825439453e-01
-1.557011485099792480e+00
3.288122415542602539e-01
-5.386805534362792969e-01
3.355950415134429932e-01
3.031445741653442383e-01
4.498030841350555420e-01
-7.034311294555664062e-01
-2.999334037303924561e-01
7.445989251136779785e-01
7.701746225357055664e-01
-2.675815224647521973e-01
-7.201457023620605469e-01
-1.928293406963348389e-01
6.081809401512145996e-01
-4.828812088817358017e-03
-4.736558794975280762e-01
3.755108416080474854e-01
-1.052161306142807007e-01
2.686088383197784424e-01
2.006998956203460693e-01
-4.249929487705230713e-01
1.998930126428604126e-01
-3.044952452182769775e-01
-3.009234666824340820e-01
-3.929872214794158936e-01
1.232967972755432129e-01
1.064308643341064453e+00
-2.447187751531600952e-01
-5.245090723037719727e-01
4.647459685802459717e-01
-7.263325154781341553e-02
-2.412913084030151367e+00
4.749991595745086670e-01
9.717434048652648926e-01
7.357009649276733398e-01
1.972035169601440430e+00
6.507932208478450775e-03
4.592533707618713379e-01
1.049033522605895996e+00
3.228166401386260986e-01
-7.282382249832153320e-01
3.257163166999816895e-01
2.154319286346435547e-01
3.502414226531982422e-01
-9.792919456958770752e-02
-4.828415513038635254e-01
1.048370361328125000e+00
-3.661525726318359375e+00
3.729995191097259521e-01
1.584662199020385742e+00
2.652803957462310791e-01
3.153749406337738037e-01
5.059698820114135742e-01
5.305458903312683105e-01
-1.834053754806518555e+00
2.771236002445220947e-01
-1.201511263847351074e+00
-1.346773266792297363e+00
8.519502282142639160e-01
-5.777173638343811035e-01
5.506854057312011719e-01
4.019766747951507568e-01
2.191111892461776733e-01
-7.476612925529479980e-01
1.556169390678405762e+00
-2.037620544433593750e-01
1.042470455169677734e+00
-7.896628975868225098e-01
7.977440357208251953e-01
-5.513589829206466675e-02
-7.326357066631317139e-02
5.064112544059753418e-01
-3.208612799644470215e-01
4.182330369949340820e-01
-3.788375854492187500e-01
-6.265171766281127930e-01
-9.874497056007385254e-01
6.763996481895446777e-01
1.409068554639816284e-01
-3.025257885456085205e-01
8.940913528203964233e-02
6.892389059066772461e-01
2.643699645996093750e-01
8.306269645690917969e-01
4.641944766044616699e-01
3.312343657016754150e-01
-4.785965383052825928e-02
-2.669264376163482666e-01
-5.098520517349243164e-01
-8.317053318023681641e-03
-4.028900712728500366e-02
-1.146774664521217346e-01
3.317720293998718262e-01
-8.474100232124328613e-01
4.774439036846160889e-01
3.396785259246826172e-01
7.893296480178833008e-01
1.570441126823425293e+00
1.864100098609924316e-01
-6.482895016670227051e-01
-7.965441793203353882e-02
1.882454007863998413e-01
-3.200964629650115967e-01
2.046739459037780762e-01
1.392074581235647202e-02
2.207635492086410522e-01
5.688303112983703613e-01
5.502332448959350586e-01
6.667175292968750000e-01
3.480596840381622314e-02
-9.999310970306396484e-01
-4.880033805966377258e-02
1.033908128738403320e-01
-6.825522184371948242e-01
7.887166142463684082e-01
6.262919902801513672e-01
8.263142406940460205e-02
-3.812762796878814697e-01
1.313755512237548828e+00
-4.552454352378845215e-01
-4.046977758407592773e-01
-4.094415605068206787e-01
4.172319173812866211e-01
-3.359398245811462402e-01
1.352805346250534058e-01
-5.165333151817321777e-01
5.485339164733886719e-01
-1.171166539192199707e+00
-1.388913631439208984e+00
-1.093664243817329407e-01
-1.248703151941299438e-01
4.754281342029571533e-01
6.009544730186462402e-01
1.992932409048080444e-01
7.734973728656768799e-02
-9.485792517662048340e-01
-4.873141944408416748e-01
-4.455651044845581055e-01
-3.656861782073974609e-01
-4.328399002552032471e-01
2.707259953022003174e-01
2.815933823585510254e-01
1.770949959754943848e-01
2.671528235077857971e-02
9.768762588500976562e-01
2.602566182613372803e-01
2.299557253718376160e-02
-3.902872204780578613e-01
5.750493407249450684e-01
-4.325457513332366943e-01
-1.679012365639209747e-02
1.122744917869567871e+00
3.027801811695098877e-01
2.510303854942321777e-01
-4.425767958164215088e-01
1.141703367233276367e+00
6.919353008270263672e-01
1.731983870267868042e-01
-6.387336254119873047e-01
-9.587004780769348145e-01
2.876118756830692291e-02
4.442554414272308350e-01
-7.443392872810363770e-01
2.180055230855941772e-01
5.006809234619140625e-01
4.842883646488189697e-01
-1.803117275238037109e+00
-5.621936321258544922e-01
-5.667834877967834473e-01
4.507479071617126465e-01
-1.114548087120056152e+00
8.043456822633743286e-02
2.858645439147949219e+00
-1.826078165322542191e-03
3.457257747650146484e-01
-2.520762979984283447e-01
1.292907238006591797e+00
-2.646356523036956787e-01
2.641146779060363770e-01
-1.250363469123840332e+00
9.263884425163269043e-01
-2.475072860717773438e+00
-1.348529309034347534e-01
6.166633367538452148e-01
-1.250421524047851562e+00
4.713634848594665527e-01
6.181582212448120117e-01
3.596965968608856201e-02
-7.724003195762634277e-01
-2.305007725954055786e-01
-5.100845098495483398e-01
-2.255394309759140015e-01
2.276037037372589111e-01
-2.901019714772701263e-02
6.837600469589233398e-01
1.513322740793228149e-01
-2.504244744777679443e-01
-3.834200501441955566e-01
3.501289188861846924e-01
5.069290399551391602e-01
6.171933412551879883e-01
-4.648330062627792358e-02
1.051850318908691406e+00
4.805752336978912354e-01
5.946555137634277344e-01
6.619519591331481934e-01
-9.126186370849609375e-02
-3.153900504112243652e-01
3.605177998542785645e-01
-6.011626124382019043e-01
6.231181025505065918e-01
7.548552751541137695e-01
1.806419253349304199e+00
5.628849864006042480e-01
-6.007360219955444336e-01
-3.591628074645996094e-01
1.097249388694763184e+00
2.194142937660217285e-01
4.203073680400848389e-01
-3.057911634445190430e+00
2.958564758300781250e-01
-1.020175695419311523e+00
-5.315881967544555664e-02
2.271880358457565308e-01
1.470413208007812500e+00
-1.009615540504455566e+00
1.366356462240219116e-01
-2.518555223941802979e-01
-1.259527653455734253e-01
1.255578100681304932e-01
1.554261147975921631e-02
-8.079394102096557617e-01
-6.274354457855224609e-02
2.789549589157104492e+00
-2.967681288719177246e-01
-1.505701988935470581e-01
5.252825021743774414e-01
-2.941797375679016113e-01
6.690767407417297363e-01
-5.044651031494140625e-01
-8.681421875953674316e-01
3.679316937923431396e-01
3.491277694702148438e-01
5.085352435708045959e-02
1.234084516763687134e-01
-3.958538770675659180e-01
-9.358939714729785919e-03
-2.102614641189575195e-01
5.008772388100624084e-02
-5.348585844039916992e-01
1.104684099555015564e-01
-1.913113892078399658e-02
-2.621539533138275146e-01
-1.927570998668670654e-01
-3.160480260848999023e-01
-3.947044014930725098e-01
-2.949839353561401367e+00
