1.200884282588958740e-01
-1.065523773431777954e-01
-2.659296393394470215e-01
-7.183914631605148315e-02
-4.209121763706207275e-01
3.517670333385467529e-01
5.311612486839294434e-01
8.082573302090167999e-03
-1.925311796367168427e-02
3.593589412048459053e-03
5.029972642660140991e-02
-2.080731242895126343e-01
-4.038180410861968994e-02
2.824989706277847290e-02
-4.260702431201934814e-01
-7.479403913021087646e-02
1.963160634040832520e-01
-4.738524556159973145e-01
6.059364601969718933e-02
2.427614778280258179e-01
-3.704917132854461670e-01
-7.999585866928100586e-01
9.917142391204833984e-01
-7.639137506484985352e-01
6.916208863258361816e-01
-2.920081913471221924e-01
-4.539190232753753662e-01
3.231675624847412109e-01
-8.895607590675354004e-01
5.154693126678466797e-01
-5.505202412605285645e-01
4.222007095813751221e-01
-4.052913933992385864e-02
-3.050970733165740967e-01
4.601408243179321289e-01
-4.813452959060668945e-01
2.081251382827758789e+00
-3.965381905436515808e-02
2.232510149478912354e-01
-1.036332011222839355e+00
1.415331482887268066e+00
5.817946791648864746e-01
2.690754830837249756e-01
-3.083733320236206055e-01
-8.780305832624435425e-02
-6.684852391481399536e-02
2.639259696006774902e-01
4.774610996246337891e-01
-8.064086437225341797e-01
6.507340073585510254e-02
-6.602512001991271973e-01
1.181553602218627930e+00
1.815250068902969360e-01
-8.353208303451538086e-01
4.085890948772430420e-02
-1.092405319213867188e-01
1.581324815750122070e+00
-1.840445995330810547e+00
5.246951580047607422e-01
-2.916879355907440186e-01
9.313532710075378418e-01
1.642536282539367676e+00
5.205984711647033691e-01
1.011122763156890869e-01
-5.035562813282012939e-02
2.763922214508056641e-01
-4.443548917770385742e-01
1.921586990356445312e-01
-2.620349824428558350e-01
1.742590814828872681e-01
-3.676380515098571777e-01
-4.050413072109222412e-01
4.284074306488037109e-01
-5.883460864424705505e-02
7.567968368530273438e-01
2.439219057559967041e-01
-7.422312349081039429e-02
-5.940403938293457031e-01
7.600051760673522949e-01
2.978895604610443115e-01
-4.085848033428192139e-01
4.516959786415100098e-01
4.118189215660095215e-01
-3.374200547114014626e-03
2.747689783573150635e-01
-3.764804005622863770e-01
-8.101698756217956543e-01
9.145995974540710449e-01
-4.087241888046264648e-01
5.973701477050781250e-01
4.024534225463867188e-01
-5.571079254150390625e-02
-3.241798281669616699e-01
-2.081555873155593872e-01
2.405281364917755127e-01
1.529141217470169067e-01
1.115953326225280762e+00
-8.873555660247802734e-01
-6.632860898971557617e-01
-1.040507107973098755e-01
9.224868416786193848e-01
1.780342340469360352e+00
-1.741556644439697266e+00
6.381453275680541992e-01
-2.051284462213516235e-01
3.094551563262939453e-01
7.746761292219161987e-02
1.597488531842827797e-03
-8.313634991645812988e-01
-2.851740121841430664e-01
-3.077227436006069183e-02
1.920149445533752441e+00
-9.808019734919071198e-03
-1.123961925506591797e+00
2.368865609169006348e-01
-1.785131573677062988e+00
1.526920199394226074e-01
4.080092608928680420e-01
3.309429287910461426e-01
7.052937150001525879e-02
-8.315162658691406250e-01
-4.244740903377532959e-01
2.766690254211425781e-01
-1.259040087461471558e-01
4.968883991241455078e-01
-3.358963429927825928e-01
-6.011682152748107910e-01
5.107269287109375000e-01
-2.439137846231460571e-01
4.213572442531585693e-01
4.376945197582244873e-01
-2.841307520866394043e-01
-1.876473575830459595e-01
2.375822216272354126e-01
-3.541238903999328613e-01
-1.435584872961044312e-01
3.261822462081909180e-01
4.099059104919433594e-01
-3.258827030658721924e-01
-2.562508285045623779e-01
6.107051968574523926e-01
2.730019018054008484e-02
-1.071088075637817383e+00
-1.328485906124114990e-01
-2.691303491592407227e-01
6.858230829238891602e-01
4.682121872901916504e-01
1.448338269256055355e-03
-2.039241343736648560e-01
5.645765662193298340e-01
-5.281859040260314941e-01
-4.590227603912353516e+00
-2.846137583255767822e-01
-2.576720900833606720e-02
5.081841349601745605e-01
-5.130203068256378174e-02
1.089755520224571228e-01
2.322741150856018066e-01
-1.759218983352184296e-02
7.234273850917816162e-02
-1.129271030426025391e+00
5.133027955889701843e-02
5.304808616638183594e-01
5.365798473358154297e-01
-1.389065533876419067e-01
2.613852024078369141e-01
1.216153800487518311e-01
-2.811497449874877930e-01
7.148211598396301270e-01
5.666279792785644531e-01
4.279718995094299316e-01
3.412205278873443604e-01
5.176336765289306641e-01
-3.860135972499847412e-01
-1.090305209159851074e+00
1.624640345573425293e+00
5.412634611129760742e-01
4.139784872531890869e-01
-3.247696757316589355e-01
-5.095784664154052734e-01
3.425729572772979736e-01
9.870889186859130859e-01
4.323389530181884766e-01
-3.958659172058105469e-01
4.588481783866882324e-01
-4.703588187694549561e-01
-7.180867195129394531e-01
2.932785749435424805e-01
5.787845253944396973e-01
4.349860846996307373e-01
-1.738104373216629028e-01
-8.398666977882385254e-03
6.733685731887817383e-01
8.358606100082397461e-01
4.229291379451751709e-01
5.555399060249328613e-01
2.868243455886840820e-01
-6.907378137111663818e-02
-1.950981914997100830e-01
-5.580472946166992188e-01
-7.046744227409362793e-02
3.271066248416900635e-01
-6.328441202640533447e-02
6.758356839418411255e-02
1.033603586256504059e-02
-2.780238986015319824e-01
6.465608477592468262e-01
-4.212459623813629150e-01
5.041757971048355103e-02
1.746245175600051880e-01
-2.575349211692810059e-01
5.335758924484252930e-01
-1.531959921121597290e-01
4.332551732659339905e-02
1.320605576038360596e-01
2.120484560728073120e-01
1.502074450254440308e-01
2.778035402297973633e-01
2.111798524856567383e-01
2.948972880840301514e-01
-1.716006547212600708e-01
-5.908563137054443359e-01
-6.667945384979248047e-01
3.672966659069061279e-01
-1.828343570232391357e-01
-6.178384646773338318e-02
-8.706346750259399414e-01
7.415105104446411133e-01
-1.500901728868484497e-01
1.487065404653549194e-01
-2.162978351116180420e-01
-6.023988500237464905e-02
-2.198969572782516479e-01
3.333267271518707275e-01
-7.000743746757507324e-01
-1.862208992242813110e-01
-1.274180710315704346e-01
-6.301988363265991211e-01
-3.765792846679687500e-01
-6.910138726234436035e-01
4.802432358264923096e-01
3.155508935451507568e-01
1.486604571342468262e+00
4.201171100139617920e-01
-1.354419142007827759e-01
-2.080954238772392273e-02
3.692004084587097168e-01
-2.539004981517791748e-01
-2.795430123805999756e-01
-5.771567225456237793e-01
-5.668729543685913086e-01
3.604224324226379395e-01
2.802120149135589600e-01
4.442821443080902100e-01
2.522674798965454102e-01
2.921559214591979980e-01
2.279249429702758789e-01
2.764777541160583496e-01
-2.316869646310806274e-01
4.957240223884582520e-01
-2.075217813253402710e-01
-1.550830155611038208e-01
5.709066987037658691e-02
2.498296350240707397e-01
3.098839521408081055e-01
-7.862983345985412598e-01
-3.848732113838195801e-01
6.762908697128295898e-01
1.173115521669387817e-01
-4.568599760532379150e-01
-1.739006638526916504e-01
-4.145369827747344971e-01
8.083428442478179932e-02
-1.772304624319076538e-01
-3.703694641590118408e-01
3.304677009582519531e-01
5.979965925216674805e-01
-3.768594264984130859e-01
1.878176778554916382e-01
-3.779338300228118896e-01
7.661416530609130859e-01
-7.959237694740295410e-01
-5.018469691276550293e-01
1.144819736480712891e+00
-8.311594277620315552e-02
5.663374066352844238e-01
-2.765500247478485107e-01
8.693045377731323242e-01
3.808738887310028076e-01
3.054114282131195068e-01
2.519562721252441406e+00
1.330999135971069336e+00
-9.287934899330139160e-01
4.696996137499809265e-02
1.049504160881042480e+00
-1.055108308792114258e+00
1.026870012283325195e+00
-1.310192048549652100e-01
8.451640009880065918e-01
-2.607303857803344727e-01
-6.204859614372253418e-01
-7.794772982597351074e-01
8.653334528207778931e-02
-6.414506584405899048e-02
-5.789320543408393860e-02
1.549590229988098145e-01
8.046811074018478394e-02
6.227915883064270020e-01
-6.606522202491760254e-02
5.121551156044006348e-01
2.685500979423522949e-01
4.053890109062194824e-01
-3.077680468559265137e-01
4.515042304992675781e-01
8.828186988830566406e-01
2.922272086143493652e-01
6.716305613517761230e-01
-5.125399231910705566e-01
-1.901179403066635132e-01
3.720827102661132812e-01
-4.894925951957702637e-01
2.563384175300598145e-01
1.159224033355712891e+00
-4.383615851402282715e-01
-9.201262146234512329e-02
-7.860219478607177734e-01
-3.425647020339965820e-01
6.066645383834838867e-01
3.984996303915977478e-02
2.231072783470153809e-01
1.448708534240722656e+00
-9.580867290496826172e-01
-9.153841137886047363e-01
6.434505581855773926e-01
-7.347288131713867188e-01
-2.711048424243927002e-01
2.528619170188903809e-01
9.348281472921371460e-02
-5.661638081073760986e-02
2.898371815681457520e-01
5.806278586387634277e-01
1.044963076710700989e-01
-1.091352105140686035e+00
-7.076928019523620605e-01
9.591701626777648926e-01
-3.718163371086120605e-01
-2.876203656196594238e-01
4.503915607929229736e-01
2.499660253524780273e-01
5.695238113403320312e-01
5.712804198265075684e-02
-2.562823593616485596e-01
6.712152957916259766e-01
-3.180464357137680054e-02
1.283889859914779663e-01
5.732488259673118591e-02
-1.713421493768692017e-01
2.032088339328765869e-01
1.446254849433898926e-01
-3.296609818935394287e-01
-2.766829133033752441e-01
-1.607640385627746582e-01
6.434375047683715820e-01
-1.457917392253875732e-01
-1.705005466938018799e-01
-3.118376433849334717e-01
-1.210787668824195862e-01
6.755536794662475586e-02
