3.106256723403930664e-01
-1.856199838221073151e-02
-4.746257662773132324e-01
4.821266531944274902e-01
-5.722086429595947266e-01
3.421489596366882324e-01
1.012735217809677124e-01
1.888939552009105682e-02
2.632200345396995544e-02
-6.568679213523864746e-02
1.331406682729721069e-01
-1.216673105955123901e-01
2.016690224409103394e-01
-8.140666782855987549e-02
-2.779020965099334717e-01
6.501924991607666016e-02
-8.213005214929580688e-02
-1.149229407310485840e-01
-2.767830789089202881e-01
3.236603736877441406e-01
-3.985188603401184082e-01
-1.104712843894958496e+00
9.341703653335571289e-01
-9.216409325599670410e-01
-1.680928021669387817e-01
-2.201595008373260498e-01
-8.266819268465042114e-02
5.011422038078308105e-01
-6.748153567314147949e-01
7.508648633956909180e-01
-5.942721962928771973e-01
2.481750249862670898e-01
-8.723600506782531738e-01
-3.260235190391540527e-01
4.056916832923889160e-01
-7.850362658500671387e-01
1.901645660400390625e+00
-5.384283140301704407e-02
4.737681746482849121e-01
-8.488333821296691895e-01
1.206835865974426270e+00
1.378486007452011108e-01
-2.598916888236999512e-01
-6.783685833215713501e-02
-1.176550611853599548e-01
1.305186096578836441e-02
4.255607724189758301e-01
7.206544876098632812e-01
-2.310243844985961914e+00
-3.084778189659118652e-01
-3.141123652458190918e-01
1.108112692832946777e+00
-2.934712544083595276e-02
-6.976919174194335938e-01
2.048791348934173584e-01
-1.705984711647033691e+00
-3.086334839463233948e-02
3.498826920986175537e-01
-3.068204522132873535e-01
-3.946699574589729309e-02
-1.320634931325912476e-01
-6.231362223625183105e-01
7.325078845024108887e-01
-2.306369096040725708e-01
-8.713386207818984985e-02
9.382703155279159546e-02
-4.095842838287353516e-01
2.264601439237594604e-01
-1.432614773511886597e-01
2.180175930261611938e-01
-6.611036658287048340e-01
-4.672395884990692139e-01
4.749245345592498779e-01
-9.178645908832550049e-02
8.881866335868835449e-01
2.782496809959411621e-01
3.879257291555404663e-02
-5.458508729934692383e-01
1.040916815400123596e-01
4.850548133254051208e-02
-3.071538917720317841e-02
3.692575693130493164e-01
3.813064098358154297e-01
-3.148921430110931396e-01
3.584481477737426758e-01
-3.870793282985687256e-01
-1.224373102188110352e+00
1.107406377792358398e+00
-2.342527151107788086e+00
6.970924735069274902e-01
6.269000768661499023e-01
1.851724833250045776e-01
4.232858717441558838e-01
-2.349062561988830566e-01
3.363176286220550537e-01
-6.224766373634338379e-01
1.389200448989868164e+00
1.690702199935913086e+00
-9.368829727172851562e-01
2.100775092840194702e-01
2.166359424591064453e-01
-9.437093734741210938e-01
-1.822779178619384766e+00
6.192855834960937500e-01
-2.478633821010589600e-01
-5.876950621604919434e-01
2.157223969697952271e-01
2.305799722671508789e-02
-9.923867583274841309e-01
1.016953065991401672e-01
-5.774442851543426514e-02
1.363057494163513184e+00
1.003102302551269531e+00
-1.056563615798950195e+00
1.866254657506942749e-01
-5.087927579879760742e-01
-1.635977476835250854e-01
3.385685384273529053e-01
7.423830777406692505e-02
4.805810749530792236e-01
1.076732039451599121e+00
-2.772825360298156738e-01
4.360192641615867615e-02
-1.458453536033630371e-01
5.915791392326354980e-01
-2.958557605743408203e-01
-5.354558229446411133e-01
4.510002434253692627e-01
-1.355133205652236938e-01
3.311264812946319580e-01
1.996848583221435547e-01
-3.467590510845184326e-01
-1.815309934318065643e-02
1.354589313268661499e-01
-3.693423569202423096e-01
-4.492560923099517822e-01
2.551030218601226807e-01
1.389584094285964966e-01
-1.542543619871139526e-01
-1.769817620515823364e-01
5.917204618453979492e-01
-1.587527543306350708e-01
-7.865427136421203613e-01
-5.055436119437217712e-02
3.002488799393177032e-02
-4.379212856292724609e-02
5.258092284202575684e-01
-7.458099722862243652e-02
-3.596505522727966309e-01
5.311409831047058105e-01
-5.146927833557128906e-01
-7.682030200958251953e+00
-5.621470138430595398e-02
1.444249451160430908e-01
4.660553932189941406e-01
9.939000010490417480e-01
-5.197704955935478210e-02
1.020077392458915710e-01
4.677854776382446289e-01
2.871853113174438477e-01
9.425514936447143555e-01
9.423749148845672607e-02
5.715569853782653809e-01
-5.272707939147949219e-01
-9.635737538337707520e-02
-5.009171962738037109e-01
9.044486880302429199e-01
9.954867362976074219e-01
2.218283861875534058e-01
4.342961907386779785e-01
3.982505500316619873e-01
-2.193835079669952393e-01
5.590328574180603027e-01
-6.014347448945045471e-02
-1.040840223431587219e-01
6.968175172805786133e-01
-2.624335289001464844e-01
-2.415750473737716675e-01
2.837025225162506104e-01
-4.841942712664604187e-02
-5.365133285522460938e-01
-6.987076997756958008e-01
3.966738581657409668e-01
-2.526424229145050049e-01
4.918367862701416016e-01
-4.997951090335845947e-01
-7.688992023468017578e-01
-4.347703233361244202e-02
6.163605451583862305e-01
2.716400921344757080e-01
6.217831745743751526e-03
6.365650333464145660e-03
3.822989463806152344e-01
2.447351366281509399e-01
5.201671719551086426e-01
5.878311395645141602e-01
6.946106553077697754e-01
-1.193655133247375488e-01
-1.376147568225860596e-01
-6.912199854850769043e-01
-3.106109797954559326e-01
-1.166332289576530457e-01
-2.206663191318511963e-01
4.333373010158538818e-01
-6.329847127199172974e-02
-6.474570184946060181e-02
-9.312071800231933594e-01
-3.968785405158996582e-01
2.225371748208999634e-01
3.116407692432403564e-01
-2.250716537237167358e-01
7.324960827827453613e-01
-8.757167309522628784e-02
5.682365223765373230e-02
-1.592725664377212524e-01
6.913067698478698730e-01
2.923263788223266602e+00
4.151280820369720459e-01
2.642758190631866455e-02
1.799985207617282867e-02
2.567672356963157654e-02
1.068895608186721802e-01
-7.262109518051147461e-01
-1.801808476448059082e-01
-1.151206970214843750e+00
-2.093313336372375488e-01
3.821067214012145996e-01
-1.025400385260581970e-01
3.591560199856758118e-02
4.591665267944335938e-01
-7.374257445335388184e-01
5.227296352386474609e-01
1.447817802429199219e+00
6.455822288990020752e-02
-3.236959874629974365e-01
-3.929552733898162842e-01
-2.323397668078541756e-03
-2.426177024841308594e+00
5.718542933464050293e-01
1.437639594078063965e-01
3.630144298076629639e-01
1.896032504737377167e-02
-4.249568581581115723e-01
3.907645344734191895e-01
-2.296459227800369263e-01
3.698702901601791382e-02
1.496781259775161743e-01
-1.679525375366210938e-01
-3.769557774066925049e-01
-3.931284546852111816e-01
1.550697982311248779e-01
2.738437950611114502e-01
-4.601377248764038086e-01
-9.936350584030151367e-02
4.425064921379089355e-01
5.680278539657592773e-01
4.867705404758453369e-01
2.971089258790016174e-02
-5.580321550369262695e-01
4.998530745506286621e-01
-4.229971468448638916e-01
4.653944168239831924e-03
7.901564240455627441e-01
-1.574163287878036499e-01
1.141606807708740234e+00
-2.897623181343078613e-01
-1.462384104728698730e+00
6.616632938385009766e-01
1.826249510049819946e-01
-4.825881123542785645e-01
-4.638662338256835938e-01
-8.416745066642761230e-01
-8.876833319664001465e-02
-2.536449814215302467e-03
-7.594592571258544922e-01
-3.184330761432647705e-01
-2.622605860233306885e-01
-8.692597150802612305e-01
-3.131239488720893860e-02
5.728279948234558105e-01
8.860769867897033691e-02
-1.377602338790893555e+00
-2.799082696437835693e-01
1.670753121376037598e+00
-4.755016267299652100e-01
-2.350133657455444336e-01
-7.906442880630493164e-01
9.499680995941162109e-01
-8.214855790138244629e-01
8.252180814743041992e-01
1.290695309638977051e+00
-1.355246007442474365e-01
1.864064931869506836e+00
1.922278702259063721e-01
1.675299882888793945e+00
-1.487394690513610840e+00
1.386716216802597046e-01
5.880685448646545410e-01
-7.238875329494476318e-02
4.110555052757263184e-01
-2.056952565908432007e-01
-2.895447909832000732e-01
5.455227494239807129e-01
-8.023207634687423706e-02
-2.108621224761009216e-02
-8.820118755102157593e-02
2.414052188396453857e-02
4.794947057962417603e-02
-1.440017521381378174e-01
4.197958707809448242e-01
7.244923114776611328e-01
4.312990307807922363e-01
-3.749438226222991943e-01
5.456393361091613770e-01
6.222764849662780762e-01
1.590815335512161255e-01
6.546866893768310547e-01
-3.956658542156219482e-01
-1.114674028940498829e-03
3.055701255798339844e-01
-1.335656285285949707e+00
6.913299560546875000e-01
-4.759744405746459961e-01
1.573968410491943359e+00
9.405251592397689819e-02
-7.184615135192871094e-01
-7.861092090606689453e-01
5.150089859962463379e-01
4.496419727802276611e-01
2.310765683650970459e-01
-4.237967967987060547e+00
-8.350735306739807129e-01
-9.511222839355468750e-01
4.288914501667022705e-01
-6.900753378868103027e-01
1.620423674583435059e+00
-1.412118434906005859e+00
4.861574247479438782e-02
-2.764236927032470703e-01
1.006910800933837891e+00
6.632020473480224609e-01
4.430534839630126953e-01
-1.402673363685607910e+00
-5.688802003860473633e-01
6.839635968208312988e-01
-4.101090431213378906e-01
-2.794790267944335938e-02
-1.296484768390655518e-01
2.345280349254608154e-01
3.628179430961608887e-01
-1.574653759598731995e-02
-2.751992940902709961e-01
6.992728710174560547e-01
-8.045354485511779785e-02
-7.047262042760848999e-03
-2.701621130108833313e-02
-5.401878952980041504e-01
1.680781394243240356e-01
2.336534112691879272e-01
-2.302204966545104980e-01
-4.208602309226989746e-01
-1.660905927419662476e-01
4.583421647548675537e-01
1.810151338577270508e-01
-3.017824515700340271e-02
2.393979281187057495e-01
-1.612837612628936768e-01
2.168645113706588745e-01
