1.828645616769790649e-01
1.356910448521375656e-02
-4.071063399314880371e-01
-1.163569614291191101e-01
-6.493017077445983887e-01
1.590628921985626221e-02
9.144264459609985352e-01
5.556806176900863647e-02
1.007256805896759033e-01
-3.858873620629310608e-02
3.792391419410705566e-01
-4.461931884288787842e-01
1.147246286273002625e-01
-1.240859255194664001e-01
-4.180099964141845703e-01
-1.762521266937255859e-02
-1.589928939938545227e-02
-1.957279443740844727e-01
-8.121256530284881592e-02
-1.580013521015644073e-02
-4.038008153438568115e-01
-1.016916871070861816e+00
9.002186059951782227e-01
-9.313486814498901367e-01
2.430249601602554321e-01
-2.136542052030563354e-01
-1.776127517223358154e-01
4.115550220012664795e-01
-1.038253784179687500e+00
6.973163485527038574e-01
-6.358007788658142090e-01
4.647901654243469238e-01
-1.570300161838531494e-01
-1.223636642098426819e-01
4.544527530670166016e-01
-7.138971686363220215e-01
1.015199661254882812e+00
-2.419037818908691406e-01
4.534859359264373779e-01
-8.550488352775573730e-01
1.431971907615661621e+00
4.055485129356384277e-01
2.565516829490661621e-01
3.065194375813007355e-02
-1.507729738950729370e-01
-5.072775483131408691e-01
-2.634744346141815186e-01
-3.103737533092498779e-01
-4.348872661590576172e+00
5.615814328193664551e-01
2.342215478420257568e-01
-1.583393663167953491e-01
-7.053055167198181152e-01
-2.485203295946121216e-01
-4.105561077594757080e-01
7.207735627889633179e-02
-6.026830673217773438e-01
-3.928055763244628906e-01
-1.250119358301162720e-01
-6.251161694526672363e-01
1.008563518524169922e+00
9.604011774063110352e-01
4.373017847537994385e-01
-1.190630570054054260e-01
-5.362010002136230469e-01
1.481724232435226440e-01
-5.307294428348541260e-02
1.667998582124710083e-01
-1.452878862619400024e-01
-1.291821897029876709e-01
-6.308757066726684570e-01
-1.789203286170959473e-01
7.777193784713745117e-01
-4.000558704137802124e-02
5.524125695228576660e-01
5.143476128578186035e-01
-5.222601816058158875e-02
-3.751260936260223389e-01
-6.990163922309875488e-01
-1.034716702997684479e-02
-1.062354668974876404e-01
4.821496903896331787e-01
3.850891888141632080e-01
1.136457826942205429e-02
2.479289174079895020e-01
-4.736021757125854492e-01
-1.612867563962936401e-01
-1.304516196250915527e-01
1.136937618255615234e+00
3.454854190349578857e-01
3.688523173332214355e-01
4.634366929531097412e-02
-4.944171607494354248e-01
-2.015652507543563843e-01
3.841273486614227295e-01
6.481355428695678711e-01
-8.210486173629760742e-01
-9.793119430541992188e-01
-8.125891089439392090e-01
-1.856306344270706177e-01
8.806846141815185547e-01
5.877988338470458984e-01
-1.147375106811523438e-01
4.684499502182006836e-01
1.220901831984519958e-01
3.261742591857910156e-01
4.882577434182167053e-02
-3.174746781587600708e-02
-1.939529329538345337e-01
-1.824703514575958252e-01
5.447617918252944946e-02
2.646103203296661377e-01
1.139278411865234375e+00
-3.758049309253692627e-01
2.787582576274871826e-01
-4.321863949298858643e-01
2.584086358547210693e-01
1.179339662194252014e-01
1.586866006255149841e-02
3.865015208721160889e-01
3.392777740955352783e-01
-3.389056324958801270e-01
3.058280423283576965e-02
-9.160027652978897095e-02
3.704559504985809326e-01
-8.822592496871948242e-01
-6.662340760231018066e-01
5.694656968116760254e-01
-1.770688891410827637e-01
4.974628388881683350e-01
2.647281289100646973e-01
-2.535215318202972412e-01
-3.216829597949981689e-01
4.897911548614501953e-01
-2.397148609161376953e-01
-8.250500261783599854e-02
1.715479940176010132e-01
3.312983512878417969e-01
-3.286665380001068115e-01
-2.106810957193374634e-01
6.695460677146911621e-01
-2.176988124847412109e-01
1.647560894489288330e-01
-1.184370294213294983e-01
9.493088126182556152e-01
8.052459359169006348e-01
4.263507127761840820e-01
-1.327604204416275024e-01
9.785149991512298584e-02
5.972737073898315430e-01
-2.546126246452331543e-01
-6.153835296630859375e+00
-5.830707773566246033e-02
3.291173577308654785e-01
5.406466722488403320e-01
5.896439552307128906e-01
1.355168521404266357e-01
2.317526750266551971e-02
-5.959634855389595032e-02
2.008092105388641357e-01
3.543844521045684814e-01
3.782584145665168762e-02
1.937253177165985107e-01
-4.936673864722251892e-02
6.292672753334045410e-01
-1.737829208374023438e+00
-1.150118708610534668e-01
2.346917152404785156e+00
-1.469186186790466309e+00
5.922000408172607422e-01
3.121097683906555176e-01
1.333657503128051758e+00
4.766203761100769043e-01
-8.837254345417022705e-02
2.660066127777099609e+00
-4.099161922931671143e-01
-1.671767354011535645e+00
3.773939609527587891e-02
-5.472336411476135254e-01
-7.986604571342468262e-01
-7.509791254997253418e-01
-2.115122079849243164e+00
3.766275048255920410e-01
-5.505537986755371094e-01
4.742817580699920654e-01
-4.525232911109924316e-01
-7.427470088005065918e-01
-5.401676893234252930e-01
7.401453852653503418e-01
1.196081414818763733e-01
-4.299217835068702698e-02
-1.997311972081661224e-02
2.013609886169433594e+00
1.976484209299087524e-01
2.916001081466674805e-01
5.254626274108886719e-01
1.344066858291625977e-01
-5.809191614389419556e-02
-2.004867941141128540e-01
-7.086837291717529297e-01
-8.767240494489669800e-02
6.093550845980644226e-02
-4.465997517108917236e-01
2.401086837053298950e-01
-6.637842059135437012e-01
3.806144297122955322e-01
4.451727867126464844e-02
3.139380812644958496e-01
2.018487930297851562e+00
2.140392661094665527e-01
-1.885462850332260132e-01
8.723907470703125000e-01
3.330090269446372986e-02
6.559925079345703125e-01
-1.435216665267944336e+00
1.998092412948608398e+00
8.301658034324645996e-01
3.197751343250274658e-01
5.061601102352142334e-02
2.254103720188140869e-01
-6.532018631696701050e-02
1.400313973426818848e+00
-2.740028798580169678e-01
7.101305574178695679e-02
-1.307418227195739746e+00
-4.951981306076049805e-01
1.463204860687255859e+00
-4.388052225112915039e-01
-1.471330970525741577e-01
-3.975204378366470337e-02
5.713295340538024902e-01
6.629870831966400146e-02
-1.548894345760345459e-01
7.277913689613342285e-01
2.774634659290313721e-01
3.901189565658569336e-01
-1.382192373275756836e-01
7.713652402162551880e-02
7.283904552459716797e-01
-7.600972652435302734e-01
-3.296006619930267334e-01
7.875090837478637695e-01
-1.032506525516510010e-01
3.892410099506378174e-01
-7.222962379455566406e-02
-9.648678302764892578e-01
4.215520322322845459e-01
-2.565787136554718018e-01
-3.021242022514343262e-01
-6.895584613084793091e-02
-2.409457266330718994e-01
6.019312739372253418e-01
-1.557784527540206909e-01
3.082491457462310791e-01
4.076508581638336182e-01
6.534159183502197266e-01
-9.320024400949478149e-02
1.538673192262649536e-01
-2.460152506828308105e-01
6.863583326339721680e-01
-9.309300184249877930e-01
8.015289902687072754e-02
7.005101442337036133e-01
2.154806070029735565e-02
2.359934151172637939e-01
-1.305714845657348633e+00
7.745411992073059082e-01
6.554333567619323730e-01
1.597603857517242432e-01
-3.558377623558044434e-01
-3.132989406585693359e-01
-1.380465745925903320e+00
-3.346168994903564453e-01
-4.897796511650085449e-01
-2.649209797382354736e-01
-1.537380367517471313e-01
2.391190640628337860e-02
-8.193480968475341797e-01
1.714137077331542969e+00
-1.249316096305847168e+00
1.052870750427246094e+00
-6.988704800605773926e-01
9.423782825469970703e-01
1.784005999565124512e+00
-3.160069286823272705e-01
2.769188284873962402e-01
-5.904494524002075195e-01
1.782352685928344727e+00
-3.560724020004272461e+00
3.935248404741287231e-02
-9.678670167922973633e-01
4.434224367141723633e-01
-5.041868090629577637e-01
4.885939359664916992e-01
4.406449496746063232e-01
-3.793479204177856445e-01
3.240465223789215088e-01
5.099396109580993652e-01
1.051687121391296387e+00
-1.148973226547241211e+00
2.499994188547134399e-01
-3.345005512237548828e-01
4.412798285484313965e-01
1.675496995449066162e-01
3.587897866964340210e-02
-1.803077906370162964e-01
3.863431885838508606e-02
2.375900447368621826e-01
-6.901969760656356812e-02
6.190056204795837402e-01
5.203038454055786133e-01
3.953877985477447510e-01
-1.523110419511795044e-01
3.815896809101104736e-01
1.308020234107971191e+00
1.414677649736404419e-01
4.956929981708526611e-01
-5.837970376014709473e-01
-3.020105361938476562e-01
2.614862620830535889e-01
-6.970344185829162598e-01
3.257227689027786255e-02
-6.374330073595046997e-02
-3.829183340072631836e+00
2.372951656579971313e-01
-6.132487058639526367e-01
-2.260620594024658203e-01
9.101738929748535156e-01
2.278216361999511719e+00
3.478566408157348633e-01
-3.369844675064086914e+00
-8.137945532798767090e-01
8.297387361526489258e-01
5.435765981674194336e-01
-1.065444588661193848e+00
3.425035774707794189e-01
-1.254814147949218750e+00
3.602504730224609375e-01
2.212861180305480957e-01
4.613860249519348145e-01
8.640584945678710938e-01
-3.533181250095367432e-01
-6.426160931587219238e-01
-7.221719026565551758e-01
9.638833999633789062e-01
-3.720163404941558838e-01
-1.520648002624511719e-01
2.729173302650451660e-01
-2.461810130625963211e-03
7.919645309448242188e-01
1.744690239429473877e-01
-3.973501026630401611e-01
5.151746273040771484e-01
8.591405302286148071e-02
-6.602718681097030640e-02
-4.945614188909530640e-02
-2.005384713411331177e-01
2.837436199188232422e-01
5.042498111724853516e-01
-2.554178237915039062e-01
-1.059785336256027222e-01
-1.918501108884811401e-01
4.437033832073211670e-02
-3.153304457664489746e-01
-2.691096365451812744e-01
-5.978916883468627930e-01
1.471227407455444336e-02
-1.428198099136352539e+00
