4.593572020530700684e-02
2.124021202325820923e-01
-4.316930174827575684e-01
4.977663755416870117e-01
-6.602412462234497070e-01
-2.514500916004180908e-01
1.160175561904907227e+00
6.041216254234313965e-01
1.240359395742416382e-01
-9.119310230016708374e-02
8.837623000144958496e-01
1.891001462936401367e-01
6.936168670654296875e-02
-1.104436740279197693e-01
6.018036603927612305e-02
2.182258814573287964e-01
-3.494396507740020752e-01
-3.068343400955200195e-01
8.142923712730407715e-01
-6.796339154243469238e-02
-7.973631024360656738e-01
-1.585578203201293945e+00
9.794555902481079102e-01
-6.907611489295959473e-01
8.075593709945678711e-01
-3.709586858749389648e-01
7.397651672363281250e-02
3.549533188343048096e-01
-9.179381132125854492e-01
7.801728844642639160e-01
-4.354033768177032471e-01
-2.116224728524684906e-02
-7.998059988021850586e-01
-7.472130656242370605e-01
7.447474598884582520e-01
-7.043655514717102051e-01
1.561525821685791016e+00
7.314521074295043945e-02
7.556109428405761719e-01
-5.388614535331726074e-01
9.818509817123413086e-01
-4.656300693750381470e-02
-2.393474429845809937e-01
-4.231395721435546875e-01
-2.936760187149047852e-01
-3.977973759174346924e-01
1.066982269287109375e+00
2.629742145538330078e+00
-1.185255646705627441e+00
7.781648039817810059e-01
2.552812397480010986e-01
5.065278410911560059e-01
6.009363532066345215e-01
-7.898992896080017090e-01
3.848985135555267334e-01
-1.402720808982849121e-01
3.176925182342529297e-01
-1.578283309936523438e+00
-1.476341336965560913e-01
-2.023737281560897827e-01
-2.445046454668045044e-01
-1.050750851631164551e+00
7.824761271476745605e-01
-7.933727651834487915e-02
-3.147321045398712158e-01
1.419918537139892578e-01
-2.064152956008911133e-01
1.160077601671218872e-01
-2.479714155197143555e-01
3.138020336627960205e-01
-4.966393113136291504e-01
-4.266063570976257324e-01
5.600715875625610352e-01
-7.795192301273345947e-02
6.670088768005371094e-01
1.754196286201477051e-01
1.507965009659528732e-02
-4.337480664253234863e-01
4.870383143424987793e-01
9.490914642810821533e-02
-1.752792596817016602e-01
5.919800400733947754e-01
2.787955701351165771e-01
-2.840478122234344482e-01
5.466577410697937012e-01
-3.023362755775451660e-01
-7.116214036941528320e-01
-4.220243990421295166e-01
-1.081104397773742676e+00
7.540634274482727051e-01
4.120520353317260742e-01
-7.370658963918685913e-02
-1.508044004440307617e-01
-1.313351541757583618e-01
2.512764036655426025e-01
1.598584800958633423e-01
-1.114703536033630371e+00
-1.119904518127441406e+00
-5.408269762992858887e-01
-8.941058814525604248e-02
4.583574831485748291e-01
-8.044462203979492188e-01
-1.525869488716125488e+00
5.987921357154846191e-01
-3.462204039096832275e-01
6.865806132555007935e-02
4.116409718990325928e-01
-5.957893095910549164e-03
-2.475098520517349243e-01
-3.072994649410247803e-01
6.608060747385025024e-02
1.498450398445129395e+00
6.372944712638854980e-01
-1.161992788314819336e+00
2.024791836738586426e-01
-7.355153560638427734e-01
2.097910940647125244e-01
3.804884254932403564e-01
6.963255405426025391e-01
7.193782180547714233e-02
-1.088332295417785645e+00
-1.722252368927001953e-01
-3.111783880740404129e-03
-2.083832770586013794e-01
2.715606987476348877e-01
-2.588808238506317139e-01
-6.078823208808898926e-01
4.996863901615142822e-01
-1.429497897624969482e-01
4.069357216358184814e-01
2.893031835556030273e-01
-2.924736738204956055e-01
-4.824767261743545532e-02
4.534930586814880371e-01
-2.630200684070587158e-01
-1.288632601499557495e-01
2.124934941530227661e-01
-7.356446981430053711e-01
-2.750776410102844238e-01
-6.094565987586975098e-01
5.919480919837951660e-01
-2.041919380426406860e-01
-1.196480989456176758e+00
-7.461096346378326416e-02
1.417450428009033203e+00
3.104724287986755371e-01
6.270245909690856934e-01
-1.017612684518098831e-02
5.934552848339080811e-02
1.126258492469787598e+00
-6.603860110044479370e-02
-1.216887712478637695e+00
4.192704558372497559e-01
-6.204724311828613281e-01
7.141675353050231934e-01
2.500714778900146484e+00
2.174712866544723511e-01
1.139655560255050659e-01
2.645467817783355713e-01
2.983047366142272949e-01
-1.884840607643127441e+00
1.921861767768859863e-01
6.641951799392700195e-01
-7.202285528182983398e-01
8.052872419357299805e-01
-9.882147908210754395e-01
3.441504538059234619e-01
-2.150865316390991211e+00
-1.068020820617675781e+00
-6.182790175080299377e-02
-2.996988296508789062e-01
1.281582713127136230e+00
7.040631771087646484e-01
-3.112051188945770264e-01
-1.799754261970520020e+00
5.238417983055114746e-01
2.104277014732360840e-01
-3.267105817794799805e-01
1.006187438964843750e+00
-4.595193564891815186e-01
-5.362704992294311523e-01
9.340996742248535156e-01
4.178144037723541260e-01
-5.033054947853088379e-01
4.032059311866760254e-01
-4.133313000202178955e-01
-6.447739601135253906e-01
-1.490069329738616943e-01
4.578726291656494141e-01
3.137592971324920654e-01
-1.994871497154235840e-01
1.502383127808570862e-02
6.313989758491516113e-01
7.132620811462402344e-01
7.976303696632385254e-01
5.147491097450256348e-01
2.497322857379913330e-01
-2.383898384869098663e-02
-2.307978719472885132e-01
-5.468083024024963379e-01
-1.264091581106185913e-01
-1.151197195053100586e+00
-1.728434860706329346e-01
6.489275097846984863e-01
-1.416864395141601562e+00
5.305051803588867188e-01
7.985712885856628418e-01
4.611499607563018799e-01
1.924414515495300293e+00
2.913663387298583984e-01
-5.167551040649414062e-01
6.744757890701293945e-01
-8.302133530378341675e-03
5.116018652915954590e-01
7.272545695304870605e-01
2.033535689115524292e-01
-7.105866074562072754e-02
3.557383716106414795e-01
-6.027454510331153870e-02
3.836223185062408447e-01
-2.613304257392883301e-01
-8.345452547073364258e-01
4.859941452741622925e-02
2.159365415573120117e-01
-4.957866668701171875e-01
1.208457827568054199e+00
4.889103174209594727e-01
-5.684760808944702148e-01
7.493852376937866211e-01
7.720463275909423828e-01
-1.159107685089111328e+00
7.130506038665771484e-01
-9.810783714056015015e-02
9.493718296289443970e-02
-2.089695818722248077e-02
-4.751760661602020264e-01
-4.909845888614654541e-01
1.497736454010009766e+00
-7.738240957260131836e-01
-1.716503024101257324e+00
-3.308816254138946533e-01
3.924920856952667236e-01
8.234522342681884766e-01
4.275783598423004150e-01
-6.734266281127929688e-01
5.724436044692993164e-01
-1.513474702835083008e+00
1.678388565778732300e-01
-3.403829932212829590e-01
-1.289314031600952148e-01
1.173535478301346302e-03
-9.944510459899902344e-02
1.310672760009765625e-01
3.135646879673004150e-01
8.168557286262512207e-02
5.914258956909179688e-01
2.850135862827301025e-01
8.750352263450622559e-02
-1.608684659004211426e-01
4.073358178138732910e-01
7.603456377983093262e-01
8.592764288187026978e-02
4.375525712966918945e-01
-2.094572484493255615e-01
-2.278972715139389038e-01
4.310362637042999268e-01
-2.579975724220275879e-01
-8.924751877784729004e-01
-1.182039618492126465e+00
-1.687331795692443848e-01
-4.036655128002166748e-01
7.681614905595779419e-02
2.280702888965606689e-01
-4.251978695392608643e-01
-3.291218876838684082e-01
-4.258701205253601074e-01
1.312628149986267090e+00
-3.362726569175720215e-01
1.269502565264701843e-02
-1.454005204141139984e-02
1.450896739959716797e+00
-7.939266562461853027e-01
7.279094457626342773e-01
1.952175617218017578e+00
2.826240360736846924e-01
-4.218357428908348083e-02
3.172482177615165710e-02
1.434940218925476074e+00
-4.007150530815124512e-01
-3.029829561710357666e-01
-1.168805122375488281e+00
6.681796908378601074e-01
-1.573116421699523926e+00
-2.911054491996765137e-01
8.731296062469482422e-01
-1.195406675338745117e+00
1.016213178634643555e+00
4.221517965197563171e-02
6.866405010223388672e-01
-8.956365585327148438e-01
-6.975085735321044922e-01
-6.716838479042053223e-01
6.428909897804260254e-01
-1.474430859088897705e-01
3.512153774499893188e-02
1.895840764045715332e-01
2.439988963305950165e-02
4.454067721962928772e-02
-4.269838631153106689e-01
1.605723351240158081e-01
7.845322489738464355e-01
4.744135215878486633e-02
-4.217371940612792969e-01
8.104848265647888184e-01
1.673020720481872559e+00
3.152479529380798340e-01
4.125438630580902100e-01
-5.666350126266479492e-01
-2.518857121467590332e-01
3.676579892635345459e-01
-2.394390255212783813e-01
6.617239713668823242e-01
2.103514194488525391e+00
1.111479401588439941e+00
-3.568052649497985840e-01
-3.510650098323822021e-01
-3.919361531734466553e-01
9.733122587203979492e-01
-6.035041213035583496e-01
6.235973834991455078e-01
-3.451699256896972656e+00
-1.013562440872192383e+00
-1.131989479064941406e+00
5.187551975250244141e-01
-6.746687293052673340e-01
2.045900821685791016e+00
1.049889326095581055e+00
3.857384026050567627e-01
3.733609020709991455e-01
-1.252231150865554810e-01
2.609709203243255615e-01
2.304817885160446167e-01
-9.414485096931457520e-01
-9.179077148437500000e-01
2.496843338012695312e+00
-1.742705255746841431e-01
-9.827873110771179199e-02
2.751179039478302002e-01
-5.699998140335083008e-02
7.658383846282958984e-01
4.471859335899353027e-02
-3.182775974273681641e-01
3.036407828330993652e-01
-4.793560504913330078e-02
6.734048128128051758e-01
-1.170053258538246155e-01
-3.080506920814514160e-01
8.547832071781158447e-02
3.783766925334930420e-01
-6.323353052139282227e-01
-8.727057576179504395e-01
-6.683446466922760010e-02
4.665596187114715576e-01
-7.380812764167785645e-01
4.055859148502349854e-01
-8.586192727088928223e-01
-1.655074059963226318e-01
-1.746651411056518555e+00
