1.129104793071746826e-01
-1.288194209337234497e-01
-4.380755722522735596e-01
1.348893195390701294e-01
-5.979678034782409668e-01
2.231466919183731079e-01
6.401419043540954590e-01
1.457902193069458008e-01
-9.731265157461166382e-02
-6.218576431274414062e-01
4.990935921669006348e-01
-3.006145358085632324e-01
-3.010807745158672333e-02
1.948055811226367950e-02
1.092208981513977051e+00
-1.969095319509506226e-02
-2.372479764744639397e-03
-4.982370883226394653e-02
2.325486093759536743e-01
-7.618261128664016724e-02
-5.823159217834472656e-01
-1.099437475204467773e+00
7.375234961509704590e-01
-8.102471232414245605e-01
5.290810465812683105e-01
-3.191460371017456055e-01
-2.424480766057968140e-01
4.367715120315551758e-01
-1.293830513954162598e+00
2.633472084999084473e-01
-5.741936564445495605e-01
3.198114037513732910e-01
-8.103857040405273438e-01
-3.524573147296905518e-01
6.870894432067871094e-01
-5.837683677673339844e-01
8.451428413391113281e-01
-1.701293289661407471e-01
5.943529605865478516e-01
-7.490294575691223145e-01
1.575396656990051270e+00
5.634003281593322754e-01
1.196565013378858566e-02
-3.426273763179779053e-01
-5.658524036407470703e-01
-5.414066910743713379e-01
-7.768374085426330566e-01
1.443666934967041016e+00
-1.971100330352783203e+00
-5.550610423088073730e-01
4.898878931999206543e-01
5.464624166488647461e-01
-1.031769514083862305e+00
-1.786599904298782349e-01
8.558799624443054199e-01
-7.856127619743347168e-02
1.367461234331130981e-01
-6.264551281929016113e-01
-5.981565713882446289e-01
-3.339055776596069336e-01
-5.992518067359924316e-01
-5.457770824432373047e-01
8.003159165382385254e-01
-9.087840467691421509e-02
-3.977639079093933105e-01
1.143314167857170105e-01
-4.680134654045104980e-01
1.935918033123016357e-01
-1.069012358784675598e-01
-2.522874474525451660e-01
-5.331491827964782715e-01
-4.505466669797897339e-02
7.739833593368530273e-01
-8.896969258785247803e-02
7.955507040023803711e-01
4.044072628021240234e-01
6.384477764368057251e-02
-4.971809387207031250e-01
-8.510577678680419922e-02
-2.794091030955314636e-02
-2.343317270278930664e-01
7.722456455230712891e-01
4.004617631435394287e-01
3.691285848617553711e-01
2.738671898841857910e-01
-2.963451743125915527e-01
9.577725529670715332e-01
4.548589587211608887e-01
-1.250163674354553223e+00
-2.657455801963806152e-01
4.695020616054534912e-01
2.288599610328674316e-01
-1.662553101778030396e-01
-3.203483819961547852e-01
7.190222144126892090e-01
4.361881017684936523e-01
-3.506871163845062256e-01
-8.532536774873733521e-02
-6.090879440307617188e-01
-2.541790604591369629e-01
-1.886264383792877197e-01
-7.853404879570007324e-01
-1.266234278678894043e+00
4.145445823669433594e-01
-7.169662714004516602e-01
6.101283431053161621e-01
-3.097077906131744385e-01
8.768299221992492676e-02
-2.788342833518981934e-01
-6.478460431098937988e-01
7.723224908113479614e-02
3.783753514289855957e-01
1.127108931541442871e+00
-1.337955951690673828e+00
1.746506989002227783e-01
-1.055581495165824890e-01
3.744886219501495361e-01
6.415367722511291504e-01
1.604191958904266357e-01
4.533460140228271484e-01
-3.959147632122039795e-01
-3.393765091896057129e-01
3.251276314258575439e-01
-1.617399901151657104e-01
4.527671039104461670e-01
-9.160131216049194336e-01
-5.478682518005371094e-01
4.020496606826782227e-01
-9.309258311986923218e-02
1.387836933135986328e-01
3.476126194000244141e-01
-3.864535093307495117e-01
-1.657308489084243774e-01
4.311458468437194824e-01
-3.173502385616302490e-01
-2.507590055465698242e-01
4.444425404071807861e-01
1.394866704940795898e-01
-3.458904922008514404e-01
-3.842650353908538818e-01
5.030388236045837402e-01
-1.166543364524841309e-01
-1.910189151763916016e+00
-2.722327411174774170e-01
-6.142706274986267090e-01
1.179971694946289062e+00
3.449862599372863770e-01
-2.126100212335586548e-01
4.417819082736968994e-01
2.609213888645172119e-01
-3.411290645599365234e-01
-4.763923645019531250e+00
-7.544686645269393921e-02
-2.293699681758880615e-01
3.593108654022216797e-01
-1.609604805707931519e-01
3.317990154027938843e-02
3.752697408199310303e-01
8.229191303253173828e-01
5.362930893898010254e-01
-1.148086786270141602e-02
-4.690848290920257568e-02
1.533436626195907593e-01
-1.882327944040298462e-01
7.534454762935638428e-02
-1.702081441879272461e+00
-5.089144110679626465e-01
1.444236636161804199e+00
-2.975203096866607666e-01
8.386142551898956299e-02
1.191008314490318298e-01
5.302183032035827637e-01
8.244611620903015137e-01
-8.580837845802307129e-01
1.581349134445190430e+00
2.281574346125125885e-02
-1.492842316627502441e+00
5.484599471092224121e-01
-2.817000746726989746e-01
-1.280822634696960449e+00
-5.084003806114196777e-01
-5.725146532058715820e-01
4.491605460643768311e-01
-6.233081221580505371e-01
4.566141366958618164e-01
-4.663619697093963623e-01
-7.520741820335388184e-01
-7.095833420753479004e-01
6.468540430068969727e-01
1.555075198411941528e-01
-2.925229072570800781e-01
2.300567179918289185e-01
1.675995230674743652e+00
-8.668580651283264160e-02
3.490291535854339600e-01
5.481011867523193359e-01
6.205350160598754883e-01
-7.428844273090362549e-02
-2.777198553085327148e-01
-5.322164893150329590e-01
-7.408224046230316162e-02
-3.695710897445678711e-01
-3.240884542465209961e-01
8.891176432371139526e-02
-4.805933535099029541e-01
4.849955141544342041e-01
-4.043482840061187744e-01
-4.449276030063629150e-01
-5.205008387565612793e-01
3.142761886119842529e-01
-1.415002048015594482e-01
-7.100959774106740952e-03
-4.046012461185455322e-01
1.163417026400566101e-01
-5.625483393669128418e-01
-1.375341176986694336e+00
6.966406702995300293e-01
2.426907652989029884e-03
-6.351697444915771484e-01
5.152776837348937988e-01
-3.498575389385223389e-01
-4.723095595836639404e-01
-8.267462998628616333e-02
4.643770158290863037e-01
-8.217817544937133789e-01
-9.912610650062561035e-01
1.775475591421127319e-01
6.066944599151611328e-01
-1.622063852846622467e-02
2.549369819462299347e-02
-1.325500130653381348e+00
1.800489872694015503e-01
7.335150241851806641e-01
-4.338798522949218750e-01
-2.945742905139923096e-01
-4.226388931274414062e-01
-8.699125051498413086e-02
-1.058231949806213379e+00
4.279691278934478760e-01
-1.241483449935913086e+00
-5.363903641700744629e-01
1.720144748687744141e-01
1.218635216355323792e-01
3.872773945331573486e-01
-6.503222137689590454e-02
-4.178902506828308105e-01
-2.134562134742736816e-01
-3.290107548236846924e-01
-2.224128991365432739e-01
2.332586236298084259e-02
-1.027713790535926819e-01
4.574593305587768555e-01
-7.546775788068771362e-02
2.906665205955505371e-01
3.236011266708374023e-01
8.682535886764526367e-01
1.805357635021209717e-01
-1.052825093269348145e+00
-1.588326096534729004e-01
7.832337021827697754e-01
7.017735838890075684e-01
1.657690405845642090e-01
3.504522144794464111e-01
2.891892194747924805e-01
4.609620571136474609e-01
-1.030677199363708496e+00
4.761620163917541504e-01
-6.704039126634597778e-02
2.192661315202713013e-01
-1.462911069393157959e-01
-5.397569537162780762e-01
-3.315525650978088379e-01
-1.165967211127281189e-01
4.760254025459289551e-01
-5.118407607078552246e-01
3.756027221679687500e-01
9.379275888204574585e-02
-5.738422274589538574e-01
8.446872979402542114e-02
-7.609101533889770508e-01
-9.798083454370498657e-02
1.285474598407745361e-01
7.148859500885009766e-01
7.125326395034790039e-01
-3.294460475444793701e-01
-5.362238287925720215e-01
-4.957502186298370361e-01
2.601922512054443359e+00
-3.786580324172973633e+00
1.376461684703826904e-01
-1.258718013763427734e+00
-6.691228598356246948e-02
-2.169043302536010742e+00
2.469976544380187988e-01
2.068118155002593994e-01
-3.555434942245483398e-01
8.373998403549194336e-01
9.738097190856933594e-01
4.324091672897338867e-01
-2.852202653884887695e-01
9.372428804636001587e-02
-2.352929711341857910e-01
1.465920686721801758e+00
7.167673110961914062e-02
4.414554238319396973e-01
1.211546286940574646e-01
2.684977091848850250e-02
4.236187338829040527e-01
1.810892820358276367e-01
6.728404760360717773e-01
8.165595531463623047e-01
6.851434707641601562e-01
-4.708954691886901855e-01
3.152880668640136719e-01
7.267180085182189941e-01
7.832650095224380493e-03
-2.723302543163299561e-01
-6.098766326904296875e-01
-6.985419988632202148e-01
2.187383323907852173e-01
-3.625786006450653076e-01
3.802649676799774170e-01
7.679889202117919922e-01
-6.794386506080627441e-01
5.160753130912780762e-01
-9.649913311004638672e-01
5.101621896028518677e-02
1.205477118492126465e+00
1.739511251449584961e+00
-2.877043932676315308e-02
-3.421750783920288086e+00
7.076224684715270996e-01
-2.523663520812988281e+00
2.818848490715026855e-01
-1.422854781150817871e+00
6.934579461812973022e-02
-5.228805541992187500e-01
1.045580983161926270e+00
9.418198466300964355e-02
3.343700766563415527e-01
8.068649172782897949e-01
-2.044111341238021851e-01
5.084674358367919922e-01
-5.445836186408996582e-01
9.079294800758361816e-01
-1.401353627443313599e-01
-3.110490739345550537e-01
3.939166963100433350e-01
6.694621592760086060e-02
3.309383690357208252e-01
8.286499232053756714e-02
-2.584288418292999268e-01
4.692496359348297119e-01
-1.306673884391784668e-01
2.126249223947525024e-01
-2.271504700183868408e-01
-3.912602066993713379e-01
1.823988854885101318e-01
4.241454973816871643e-02
-4.308645427227020264e-02
-1.909170001745223999e-01
-7.567915916442871094e-01
-1.031848490238189697e-01
-1.010684147477149963e-01
-1.472235843539237976e-02
-7.000398635864257812e-01
-1.444068849086761475e-01
-1.802861809730529785e+00
