3.457995951175689697e-01
-1.248052418231964111e-01
-3.726420700550079346e-01
-1.140855718404054642e-02
-3.517648279666900635e-01
1.636748164892196655e-01
5.012849569320678711e-01
1.241668388247489929e-01
-5.882954224944114685e-02
-3.330258652567863464e-02
2.989614307880401611e-01
-2.666615545749664307e-01
-7.669428735971450806e-02
4.656937345862388611e-02
-2.607913315296173096e-01
-2.064049690961837769e-01
2.530634403228759766e-01
-3.817384541034698486e-01
2.942499518394470215e-02
2.620911002159118652e-01
-3.842036426067352295e-01
-8.569161295890808105e-01
1.010627746582031250e+00
-9.310786724090576172e-01
5.140290856361389160e-01
-3.466587364673614502e-01
-6.308125257492065430e-01
5.139515399932861328e-01
-4.179119765758514404e-01
6.624691486358642578e-01
-6.199098229408264160e-01
3.228212594985961914e-01
-6.841650605201721191e-01
-2.029553204774856567e-01
4.796869754791259766e-01
-6.441759467124938965e-01
1.758299231529235840e+00
-2.909518778324127197e-01
1.684391796588897705e-01
-1.029432535171508789e+00
1.512359857559204102e+00
6.626994609832763672e-01
6.076495051383972168e-01
-4.097614288330078125e-01
9.800467640161514282e-02
-1.840104758739471436e-01
2.509381473064422607e-01
-3.395261475816369057e-03
-2.409871339797973633e+00
-1.155369803309440613e-01
-2.174984067678451538e-01
1.215597271919250488e+00
1.101175770163536072e-01
-6.484736204147338867e-01
-1.539036035537719727e-01
-2.246933579444885254e-01
1.554408907890319824e+00
-3.777011930942535400e-01
7.543648481369018555e-01
1.580259948968887329e-02
7.093221545219421387e-01
4.738637208938598633e-01
6.307946443557739258e-01
-1.004513278603553772e-01
-4.954557120800018311e-01
2.601796686649322510e-01
1.092756912112236023e-02
1.041342169046401978e-01
-1.134059950709342957e-01
-1.243103370070457458e-01
-5.947108864784240723e-01
-4.448525011539459229e-01
4.562357366085052490e-01
-8.815989643335342407e-02
5.460032224655151367e-01
4.966194927692413330e-01
7.527754455804824829e-02
-3.669558763504028320e-01
2.382583767175674438e-01
8.035548776388168335e-02
-1.272132396697998047e-01
4.854660928249359131e-01
2.204909771680831909e-01
-5.170415714383125305e-02
4.316013753414154053e-01
-5.566228628158569336e-01
-8.657502532005310059e-01
7.712367177009582520e-01
-1.089914441108703613e+00
9.231494665145874023e-01
8.600870519876480103e-02
2.251094579696655273e-01
-4.653402864933013916e-01
-4.485180377960205078e-01
4.997183084487915039e-01
6.611659526824951172e-01
1.524406433105468750e+00
-2.294357061386108398e+00
-7.479850649833679199e-01
3.589827716350555420e-01
1.428431868553161621e+00
3.049785792827606201e-01
-1.232281923294067383e+00
3.274702429771423340e-01
1.358226984739303589e-01
-3.247000575065612793e-01
1.495000422000885010e-01
1.698320358991622925e-02
-8.322531580924987793e-01
-1.843093484640121460e-01
1.706554442644119263e-01
6.203940138220787048e-02
2.097561061382293701e-01
-1.147050499916076660e+00
2.445010095834732056e-01
4.244570061564445496e-02
7.394961267709732056e-02
1.181559413671493530e-01
-2.240243256092071533e-01
6.805160641670227051e-02
-4.995520114898681641e-01
-4.526547193527221680e-01
3.259271085262298584e-01
-1.107704564929008484e-01
4.175985157489776611e-01
-2.850557863712310791e-01
-5.774520039558410645e-01
4.863735437393188477e-01
-3.820050060749053955e-01
4.053744375705718994e-01
3.284068703651428223e-01
-3.075946271419525146e-01
1.211411282420158386e-01
3.650412857532501221e-01
-4.030171334743499756e-01
-1.582785546779632568e-01
3.069676160812377930e-01
3.118516802787780762e-01
-4.398140311241149902e-01
-3.064408600330352783e-01
5.865032672882080078e-01
-2.020853459835052490e-01
-1.794566154479980469e+00
-3.205326497554779053e-01
1.707985252141952515e-01
2.063338160514831543e-01
5.108348131179809570e-01
-3.829002007842063904e-02
-2.078330367803573608e-01
3.939695060253143311e-01
-1.831157654523849487e-01
-2.290592432022094727e+00
8.475468307733535767e-02
1.167296096682548523e-01
4.662865698337554932e-01
1.350849747657775879e+00
4.359345883131027222e-03
-8.393515646457672119e-02
8.217687159776687622e-02
9.055571258068084717e-02
-8.385963439941406250e-01
-2.298678038641810417e-03
5.784170627593994141e-01
3.539764583110809326e-01
1.991371959447860718e-01
-4.670276343822479248e-01
2.064880877733230591e-01
-1.317680716514587402e+00
2.645444273948669434e-01
5.292587280273437500e-01
3.664831519126892090e-01
9.749803543090820312e-01
6.793881654739379883e-01
-3.440290391445159912e-01
-1.062058568000793457e+00
6.016106605529785156e-01
6.674070954322814941e-01
2.397770285606384277e-01
2.994233556091785431e-02
-1.635963469743728638e-01
7.999404072761535645e-01
7.500634789466857910e-01
3.692416548728942871e-01
-2.845757305622100830e-01
4.703421592712402344e-01
-4.830003678798675537e-01
-7.456642389297485352e-01
7.620901614427566528e-02
5.959459543228149414e-01
3.985454142093658447e-01
-1.359130442142486572e-01
-7.037555426359176636e-02
7.166148424148559570e-01
8.587938547134399414e-01
4.289618432521820068e-01
5.685002207756042480e-01
2.725560665130615234e-01
-8.535630255937576294e-02
-1.741820871829986572e-01
-5.838274359703063965e-01
-5.828510597348213196e-02
3.925275206565856934e-01
-3.865638747811317444e-02
8.936637639999389648e-02
-4.297436475753784180e-01
5.050868261605501175e-03
6.096769571304321289e-01
2.261998504400253296e-01
-1.497336942702531815e-02
2.001948654651641846e-01
-3.326805531978607178e-01
2.821947038173675537e-01
-2.401257604360580444e-01
2.178915776312351227e-03
1.755560189485549927e-01
9.012601971626281738e-01
-1.131439432501792908e-01
3.157609403133392334e-01
3.545645251870155334e-02
1.842541098594665527e-01
-1.461069285869598389e-01
-5.594412684440612793e-01
-1.365803956985473633e+00
4.704969525337219238e-01
2.111727371811866760e-02
-6.667385995388031006e-02
1.467262115329504013e-02
6.135951727628707886e-02
1.082033589482307434e-01
-6.629246473312377930e-02
-6.138795614242553711e-01
2.322513014078140259e-01
-6.052759289741516113e-01
1.402859389781951904e-01
-9.883796572685241699e-01
-3.012226521968841553e-01
-4.378652572631835938e-01
-1.112561941146850586e+00
-2.153276354074478149e-01
-3.476350605487823486e-01
3.516007363796234131e-01
1.971072405576705933e-01
5.653951168060302734e-01
5.160534381866455078e-01
-1.205459460616111755e-01
-6.157969310879707336e-02
6.624657511711120605e-01
-2.884403765201568604e-01
-2.695199549198150635e-01
-2.555489838123321533e-01
-3.805670440196990967e-01
5.759325623512268066e-01
-3.852314949035644531e-01
5.332332476973533630e-02
-4.577631503343582153e-02
6.789004206657409668e-01
2.029523551464080811e-01
2.039121687412261963e-01
-2.040023058652877808e-01
6.506057381629943848e-01
-2.575952112674713135e-01
1.596122384071350098e-01
3.523270413279533386e-02
3.736039102077484131e-01
5.949356555938720703e-01
-7.412786483764648438e-01
2.888832092285156250e-01
5.446533858776092529e-02
-1.523583084344863892e-01
-5.311025977134704590e-01
-1.406679600477218628e-01
-4.238750040531158447e-01
-3.661699593067169189e-01
2.595371939241886139e-02
-4.679479598999023438e-01
1.723020821809768677e-01
3.240823149681091309e-01
-6.165059208869934082e-01
2.496915310621261597e-01
-8.818778395652770996e-01
2.566078901290893555e-01
-8.211345076560974121e-01
3.035951256752014160e-01
6.228021979331970215e-01
-2.198406904935836792e-01
6.088957563042640686e-02
-1.691625714302062988e-01
4.452211558818817139e-01
7.500058412551879883e-01
-1.357926726341247559e-01
2.394924163818359375e+00
1.063034057617187500e+00
-9.620826840400695801e-01
-1.390142142772674561e-01
1.029399037361145020e+00
-7.177332639694213867e-01
8.398568034172058105e-01
-1.232888698577880859e-01
6.627576351165771484e-01
-3.889015614986419678e-01
-4.642758071422576904e-01
-7.425305843353271484e-01
2.171285897493362427e-01
-7.062739133834838867e-02
-6.840634346008300781e-02
3.523730337619781494e-01
8.271083980798721313e-02
2.034023702144622803e-01
-2.312803864479064941e-01
5.670600533485412598e-01
6.145114898681640625e-01
4.340018033981323242e-01
-2.060307413339614868e-01
4.964234828948974609e-01
1.244831442832946777e+00
2.533803880214691162e-01
6.334633231163024902e-01
-5.468841791152954102e-01
4.434736073017120361e-02
3.426812887191772461e-01
1.093647554516792297e-01
5.980233550071716309e-01
-1.408947259187698364e-01
-6.021717190742492676e-01
6.587742269039154053e-02
-3.902524411678314209e-01
-3.291593790054321289e-01
5.088223814964294434e-01
-3.566230535507202148e-01
4.492859840393066406e-01
1.048699855804443359e+00
-7.977933287620544434e-01
-1.079725146293640137e+00
5.798714160919189453e-01
-1.036494374275207520e+00
-5.848040431737899780e-02
3.200183808803558350e-01
9.483285993337631226e-02
2.840929478406906128e-02
2.207389622926712036e-01
2.372076362371444702e-01
2.443747520446777344e-01
-1.132029056549072266e+00
-6.434466242790222168e-01
1.173594832420349121e+00
-5.008885264396667480e-01
-2.322476953268051147e-01
3.684890270233154297e-01
2.930341362953186035e-01
5.851602554321289062e-01
1.895611882209777832e-01
-3.263193070888519287e-01
6.107742190361022949e-01
2.316825687885284424e-01
1.281278133392333984e-01
9.859642386436462402e-02
-1.540570855140686035e-01
2.194207608699798584e-01
1.348705589771270752e-01
-3.832924365997314453e-01
-4.568245112895965576e-01
-1.034494265913963318e-01
4.330097138881683350e-01
-1.445740908384323120e-01
-6.490183621644973755e-02
-3.066161572933197021e-01
-1.014581918716430664e-01
-2.960779964923858643e-01
