-1.442855689674615860e-02
-8.877915889024734497e-02
-3.268319964408874512e-01
9.686961770057678223e-02
-3.465825915336608887e-01
1.630776524543762207e-01
5.807847976684570312e-01
2.683307603001594543e-02
5.442313104867935181e-02
-9.894608706235885620e-02
1.299493610858917236e-01
-2.688650190830230713e-01
-3.288644179701805115e-02
-1.566495001316070557e-02
-2.028448730707168579e-01
-3.856268944218754768e-03
1.984105259180068970e-01
-6.475116014480590820e-01
2.546263039112091064e-01
2.632268965244293213e-01
-2.948028147220611572e-01
-8.578325510025024414e-01
1.176571011543273926e+00
-6.563756465911865234e-01
4.275604486465454102e-01
-2.053888589143753052e-01
-5.266463160514831543e-01
4.857120811939239502e-01
-6.361981034278869629e-01
4.760254323482513428e-01
-5.556112527847290039e-01
1.412795633077621460e-01
-7.401660084724426270e-01
-4.066127836704254150e-01
4.723556935787200928e-01
-6.236448287963867188e-01
1.614094853401184082e+00
6.250180304050445557e-02
2.543776333332061768e-01
-9.956593513488769531e-01
1.397856712341308594e+00
5.167107582092285156e-01
5.414869189262390137e-01
-3.029409348964691162e-01
9.783048182725906372e-02
-2.654529213905334473e-01
1.850347071886062622e-01
1.227367877960205078e+00
-3.018375158309936523e+00
-6.161525100469589233e-02
4.190121293067932129e-01
2.489653974771499634e-01
4.932740703225135803e-02
-8.999201655387878418e-01
2.716596722602844238e-01
-2.339720726013183594e-01
1.383197426795959473e+00
-5.018635988235473633e-01
7.632206678390502930e-01
-1.637738049030303955e-01
1.096695423126220703e+00
5.949241518974304199e-01
6.380128860473632812e-01
-8.107960224151611328e-03
-2.825939357280731201e-01
2.462609261274337769e-01
-2.011380344629287720e-01
1.017843708395957947e-01
-1.881925463676452637e-01
1.161884143948554993e-01
-4.782214462757110596e-01
-4.780083894729614258e-01
5.875785946846008301e-01
-2.300054952502250671e-02
6.979834437370300293e-01
3.198777437210083008e-01
-2.929940633475780487e-02
-5.925897955894470215e-01
4.312191605567932129e-01
1.985086053609848022e-01
-2.618953883647918701e-01
5.201249122619628906e-01
4.016317129135131836e-01
-1.003528833389282227e-01
4.135673642158508301e-01
-3.121489882469177246e-01
-1.149774789810180664e+00
6.425624489784240723e-01
-1.223229527473449707e+00
7.957938313484191895e-01
6.935487389564514160e-01
3.585177958011627197e-01
-4.672450721263885498e-01
-2.875504493713378906e-01
4.039368331432342529e-01
1.369691342115402222e-01
1.306259632110595703e+00
-2.265766382217407227e+00
-5.585435628890991211e-01
-7.637582719326019287e-02
1.110708236694335938e+00
-3.675981760025024414e-01
1.064451217651367188e+00
5.524688363075256348e-01
-5.992686152458190918e-01
-5.063475966453552246e-01
2.154885083436965942e-01
1.028801547363400459e-03
-3.064422905445098877e-01
-2.305838316679000854e-01
7.929878681898117065e-02
1.383637309074401855e+00
-3.263140022754669189e-01
-9.911471605300903320e-01
2.706175446510314941e-01
-1.477644085884094238e+00
-1.077166497707366943e-01
1.655850559473037720e-02
-8.583212494850158691e-01
1.607684195041656494e-01
-7.553756237030029297e-01
-3.121806681156158447e-01
1.935864537954330444e-01
-1.411963552236557007e-01
3.983607292175292969e-01
-2.722235321998596191e-01
-6.296088099479675293e-01
5.404151082038879395e-01
-2.251367866992950439e-01
4.237039387226104736e-01
2.699944972991943359e-01
-2.685567736625671387e-01
-1.846825778484344482e-01
4.413280487060546875e-01
-3.203833103179931641e-01
-1.838872730731964111e-01
3.457697927951812744e-01
2.106318771839141846e-01
-4.365671575069427490e-01
-2.872301042079925537e-01
6.430884599685668945e-01
-2.389315068721771240e-01
1.007772088050842285e+00
-1.781088411808013916e-01
-6.314474344253540039e-01
3.351236134767532349e-02
5.493642687797546387e-01
-8.722544461488723755e-02
2.113842517137527466e-01
2.223823964595794678e-01
-2.418709695339202881e-01
-8.986327171325683594e+00
-5.158959031105041504e-01
-3.568863868713378906e-01
4.889379739761352539e-01
3.361380100250244141e-01
-3.722930327057838440e-02
-1.593507975339889526e-01
-5.742406249046325684e-01
2.350491583347320557e-01
-1.060168862342834473e+00
7.608368992805480957e-02
4.438993334770202637e-01
-6.855642199516296387e-01
-7.314237952232360840e-02
-6.260720640420913696e-02
2.469953745603561401e-01
-1.452047705650329590e+00
2.215681672096252441e-01
5.440490841865539551e-01
2.264147549867630005e-01
-4.177311360836029053e-01
7.999087572097778320e-01
-4.729380309581756592e-01
-1.050564527511596680e+00
3.006640970706939697e-01
2.241254001855850220e-01
3.325299918651580811e-01
2.899571061134338379e-01
-1.063215881586074829e-01
-5.461626052856445312e-01
5.119531750679016113e-01
3.522490859031677246e-01
-3.567159473896026611e-01
4.660235941410064697e-01
-4.742114841938018799e-01
-7.396753430366516113e-01
1.635636091232299805e-01
5.873093605041503906e-01
4.635634124279022217e-01
-1.438019275665283203e-01
-5.835929512977600098e-01
6.948775649070739746e-01
7.591648697853088379e-01
4.694459736347198486e-01
5.617501735687255859e-01
8.795161843299865723e-01
-7.896768301725387573e-02
-1.816958338022232056e-01
-5.795511603355407715e-01
-6.442900002002716064e-02
1.371673345565795898e-01
-9.707801789045333862e-02
4.427041411399841309e-01
3.238457813858985901e-02
-6.280298829078674316e-01
4.995962381362915039e-01
4.302741289138793945e-01
1.006489694118499756e-01
1.922510266304016113e-01
-1.404376178979873657e-01
6.110365390777587891e-01
-3.323678076267242432e-01
1.723697781562805176e-02
-4.844204336404800415e-02
1.017300367355346680e+00
3.058933973312377930e+00
3.681457638740539551e-01
-2.599481120705604553e-02
1.175526455044746399e-01
-2.383375465869903564e-01
-7.389494180679321289e-01
-7.353782653808593750e-01
3.984741866588592529e-01
-3.799364268779754639e-01
-3.258721828460693359e-01
-4.169193282723426819e-02
2.464904040098190308e-01
4.883904382586479187e-02
2.857092916965484619e-01
-3.087766170501708984e-01
7.095742225646972656e-02
3.219744563102722168e-01
1.521366089582443237e-01
-6.774702072143554688e-01
-3.257245421409606934e-01
-5.769424438476562500e-01
-1.471385359764099121e+00
-4.232925549149513245e-02
1.431824803352355957e+00
2.439311742782592773e-01
1.570841073989868164e-01
3.209675848484039307e-01
4.784141182899475098e-01
-1.213161721825599670e-01
-3.186120092868804932e-02
-2.320284396409988403e-02
-2.717687785625457764e-01
-2.784852981567382812e-01
-9.796005487442016602e-02
-2.040137797594070435e-01
3.768010139465332031e-01
-4.258368909358978271e-01
2.712656557559967041e-01
3.116396665573120117e-01
6.329255700111389160e-01
4.139696955680847168e-01
3.445461690425872803e-01
-1.558597087860107422e-01
5.005863308906555176e-01
-1.168288469314575195e+00
6.094305589795112610e-02
5.546602606773376465e-02
5.106140375137329102e-01
6.899653673171997070e-01
-9.044970273971557617e-01
2.299838364124298096e-01
1.541404426097869873e-01
9.517951309680938721e-02
-4.236527681350708008e-01
-4.426470100879669189e-01
-4.806989431381225586e-01
-3.927024602890014648e-01
6.335336714982986450e-02
-3.806106150150299072e-01
8.758683502674102783e-02
-1.383650302886962891e-01
-2.438613623380661011e-01
-4.113232791423797607e-01
1.593307703733444214e-01
2.264588177204132080e-01
-8.524698019027709961e-01
-1.409454464912414551e+00
1.569619655609130859e+00
-2.299448847770690918e-01
1.822031885385513306e-01
-3.173217177391052246e-01
3.060159981250762939e-01
5.799981951713562012e-01
-2.808756530284881592e-01
2.385745286941528320e+00
7.811335921287536621e-01
-6.232662796974182129e-01
6.011553481221199036e-02
7.174669504165649414e-01
-1.313514709472656250e+00
1.183375477790832520e+00
-2.474387288093566895e-01
1.110400557518005371e+00
-1.440210491418838501e-01
-8.886243104934692383e-01
-6.141235232353210449e-01
3.967364132404327393e-01
-2.358416616916656494e-01
4.985995590686798096e-02
1.921430081129074097e-01
7.746852934360504150e-02
1.793296933174133301e-01
-2.066055983304977417e-01
2.948664128780364990e-01
5.204162374138832092e-02
7.708712816238403320e-01
-3.901155889034271240e-01
7.273299694061279297e-01
1.609260320663452148e+00
2.720133066177368164e-01
6.381482481956481934e-01
-2.542858123779296875e-01
2.167222835123538971e-02
3.457135558128356934e-01
2.891625761985778809e-01
1.416491270065307617e-01
2.814013957977294922e-01
-8.949450850486755371e-01
1.591502688825130463e-02
-3.171657025814056396e-01
-3.683846294879913330e-01
9.135054796934127808e-02
-5.541794896125793457e-01
3.336329460144042969e-01
6.587311625480651855e-01
-7.547234296798706055e-01
-2.946629226207733154e-01
3.112689852714538574e-01
-1.605980753898620605e+00
-4.893772900104522705e-01
5.415677428245544434e-01
1.729620099067687988e-01
-2.376295924186706543e-01
3.554754853248596191e-01
7.033620476722717285e-01
3.560478389263153076e-01
-1.445245504379272461e+00
-6.751555800437927246e-01
1.051836133003234863e+00
-4.688137769699096680e-01
-3.118350207805633545e-01
2.693437039852142334e-01
2.518205642700195312e-01
6.825910210609436035e-01
-1.131628639996051788e-02
-5.108469128608703613e-01
7.776492834091186523e-01
4.619244486093521118e-02
4.941335320472717285e-02
-1.027086898684501648e-01
-3.162310123443603516e-01
1.600494980812072754e-01
1.633924990892410278e-01
-3.084599375724792480e-01
-2.481679469347000122e-01
-1.455359607934951782e-01
3.145410716533660889e-01
-2.377140074968338013e-01
2.308450490236282349e-01
-4.578531086444854736e-01
-1.011723428964614868e-01
5.069171637296676636e-02
