2.256512492895126343e-01
-1.440754234790802002e-01
-2.090057432651519775e-01
1.025842279195785522e-01
-1.644070595502853394e-01
5.164626240730285645e-01
-1.701932772994041443e-02
-4.108963534235954285e-02
2.225579880177974701e-02
-1.108035519719123840e-01
1.660320162773132324e-01
-4.775101244449615479e-01
-1.177434325218200684e-01
3.629900887608528137e-02
-1.477878391742706299e-01
-5.268906801939010620e-02
2.287538200616836548e-01
-1.610385924577713013e-01
-1.937221437692642212e-01
1.841298341751098633e-01
-3.737853169441223145e-01
-7.485726475715637207e-01
1.081631422042846680e+00
-1.014322400093078613e+00
4.871884286403656006e-01
-1.322260349988937378e-01
-5.719912648200988770e-01
3.910986185073852539e-01
-2.573771476745605469e-01
5.990912318229675293e-01
-5.933560729026794434e-01
3.566244244575500488e-01
-2.211295813322067261e-01
-1.918084919452667236e-01
2.033173292875289917e-01
-5.909949541091918945e-01
1.543615579605102539e+00
3.297845646739006042e-02
8.209021389484405518e-02
-9.145293235778808594e-01
1.552792787551879883e+00
5.867856740951538086e-01
6.805419921875000000e-01
-3.294393718242645264e-01
2.411064319312572479e-02
-5.625268444418907166e-02
7.964336276054382324e-01
-5.428559333086013794e-02
-2.581317186355590820e+00
2.573702335357666016e-01
-5.540266633033752441e-01
-8.046011626720428467e-02
5.537318438291549683e-02
-7.505825161933898926e-01
-4.737246315926313400e-03
-7.982417941093444824e-02
3.600578308105468750e-01
-8.606960177421569824e-01
4.871514141559600830e-01
-1.753863394260406494e-01
1.414596140384674072e-01
2.518499195575714111e-01
5.935629010200500488e-01
-6.484790146350860596e-02
-3.916542828083038330e-01
1.604495644569396973e-01
-7.412016391754150391e-02
1.278136521577835083e-01
-2.698345482349395752e-01
6.425426155328750610e-02
-5.516880750656127930e-01
-4.196054339408874512e-01
4.872459173202514648e-01
-5.201444402337074280e-02
7.304266691207885742e-01
3.630095124244689941e-01
-2.790243364870548248e-03
-5.414170026779174805e-01
2.401339411735534668e-01
1.316980719566345215e-01
-2.029785960912704468e-01
4.605175852775573730e-01
3.550963699817657471e-01
2.401619218289852142e-02
5.872060656547546387e-01
-3.852927386760711670e-01
-6.063548326492309570e-01
5.973485112190246582e-01
-1.153854966163635254e+00
7.381369471549987793e-01
-4.596367776393890381e-01
5.557500720024108887e-01
-3.147336542606353760e-01
-3.351960182189941406e-01
2.709142863750457764e-01
2.224961221218109131e-01
2.043903827667236328e+00
-1.530150651931762695e+00
-4.976370334625244141e-01
1.518025994300842285e-01
1.039067745208740234e+00
1.492931693792343140e-01
-8.771722912788391113e-01
5.963174700736999512e-01
-2.704003453254699707e-01
-1.241246983408927917e-01
5.725418776273727417e-02
2.272961288690567017e-02
-7.404432892799377441e-01
-1.188661083579063416e-01
1.862094253301620483e-01
-3.941628038883209229e-01
2.072468400001525879e-01
-1.047246098518371582e+00
2.841285169124603271e-01
2.320920675992965698e-01
8.082351088523864746e-02
2.475113421678543091e-01
-8.632057309150695801e-01
1.959438920021057129e-01
-6.193225383758544922e-01
-5.187583565711975098e-01
5.526791214942932129e-01
-1.377878785133361816e-01
2.694915235042572021e-01
-2.935774028301239014e-01
-5.692502856254577637e-01
4.839318394660949707e-01
-3.258908390998840332e-01
3.848093450069427490e-01
1.692424863576889038e-01
-3.135114014148712158e-01
2.101948410272598267e-01
4.254736602306365967e-01
-3.388306200504302979e-01
-1.715033203363418579e-01
2.730306684970855713e-01
4.676673710346221924e-01
-3.956605792045593262e-01
-2.136719673871994019e-01
5.789948701858520508e-01
-1.913355886936187744e-01
-1.883883595466613770e+00
-2.835317254066467285e-01
-3.053914904594421387e-01
3.739486336708068848e-01
3.908875584602355957e-01
-2.630221843719482422e-01
-1.699211746454238892e-01
3.834641873836517334e-01
-1.442927569150924683e-01
-1.931396245956420898e+00
-2.144975215196609497e-02
-1.238011196255683899e-01
5.094727277755737305e-01
1.333773374557495117e+00
4.255118966102600098e-02
2.026797272264957428e-02
-5.668136477470397949e-01
1.412512511014938354e-01
-8.559519052505493164e-01
-4.775068163871765137e-02
7.200142741203308105e-01
4.454104304313659668e-01
-4.052627459168434143e-02
-4.175621271133422852e-01
1.483444869518280029e-01
-1.262015819549560547e+00
1.820641905069351196e-01
5.370923280715942383e-01
2.147295624017715454e-01
9.559766054153442383e-01
4.981652200222015381e-01
-5.098150968551635742e-01
-1.229134440422058105e+00
-6.210782527923583984e-01
4.892177283763885498e-01
4.452002942562103271e-01
-4.870642125606536865e-01
-1.333403885364532471e-01
6.443644315004348755e-02
1.006714820861816406e+00
3.932821154594421387e-01
-1.609728336334228516e-01
4.635654091835021973e-01
-4.743987917900085449e-01
-7.209262847900390625e-01
2.660526335239410400e-01
6.080622076988220215e-01
3.879319429397583008e-01
-5.956848338246345520e-02
-6.430006027221679688e-02
7.062413096427917480e-01
9.783536195755004883e-01
2.774806320667266846e-01
5.624360442161560059e-01
2.315123081207275391e-01
-7.439154386520385742e-02
-1.835584640502929688e-01
-6.315257549285888672e-01
-6.683786958456039429e-02
3.756309747695922852e-01
-2.737909853458404541e-01
1.353990286588668823e-01
-1.530854254961013794e-01
7.849881052970886230e-02
8.022057414054870605e-01
1.798925250768661499e-01
2.254404872655868530e-01
2.411251515150070190e-01
-3.173759877681732178e-01
4.047135412693023682e-01
-1.364673376083374023e-01
6.977435201406478882e-02
-4.691760241985321045e-02
6.782509088516235352e-01
2.147172242403030396e-01
3.312976956367492676e-01
2.203423976898193359e-01
1.179628223180770874e-01
-5.817196890711784363e-02
-7.142002582550048828e-01
-1.156951546669006348e+00
-5.946919322013854980e-01
-6.806772947311401367e-02
-1.622267514467239380e-01
6.161810755729675293e-01
5.555734038352966309e-01
1.834941655397415161e-01
1.531606167554855347e-01
-6.266556978225708008e-01
2.884788215160369873e-01
-1.160410761833190918e+00
-8.978835493326187134e-02
-8.174034357070922852e-01
-8.902955800294876099e-02
-1.057098805904388428e-01
-7.583340406417846680e-01
-4.330936968326568604e-01
3.257724642753601074e-01
4.216374456882476807e-01
2.986705899238586426e-01
6.578319072723388672e-01
5.396522879600524902e-01
-1.133254915475845337e-01
-2.492283470928668976e-02
6.406262516975402832e-01
-7.349016517400741577e-02
-2.837130725383758545e-01
-1.480064988136291504e-01
-1.477154195308685303e-01
6.534459590911865234e-01
-5.556078627705574036e-02
6.700813025236129761e-02
4.150730371475219727e-01
6.664921641349792480e-01
2.189181447029113770e-01
4.431890845298767090e-01
-2.230402529239654541e-01
5.703929662704467773e-01
-2.847005724906921387e-01
2.468488365411758423e-01
1.586678773164749146e-01
1.229831352829933167e-01
7.512747049331665039e-01
-7.106429338455200195e-01
-7.954168319702148438e-01
3.924115598201751709e-01
-9.631609171628952026e-02
-5.411670804023742676e-01
-3.870282769203186035e-01
-4.828026890754699707e-01
-5.538065433502197266e-01
-2.228485345840454102e-01
-3.696701526641845703e-01
4.173940122127532959e-01
3.292708396911621094e-01
-5.985763669013977051e-01
-8.570497483015060425e-02
4.162074625492095947e-01
5.745832324028015137e-01
-6.655770540237426758e-01
-6.197854131460189819e-02
2.014123439788818359e+00
-1.041007041931152344e-01
6.285175681114196777e-01
-1.443696022033691406e-01
1.429975479841232300e-01
7.441189289093017578e-01
3.000732362270355225e-01
1.913376927375793457e+00
1.006314516067504883e+00
-9.383568763732910156e-01
3.605254739522933960e-02
1.019442796707153320e+00
-7.517237663269042969e-01
8.412017226219177246e-01
-2.901540994644165039e-01
6.529466509819030762e-01
-4.141384065151214600e-01
3.320453464984893799e-01
-8.227555751800537109e-01
2.447911649942398071e-01
-6.699197739362716675e-02
-5.247388780117034912e-02
-1.005598157644271851e-02
2.018187493085861206e-01
1.862461268901824951e-01
-1.311793774366378784e-01
2.583724260330200195e-01
4.905567765235900879e-01
5.100308656692504883e-01
-2.884349226951599121e-01
7.936820387840270996e-01
1.348884344100952148e+00
2.772682905197143555e-01
6.787936687469482422e-01
-7.120464444160461426e-01
1.193240806460380554e-01
4.013993144035339355e-01
2.664371430873870850e-01
1.757836788892745972e-01
-2.970911562442779541e-01
-1.547287225723266602e+00
-4.720091074705123901e-02
-6.229863762855529785e-01
-3.350419104099273682e-01
-1.895344704389572144e-01
1.167404204607009888e-01
3.618236184120178223e-01
1.219578862190246582e+00
-7.106211185455322266e-01
-5.041667819023132324e-01
4.868364334106445312e-01
-6.007354259490966797e-01
-3.093424439430236816e-01
6.023917794227600098e-01
2.611741982400417328e-02
-9.458068013191223145e-02
1.930391341447830200e-01
2.161595672369003296e-01
1.410874426364898682e-01
-9.985651373863220215e-01
-6.890177130699157715e-01
1.245490908622741699e+00
-5.150539875030517578e-01
-2.972884178161621094e-01
3.631890714168548584e-01
2.720806300640106201e-01
6.191608905792236328e-01
1.706845909357070923e-01
-1.895743459463119507e-01
5.908961296081542969e-01
1.082254201173782349e-02
1.812849752604961395e-02
6.769970804452896118e-02
-1.685679554939270020e-01
1.952277868986129761e-01
5.602598190307617188e-02
-4.914371073246002197e-01
-2.609919607639312744e-01
-1.379160881042480469e-01
4.565730094909667969e-01
-1.758539080619812012e-01
-1.728770732879638672e-01
-4.408682882785797119e-01
-9.957440942525863647e-02
-2.352327257394790649e-01
