2.469847500324249268e-01
-7.863020151853561401e-02
-2.240529805421829224e-01
1.329150348901748657e-01
-6.952680349349975586e-01
-4.314866662025451660e-01
6.664192080497741699e-01
9.558176398277282715e-01
3.552684485912322998e-01
-2.894422225654125214e-02
7.213147878646850586e-01
2.834410965442657471e-01
1.223596632480621338e-01
-3.290403485298156738e-01
-4.563986659049987793e-01
2.031582295894622803e-01
-2.029707431793212891e-01
2.625964581966400146e-01
7.780182361602783203e-01
-4.837171360850334167e-02
-1.129211425781250000e+00
-9.140112400054931641e-01
8.314256668090820312e-01
-5.823735594749450684e-01
7.434532046318054199e-01
-4.381627738475799561e-01
2.885090559720993042e-02
5.676215291023254395e-01
-7.451460361480712891e-01
6.714204549789428711e-01
-5.939472317695617676e-01
9.511918425559997559e-01
-7.390975356101989746e-01
-6.420141458511352539e-01
8.070827126502990723e-01
-5.544507503509521484e-01
2.522720098495483398e+00
-1.588060855865478516e-01
6.538852453231811523e-01
-8.466114997863769531e-01
8.576335906982421875e-01
6.882391870021820068e-02
5.138388276100158691e-01
-7.730109691619873047e-01
-2.897299230098724365e-01
-3.419709503650665283e-01
-1.424187660217285156e+00
9.342486858367919922e-01
7.261422276496887207e-01
2.893665134906768799e-01
6.012942194938659668e-01
7.240230441093444824e-01
3.074190020561218262e-01
-1.033324122428894043e+00
5.372506380081176758e-01
4.751453995704650879e-01
4.999648630619049072e-01
-1.095731854438781738e+00
1.157668754458427429e-01
1.225592792034149170e-01
3.643349707126617432e-01
-6.401597857475280762e-01
7.961162924766540527e-01
-6.694560497999191284e-02
8.909925818443298340e-02
1.457200795412063599e-01
-3.216513097286224365e-01
5.023110192269086838e-03
-8.724056929349899292e-02
2.283259630203247070e-01
-3.801951408386230469e-01
-4.485247135162353516e-01
6.199224591255187988e-01
-3.848619386553764343e-02
6.904969811439514160e-01
2.434278130531311035e-01
4.195529036223888397e-03
-4.429155588150024414e-01
8.349679708480834961e-01
2.551707327365875244e-01
-2.589411139488220215e-01
4.557761847972869873e-01
1.315345615148544312e-01
2.484568506479263306e-01
4.154919385910034180e-01
-3.591138124465942383e-01
1.858209520578384399e-01
2.425884455442428589e-01
-1.031221151351928711e+00
1.038065075874328613e+00
3.910053372383117676e-01
1.742112398147583008e+00
-2.357723712921142578e-01
-3.810069262981414795e-01
7.141404747962951660e-01
6.059886217117309570e-01
-1.793738961219787598e+00
-1.616838335990905762e+00
-6.101863384246826172e-01
-4.266077578067779541e-01
-1.581170439720153809e+00
-7.945919632911682129e-01
-4.674920737743377686e-01
4.444042146205902100e-01
-2.575713694095611572e-01
-3.308742642402648926e-01
5.093253850936889648e-01
6.978911906480789185e-02
-5.292891263961791992e-01
-2.340738326311111450e-01
4.077392518520355225e-01
-9.158936738967895508e-01
-6.434350507333874702e-04
-1.274942874908447266e+00
2.860797047615051270e-01
2.530736029148101807e-01
5.098724961280822754e-01
4.249017536640167236e-01
-1.721229553222656250e+00
2.336470186710357666e-01
8.944134712219238281e-01
-6.057554855942726135e-02
3.025337457656860352e-01
-1.651397645473480225e-01
5.484368801116943359e-01
-4.326703846454620361e-01
-5.730979442596435547e-01
4.175160825252532959e-01
-7.900986820459365845e-02
3.544137179851531982e-01
3.495473563671112061e-01
-3.718110024929046631e-01
-5.720168724656105042e-02
3.867766559123992920e-01
-2.990860342979431152e-01
-2.162346243858337402e-01
1.932222843170166016e-01
-6.582623124122619629e-01
-3.611735403537750244e-01
-6.476349830627441406e-01
5.226382613182067871e-01
-1.314602196216583252e-01
-3.259538173675537109e+00
-5.082234740257263184e-01
3.965318500995635986e-01
3.436191082000732422e-01
5.847597122192382812e-01
-8.482029289007186890e-02
2.615506350994110107e-01
1.049237370491027832e+00
1.126515027135610580e-02
-6.342767477035522461e-01
2.107568085193634033e-01
-6.692357063293457031e-01
7.395631670951843262e-01
-3.822989165782928467e-01
-2.350332774221897125e-02
-3.566273152828216553e-01
-1.197245359420776367e+00
3.787632584571838379e-01
1.645728826522827148e+00
1.039447784423828125e-01
2.006082236766815186e-01
6.751969456672668457e-02
3.585329651832580566e-01
-2.734505176544189453e+00
2.847425341606140137e-01
-1.493497729301452637e+00
-1.935936212539672852e-01
7.028654217720031738e-01
-3.674706220626831055e-01
6.517135500907897949e-01
1.676000356674194336e-01
-7.146954536437988281e-02
-1.150232672691345215e+00
1.129700899124145508e+00
1.435106515884399414e+00
-3.645320609211921692e-02
-9.434560537338256836e-01
-1.357153415679931641e+00
2.882182896137237549e-01
7.319942116737365723e-01
3.824097514152526855e-01
-5.850489735603332520e-01
4.348443150520324707e-01
-4.452229440212249756e-01
-6.752693057060241699e-01
-3.564009964466094971e-01
5.284994840621948242e-01
2.380001544952392578e-01
-1.704802364110946655e-01
2.887048199772834778e-02
6.825177073478698730e-01
1.003550887107849121e+00
4.094251990318298340e-01
5.254209637641906738e-01
2.264888137578964233e-01
-5.150779336690902710e-02
-2.112720608711242676e-01
-6.352924108505249023e-01
-4.179694056510925293e-01
-1.257504224777221680e+00
2.708318829536437988e-02
2.478152811527252197e-01
-8.825355172157287598e-01
1.382627606391906738e+00
1.174119710922241211e+00
3.469776809215545654e-01
9.029570221900939941e-01
2.368216812610626221e-01
-3.364384472370147705e-01
8.082985281944274902e-01
8.100658059120178223e-01
-4.546330869197845459e-02
4.369720816612243652e-01
-3.366703391075134277e-01
-1.001582264900207520e+00
3.780463039875030518e-01
7.282224297523498535e-01
5.831347107887268066e-01
3.345889151096343994e-01
-1.394157409667968750e-01
-3.772207796573638916e-01
2.745609581470489502e-01
1.314478181302547455e-02
1.224062085151672363e+00
1.275241672992706299e-01
8.786305785179138184e-01
2.183678448200225830e-01
4.249950349330902100e-01
-1.636187672615051270e+00
7.405341863632202148e-01
5.622197389602661133e-01
4.627371728420257568e-01
-4.389294683933258057e-01
-1.647212207317352295e-01
-8.157581090927124023e-02
1.057838916778564453e+00
-6.233135238289833069e-02
-9.194762110710144043e-01
-4.909393191337585449e-01
3.018294572830200195e-01
7.895036935806274414e-01
5.420705080032348633e-01
-8.378236293792724609e-01
-8.904008567333221436e-02
-1.203089594841003418e+00
2.070935964584350586e-01
-2.200951576232910156e-01
-7.597758173942565918e-01
-4.223734736442565918e-01
2.742500305175781250e-01
4.692731797695159912e-01
-1.266498714685440063e-01
-5.791601538658142090e-02
1.602506637573242188e-01
1.664120107889175415e-01
2.499557882547378540e-01
-2.469961494207382202e-01
5.031890273094177246e-01
-2.521537244319915771e-01
-6.293135881423950195e-02
7.556329965591430664e-01
-5.314295291900634766e-01
4.937951266765594482e-01
2.850553207099437714e-02
3.373332023620605469e-01
-2.117760181427001953e+00
-1.782741993665695190e-01
-4.594058990478515625e-01
7.000060379505157471e-02
-2.837274968624114990e-01
3.551249206066131592e-01
-2.164796292781829834e-01
-2.872587144374847412e-01
-4.140990078449249268e-01
1.040509417653083801e-01
-1.485584020614624023e+00
-8.734037727117538452e-02
1.975840181112289429e-01
-3.178409039974212646e-01
-6.340373754501342773e-01
6.653005480766296387e-01
1.046158194541931152e+00
-3.074046783149242401e-02
-5.264388322830200195e-01
-2.616062164306640625e-01
1.422262310981750488e+00
4.757185578346252441e-01
-1.257497370243072510e-01
-5.270095467567443848e-01
6.570361256599426270e-01
-1.968284606933593750e+00
-5.013944506645202637e-01
3.043997883796691895e-01
1.802178621292114258e+00
2.422808706760406494e-01
5.929852724075317383e-01
-2.465123087167739868e-01
-6.843353509902954102e-01
-9.807958006858825684e-01
-2.995799481868743896e-01
3.512778580188751221e-01
-1.089079603552818298e-01
-1.583544313907623291e-01
-1.408986449241638184e-01
-2.984885685145854950e-02
-6.668396294116973877e-02
-9.428842663764953613e-01
3.052289485931396484e-01
1.797738373279571533e-01
1.459146887063980103e-01
-3.734867870807647705e-01
8.653556704521179199e-01
1.171998739242553711e+00
2.769804298877716064e-01
1.173580765724182129e+00
-3.936400711536407471e-01
-1.798996031284332275e-01
5.024171471595764160e-01
-1.396658271551132202e-01
1.432579457759857178e-01
1.901982665061950684e+00
1.698322892189025879e+00
-6.663074344396591187e-02
-6.561298966407775879e-01
-2.073618918657302856e-01
7.067897319793701172e-01
1.500460624694824219e+00
5.703377723693847656e-01
-1.657485961914062500e+00
-1.414470791816711426e+00
5.865481495857238770e-02
6.038782000541687012e-02
-1.070525720715522766e-01
3.442866086959838867e+00
-8.308262228965759277e-01
2.873259484767913818e-01
-3.098066449165344238e-01
3.316072225570678711e-01
-3.752014935016632080e-01
4.275963604450225830e-01
-5.765014886856079102e-01
-6.384575366973876953e-01
3.068775177001953125e+00
-3.501650989055633545e-01
-4.896917846053838730e-03
6.010181307792663574e-01
-3.136938214302062988e-01
1.018855214118957520e+00
4.301997721195220947e-01
-4.222666919231414795e-01
2.001525759696960449e-01
2.328576594591140747e-01
-1.507658213376998901e-01
2.236911803483963013e-01
-1.759423315525054932e-01
3.899409770965576172e-01
-2.058135271072387695e-01
6.315378099679946899e-02
-5.161864757537841797e-01
-4.406161606311798096e-01
6.869419813156127930e-01
-1.129798889160156250e-01
-2.670311927795410156e-01
-1.758770793676376343e-01
-2.665340006351470947e-01
-2.425190448760986328e+00
