2.258399873971939087e-01
-1.145705208182334900e-01
-2.628344893455505371e-01
6.416929513216018677e-02
-4.000882804393768311e-01
4.967531859874725342e-01
4.928164556622505188e-02
-3.811455518007278442e-02
3.580409288406372070e-02
-6.217811629176139832e-02
1.618014127016067505e-01
-4.057426452636718750e-01
-1.289639472961425781e-01
3.257121145725250244e-02
-1.661311388015747070e-01
-5.937436595559120178e-02
2.256385535001754761e-01
-1.049595698714256287e-01
-1.603284925222396851e-01
1.561576575040817261e-01
-3.549916446208953857e-01
-7.943279743194580078e-01
1.087647795677185059e+00
-9.898009896278381348e-01
5.135589838027954102e-01
-1.575086861848831177e-01
-5.637032389640808105e-01
3.774122595787048340e-01
-3.743301928043365479e-01
6.159070134162902832e-01
-5.930086970329284668e-01
3.708915412425994873e-01
-2.262012660503387451e-01
-2.149691730737686157e-01
2.246391624212265015e-01
-5.990785956382751465e-01
1.516689658164978027e+00
3.365875780582427979e-02
9.270151704549789429e-02
-9.318311214447021484e-01
1.505722403526306152e+00
5.946805477142333984e-01
5.848482847213745117e-01
-5.733109116554260254e-01
2.664409391582012177e-02
-7.224836945533752441e-02
8.000344038009643555e-01
-7.901701144874095917e-03
-2.168067693710327148e+00
2.908658087253570557e-01
-3.068840503692626953e-01
-2.080884873867034912e-01
3.251676680520176888e-03
-7.656025290489196777e-01
3.766623884439468384e-02
-8.134301006793975830e-02
-4.983735084533691406e-02
-8.582161068916320801e-01
4.112106561660766602e-01
-1.223983913660049438e-01
-4.441204667091369629e-01
1.812000870704650879e-01
5.827299356460571289e-01
-7.327022403478622437e-02
-3.988795280456542969e-01
1.674311459064483643e-01
-9.505541622638702393e-02
1.037778034806251526e-01
-2.382247447967529297e-01
2.205125056207180023e-02
-5.638763308525085449e-01
-4.311969876289367676e-01
5.112110972404479980e-01
-6.960800290107727051e-02
7.001687884330749512e-01
3.987688124179840088e-01
7.193988654762506485e-03
-5.097624659538269043e-01
2.620759308338165283e-01
1.372923254966735840e-01
-2.127504050731658936e-01
4.530897736549377441e-01
3.531420826911926270e-01
-9.833896905183792114e-02
5.624613761901855469e-01
-4.043181240558624268e-01
-5.272943377494812012e-01
7.775257825851440430e-01
-1.170536279678344727e+00
6.796811223030090332e-01
-3.505959808826446533e-01
3.508386611938476562e-01
-3.361740112304687500e-01
-3.555817604064941406e-01
2.870101630687713623e-01
3.425976336002349854e-01
1.418177247047424316e+00
-1.661108374595642090e+00
-5.730430483818054199e-01
1.779394149780273438e-01
3.177829980850219727e-01
1.945171356201171875e-01
-9.343540668487548828e-01
6.022074818611145020e-01
-2.138302773237228394e-01
-9.031454473733901978e-02
3.204347938299179077e-02
1.898783817887306213e-02
-7.834200263023376465e-01
-5.517471581697463989e-02
1.519668251276016235e-01
-4.209292829036712646e-01
1.342141479253768921e-01
-1.079740047454833984e+00
2.826591432094573975e-01
8.125486969947814941e-02
6.966656446456909180e-02
2.576307356357574463e-01
-7.736160159111022949e-01
1.580793708562850952e-01
-5.988547205924987793e-01
-5.089709162712097168e-01
5.663505792617797852e-01
-1.398736089468002319e-01
3.006592392921447754e-01
-2.820807695388793945e-01
-5.655093193054199219e-01
4.794068336486816406e-01
-3.423819541931152344e-01
3.866935968399047852e-01
2.366475611925125122e-01
-3.128476738929748535e-01
1.769153326749801636e-01
4.534392952919006348e-01
-3.558649122714996338e-01
-1.729611456394195557e-01
2.707596421241760254e-01
3.926127254962921143e-01
-4.535572230815887451e-01
-2.293090224266052246e-01
5.788552165031433105e-01
-1.899353116750717163e-01
-2.075670719146728516e+00
-1.757127344608306885e-01
-2.601329088211059570e-01
3.632467687129974365e-01
3.577782809734344482e-01
-2.974256277084350586e-01
-2.021673321723937988e-01
4.619188308715820312e-01
-1.904965937137603760e-01
-2.031609296798706055e+00
-1.082561463117599487e-01
1.009167451411485672e-02
5.100598335266113281e-01
1.101696848869323730e+00
3.387592360377311707e-02
3.329639509320259094e-02
-4.617467820644378662e-01
8.045921474695205688e-02
-8.461933732032775879e-01
-2.684820815920829773e-02
7.403476238250732422e-01
5.127770304679870605e-01
-7.491225749254226685e-02
-3.861597478389739990e-01
1.664106249809265137e-01
-1.305947065353393555e+00
-7.087843120098114014e-02
5.551912784576416016e-01
2.357884645462036133e-01
9.124853014945983887e-01
5.108195543289184570e-01
-4.638271033763885498e-01
-1.174057245254516602e+00
-5.788010358810424805e-01
4.866334497928619385e-01
4.003846943378448486e-01
-4.797609448432922363e-01
-2.656976580619812012e-01
1.206200122833251953e-01
9.577503204345703125e-01
3.862808644771575928e-01
-1.763492524623870850e-01
4.632333219051361084e-01
-4.740369617938995361e-01
-7.248802185058593750e-01
1.930041611194610596e-01
6.027700304985046387e-01
4.035455286502838135e-01
-6.690423935651779175e-02
-6.295182555913925171e-02
7.073686122894287109e-01
1.009454369544982910e+00
2.908261418342590332e-01
5.600591897964477539e-01
2.294620126485824585e-01
-7.492345571517944336e-02
-1.840137839317321777e-01
-6.272484064102172852e-01
-6.729983538389205933e-02
3.931263387203216553e-01
-3.139026761054992676e-01
1.031009182333946228e-01
-1.474596112966537476e-01
6.469728052616119385e-02
8.256818056106567383e-01
4.570127278566360474e-02
3.019036948680877686e-01
2.290958166122436523e-01
-3.264582753181457520e-01
4.403702318668365479e-01
-1.339646875858306885e-01
3.322042524814605713e-02
-5.606191232800483704e-02
6.911947727203369141e-01
2.157472632825374603e-02
3.335768282413482666e-01
2.375405281782150269e-01
1.438155621290206909e-01
-9.680977463722229004e-02
-7.309028506278991699e-01
-1.203473806381225586e+00
-6.739903092384338379e-01
-1.231978386640548706e-01
-1.007360816001892090e-01
5.896441340446472168e-01
5.165682435035705566e-01
2.820675671100616455e-01
1.865876168012619019e-01
-7.699266672134399414e-01
3.415445983409881592e-01
-1.066404223442077637e+00
-1.114097833633422852e-01
-8.684964776039123535e-01
-1.749650090932846069e-01
-1.082764118909835815e-01
-8.174712061882019043e-01
-4.891340434551239014e-01
2.331446558237075806e-01
4.024774134159088135e-01
2.723763287067413330e-01
7.425064444541931152e-01
5.599864721298217773e-01
-9.823382645845413208e-02
-2.549138851463794708e-02
5.642188191413879395e-01
-7.152631878852844238e-02
-2.787301838397979736e-01
-1.102347671985626221e-01
-1.376301795244216919e-01
7.169247865676879883e-01
-9.060700982809066772e-02
6.127584725618362427e-02
2.678446769714355469e-01
6.681053042411804199e-01
2.173478901386260986e-01
3.920288383960723877e-01
-2.214953154325485229e-01
5.911407470703125000e-01
-2.626871466636657715e-01
2.559902667999267578e-01
1.010504141449928284e-01
1.047241538763046265e-01
7.631010413169860840e-01
-7.240112423896789551e-01
-8.198748230934143066e-01
4.419245421886444092e-01
-2.266026288270950317e-01
-5.474306344985961914e-01
-3.203090429306030273e-01
-5.700536370277404785e-01
-6.492873430252075195e-01
-1.940334290266036987e-01
-3.327541053295135498e-01
3.507173657417297363e-01
3.881312310695648193e-01
-6.515923142433166504e-01
-8.033978752791881561e-03
5.134604573249816895e-01
5.416936278343200684e-01
-6.839353442192077637e-01
1.576671749353408813e-02
1.586502671241760254e+00
-1.592159867286682129e-01
6.671818494796752930e-01
-1.476965099573135376e-01
1.937458962202072144e-01
7.073975205421447754e-01
2.715906202793121338e-01
2.047879695892333984e+00
1.067314267158508301e+00
-9.307766556739807129e-01
6.620682030916213989e-02
9.197962284088134766e-01
-7.600568532943725586e-01
8.223149776458740234e-01
-3.201440572738647461e-01
6.101523041725158691e-01
-4.233796000480651855e-01
2.575539946556091309e-01
-8.733328580856323242e-01
2.253200709819793701e-01
-7.214512676000595093e-02
-5.953405797481536865e-02
-7.050761021673679352e-03
1.755919009447097778e-01
2.311450988054275513e-01
-6.204839423298835754e-02
2.064842134714126587e-01
4.766002297401428223e-01
3.253074288368225098e-01
-2.667154371738433838e-01
7.768907546997070312e-01
1.360135555267333984e+00
3.029796481132507324e-01
6.711988449096679688e-01
-7.126765847206115723e-01
1.791243106126785278e-01
3.962957859039306641e-01
3.338537812232971191e-01
1.812087297439575195e-01
-2.058639377355575562e-01
-1.559230446815490723e+00
-5.489095300436019897e-02
-6.403300166130065918e-01
-3.543988466262817383e-01
1.443843077868223190e-02
4.663020372390747070e-02
2.858873307704925537e-01
1.187466979026794434e+00
-6.610503792762756348e-01
-6.375337243080139160e-01
4.386885464191436768e-01
-7.227436900138854980e-01
-2.796354293823242188e-01
5.647570490837097168e-01
1.147917844355106354e-02
-4.414829611778259277e-02
1.555452048778533936e-01
2.362275123596191406e-01
1.332956403493881226e-01
-9.595510959625244141e-01
-6.923864483833312988e-01
1.301027297973632812e+00
-4.988784193992614746e-01
-2.875154912471771240e-01
3.992666304111480713e-01
2.689149081707000732e-01
6.080573201179504395e-01
1.599045097827911377e-01
-1.870114654302597046e-01
5.692228078842163086e-01
3.763105720281600952e-02
5.744070932269096375e-02
6.676653772592544556e-02
-1.540467739105224609e-01
2.070370763540267944e-01
4.380939900875091553e-02
-4.975111484527587891e-01
-3.209623396396636963e-01
-1.608983278274536133e-01
5.105341672897338867e-01
-1.673368811607360840e-01
-1.637578755617141724e-01
-4.268814027309417725e-01
-8.670385181903839111e-02
-1.134202480316162109e-01
