-2.900871336460113525e-01
-3.016112931072711945e-02
-5.080444812774658203e-01
6.431918591260910034e-02
-5.082893371582031250e-01
-4.225037619471549988e-02
4.252255558967590332e-01
7.152975350618362427e-02
1.335435453802347183e-02
-3.504321277141571045e-01
3.715599775314331055e-01
-2.578692734241485596e-01
5.038771778345108032e-02
-3.464454710483551025e-01
9.374054521322250366e-02
-8.682906627655029297e-02
-2.758910134434700012e-02
4.619589447975158691e-02
-5.936043858528137207e-01
1.338198632001876831e-01
-1.732276380062103271e-01
-1.246224761009216309e+00
1.529520869255065918e+00
-8.172411918640136719e-01
-1.900342851877212524e-01
-1.751076728105545044e-01
-2.255113571882247925e-01
4.200794100761413574e-01
-9.951562285423278809e-01
5.418194532394409180e-01
-5.400023460388183594e-01
3.983953893184661865e-01
-1.730034053325653076e-01
-3.088619709014892578e-01
8.445322513580322266e-01
-6.821033954620361328e-01
2.105213880538940430e+00
-3.144302591681480408e-02
2.114627212285995483e-01
-9.711172580718994141e-01
1.186813712120056152e+00
6.138301491737365723e-01
1.760028898715972900e-01
-8.483671396970748901e-02
-1.685596108436584473e-01
-1.867214888334274292e-01
-1.347682774066925049e-01
5.561695694923400879e-01
-9.139509797096252441e-01
-1.496317386627197266e-01
2.070791125297546387e-01
6.086787581443786621e-01
-6.915117055177688599e-02
-3.482035398483276367e-01
3.097555041313171387e-01
-3.573600575327873230e-02
3.338836729526519775e-01
-7.715570330619812012e-01
4.326352775096893311e-01
-7.110976576805114746e-01
1.682096481323242188e+00
-4.427900314331054688e-01
3.573602735996246338e-01
7.542316615581512451e-02
-3.668102025985717773e-01
3.145817220211029053e-01
-6.061220541596412659e-02
6.738420575857162476e-02
-1.523752659559249878e-01
-3.035010024905204773e-02
-4.078757464885711670e-01
-5.224912762641906738e-01
7.491596341133117676e-01
8.864203095436096191e-02
5.890715718269348145e-01
4.260836243629455566e-01
-8.693010360002517700e-02
-5.206447243690490723e-01
-3.976685926318168640e-02
2.824055552482604980e-01
-3.030170798301696777e-01
1.772013604640960693e-01
3.045530617237091064e-01
1.867255894467234612e-03
3.502193093299865723e-01
-3.490261435508728027e-01
-1.538245379924774170e-01
5.621755123138427734e-01
-1.652022123336791992e+00
6.608044505119323730e-01
5.250562429428100586e-01
5.041089653968811035e-01
-6.103432774543762207e-01
-2.335408329963684082e-01
4.739877283573150635e-01
2.912190556526184082e-01
6.544318199157714844e-01
-4.668752849102020264e-01
-2.929823286831378937e-02
-8.676385879516601562e-02
3.277215361595153809e-01
-4.281771779060363770e-01
-8.507345318794250488e-01
6.845027804374694824e-01
-3.677278459072113037e-01
-1.504433453083038330e-01
-4.941727500408887863e-03
-8.331536501646041870e-02
-3.644138574600219727e-01
-8.491004258394241333e-02
7.797162234783172607e-02
8.743088841438293457e-01
9.597494602203369141e-01
3.411576524376869202e-02
2.796966433525085449e-01
6.504816561937332153e-02
3.618167042732238770e-01
4.602201282978057861e-01
-1.476423591375350952e-01
4.084897935390472412e-01
7.331479191780090332e-01
-3.198288977146148682e-01
6.391611695289611816e-02
-1.985286921262741089e-02
3.738438487052917480e-01
-7.902947068214416504e-01
-6.124258637428283691e-01
5.202101469039916992e-01
-2.845595180988311768e-01
4.072470366954803467e-01
2.244539707899093628e-01
-2.839737236499786377e-01
8.968216180801391602e-02
1.499731540679931641e-01
-3.413205742835998535e-01
-1.577043384313583374e-01
2.108566910028457642e-01
1.116938591003417969e-01
-2.063531577587127686e-01
-1.816233992576599121e-01
6.208392977714538574e-01
-2.233898192644119263e-01
-8.028594255447387695e-01
-5.753585696220397949e-02
-4.183311760425567627e-02
3.448854386806488037e-01
5.299226641654968262e-01
-2.276161760091781616e-01
1.388736069202423096e-01
7.140848040580749512e-01
-2.075769752264022827e-01
-8.268959999084472656e+00
1.339850574731826782e-02
5.723841190338134766e-01
4.851623773574829102e-01
1.439851164817810059e+00
8.666634559631347656e-02
2.012492418289184570e-01
-9.015892446041107178e-02
2.350350916385650635e-01
5.874671936035156250e-01
1.576042920351028442e-02
1.287171691656112671e-01
1.142918335972353816e-04
2.046153098344802856e-01
-1.782736897468566895e+00
-2.116523385047912598e-01
2.726829528808593750e+00
-7.542443871498107910e-01
2.652454376220703125e-01
-9.290585666894912720e-02
-1.630712151527404785e-01
3.977448344230651855e-01
-7.906751632690429688e-01
-4.779992103576660156e-01
-3.554610013961791992e-01
-1.235888957977294922e+00
7.132512927055358887e-01
-3.798204064369201660e-01
-2.324334830045700073e-01
-1.410617589950561523e+00
-1.451766848564147949e+00
3.594231903553009033e-01
-1.702434122562408447e-01
4.538879096508026123e-01
-4.637826383113861084e-01
-7.539740800857543945e-01
-2.131828814744949341e-01
6.471499800682067871e-01
3.128655254840850830e-01
-1.287073642015457153e-01
5.437976121902465820e-01
1.737595200538635254e+00
1.858578622341156006e-01
3.735902309417724609e-01
5.558767914772033691e-01
4.218267798423767090e-01
-7.846944779157638550e-02
-1.825769543647766113e-01
-6.896209716796875000e-01
-7.907051593065261841e-02
-1.939003169536590576e-01
-3.565027415752410889e-01
-2.099637836217880249e-01
-7.560946345329284668e-01
-1.264501065015792847e-01
-2.056684941053390503e-01
-1.003341317176818848e+00
1.063129067420959473e+00
2.391816079616546631e-01
-3.578687608242034912e-01
1.162228584289550781e+00
-9.385357052087783813e-02
2.914752662181854248e-01
-3.695691525936126709e-01
2.438241243362426758e+00
2.938264906406402588e-01
-1.249760575592517853e-02
8.339827507734298706e-02
2.476964443922042847e-01
-4.126963615417480469e-01
7.981143593788146973e-01
-1.129100248217582703e-01
-4.726681113243103027e-01
-1.724895477294921875e+00
6.100218296051025391e-01
4.687692821025848389e-01
3.287160396575927734e-01
-2.555787265300750732e-01
1.701894551515579224e-01
8.200018107891082764e-02
5.978608727455139160e-01
-7.999667525291442871e-02
5.970222949981689453e-01
-2.034947276115417480e-01
-5.399226546287536621e-01
-5.305577516555786133e-01
2.555916011333465576e-01
-4.258694350719451904e-01
-4.843038916587829590e-01
3.649342656135559082e-01
5.883045196533203125e-01
-5.615362524986267090e-01
3.903942704200744629e-01
-1.333675980567932129e-01
-4.083487093448638916e-01
-7.586609125137329102e-01
-2.672000825405120850e-01
-2.781035304069519043e-01
-6.189980730414390564e-02
-1.241464838385581970e-01
3.820116519927978516e-01
-2.036450207233428955e-01
2.976917922496795654e-01
4.434265494346618652e-01
6.668837666511535645e-01
3.292544782161712646e-01
1.942390501499176025e-01
-2.221829742193222046e-01
5.894090533256530762e-01
-8.991564512252807617e-01
1.040038838982582092e-01
7.197160720825195312e-01
1.215763688087463379e-01
1.943071037530899048e-01
-3.098876178264617920e-01
7.599599193781614304e-03
4.935087263584136963e-01
6.681073457002639771e-02
-1.743373423814773560e-01
-4.967854171991348267e-02
-5.806966423988342285e-01
-4.108628630638122559e-01
-2.100009769201278687e-01
-3.333857655525207520e-01
1.683040894567966461e-02
3.618065416812896729e-01
8.990392088890075684e-01
6.370640397071838379e-01
1.897957801818847656e+00
4.035198688507080078e-01
-3.929802775382995605e-01
8.077319264411926270e-01
-2.435331344604492188e+00
1.745843738317489624e-01
1.143328547477722168e+00
-2.200139313936233521e-01
1.418962240219116211e+00
-2.755371570587158203e+00
1.007041111588478088e-01
-7.371557950973510742e-01
6.206909418106079102e-01
-3.121459484100341797e-01
-1.194700226187705994e-01
1.401803612709045410e+00
-5.242427587509155273e-01
1.732853770256042480e+00
2.968306839466094971e-01
1.081388711929321289e+00
-6.665897369384765625e-01
1.775451898574829102e-01
-7.656502127647399902e-01
4.017334282398223877e-01
-1.950818896293640137e-01
1.874875426292419434e-01
-9.597189724445343018e-02
2.234665304422378540e-01
2.762038409709930420e-01
-1.382814198732376099e-01
5.217175483703613281e-01
1.109691500663757324e+00
4.487894177436828613e-01
-3.425807654857635498e-01
6.431622058153152466e-02
1.100733041763305664e+00
5.058481693267822266e-01
1.583540290594100952e-01
-5.218021273612976074e-01
-4.397889375686645508e-01
3.495978713035583496e-01
-7.921187281608581543e-01
7.971606850624084473e-01
-6.379721760749816895e-01
-2.409905433654785156e+00
1.369353383779525757e-01
-6.703419685363769531e-01
-7.681890577077865601e-02
2.729608118534088135e-01
1.895376563072204590e+00
4.870249927043914795e-01
-2.901723384857177734e+00
-2.500449717044830322e-01
-5.711805820465087891e-01
9.175145030021667480e-01
-1.708563208580017090e+00
-3.661828637123107910e-01
4.378772974014282227e-01
1.283649504184722900e-01
2.607399821281433105e-01
4.518152475357055664e-01
7.932089567184448242e-01
-6.085716933012008667e-02
-8.329202532768249512e-01
-7.976117134094238281e-01
1.252050638198852539e+00
-4.549386501312255859e-01
-1.892014294862747192e-01
2.141884863376617432e-01
2.013884931802749634e-01
5.174802541732788086e-01
3.923655450344085693e-01
-2.692046463489532471e-01
4.777897000312805176e-01
-2.408924251794815063e-01
3.733765780925750732e-01
-1.092308387160301208e-01
-3.037456870079040527e-01
1.619599908590316772e-01
-7.726201415061950684e-02
-2.773010730743408203e-01
-5.180013775825500488e-01
-9.544065594673156738e-02
2.388009876012802124e-01
-2.373674213886260986e-01
2.126351892948150635e-01
-6.664423346519470215e-01
-7.480838149785995483e-02
-8.785659074783325195e-01
