1.907996833324432373e-01
-2.138275951147079468e-01
-2.235622853040695190e-01
1.449764072895050049e-01
-6.755510568618774414e-01
4.474132135510444641e-02
7.801845669746398926e-01
2.772319614887237549e-01
-1.036956086754798889e-01
-2.632568478584289551e-01
2.509146332740783691e-01
-4.425174295902252197e-01
2.741063944995403290e-02
-1.935523897409439087e-01
-4.131397902965545654e-01
3.053535223007202148e-01
-7.659250497817993164e-02
-1.216479614377021790e-01
3.583328425884246826e-02
2.220674008131027222e-01
-5.618801712989807129e-01
-9.794324636459350586e-01
1.074192166328430176e+00
-8.790820240974426270e-01
-1.193591132760047913e-01
-1.352772265672683716e-01
-3.317058086395263672e-01
5.358948111534118652e-01
-7.081829309463500977e-01
5.125324726104736328e-01
-5.776653289794921875e-01
1.775099784135818481e-01
-4.122477769851684570e-01
-3.400991857051849365e-01
5.754927992820739746e-01
-5.511015057563781738e-01
1.937666296958923340e+00
1.339535713195800781e-01
3.216782808303833008e-01
-6.226174831390380859e-01
1.202784895896911621e+00
4.788522124290466309e-01
5.792657732963562012e-01
-4.932345151901245117e-01
-1.221221536397933960e-01
-1.106695756316184998e-01
9.024507403373718262e-01
8.772006034851074219e-01
-2.749635457992553711e+00
-3.726874887943267822e-01
3.915006816387176514e-01
5.500128269195556641e-01
-1.075810343027114868e-01
-6.400725841522216797e-01
-1.323162913322448730e-01
-3.851045370101928711e-01
3.346173763275146484e-01
1.062121033668518066e+00
-4.374614730477333069e-02
5.925528407096862793e-01
2.297233819961547852e+00
8.043888211250305176e-01
6.750072836875915527e-01
1.185396909713745117e-01
-1.854526102542877197e-01
2.696590721607208252e-01
-3.244657218456268311e-01
9.378432482481002808e-02
-1.687805354595184326e-01
-9.828797727823257446e-02
-4.251739382743835449e-01
-4.661054611206054688e-01
4.743400514125823975e-01
-1.057151854038238525e-01
3.611280322074890137e-01
4.543460309505462646e-01
-6.379613280296325684e-02
-5.870008468627929688e-01
5.287989974021911621e-01
2.769033908843994141e-01
-3.160354197025299072e-01
6.266158819198608398e-01
4.616527259349822998e-01
-6.312158703804016113e-01
4.276091158390045166e-01
-4.169866144657135010e-01
-6.078790426254272461e-01
1.076034545898437500e+00
-1.926264047622680664e+00
4.269130527973175049e-01
4.564843773841857910e-01
6.037120819091796875e-01
-2.762324362993240356e-02
-2.344884574413299561e-01
2.602583169937133789e-01
2.438824921846389771e-01
-5.431641340255737305e-01
1.520029067993164062e+00
-3.520536720752716064e-01
4.799174144864082336e-02
-7.783476710319519043e-01
5.342920422554016113e-01
6.470651030540466309e-01
5.572296380996704102e-01
-5.711889266967773438e-01
1.837381869554519653e-01
3.985008895397186279e-01
-3.313105925917625427e-02
-2.740665972232818604e-01
9.617849439382553101e-02
1.986985057592391968e-01
7.753736972808837891e-01
1.060931205749511719e+00
-4.745023846626281738e-01
3.155950307846069336e-01
3.817259520292282104e-02
2.334764450788497925e-01
5.394521951675415039e-01
-1.037238955497741699e+00
2.237024307250976562e-01
-7.173596620559692383e-01
-7.893424481153488159e-02
2.374005690217018127e-02
-1.697647720575332642e-01
4.159430861473083496e-01
-5.662701129913330078e-01
-6.005488634109497070e-01
5.162671804428100586e-01
-2.133823931217193604e-01
4.164895117282867432e-01
2.300757467746734619e-01
-2.735725045204162598e-01
-2.348887920379638672e-02
2.489175349473953247e-01
-2.150883078575134277e-01
-1.425110846757888794e-01
3.288495838642120361e-01
2.264790534973144531e-01
-2.184786647558212280e-01
4.377742856740951538e-02
6.378298401832580566e-01
-2.029437273740768433e-01
8.128590583801269531e-01
-1.574126780033111572e-01
-3.776355385780334473e-01
6.459082365036010742e-01
6.704463362693786621e-01
-1.035660356283187866e-01
2.371686846017837524e-01
5.037591457366943359e-01
-8.308499306440353394e-02
-8.109851837158203125e+00
2.702825516462326050e-02
1.577639020979404449e-02
5.222018361091613770e-01
1.333661079406738281e+00
8.846285939216613770e-02
2.858723700046539307e-01
-7.159190773963928223e-01
1.921377927064895630e-01
-9.857146739959716797e-01
2.405952960252761841e-01
4.848491847515106201e-01
2.437206543982028961e-02
1.209205090999603271e-01
-1.355000257492065430e+00
5.624253302812576294e-02
1.061674714088439941e+00
-4.638820886611938477e-01
4.481110572814941406e-01
-3.286444544792175293e-01
1.297544687986373901e-01
3.799588382244110107e-01
-6.574162244796752930e-01
-4.928479194641113281e-01
8.724443316459655762e-01
-1.329192638397216797e+00
1.643944382667541504e-01
4.071342200040817261e-02
8.736301213502883911e-02
-5.631473064422607422e-01
1.345541238784790039e+00
3.778513669967651367e-01
-3.968464955687522888e-02
4.407967031002044678e-01
-4.505429267883300781e-01
-7.331484556198120117e-01
-4.781760871410369873e-01
5.828593969345092773e-01
2.893339395523071289e-01
-2.054545283317565918e-01
-1.094071473926305771e-02
1.857531547546386719e+00
2.013376355171203613e-01
1.364062875509262085e-01
5.312663316726684570e-01
1.036142110824584961e-01
-6.325288861989974976e-02
-2.041602134704589844e-01
-6.714901924133300781e-01
-9.003945440053939819e-02
-1.778168827295303345e-01
-3.739277422428131104e-01
8.983923196792602539e-01
2.536956548690795898e+00
-8.933208137750625610e-02
-3.474010229110717773e-01
-2.120063781738281250e+00
-1.483190178871154785e+00
2.359665036201477051e-01
-1.505727767944335938e-01
5.321481227874755859e-01
7.105078548192977905e-02
7.023985981941223145e-01
-3.103037774562835693e-01
5.942174792289733887e-01
7.263635396957397461e-01
3.383397459983825684e-01
2.254576981067657471e-02
1.808864772319793701e-01
-2.256328463554382324e-01
-5.123239159584045410e-01
-1.186622977256774902e+00
4.453418254852294922e-01
-4.853726923465728760e-01
-2.889392375946044922e-01
-6.565214991569519043e-01
5.834916234016418457e-01
-9.186041355133056641e-02
5.114437267184257507e-02
-6.604589819908142090e-01
1.387396335601806641e+00
1.166255474090576172e-01
4.276593029499053955e-02
-2.698811590671539307e-01
-4.748243987560272217e-01
-4.159673303365707397e-02
-8.241916894912719727e-01
1.406832337379455566e-01
-1.213564515113830566e+00
-3.977318406105041504e-01
3.007878363132476807e-01
-3.939590156078338623e-01
4.388266801834106445e-01
-1.427222639322280884e-01
2.679093480110168457e-01
9.400703907012939453e-01
-2.357942610979080200e-01
-3.096853196620941162e-01
-4.599536955356597900e-02
1.243797540664672852e-01
3.458935618400573730e-01
-3.678498566150665283e-01
2.407543957233428955e-01
3.743376433849334717e-01
7.142525911331176758e-01
3.742640614509582520e-01
1.551493257284164429e-01
-2.536539733409881592e-01
5.632529854774475098e-01
7.434731721878051758e-01
1.162272840738296509e-01
1.343999505043029785e-01
7.061377912759780884e-02
3.562525808811187744e-01
-6.555401086807250977e-01
1.001073479652404785e+00
2.275700420141220093e-01
-1.446464564651250839e-02
-3.393889069557189941e-01
-2.905592620372772217e-01
-1.618697792291641235e-01
-1.767017990350723267e-01
2.495370805263519287e-02
-2.537402510643005371e-01
2.324550449848175049e-01
5.739670246839523315e-02
-5.775884389877319336e-01
1.499020308256149292e-01
2.393568307161331177e-01
-1.429335866123437881e-02
-4.688486456871032715e-01
7.429606318473815918e-01
-3.033646583557128906e+00
-2.883888222277164459e-02
5.404078960418701172e-01
-6.474755406379699707e-01
8.862580657005310059e-01
-4.169225215911865234e+00
2.105801254510879517e-01
-8.816207051277160645e-01
6.403526663780212402e-01
-7.687691450119018555e-01
2.661024918779730797e-03
1.797867417335510254e+00
-1.759827136993408203e+00
1.788254976272583008e-01
2.439177930355072021e-01
4.837496280670166016e-01
-4.276345670223236084e-01
6.007278710603713989e-02
-1.068722009658813477e+00
2.909469008445739746e-01
-5.273336172103881836e-01
1.220334470272064209e-01
9.434159100055694580e-02
1.808023601770401001e-01
1.062773466110229492e-01
-1.662498153746128082e-02
6.528954505920410156e-01
8.052535653114318848e-01
7.082198262214660645e-01
-1.942264288663864136e-01
5.985398888587951660e-01
5.295336842536926270e-01
-1.148598864674568176e-01
3.154884576797485352e-01
-6.407059431076049805e-01
-3.631419241428375244e-01
3.695526123046875000e-01
-7.085091471672058105e-01
7.701127529144287109e-01
-5.001320838928222656e-01
-3.338448286056518555e+00
1.069685593247413635e-01
-5.577001571655273438e-01
-2.337429970502853394e-01
8.698135614395141602e-01
2.729972839355468750e+00
4.307247102260589600e-01
-2.221944808959960938e+00
1.992334425449371338e-01
-8.139722049236297607e-02
4.661155939102172852e-01
-1.821149110794067383e+00
5.715140700340270996e-01
1.092234551906585693e-01
-1.159725338220596313e-01
-1.028107032179832458e-01
-4.013853967189788818e-01
5.627211928367614746e-01
1.019721254706382751e-01
-5.429536700248718262e-01
-7.493383288383483887e-01
6.626827120780944824e-01
-3.996168375015258789e-01
-3.303530812263488770e-01
-4.953646659851074219e-02
2.580632865428924561e-01
7.987914681434631348e-01
-1.700299531221389771e-01
-2.363873124122619629e-01
4.460048079490661621e-01
-5.190002545714378357e-02
-1.499739289283752441e-01
-6.566137075424194336e-02
-2.824850678443908691e-01
1.679825037717819214e-01
3.178917467594146729e-01
-1.855684220790863037e-01
-4.171625673770904541e-01
-7.523558288812637329e-02
1.153875738382339478e-01
-2.869701087474822998e-01
-2.643602490425109863e-01
-1.130249023437500000e+00
-1.042425632476806641e-02
-2.850446105003356934e-01
