-2.537876963615417480e-01
-1.207266971468925476e-01
-6.248468756675720215e-01
4.377918690443038940e-02
-3.947255313396453857e-01
6.711761653423309326e-02
4.700821638107299805e-01
1.296328306198120117e-01
1.077369153499603271e-01
-9.926015138626098633e-02
1.687911152839660645e-01
-1.702114939689636230e-01
1.717981882393360138e-02
-1.294704824686050415e-01
1.695018261671066284e-01
3.965448960661888123e-02
1.000595837831497192e-02
-2.820053100585937500e-01
6.829531490802764893e-02
1.919459402561187744e-01
-2.066414803266525269e-01
-1.047955393791198730e+00
1.485380411148071289e+00
-7.322748303413391113e-01
1.475937813520431519e-01
-1.455734968185424805e-01
-3.563150167465209961e-01
5.109454989433288574e-01
-1.249063849449157715e+00
6.073637008666992188e-01
-6.054725050926208496e-01
4.304374754428863525e-01
-1.326154023408889771e-01
-4.092262089252471924e-01
5.252651572227478027e-01
-7.735845446586608887e-01
1.897969007492065430e+00
-5.720170959830284119e-02
2.386391758918762207e-01
-9.083353281021118164e-01
1.579624056816101074e+00
3.530870974063873291e-01
3.499345183372497559e-01
-1.355935782194137573e-01
-2.805485725402832031e-01
-1.404460668563842773e-01
-2.571724951267242432e-01
1.128093481063842773e+00
-3.211275100708007812e+00
-1.097655519843101501e-01
4.754238128662109375e-01
-1.733848601579666138e-01
1.949058473110198975e-01
-3.974642455577850342e-01
3.424692153930664062e-01
-8.047437071800231934e-01
-1.093944191932678223e+00
4.734162092208862305e-01
5.449456572532653809e-01
-3.169898092746734619e-01
9.803791046142578125e-01
2.274998724460601807e-01
2.702168226242065430e-01
-1.069035031832754612e-03
-2.837565839290618896e-01
3.259057402610778809e-01
-2.576371431350708008e-01
2.188856005668640137e-01
-1.925788819789886475e-01
3.031316772103309631e-02
-5.063388347625732422e-01
-4.407779574394226074e-01
4.985784292221069336e-01
-8.665717393159866333e-02
6.388295292854309082e-01
3.341291844844818115e-01
-3.146983915939927101e-03
-4.335040748119354248e-01
3.439502716064453125e-01
2.704780399799346924e-01
-3.995881378650665283e-01
1.085678264498710632e-01
2.206420600414276123e-01
-2.257550507783889771e-01
2.804013788700103760e-01
-4.479831457138061523e-01
-2.582290172576904297e-01
8.691621422767639160e-01
3.923428356647491455e-01
6.078866124153137207e-01
5.744760632514953613e-01
1.743629872798919678e-01
-5.253553986549377441e-01
-2.464731484651565552e-01
4.703958928585052490e-01
-6.161766052246093750e-01
4.582531154155731201e-01
1.156427145004272461e+00
3.459782302379608154e-01
-2.940574586391448975e-01
5.099050998687744141e-01
1.351181697100400925e-02
-4.030940830707550049e-01
6.133877038955688477e-01
2.122865319252014160e-01
-1.720653027296066284e-01
2.256679534912109375e-02
-4.938632622361183167e-02
-3.375053703784942627e-01
-4.392362758517265320e-02
-7.332526892423629761e-02
8.392740488052368164e-01
1.062736630439758301e+00
6.627048850059509277e-01
2.791771292686462402e-01
1.038132794201374054e-02
2.675867974758148193e-01
7.429051399230957031e-01
-5.999194085597991943e-02
3.687195181846618652e-01
4.861664474010467529e-01
-3.694898188114166260e-01
-8.544496446847915649e-02
-1.300013065338134766e-01
2.969218790531158447e-01
-7.496906518936157227e-01
-6.310843229293823242e-01
5.412805080413818359e-01
-2.834528982639312744e-01
4.247546195983886719e-01
2.451163679361343384e-01
-2.633544802665710449e-01
-4.386303573846817017e-02
2.408308982849121094e-01
-2.144801318645477295e-01
-1.450021266937255859e-01
1.627544462680816650e-01
2.436923384666442871e-01
-1.721533685922622681e-01
-1.426626145839691162e-01
6.424748897552490234e-01
-2.400186806917190552e-01
-6.653107404708862305e-01
-1.723619922995567322e-02
6.479901075363159180e-01
3.112214207649230957e-01
4.343751072883605957e-01
-2.312668263912200928e-01
2.625909745693206787e-01
5.002536773681640625e-01
-3.478707969188690186e-01
-8.300878524780273438e+00
2.001058682799339294e-02
9.933350086212158203e-01
4.971725344657897949e-01
1.069525241851806641e+00
1.315736919641494751e-01
3.922356069087982178e-01
-7.002853602170944214e-02
2.212142646312713623e-01
5.736585259437561035e-01
-1.698438660241663456e-03
2.950724363327026367e-01
1.816901266574859619e-01
8.423605561256408691e-02
-1.962191104888916016e+00
-1.463263779878616333e-01
3.157768487930297852e+00
-1.582730710506439209e-01
4.016848206520080566e-01
6.973854452371597290e-02
1.768303103744983673e-02
4.777251780033111572e-01
-6.622359752655029297e-01
-4.240993857383728027e-01
3.414081931114196777e-01
-1.160331249237060547e+00
5.436578989028930664e-01
-5.400052666664123535e-01
-4.708020985126495361e-01
-7.985491156578063965e-01
7.919964194297790527e-01
3.868500292301177979e-01
-4.042365849018096924e-01
4.193264245986938477e-01
-4.426852762699127197e-01
-7.286769747734069824e-01
-2.242342531681060791e-01
5.828956961631774902e-01
4.020119309425354004e-01
-1.695770919322967529e-01
1.062742248177528381e-01
1.780050992965698242e+00
2.070320546627044678e-01
3.309706449508666992e-01
5.424455404281616211e-01
2.751150131225585938e-01
-5.698347091674804688e-02
-1.851797997951507568e-01
-6.776493191719055176e-01
-9.423140436410903931e-02
1.948137767612934113e-02
-2.879939079284667969e-01
-5.202945470809936523e-01
-2.724153697490692139e-01
-5.167051553726196289e-01
-7.314282655715942383e-02
-1.426876902580261230e+00
4.367348253726959229e-01
2.751765847206115723e-01
-2.851529717445373535e-01
9.298251271247863770e-01
-9.123057872056961060e-02
2.455557137727737427e-01
-2.774013280868530273e-01
1.422778487205505371e+00
1.008986234664916992e+00
-4.261218011379241943e-02
1.287009119987487793e-01
2.598948776721954346e-01
6.867206096649169922e-02
-1.955092996358871460e-01
-1.645676940679550171e-01
4.333152472972869873e-01
-2.030630350112915039e+00
-5.885646343231201172e-01
7.183159589767456055e-01
1.134314611554145813e-01
-6.478115171194076538e-02
1.766810715198516846e-01
2.484104484319686890e-01
5.475339666008949280e-02
-5.864744633436203003e-02
5.411982536315917969e-01
3.505413234233856201e-02
-3.391323611140251160e-02
-4.945701956748962402e-01
1.147872924804687500e+00
3.577938675880432129e-01
-3.868139982223510742e-01
7.119838893413543701e-02
7.005053162574768066e-01
-2.863700687885284424e-01
5.017309784889221191e-01
-1.335905343294143677e-01
-3.878893852233886719e-01
-8.502483367919921875e-01
-2.611584365367889404e-01
-2.823760211467742920e-01
-1.773467361927032471e-01
2.813660353422164917e-02
3.747407793998718262e-01
-1.617211848497390747e-01
2.914687991142272949e-01
4.883599281311035156e-01
6.476710438728332520e-01
8.582606911659240723e-02
2.730602622032165527e-01
-2.286136746406555176e-01
5.687198638916015625e-01
-1.020067930221557617e+00
6.700060516595840454e-02
1.342893719673156738e+00
4.646885097026824951e-01
2.282007485628128052e-01
-7.976910471916198730e-01
-8.364915847778320312e-02
1.053635954856872559e+00
1.607623547315597534e-01
-3.224753439426422119e-01
-2.092140614986419678e-01
-4.750711917877197266e-01
-3.202213048934936523e-01
-3.640963733196258545e-01
-3.232749700546264648e-01
-2.791647017002105713e-01
5.077501535415649414e-01
-1.565963387489318848e+00
6.551762223243713379e-01
1.132113695144653320e+00
3.937453329563140869e-01
-4.447869062423706055e-01
8.085244297981262207e-01
-2.022010564804077148e+00
-1.334338486194610596e-01
-5.100614577531814575e-02
-2.547655999660491943e-01
2.121073484420776367e+00
-1.766849637031555176e+00
3.961022496223449707e-01
-3.542384505271911621e-01
5.432540774345397949e-01
5.217524170875549316e-01
-5.497083663940429688e-01
2.766035318374633789e+00
-6.120679974555969238e-01
1.082471132278442383e+00
3.399315774440765381e-01
3.007397353649139404e-01
-9.084023833274841309e-01
-2.704271719267126173e-05
-7.869712114334106445e-01
5.406667590141296387e-01
1.078569097444415092e-03
2.756992876529693604e-01
-4.675677046179771423e-02
1.411870568990707397e-01
2.094371467828750610e-01
-9.626492857933044434e-02
3.803977668285369873e-01
5.772128105163574219e-01
6.553072333335876465e-01
-3.805615901947021484e-01
1.527961045503616333e-01
7.205456495285034180e-01
3.947072029113769531e-01
5.008937716484069824e-01
-6.978030800819396973e-01
-4.262248277664184570e-01
3.792930543422698975e-01
-7.730046510696411133e-01
8.913377523422241211e-01
2.203118950128555298e-01
-1.786747574806213379e+00
1.160699203610420227e-01
-8.523384332656860352e-01
-2.851661443710327148e-01
8.381949663162231445e-01
1.815112531185150146e-01
6.017459034919738770e-01
-2.302356481552124023e+00
-4.643689692020416260e-01
1.023785233497619629e+00
9.730573892593383789e-01
-5.510328412055969238e-01
1.262965798377990723e-01
-2.366329133510589600e-01
8.126123994588851929e-02
3.847556561231613159e-02
6.058929562568664551e-01
5.950072407722473145e-01
-1.491463929414749146e-01
-1.058915019035339355e+00
-5.898141264915466309e-01
7.879546284675598145e-01
-4.443041980266571045e-01
-4.913131706416606903e-03
5.008516907691955566e-01
8.179616928100585938e-02
4.464529752731323242e-01
2.144788205623626709e-01
-2.968417108058929443e-01
4.145568311214447021e-01
-1.478892862796783447e-01
-9.970331937074661255e-02
-1.738195717334747314e-01
-3.212693929672241211e-01
2.421749532222747803e-01
4.850389659404754639e-01
-2.953814268112182617e-01
-2.228751927614212036e-01
-3.682985901832580566e-02
2.398009449243545532e-01
-3.552274703979492188e-01
-2.303134649991989136e-01
-7.106570601463317871e-01
-7.906308025121688843e-02
-8.462603092193603516e-01
