1.757775992155075073e-01
-1.803141832351684570e-01
2.205415666103363037e-01
4.246052801609039307e-01
-7.068539261817932129e-01
1.164350360631942749e-01
3.494895696640014648e-01
-6.904768198728561401e-02
3.384354114532470703e-01
5.871350690722465515e-02
-1.465592831373214722e-01
-1.006397455930709839e-01
3.575327619910240173e-02
1.191422194242477417e-01
7.364802062511444092e-02
1.932020932435989380e-01
-9.507041424512863159e-02
7.982282899320125580e-03
5.001733899116516113e-01
2.347285673022270203e-02
-4.362142086029052734e-01
-1.114932298660278320e+00
9.165674448013305664e-01
-8.566539287567138672e-01
5.671792626380920410e-01
-2.390716373920440674e-01
-4.859386384487152100e-01
5.166730284690856934e-01
-7.845160365104675293e-01
7.006443142890930176e-01
-5.665863752365112305e-01
3.852293193340301514e-01
-9.326662421226501465e-01
-4.022368192672729492e-01
2.772522866725921631e-01
-7.693211436271667480e-01
1.362085700035095215e+00
7.853865623474121094e-02
1.637017279863357544e-01
-7.427042722702026367e-01
1.251602888107299805e+00
-3.006995096802711487e-02
-5.487470030784606934e-01
-3.063869178295135498e-01
-8.809754997491836548e-02
-5.514782071113586426e-01
1.794099360704421997e-01
4.323525130748748779e-01
-5.396533012390136719e-01
7.099672555923461914e-01
1.147028878331184387e-01
1.786197125911712646e-01
-4.521472007036209106e-02
-8.217725753784179688e-01
1.648327559232711792e-01
-2.021403014659881592e-01
3.284451663494110107e-01
-1.481597870588302612e-01
2.058327049016952515e-01
-1.326762884855270386e-01
5.838326811790466309e-01
-5.156593769788742065e-02
5.323738455772399902e-01
-6.724018603563308716e-02
-2.689696550369262695e-01
1.127129569649696350e-01
-2.219045460224151611e-01
1.501695066690444946e-01
-1.713550984859466553e-01
1.053254529833793640e-01
-5.946364402770996094e-01
-4.827151075005531311e-03
-1.176299992948770523e-02
-1.464157402515411377e-01
6.784470677375793457e-01
3.281209766864776611e-01
2.214199863374233246e-02
-3.838489055633544922e-01
2.016768693923950195e+00
2.475575078278779984e-03
-2.517325878143310547e-01
5.382995605468750000e-01
3.584565520286560059e-01
-3.504211902618408203e-01
4.080294370651245117e-01
-2.577794492244720459e-01
-5.123469233512878418e-01
7.180275321006774902e-01
-3.884069025516510010e-01
-2.003444731235504150e-02
2.967222929000854492e-01
2.653621137142181396e-01
6.096063926815986633e-02
-3.046778440475463867e-01
3.294770121574401855e-01
5.536766052246093750e-01
-8.081629276275634766e-01
5.946398973464965820e-01
-4.597071111202239990e-01
-4.364689439535140991e-02
3.452793955802917480e-01
-2.407536208629608154e-01
4.124881625175476074e-01
5.659622550010681152e-01
-4.185707569122314453e-01
8.904054015874862671e-02
5.759970098733901978e-02
-7.551739364862442017e-02
-3.462198376655578613e-01
-2.336692512035369873e-01
1.698230803012847900e-01
-4.406440258026123047e-01
7.778706550598144531e-01
1.739722788333892822e-01
2.701400518417358398e-01
3.813149929046630859e-01
2.949336767196655273e-01
3.467585444450378418e-01
-5.752719640731811523e-01
1.460456401109695435e-01
-3.727701306343078613e-01
-1.050768569111824036e-01
1.682626828551292419e-02
-1.594917923212051392e-01
3.852640092372894287e-01
-5.474675893783569336e-01
-5.607514977455139160e-01
4.735263586044311523e-01
-1.627352535724639893e-01
3.986800014972686768e-01
2.356060594320297241e-01
-3.205444812774658203e-01
1.761330068111419678e-01
7.491397857666015625e-02
-2.546242177486419678e-01
-1.756098121404647827e-01
2.502410411834716797e-01
1.773364245891571045e-01
-2.601101398468017578e-01
-1.988921016454696655e-01
5.733068585395812988e-01
-1.818193197250366211e-01
6.337285041809082031e-01
-1.777158230543136597e-01
-2.291018366813659668e-01
5.489388108253479004e-01
4.704232215881347656e-01
-2.550154626369476318e-01
1.881047934293746948e-01
3.747621178627014160e-01
-1.771097779273986816e-01
2.606772482395172119e-01
4.031243622303009033e-01
7.489560246467590332e-01
5.040453076362609863e-01
-1.539058834314346313e-01
1.435587853193283081e-01
1.230680719017982483e-01
-3.910565078258514404e-01
1.276146769523620605e-01
-7.386786341667175293e-01
3.729961514472961426e-01
2.895953655242919922e-01
1.478179991245269775e-01
1.340375691652297974e-01
-6.054427027702331543e-01
3.681725263595581055e-01
1.278262138366699219e-01
3.179707098752260208e-03
-1.255627423524856567e-01
-3.550519943237304688e-01
3.011582791805267334e-01
5.439987182617187500e-01
-2.282149046659469604e-01
-1.033340334892272949e+00
2.297493696212768555e+00
2.864048182964324951e-01
2.785553932189941406e-01
-3.815985918045043945e-01
-4.656004309654235840e-01
-5.246334075927734375e-01
-1.859058141708374023e-01
3.961363732814788818e-01
-1.603703647851943970e-01
4.221972227096557617e-01
-4.321691393852233887e-01
-7.024560570716857910e-01
-1.549988538026809692e-01
3.820080757141113281e-01
3.953660130500793457e-01
-1.484000682830810547e-01
-2.054994180798530579e-02
7.020009756088256836e-01
2.174372076988220215e-01
4.413047432899475098e-01
5.167699456214904785e-01
2.443896085023880005e-01
-3.821713477373123169e-02
-2.242239415645599365e-01
-6.268451213836669922e-01
-1.083244010806083679e-01
-5.172587633132934570e-01
-9.867449849843978882e-02
2.023381143808364868e-01
-1.172109842300415039e+00
1.491144206374883652e-02
5.356542468070983887e-01
-1.082978025078773499e-01
3.141970634460449219e-01
2.741920650005340576e-01
-2.847983241081237793e-01
5.092334747314453125e-01
-6.373047083616256714e-02
-2.896840684115886688e-02
1.249705851078033447e-01
-2.438763231039047241e-01
-3.005805015563964844e-01
2.858200669288635254e-01
2.142661511898040771e-01
2.839058339595794678e-01
9.894944727420806885e-02
-9.922145307064056396e-02
-1.156518682837486267e-01
1.960379481315612793e-01
1.992566883563995361e-01
1.789599955081939697e-01
3.630690276622772217e-01
2.115085721015930176e-01
1.585339456796646118e-01
7.264836132526397705e-02
-5.953674912452697754e-01
6.038221120834350586e-01
-6.897331774234771729e-02
7.064825296401977539e-02
-5.145077705383300781e-01
-6.098170876502990723e-01
-1.912761479616165161e-01
-2.539406418800354004e-01
3.648156225681304932e-01
1.503813266754150391e-01
-8.841464668512344360e-02
2.696289122104644775e-01
5.654428601264953613e-01
3.821264803409576416e-01
-1.676287949085235596e-01
7.802405208349227905e-02
8.717637509107589722e-02
-1.579037457704544067e-01
-3.883255720138549805e-01
-1.981819123029708862e-01
-4.004842415452003479e-02
2.664131522178649902e-01
9.150900691747665405e-02
1.083356067538261414e-01
4.592245519161224365e-01
6.334778666496276855e-01
3.267921507358551025e-01
3.160778060555458069e-02
-3.325026333332061768e-01
4.471942782402038574e-01
-5.198130607604980469e-01
-5.423467606306076050e-03
3.325841426849365234e-01
2.432913333177566528e-01
6.471409201622009277e-01
-6.290683746337890625e-01
7.354412078857421875e-01
1.168077737092971802e-01
1.587896943092346191e-01
-3.646532595157623291e-01
-4.865003824234008789e-01
-3.364353179931640625e-01
-3.760662674903869629e-01
-9.494297951459884644e-02
-2.581699788570404053e-01
-1.830356866121292114e-01
3.330560028553009033e-01
9.914003312587738037e-02
5.304501950740814209e-02
-2.847814857959747314e-01
1.141528412699699402e-01
-6.524639725685119629e-01
6.756981015205383301e-01
-6.787774153053760529e-03
-4.090513885021209717e-01
3.811442852020263672e-01
-6.797528862953186035e-01
1.633217215538024902e+00
2.936394512653350830e-01
-6.557612419128417969e-01
-1.836177349090576172e+00
-3.597153723239898682e-01
-7.790319919586181641e-01
1.491702198982238770e-01
-1.881683915853500366e-01
-1.200734019279479980e+00
5.783260464668273926e-01
3.266128599643707275e-01
-2.346364408731460571e-01
-6.156548857688903809e-01
1.129215881228446960e-01
-3.359711170196533203e-01
8.409443497657775879e-01
-1.258180588483810425e-01
2.675419747829437256e-01
6.409503519535064697e-02
-1.891215797513723373e-03
4.083482921123504639e-02
-1.818805038928985596e-01
3.147151172161102295e-01
3.112750947475433350e-01
1.764378845691680908e-01
-4.226598143577575684e-01
4.673206508159637451e-01
6.291913390159606934e-01
3.614999353885650635e-01
6.625333428382873535e-01
-4.356563687324523926e-01
-1.916929036378860474e-01
4.229795932769775391e-01
-6.756801009178161621e-01
7.903293967247009277e-01
1.387809634208679199e+00
6.392642259597778320e-01
-1.366023123264312744e-01
-5.366029143333435059e-01
-3.791947960853576660e-01
9.846731424331665039e-01
-6.389820575714111328e-01
2.596579790115356445e-01
-4.073415756225585938e+00
-6.531993746757507324e-01
-2.724606730043888092e-02
3.079043328762054443e-01
-6.925936937332153320e-01
4.025661051273345947e-01
5.944585204124450684e-01
2.407281994819641113e-01
-3.854474723339080811e-01
3.020270168781280518e-01
-1.328176856040954590e-01
1.130415871739387512e-01
-9.270010590553283691e-01
-4.581282734870910645e-01
2.421521902084350586e+00
-4.960803091526031494e-01
-8.400000631809234619e-02
8.580988049507141113e-01
3.693563342094421387e-01
5.051006078720092773e-01
-9.889124333858489990e-02
-4.508346915245056152e-01
5.956653952598571777e-01
-1.201913356781005859e-01
-5.884123966097831726e-02
1.618097871541976929e-01
-4.039853811264038086e-01
3.701799511909484863e-01
4.884078204631805420e-01
-4.536558687686920166e-01
-4.981701374053955078e-01
-1.439696103334426880e-01
3.633652031421661377e-01
-6.810098886489868164e-03
-1.584953516721725464e-01
4.926469177007675171e-02
-2.381904274225234985e-01
-1.066441655158996582e+00
