2.689812183380126953e-01
5.255175828933715820e-01
1.752455718815326691e-02
-1.151726722717285156e+00
-1.163609772920608521e-01
-9.356105923652648926e-01
3.171996474266052246e-01
-4.510990977287292480e-01
2.181905508041381836e-01
-6.237776279449462891e-01
-6.022953391075134277e-01
-5.801133513450622559e-01
-3.516261577606201172e-01
7.006693482398986816e-01
2.150270491838455200e-01
1.489285826683044434e+00
6.854248642921447754e-01
-5.837978720664978027e-01
3.369099497795104980e-01
3.366910293698310852e-02
4.609074294567108154e-01
1.326402306556701660e+00
-4.951261878013610840e-01
-5.909786224365234375e-01
5.701605677604675293e-01
2.737352252006530762e-01
-6.190042495727539062e-01
1.991899311542510986e-01
2.624102532863616943e-01
1.103003740310668945e+00
3.126017749309539795e-01
-6.099756956100463867e-01
2.249989658594131470e-01
6.969061493873596191e-01
1.944956034421920776e-01
-6.665366291999816895e-01
-4.855073392391204834e-01
6.368632912635803223e-01
3.158724606037139893e-01
-5.488050580024719238e-01
-4.002038836479187012e-01
-3.302893042564392090e-01
8.541975617408752441e-01
8.042108416557312012e-01
9.549973011016845703e-01
-6.488126516342163086e-01
-3.842110335826873779e-01
-1.120471954345703125e-01
4.801457524299621582e-01
-6.228528618812561035e-01
3.868624866008758545e-01
-4.120838344097137451e-01
-5.595645308494567871e-01
-5.849508047103881836e-01
4.208030700683593750e-01
-1.498461961746215820e-01
-5.373349785804748535e-01
7.972413301467895508e-02
5.914182066917419434e-01
5.272342562675476074e-01
6.362335383892059326e-02
-2.184958606958389282e-01
7.013680040836334229e-02
-5.357955098152160645e-01
-2.507778108119964600e-01
2.648492753505706787e-01
4.029937684535980225e-01
2.643094956874847412e-01
-8.020039647817611694e-02
9.490551799535751343e-02
-2.677830867469310760e-03
1.323098242282867432e-01
-1.937513202428817749e-01
3.302699625492095947e-01
-6.973688304424285889e-02
9.366589784622192383e-02
9.078401327133178711e-02
-1.889166831970214844e-01
1.377481874078512192e-02
-2.858361005783081055e-01
-8.779281377792358398e-02
-3.635008633136749268e-01
6.979753971099853516e-01
7.136654853820800781e-02
5.126388072967529297e-01
-1.108919158577919006e-01
-1.864269822835922241e-01
1.195004731416702271e-01
3.051233664155006409e-02
1.068758964538574219e-01
1.889198869466781616e-01
1.781775057315826416e-01
-1.616381555795669556e-01
2.092090100049972534e-01
-3.943169116973876953e-02
5.169079080224037170e-02
-2.207937687635421753e-01
-6.048364564776420593e-03
-4.061542078852653503e-02
2.927680313587188721e-01
1.599806249141693115e-01
-3.912369906902313232e-01
-5.482105612754821777e-01
-4.551806747913360596e-01
-4.555819630622863770e-01
-2.533770501613616943e-01
1.032368168234825134e-01
5.997638106346130371e-01
-2.818370163440704346e-01
2.309747934341430664e-01
2.884541749954223633e-01
-2.611315846443176270e-01
-1.321531832218170166e-01
5.586003884673118591e-02
3.897588551044464111e-01
-3.498641550540924072e-01
2.736250162124633789e-01
-2.242871671915054321e-01
-1.958794333040714264e-02
-1.497847884893417358e-01
1.170806363224983215e-01
-7.160774618387222290e-02
-1.336630582809448242e-01
1.656448543071746826e-01
1.838496327400207520e-01
-1.650536507368087769e-01
-2.995334751904010773e-02
-2.483653277158737183e-01
-2.078657746315002441e-01
1.569716446101665497e-02
-2.507066130638122559e-01
7.884732633829116821e-02
1.147021427750587463e-01
-2.100661396980285645e-02
-1.917517483234405518e-01
-8.072957396507263184e-02
1.704427450895309448e-01
-9.442386776208877563e-02
1.435462683439254761e-01
5.675317347049713135e-02
-9.168475121259689331e-02
2.825934290885925293e-01
8.969295024871826172e-02
-2.403425127267837524e-01
-1.563882827758789062e-01
-6.799647212028503418e-02
1.697936952114105225e-01
-1.604023277759552002e-01
-4.821488857269287109e-01
-8.494790643453598022e-02
1.742536667734384537e-03
3.253099024295806885e-01
-5.121910572052001953e-02
3.361082375049591064e-01
-1.743486076593399048e-01
-1.518476847559213638e-02
-2.717189788818359375e-01
-2.199816852807998657e-01
-2.305734008550643921e-01
-2.263516932725906372e-02
2.032804042100906372e-01
-1.816504299640655518e-01
2.308284193277359009e-01
9.992018342018127441e-02
1.358997076749801636e-01
-1.269624847918748856e-02
2.271436005830764771e-01
-1.919500380754470825e-01
-2.560383677482604980e-01
2.101973444223403931e-01
-2.003556489944458008e-01
4.205646738409996033e-02
9.526285529136657715e-02
-3.166935965418815613e-02
-9.656986594200134277e-02
-1.952486634254455566e-01
-1.192849725484848022e-01
-2.087752707302570343e-02
2.007301598787307739e-01
6.675883382558822632e-02
1.065967082977294922e-01
1.088383719325065613e-01
4.670196026563644409e-02
-1.162415593862533569e-01
-9.274450689554214478e-02
-3.000875562429428101e-02
1.962462514638900757e-01
1.028129458427429199e-01
-3.671411871910095215e-01
-2.413805276155471802e-01
2.475259751081466675e-01
-1.969487220048904419e-01
-1.310712248086929321e-01
1.448997855186462402e-01
2.711878418922424316e-01
-2.489966750144958496e-01
1.249707676470279694e-02
-2.176961004734039307e-01
1.615599542856216431e-01
-4.187485575675964355e-01
-2.444101572036743164e-01
-2.249646037817001343e-01
-1.711194068193435669e-01
1.050225347280502319e-01
-1.973451226949691772e-01
-1.061973050236701965e-01
-6.237416528165340424e-03
1.339779943227767944e-01
-1.394211053848266602e-01
-2.880153357982635498e-01
5.034666974097490311e-03
-7.854612171649932861e-02
4.024903848767280579e-02
1.776236593723297119e-01
1.285422444343566895e-01
3.283640369772911072e-02
5.288328230381011963e-02
-2.109140008687973022e-01
2.804517447948455811e-01
-3.571268543601036072e-02
1.751629263162612915e-01
2.553628981113433838e-01
1.970395147800445557e-01
-9.525486081838607788e-02
-1.507612876594066620e-02
5.528932809829711914e-01
1.422988921403884888e-01
-9.317769855260848999e-02
1.874879188835620880e-02
-4.986531287431716919e-02
-2.660939991474151611e-01
3.747291266918182373e-01
7.671160623431205750e-03
2.651095390319824219e-01
-1.705286353826522827e-01
2.489964216947555542e-01
-9.670711308717727661e-02
2.005300223827362061e-01
-2.841337919235229492e-01
1.106239855289459229e-01
-1.242492124438285828e-01
-2.994215786457061768e-01
3.630830645561218262e-01
-5.218782648444175720e-02
1.662817299365997314e-01
-2.251750081777572632e-01
-5.348571762442588806e-02
4.409458041191101074e-01
1.622974276542663574e-01
5.788953974843025208e-02
1.829707324504852295e-01
1.048155222088098526e-02
2.295767664909362793e-01
-2.725751698017120361e-01
2.682379782199859619e-01
4.810054600238800049e-02
-4.676307737827301025e-02
-1.010016202926635742e-01
-9.275446087121963501e-02
1.867757737636566162e-02
-1.971022635698318481e-01
-3.918548524379730225e-01
1.302025932818651199e-02
1.714124083518981934e-01
2.050422132015228271e-01
1.914529502391815186e-01
1.066382080316543579e-01
2.605019509792327881e-01
-7.540392875671386719e-02
8.493600785732269287e-02
3.477233648300170898e-02
-1.519177854061126709e-01
1.951433271169662476e-01
7.077917456626892090e-02
2.225290089845657349e-01
-2.056628167629241943e-01
-2.841511927545070648e-02
-1.535449028015136719e-01
1.424714177846908569e-01
1.923560053110122681e-01
-1.738335192203521729e-02
1.291553974151611328e-01
9.829822182655334473e-02
4.012031853199005127e-01
5.014058351516723633e-01
1.417352110147476196e-01
-3.839296698570251465e-01
-7.973115891218185425e-02
3.102662041783332825e-02
-1.181919798254966736e-01
8.011149615049362183e-02
1.766385883092880249e-02
-1.237364262342453003e-01
6.023225188255310059e-02
7.026784121990203857e-02
2.052623927593231201e-01
-1.648383736610412598e-01
2.730889320373535156e-01
-1.526488065719604492e-01
6.726782917976379395e-01
-4.445102512836456299e-01
1.488588005304336548e-01
5.503435134887695312e-01
2.996446192264556885e-01
7.932368665933609009e-02
-3.322367742657661438e-02
1.065102666616439819e-01
-6.327031254768371582e-01
1.909388899803161621e-01
1.268614176660776138e-02
-4.432924389839172363e-01
2.844335436820983887e-01
-1.460167169570922852e-01
-3.679580613970756531e-02
-1.489914357662200928e-01
-6.424757093191146851e-02
-3.926102519035339355e-01
1.709381639957427979e-01
-2.703751437366008759e-02
3.357565104961395264e-01
3.667441383004188538e-02
-1.117411553859710693e-01
-2.023283392190933228e-02
-9.234899282455444336e-02
7.565243542194366455e-02
-3.126499354839324951e-01
2.103273123502731323e-01
5.943221971392631531e-02
-1.005155816674232483e-01
-1.103520914912223816e-01
1.780459731817245483e-01
-2.923798561096191406e-01
-4.778973385691642761e-02
8.195525407791137695e-02
-3.080506995320320129e-02
9.799361974000930786e-02
-1.739128232002258301e-01
-2.220506817102432251e-01
-5.686722323298454285e-02
2.792416326701641083e-02
-2.323067635297775269e-01
-1.463088542222976685e-01
1.577549427747726440e-01
3.918408229947090149e-02
2.668041884899139404e-01
7.382872700691223145e-02
-1.047518476843833923e-01
-9.080041199922561646e-02
-2.546195387840270996e-01
-2.284814268350601196e-01
8.149730414152145386e-02
-2.290453016757965088e-02
-3.166553974151611328e-01
1.321112960577011108e-01
-4.175846651196479797e-02
2.429615240544080734e-03
-1.889965124428272247e-02
1.484079062938690186e-01
-9.331867098808288574e-03
5.477568507194519043e-02
1.899646222591400146e-01
2.989988327026367188e-01
-3.428082168102264404e-01
-1.332274079322814941e-01
-4.633437991142272949e-01
-2.222894579172134399e-01
2.209210097789764404e-01
-9.566659480333328247e-02
-9.424842894077301025e-02
-1.532479971647262573e-01
-6.639241427183151245e-02
6.367614492774009705e-03
-2.406318113207817078e-02
-6.867102533578872681e-02
-6.215537711977958679e-02
-2.172802984714508057e-01
3.281451463699340820e-01
-2.292940765619277954e-01
-6.347162276506423950e-02
3.224154189229011536e-02
-1.596128940582275391e-01
9.062192440032958984e-01
3.453302979469299316e-01
-5.152500793337821960e-02
7.311706990003585815e-02
5.442281365394592285e-01
-4.433085024356842041e-01
-3.950445353984832764e-01
3.112687170505523682e-01
3.646797239780426025e-01
-4.410291612148284912e-01
2.234609276056289673e-01
-7.482921332120895386e-02
-1.573875993490219116e-01
-5.731012821197509766e-01
2.782646119594573975e-01
-2.682293951511383057e-02
3.616367876529693604e-01
-4.361634254455566406e-01
6.839207410812377930e-01
-1.710181832313537598e-01
-2.011915892362594604e-01
3.540521264076232910e-01
-6.500422209501266479e-02
3.043887913227081299e-01
2.558973431587219238e-01
-6.172335892915725708e-02
2.266273647546768188e-02
-1.234037056565284729e-01
1.365174651145935059e-01
1.064535900950431824e-01
6.051327660679817200e-02
-1.586413197219371796e-02
-1.967557966709136963e-01
8.945374749600887299e-03
2.827695608139038086e-01
1.274332255125045776e-01
-1.322240680456161499e-01
1.439575254917144775e-01
1.798055469989776611e-01
-1.262242943048477173e-01
-1.050449088215827942e-01
4.026303887367248535e-01
3.513529598712921143e-01
2.934291958808898926e-01
-1.904928684234619141e-01
7.108061760663986206e-02
1.775071471929550171e-01
1.154728084802627563e-01
7.540250569581985474e-02
1.516985595226287842e-01
-1.554587781429290771e-01
-8.224827051162719727e-02
-1.902609616518020630e-01
-1.375238746404647827e-01
1.595399379730224609e-01
-2.652897238731384277e-01
2.021352201700210571e-01
4.844573140144348145e-02
2.278452664613723755e-01
-4.728268831968307495e-02
-3.153762519359588623e-01
7.412365078926086426e-01
3.428800106048583984e-01
2.242273837327957153e-01
2.837921380996704102e-01
-2.766956686973571777e-01
1.924290880560874939e-02
-1.799147874116897583e-01
-1.065638512372970581e-01
1.470593214035034180e-01
-4.292395710945129395e-02
6.557122617959976196e-02
-4.240904934704303741e-03
8.470574021339416504e-02
-1.131046935915946960e-01
-2.635985612869262695e-01
3.004503548145294189e-01
-7.481228560209274292e-02
-1.940793916583061218e-02
-3.242481946945190430e-01
-5.992862209677696228e-02
-1.641063764691352844e-02
-9.462450444698333740e-02
-1.262310296297073364e-01
-2.290288060903549194e-01
-1.608148068189620972e-01
2.301425933837890625e-01
-2.135466635227203369e-01
-1.623197942972183228e-01
1.412561237812042236e-01
2.448310852050781250e-01
2.221727520227432251e-01
1.525591313838958740e-01
-2.439728379249572754e-01
6.890262663364410400e-02
-3.818036913871765137e-01
-1.103243902325630188e-01
-3.186210989952087402e-02
-1.617611795663833618e-01
1.943964362144470215e-01
-2.294762134552001953e-01
-2.313849627971649170e-01
3.097667992115020752e-01
-3.695943951606750488e-02
1.902494728565216064e-01
-1.577761471271514893e-01
-1.827430278062820435e-01
-2.989638410508632660e-02
1.073150988668203354e-02
1.795078441500663757e-02
1.234997715801000595e-02
-1.449132561683654785e-01
-1.011829972267150879e-01
-2.095625102519989014e-01
2.626663446426391602e-01
-9.386139363050460815e-02
5.494895577430725098e-02
-2.512918710708618164e-01
-1.897668540477752686e-01
8.053773641586303711e-02
1.102621927857398987e-01
2.210375815629959106e-01
-1.345805227756500244e-01
-1.185155473649501801e-02
6.095853820443153381e-02
-5.553086474537849426e-02
8.890976756811141968e-02
-2.704393863677978516e-01
6.004534289240837097e-02
3.718540072441101074e-01
-1.288560181856155396e-01
-8.125820010900497437e-02
2.351091802120208740e-01
-3.687174022197723389e-01
-1.078955382108688354e-01
3.581261038780212402e-01
2.416593432426452637e-01
-3.551332652568817139e-02
-1.187321171164512634e-01
1.576262116432189941e-01
-7.025448977947235107e-02
-1.152130067348480225e-01
1.701522171497344971e-01
1.250219941139221191e-01
1.577403582632541656e-02
3.214171230792999268e-01
-6.497031450271606445e-02
-8.736016601324081421e-02
2.054879665374755859e-01
-1.093446239829063416e-01
-8.105535805225372314e-02
-1.706886738538742065e-01
9.723364561796188354e-02
-5.529025569558143616e-03
2.040949016809463501e-01
-6.308547854423522949e-01
-6.515831500291824341e-02
2.113224714994430542e-01
-8.857738226652145386e-02
-2.065549418330192566e-02
-3.446532487869262695e-01
-1.050868183374404907e-01
-1.717859804630279541e-01
-1.078204810619354248e-01
-3.087533414363861084e-01
1.796482503414154053e-01
1.455576531589031219e-02
-2.928527295589447021e-01
-7.369141280651092529e-02
2.491064369678497314e-01
-2.358154058456420898e-01
-5.083830952644348145e-01
2.048558145761489868e-01
-3.766948878765106201e-01
4.034069180488586426e-01
6.914286315441131592e-02
-3.269776403903961182e-01
-3.035317361354827881e-01
-4.292806088924407959e-01
-5.349009484052658081e-02
4.582104459404945374e-02
7.796417921781539917e-02
1.812053918838500977e-01
1.066467091441154480e-01
1.273823678493499756e-01
-4.429038241505622864e-02
2.662916779518127441e-01
3.605748992413282394e-03
-2.981405854225158691e-01
1.856570243835449219e-01
-2.219741046428680420e-02
1.664208918809890747e-01
-2.402850054204463959e-02
2.571919374167919159e-02
1.335347443819046021e-01
7.277715206146240234e-02
-1.549021750688552856e-01
-2.310319244861602783e-01
2.198955267667770386e-01
2.317268401384353638e-01
-8.186373859643936157e-02
3.795438110828399658e-01
-2.904752194881439209e-01
7.149459421634674072e-02
-2.081956565380096436e-01
2.346563190221786499e-01
2.438501417636871338e-01
-1.714639216661453247e-01
-1.458413749933242798e-01
2.111219614744186401e-01
1.462859511375427246e-01
-2.681824266910552979e-01
2.670666277408599854e-01
2.435318082571029663e-01
-1.782100945711135864e-01
2.158153653144836426e-01
4.461489245295524597e-02
4.966469481587409973e-02
2.083216905593872070e-01
-1.320716440677642822e-01
-2.374043315649032593e-01
1.544245630502700806e-01
1.587089002132415771e-01
1.155528984963893890e-02
2.831423841416835785e-02
-2.682579159736633301e-01
-9.381748735904693604e-02
-1.067496836185455322e-01
-1.738513261079788208e-01
1.297379136085510254e-01
3.550628125667572021e-01
1.319182515144348145e-01
-7.280160486698150635e-02
-3.688120841979980469e-02
-5.859275907278060913e-02
-6.617425382137298584e-02
1.948891282081604004e-01
-3.033738583326339722e-02
5.203979834914207458e-02
4.310960173606872559e-01
1.232512295246124268e-01
5.520630478858947754e-01
-2.938699424266815186e-01
-5.110697448253631592e-02
9.114459156990051270e-02
9.697422385215759277e-02
1.587791293859481812e-01
-1.424397081136703491e-01
-8.327945135533809662e-03
-1.218229904770851135e-02
-3.202513456344604492e-01
-4.505088627338409424e-01
-5.405521765351295471e-02
-2.140926197171211243e-02
-3.394822031259536743e-02
3.500467911362648010e-02
1.461481600999832153e-01
4.478264600038528442e-02
-1.652506887912750244e-01
-5.484561249613761902e-02
-9.987308979034423828e-01
4.546567425131797791e-02
-6.922057271003723145e-02
-2.351876944303512573e-01
-5.009381771087646484e-01
7.257754355669021606e-02
2.067869752645492554e-01
-2.889337241649627686e-01
-2.200943976640701294e-01
-2.188033163547515869e-01
1.241965517401695251e-01
-1.173081994056701660e-01
7.707514613866806030e-02
-2.813389301300048828e-01
4.547014832496643066e-01
4.894523024559020996e-01
-4.866766333580017090e-01
-2.138716578483581543e-01
-7.471910715103149414e-01
-7.208322733640670776e-02
-1.203687712550163269e-01
1.350064724683761597e-01
8.400260657072067261e-02
-1.673403084278106689e-01
5.267587304115295410e-02
-2.619677782058715820e-01
-6.631743907928466797e-02
-1.986174434423446655e-01
1.224830150604248047e-01
1.068048402667045593e-01
1.616562604904174805e-01
-1.674273461103439331e-01
2.812967635691165924e-02
-4.576118886470794678e-01
-2.188299596309661865e-01
-1.611013263463973999e-01
3.113001212477684021e-02
5.788534879684448242e-02
2.702904939651489258e-01
1.182798314403044060e-05
-4.385581016540527344e-01
2.164774686098098755e-01
-1.039966419339179993e-01
-1.705879569053649902e-01
6.752644479274749756e-02
-1.919661313295364380e-01
2.711634039878845215e-01
1.055099535733461380e-02
-2.571266591548919678e-01
3.927372097969055176e-01
-2.027710974216461182e-01
-2.280328571796417236e-01
2.287409156560897827e-01
-2.058735340833663940e-01
4.214335381984710693e-01
2.366754412651062012e-01
-4.099238216876983643e-01
-3.021963238716125488e-01
-3.304430246353149414e-01
-8.682522922754287720e-02
-3.755843043327331543e-01
-1.697492301464080811e-01
3.479345515370368958e-02
-2.252233773469924927e-01
2.364182323217391968e-01
-1.230565831065177917e-01
1.987677365541458130e-01
-4.607291892170906067e-03
-1.212727874517440796e-01
3.841901943087577820e-02
-3.076850809156894684e-02
-1.569516211748123169e-01
9.889337420463562012e-02
-2.876292467117309570e-01
2.582624852657318115e-01
5.074378252029418945e-01
-4.025206565856933594e-01
3.771279240027070045e-03
-3.401589393615722656e-01
-1.017190515995025635e-01
-1.469867825508117676e-01
3.370195031166076660e-01
-1.606473177671432495e-01
6.395173072814941406e-02
-7.088594138622283936e-02
-6.742455065250396729e-02
-1.692061871290206909e-01
-2.446650117635726929e-01
1.378055214881896973e-01
-1.658168137073516846e-01
1.316941380500793457e-01
-7.196336239576339722e-02
-1.189522594213485718e-01
3.289092704653739929e-02
-1.498143821954727173e-01
-7.937128841876983643e-02
1.639522910118103027e-01
2.482792735099792480e-01
-1.032105907797813416e-01
-1.839543133974075317e-01
6.782718002796173096e-02
-3.177360445261001587e-02
6.680507957935333252e-02
-2.563917934894561768e-01
-2.637683749198913574e-01
-2.776664793491363525e-01
-2.088672071695327759e-01
1.845307350158691406e-01
1.144162937998771667e-01
9.208863973617553711e-02
-6.074160709977149963e-02
-1.355545371770858765e-01
1.194407939910888672e-01
7.545657455921173096e-02
-2.834940552711486816e-01
-3.398097157478332520e-01
-1.072801575064659119e-01
8.867283910512924194e-02
1.151006594300270081e-01
1.186284199357032776e-01
-7.196061611175537109e-01
-2.210133969783782959e-01
1.289427578449249268e-01
3.447089195251464844e-01
-1.717077493667602539e-01
1.202612668275833130e-01
-6.122909486293792725e-02
6.787182390689849854e-02
-1.386494487524032593e-01
-3.873846232891082764e-01
-2.373973876237869263e-01
1.317599564790725708e-01
-2.744681015610694885e-02
-2.782111465930938721e-01
2.989973425865173340e-01
4.818464219570159912e-01
-4.001044929027557373e-01
-4.450641870498657227e-01
-5.732315778732299805e-01
-1.716091781854629517e-01
-3.951276838779449463e-01
-6.928558647632598877e-02
-1.466614305973052979e-01
-1.814963668584823608e-01
-1.477461457252502441e-01
-2.232899516820907593e-02
1.548089683055877686e-01
-1.093565374612808228e-01
7.735265791416168213e-02
-8.893541235011070967e-05
1.053745001554489136e-01
-2.264731936156749725e-02
-2.296249754726886749e-02
-7.058121263980865479e-02
1.774912029504776001e-01
5.509759187698364258e-01
-3.634030222892761230e-01
-2.500060573220252991e-02
-1.853496283292770386e-01
-8.082309365272521973e-02
5.186958611011505127e-02
-4.581152796745300293e-01
2.105134278535842896e-01
1.142542809247970581e-01
1.281370073556900024e-01
-2.171542197465896606e-01
-2.219450026750564575e-01
2.075692117214202881e-01
-1.253438740968704224e-01
2.582593262195587158e-01
-2.066733241081237793e-01
1.656608432531356812e-01
-9.872615337371826172e-02
2.412818819284439087e-01
1.247489009983837605e-03
5.849478766322135925e-03
7.979733496904373169e-02
1.053639873862266541e-02
-8.023502677679061890e-02
-5.344653129577636719e-02
3.147097826004028320e-01
8.821298182010650635e-02
1.336903423070907593e-01
-3.423583805561065674e-01
2.453125268220901489e-01
1.773338764905929565e-01
-3.012813255190849304e-02
-3.172385096549987793e-01
3.009644746780395508e-01
3.462081253528594971e-01
1.124635711312294006e-01
-3.595555946230888367e-02
1.191087067127227783e-02
-2.571427822113037109e-01
-1.596138179302215576e-01
-6.566927433013916016e-01
3.658369779586791992e-01
2.139167301356792450e-02
2.196976095438003540e-01
2.568823099136352539e-02
1.506048161536455154e-02
2.478150092065334320e-02
3.228543400764465332e-01
-3.365156706422567368e-03
2.518121302127838135e-01
2.741823196411132812e-01
2.221617251634597778e-01
-5.249972268939018250e-02
-1.534998267889022827e-01
-1.461471081711351871e-03
-3.383305072784423828e-01
1.293388456106185913e-01
-1.768580079078674316e-01
1.253012567758560181e-01
1.816413551568984985e-01
-5.540704727172851562e-01
1.067815348505973816e-01
1.188563853502273560e-01
6.860083434730768204e-03
4.717833995819091797e-01
5.072364583611488342e-02
-1.136726066470146179e-01
-1.952350288629531860e-01
5.125718116760253906e-01
1.210350021719932556e-01
1.404661387205123901e-01
-8.875872939825057983e-02
4.943433701992034912e-01
-6.452030688524246216e-02
-9.868388622999191284e-02
-2.491610646247863770e-01
-4.342247545719146729e-02
8.688542246818542480e-02
2.562331855297088623e-01
4.021435081958770752e-01
-3.615411743521690369e-02
1.422051787376403809e-01
-9.594455361366271973e-02
3.350271657109260559e-02
1.026260778307914734e-01
1.233459711074829102e-01
-9.258043766021728516e-02
6.381689757108688354e-02
1.749393194913864136e-01
1.544372588396072388e-01
3.581753745675086975e-02
-1.241565346717834473e-01
-1.663796789944171906e-02
-1.662188172340393066e-01
2.353755980730056763e-01
1.752741932868957520e-01
1.793214082717895508e-01
-1.314592957496643066e-01
-9.902110323309898376e-03
2.316522896289825439e-01
2.470915205776691437e-02
-6.874390691518783569e-02
-1.609356403350830078e-01
-5.323219671845436096e-02
-2.483493834733963013e-01
-7.314909994602203369e-02
-9.640046209096908569e-02
-2.749775648117065430e-01
7.389691658318042755e-03
2.603927552700042725e-01
-7.566016167402267456e-02
2.045690640807151794e-02
2.515109479427337646e-01
-2.338489890098571777e-02
-2.734156325459480286e-02
-1.146659031510353088e-01
-1.613984704017639160e-01
-8.092933893203735352e-02
-3.118647634983062744e-01
5.605994164943695068e-02
3.081476129591464996e-02
-1.697373390197753906e-01
5.668121203780174255e-02
1.166229993104934692e-01
-3.756859600543975830e-01
-9.615198522806167603e-02
-2.902096509933471680e-01
-4.454139471054077148e-01
2.011513262987136841e-01
1.181108355522155762e-01
2.373275905847549438e-01
-7.859028875827789307e-02
-1.185391321778297424e-01
5.659489706158638000e-02
-4.610710740089416504e-01
-6.605185568332672119e-02
2.892527580261230469e-01
2.207766175270080566e-01
9.980756044387817383e-02
1.002314686775207520e-01
-2.569031417369842529e-01
6.963044404983520508e-02
-1.071972474455833435e-01
-2.503803670406341553e-01
3.192257508635520935e-02
-1.596703678369522095e-01
-1.194527372717857361e-01
1.839221268892288208e-01
-8.417169749736785889e-02
-1.668091714382171631e-01
-2.559577822685241699e-01
-1.147800534963607788e-01
7.216476369649171829e-03
2.881589531898498535e-02
5.583382770419120789e-02
-1.202143281698226929e-01
-1.308584362268447876e-01
2.117423862218856812e-01
1.667840331792831421e-01
1.657875627279281616e-01
1.038308218121528625e-01
1.951908767223358154e-01
-1.605882197618484497e-01
-2.412447333335876465e-02
1.356254816055297852e-01
-2.803211212158203125e-01
-4.404389113187789917e-02
-2.255175113677978516e-01
3.657004237174987793e-01
1.278650164604187012e-01
-3.111482262611389160e-01
8.535392582416534424e-02
-3.201924264430999756e-01
-3.968105912208557129e-01
2.105366624891757965e-02
-3.734464943408966064e-01
-8.502913266420364380e-02
-2.533240914344787598e-01
5.957754701375961304e-02
-3.435753285884857178e-01
2.921897172927856445e-01
6.759925186634063721e-02
5.057452917098999023e-01
1.537217646837234497e-01
1.687343716621398926e-01
-6.345448642969131470e-02
2.788607180118560791e-01
1.052170619368553162e-01
-1.591671705245971680e-01
1.465720087289810181e-01
9.854282438755035400e-02
-1.721144467592239380e-01
3.366381824016571045e-01
3.782219067215919495e-02
1.121636480093002319e-01
3.070958890020847321e-02
9.358356148004531860e-02
-1.967717893421649933e-02
4.546868428587913513e-02
8.143249154090881348e-02
1.213302388787269592e-01
1.958617568016052246e-01
3.508910536766052246e-01
-2.973689697682857513e-02
2.158277034759521484e-01
1.701552122831344604e-01
1.074378490447998047e-01
3.763151764869689941e-01
8.194720372557640076e-03
-3.275038301944732666e-01
4.365002363920211792e-02
-3.254308104515075684e-01
-1.892747879028320312e-01
2.754807472229003906e-01
2.419593976810574532e-03
-8.842893689870834351e-02
-2.310185134410858154e-02
-1.500519067049026489e-01
1.195423528552055359e-01
2.353836447000503540e-01
2.316378355026245117e-01
2.183157950639724731e-01
2.015874236822128296e-01
1.198673695325851440e-01
-2.029715180397033691e-01
6.270596757531166077e-03
-7.946741580963134766e-02
3.079134272411465645e-03
-7.856091856956481934e-02
2.468673884868621826e-01
-2.870162427425384521e-01
-7.139875739812850952e-02
1.472831964492797852e-01
-3.972761034965515137e-01
-1.540292948484420776e-01
-2.505264878273010254e-01
-7.947023212909698486e-02
-2.585659623146057129e-01
2.693856656551361084e-01
2.100343257188796997e-01
2.220397144556045532e-01
-2.208502292633056641e-01
-1.909077465534210205e-01
1.913379728794097900e-01
3.148020505905151367e-01
-2.456973344087600708e-01
2.263085171580314636e-02
2.238062024116516113e-01
-5.083629488945007324e-02
-2.057041376829147339e-01
-1.479803472757339478e-01
-2.028145343065261841e-01
-3.807934001088142395e-02
9.753689169883728027e-02
2.690031230449676514e-01
9.561360627412796021e-02
-1.410974562168121338e-01
1.820990592241287231e-01
-3.723124042153358459e-02
-1.209230870008468628e-01
2.787166833877563477e-01
1.627089679241180420e-01
2.371109127998352051e-01
6.247114762663841248e-02
1.886275708675384521e-01
-1.345449537038803101e-01
2.628967165946960449e-01
4.103525876998901367e-01
1.805646717548370361e-02
2.171299606561660767e-01
-1.955963224172592163e-01
1.370062381029129028e-01
-1.637850552797317505e-01
-3.999801725149154663e-02
4.895012080669403076e-01
4.658958911895751953e-01
1.247924640774726868e-01
-1.840226948261260986e-01
-1.970643103122711182e-01
3.185083344578742981e-02
2.123111933469772339e-01
8.057050406932830811e-02
-1.836538687348365784e-02
-1.976388990879058838e-01
-1.236221417784690857e-01
-1.048640534281730652e-01
-3.327769339084625244e-01
2.414671927690505981e-01
2.739147543907165527e-01
-2.173660546541213989e-01
2.102764248847961426e-01
-2.662940323352813721e-01
3.988552391529083252e-01
2.580358646810054779e-02
4.514803588390350342e-01
5.223485231399536133e-01
-7.753865420818328857e-02
-1.866748929023742676e-01
4.951694905757904053e-01
1.819881498813629150e-01
7.490140199661254883e-02
-3.768363893032073975e-01
-3.788468837738037109e-01
-1.357030719518661499e-01
-1.853510737419128418e-01
-1.812916845083236694e-01
9.843456745147705078e-02
-8.389839529991149902e-02
2.380932122468948364e-02
3.615516051650047302e-02
-4.499297589063644409e-02
3.585340380668640137e-01
1.044638231396675110e-01
-2.838035821914672852e-01
-1.718223392963409424e-01
-2.225290089845657349e-01
8.281132578849792480e-02
1.045851036906242371e-02
-7.512895017862319946e-02
-1.907928735017776489e-01
-2.132013738155364990e-01
-3.859148025512695312e-01
2.138492651283740997e-02
1.888035535812377930e-01
-2.542131841182708740e-01
1.363152414560317993e-01
3.687090575695037842e-01
-2.374760955572128296e-01
9.986130893230438232e-02
-5.615526437759399414e-02
-3.157242834568023682e-01
3.203225135803222656e-01
-7.184271812438964844e-01
2.831816971302032471e-01
-6.811351180076599121e-01
-7.768297195434570312e-01
-7.077372074127197266e-02
3.374378979206085205e-01
-5.675676465034484863e-01
-6.984789967536926270e-01
-2.074433714151382446e-01
6.358056515455245972e-02
1.973879784345626831e-01
-6.363993883132934570e-02
-3.060953915119171143e-01
3.006825745105743408e-01
-1.556331664323806763e-01
-2.294207066297531128e-01
2.520510554313659668e-01
2.187619954347610474e-01
1.912313401699066162e-01
4.207668304443359375e-01
1.008027717471122742e-01
5.608862265944480896e-02
3.542450955137610435e-03
-2.413063310086727142e-02
3.313149139285087585e-02
-2.211692482233047485e-01
-4.550911113619804382e-02
1.839425265789031982e-01
-2.330021560192108154e-01
-3.643121570348739624e-02
-1.493581235408782959e-01
1.558734625577926636e-01
3.915941715240478516e-01
4.683763906359672546e-02
3.210226893424987793e-01
3.914946019649505615e-01
-2.402800768613815308e-01
-5.392076820135116577e-02
-7.298296689987182617e-02
-5.172478556632995605e-01
-2.917741239070892334e-01
1.158415824174880981e-01
2.599323093891143799e-01
1.826318949460983276e-01
-3.360053151845932007e-02
1.351571679115295410e-01
-1.990957856178283691e-01
-2.088089287281036377e-01
1.746978759765625000e-01
-1.325195878744125366e-01
3.129804432392120361e-01
4.557489603757858276e-02
1.181250289082527161e-01
-2.120635509490966797e-01
5.488732084631919861e-02
2.602271437644958496e-01
1.778330206871032715e-01
-1.795426160097122192e-01
-2.875669896602630615e-01
-1.796137988567352295e-01
-3.358303606510162354e-01
-3.014731407165527344e-01
3.103819489479064941e-01
-1.795463562011718750e-01
4.366175830364227295e-02
-1.474878340959548950e-01
1.727145165205001831e-01
1.482199039310216904e-02
3.382669091224670410e-01
3.109598457813262939e-01
2.454368472099304199e-01
1.994113326072692871e-01
6.635940819978713989e-02
-3.342643082141876221e-01
2.554011642932891846e-01
-7.475263625383377075e-02
-6.241188384592533112e-04
3.137881308794021606e-02
3.075410425662994385e-01
-4.524739682674407959e-01
-4.170739650726318359e-02
2.440438121557235718e-01
-1.943259686231613159e-01
-1.348100155591964722e-01
-1.967319846153259277e-01
2.856677174568176270e-01
-5.917694047093391418e-02
8.599240332841873169e-02
-7.704855501651763916e-02
-6.581436097621917725e-02
-1.633185148239135742e-01
9.375590831041336060e-02
5.074147507548332214e-02
-1.152183413505554199e-01
-5.168196186423301697e-02
1.859987378120422363e-01
3.776638507843017578e-01
3.295421600341796875e-01
2.235633134841918945e-01
-3.000253736972808838e-01
5.279703140258789062e-01
-1.367191374301910400e-01
3.169073164463043213e-01
4.591009616851806641e-01
-2.834470868110656738e-01
-4.442584812641143799e-01
5.204429626464843750e-01
3.986702561378479004e-01
2.599385976791381836e-01
-2.087825387716293335e-01
-1.290219128131866455e-01
-7.303859293460845947e-02
-1.330273300409317017e-01
-1.225081011652946472e-01
1.707427948713302612e-01
-9.548068791627883911e-02
4.378236364573240280e-03
-2.280983179807662964e-01
-4.834024608135223389e-02
-1.536905765533447266e-01
-5.149810314178466797e-01
2.425753027200698853e-01
-3.560544252395629883e-01
-7.477383613586425781e-01
-2.024039328098297119e-01
-1.479105651378631592e-01
-2.847621142864227295e-01
-2.857745289802551270e-01
1.087244600057601929e-01
2.576438486576080322e-01
2.427544742822647095e-01
2.232555598020553589e-01
2.894864603877067566e-02
-1.046202555298805237e-01
-1.431331336498260498e-01
4.289118349552154541e-01
-1.245148293673992157e-02
-1.101334914565086365e-01
-8.975852280855178833e-02
-1.553965955972671509e-01
3.574653342366218567e-02
1.708122938871383667e-01
2.290205359458923340e-01
9.916785173118114471e-03
-2.578755617141723633e-01
1.957039684057235718e-01
1.134462952613830566e-01
-1.148977205157279968e-01
-1.163096800446510315e-01
1.839060783386230469e-01
4.290120303630828857e-02
-2.258983403444290161e-01
1.864398568868637085e-01
-2.567733824253082275e-01
-8.484437316656112671e-02
-3.270920738577842712e-02
1.613959819078445435e-01
-2.062299996614456177e-01
6.314586848020553589e-02
-2.414137274026870728e-01
3.780602663755416870e-02
-3.269432187080383301e-01
-5.462734028697013855e-02
-3.844368830323219299e-02
-1.377302408218383789e-01
-4.729573428630828857e-02
1.145384162664413452e-01
-7.888077199459075928e-02
4.554607272148132324e-01
1.649495661258697510e-01
1.685080826282501221e-01
1.766933053731918335e-01
2.373273521661758423e-01
5.972994118928909302e-02
-2.130744755268096924e-01
3.986821975558996201e-03
-2.454490959644317627e-01
-9.602390229701995850e-02
-1.767912358045578003e-01
-6.856311112642288208e-02
-1.323907971382141113e-01
-3.674025833606719971e-02
1.966448575258255005e-01
-1.296913474798202515e-01
1.998604834079742432e-02
-1.816167533397674561e-01
3.566023707389831543e-02
-2.142222076654434204e-01
1.769157797098159790e-01
-1.698936074972152710e-01
4.295613151043653488e-03
-2.255770713090896606e-01
-1.404454708099365234e-01
-2.679829858243465424e-02
-4.230936467647552490e-01
-6.269852072000503540e-02
-3.340903818607330322e-01
-8.507754653692245483e-02
9.210194461047649384e-03
-3.819528222084045410e-01
-4.266210645437240601e-02
4.236584901809692383e-01
1.235738955438137054e-02
-2.445276826620101929e-01
2.174425274133682251e-01
-2.865596413612365723e-01
-3.005684018135070801e-01
-3.634627461433410645e-01
4.334349632263183594e-01
-3.560543954372406006e-01
4.160783439874649048e-02
-1.177261918783187866e-01
2.674719132483005524e-02
-3.487756252288818359e-01
-3.597607836127281189e-02
-1.721972525119781494e-01
2.238734662532806396e-01
5.299045145511627197e-02
-1.760447397828102112e-02
2.676299810409545898e-01
1.924324780702590942e-01
-5.991487205028533936e-02
-2.134817279875278473e-02
2.856694757938385010e-01
-2.524922490119934082e-01
1.953507512807846069e-01
-1.491670031100511551e-02
3.945805877447128296e-02
-2.771376967430114746e-01
-4.299277439713478088e-02
2.870389819145202637e-01
2.684951722621917725e-01
2.356855012476444244e-02
1.738323122262954712e-01
-3.018620014190673828e-01
-6.745915114879608154e-02
5.609216168522834778e-02
-3.827478587627410889e-01
-6.256920844316482544e-02
-6.509077548980712891e-02
-2.825087904930114746e-01
-9.698980301618576050e-02
3.411762416362762451e-01
-3.064191937446594238e-01
1.873982399702072144e-01
-1.949880421161651611e-01
-9.445531666278839111e-02
8.335378021001815796e-03
5.597754567861557007e-02
-1.215505897998809814e-01
-2.973204255104064941e-01
-2.343189716339111328e-01
-1.070260852575302124e-01
1.089672520756721497e-01
-9.723724797368049622e-03
-4.839847609400749207e-02
-9.783428162336349487e-02
-5.010153632611036301e-03
-1.706174314022064209e-01
-2.902366220951080322e-01
-4.249148368835449219e-01
2.881465852260589600e-01
2.843839824199676514e-01
3.738638386130332947e-02
2.504221498966217041e-01
-3.598392903804779053e-01
-7.761947065591812134e-02
-8.863496780395507812e-02
2.816242873668670654e-01
-2.985617704689502716e-02
-1.352448463439941406e-01
1.229077428579330444e-01
-1.511386781930923462e-01
-8.351179212331771851e-02
-2.493633329868316650e-01
-2.877091169357299805e-01
-2.955060005187988281e-01
6.410296075046062469e-03
4.643433690071105957e-01
2.454361878335475922e-02
-9.909778833389282227e-02
4.160928130149841309e-01
2.327924668788909912e-01
-3.815990090370178223e-01
1.372436434030532837e-01
7.042734324932098389e-02
3.133351914584636688e-03
-2.249000407755374908e-02
5.686491727828979492e-01
-5.124492049217224121e-01
7.448094338178634644e-02
-2.762984335422515869e-01
-2.948009073734283447e-01
-2.302080839872360229e-01
2.661700844764709473e-01
2.046256512403488159e-01
1.818614751100540161e-01
-5.420740321278572083e-02
1.146144419908523560e-01
2.984652817249298096e-01
1.796849220991134644e-01
5.853364244103431702e-02
-1.414034366607666016e-01
3.102857172489166260e-01
-1.177233606576919556e-01
7.124907523393630981e-02
1.559772193431854248e-01
1.677235215902328491e-01
-2.554026842117309570e-01
1.037649959325790405e-01
8.501560986042022705e-02
6.094717234373092651e-02
-1.779312789440155029e-01
-3.235223591327667236e-01
1.378570646047592163e-01
1.479415502399206161e-02
-1.449023038148880005e-01
3.470677509903907776e-02
-3.899737820029258728e-02
1.729254871606826782e-01
-1.118510589003562927e-01
-3.194050863385200500e-02
-2.897939644753932953e-02
-8.159505575895309448e-02
-1.391696929931640625e-01
3.752007782459259033e-01
1.197114363312721252e-01
3.311027586460113525e-01
-3.199647665023803711e-01
1.018537953495979309e-01
3.094662129878997803e-01
3.933775424957275391e-02
4.966923594474792480e-02
2.984513640403747559e-01
-1.190562248229980469e-01
-2.335536181926727295e-01
9.328621439635753632e-03
8.182030916213989258e-02
-4.539024457335472107e-02
-2.731962203979492188e-01
-2.088387161493301392e-01
2.570696175098419189e-01
-7.435368001461029053e-02
-9.941335767507553101e-02
4.458003863692283630e-02
5.829806625843048096e-02
-3.187136948108673096e-01
-1.520167142152786255e-01
-7.459929212927818298e-03
-2.466372679919004440e-03
-2.142922431230545044e-01
-2.299341857433319092e-01
-2.270420342683792114e-01
-2.809447646141052246e-01
1.162746250629425049e-01
2.505905628204345703e-01
1.752976030111312866e-01
-1.369111686944961548e-01
-2.113128751516342163e-01
3.631487786769866943e-01
-6.333496421575546265e-02
8.932481519877910614e-03
-1.595287621021270752e-01
5.338364839553833008e-02
-1.796483844518661499e-01
2.020168602466583252e-01
1.544366776943206787e-01
2.655066847801208496e-01
-2.698176801204681396e-01
-1.850971728563308716e-01
-3.630377352237701416e-02
2.841886691749095917e-02
-5.884261801838874817e-02
-2.173612713813781738e-01
-1.298315972089767456e-01
3.725741803646087646e-01
-1.433412283658981323e-01
-6.379573792219161987e-02
2.559967339038848877e-01
7.746396213769912720e-02
-3.392969071865081787e-02
-4.240057989954948425e-02
1.442501246929168701e-01
6.786841899156570435e-02
9.297087788581848145e-02
-3.905456066131591797e-01
4.794944226741790771e-01
4.130207374691963196e-02
1.280550211668014526e-01
5.970595404505729675e-02
1.892932951450347900e-01
3.697699308395385742e-01
-7.940763980150222778e-02
-2.600626051425933838e-01
5.238076671957969666e-02
-5.207160860300064087e-02
1.905936002731323242e-01
2.515018880367279053e-01
1.247159205377101898e-02
-4.845499247312545776e-02
3.466349467635154724e-02
-1.709201186895370483e-01
-5.775838717818260193e-02
2.216702848672866821e-01
-2.205423265695571899e-01
2.458165287971496582e-01
3.493871539831161499e-02
3.911431729793548584e-01
-2.771057784557342529e-01
3.892838954925537109e-02
5.330748483538627625e-02
1.929740905761718750e-01
-3.901477903127670288e-02
-1.992227435111999512e-01
2.842508815228939056e-02
3.293845951557159424e-01
-4.079959169030189514e-02
2.933860197663307190e-02
-4.572455305606126785e-03
-1.004282850772142410e-03
1.251251623034477234e-02
-2.004261165857315063e-01
-1.585702747106552124e-01
4.433590546250343323e-02
-6.798987090587615967e-02
-7.400254905223846436e-02
2.765393555164337158e-01
3.261402482166886330e-03
3.953978046774864197e-02
2.318975925445556641e-01
1.846229285001754761e-01
1.828212738037109375e-01
-7.238234579563140869e-02
1.286415457725524902e-01
-7.335920631885528564e-02
3.238428011536598206e-02
-8.243868499994277954e-02
-3.167740702629089355e-01
1.724100410938262939e-01
-2.815226912498474121e-01
-2.046332508325576782e-01
-7.205113023519515991e-02
3.117235898971557617e-01
4.727334901690483093e-02
2.558572590351104736e-01
-3.975811898708343506e-01
-1.531324088573455811e-01
-2.654559314250946045e-01
2.599145174026489258e-01
-2.484103590250015259e-01
-2.318921089172363281e-01
-1.248873174190521240e-01
-2.764932513236999512e-01
1.174156665802001953e-01
-6.490879505872726440e-02
-1.012759655714035034e-01
2.193338051438331604e-02
8.258929103612899780e-02
-3.876101672649383545e-01
1.552733182907104492e-01
7.118081301450729370e-02
2.144468724727630615e-01
-2.982384860515594482e-01
-9.465143084526062012e-02
-1.138222143054008484e-01
9.387978166341781616e-02
-8.246313780546188354e-02
-8.068598806858062744e-02
-1.134624332189559937e-01
1.665363758802413940e-01
1.734016537666320801e-01
-4.985589161515235901e-02
2.594701349735260010e-01
1.018933653831481934e-01
-2.577970623970031738e-01
2.857067584991455078e-01
-2.549007534980773926e-02
-2.101742625236511230e-01
1.688974797725677490e-01
-2.418263554573059082e-01
-2.332509309053421021e-01
1.641803234815597534e-01
2.560278475284576416e-01
-5.972639098763465881e-02
1.986336410045623779e-01
-1.368800103664398193e-01
-1.877776719629764557e-02
-4.090626910328865051e-02
1.544485539197921753e-01
-2.410404682159423828e-01
-3.913750350475311279e-01
-1.719883456826210022e-02
-9.262762218713760376e-02
2.162429541349411011e-01
3.733967244625091553e-02
-4.993296861648559570e-01
1.022669374942779541e-01
2.076106965541839600e-01
-3.514685630798339844e-01
8.828487247228622437e-02
-2.126305829733610153e-03
3.394584730267524719e-02
-6.416658163070678711e-01
-2.359542559133842587e-04
8.385492116212844849e-02
-8.293012529611587524e-02
-1.827407926321029663e-01
-2.116787731647491455e-01
-2.330330908298492432e-01
2.841360569000244141e-01
3.362129628658294678e-01
3.129189833998680115e-02
9.807223826646804810e-02
3.145564794540405273e-01
-1.945458650588989258e-01
2.125736884772777557e-02
-1.179767996072769165e-01
-1.551543474197387695e-01
3.691471368074417114e-02
-9.603483229875564575e-02
1.528411731123924255e-02
-4.639485850930213928e-02
2.191264778375625610e-01
-3.349957764148712158e-01
2.577217221260070801e-01
-1.413521766662597656e-01
3.734568133950233459e-02
-4.149031341075897217e-01
2.224969863891601562e-01
-2.017388492822647095e-01
-2.049591541290283203e-01
1.169128790497779846e-01
-2.598286271095275879e-01
8.285997062921524048e-02
1.070752292871475220e-01
-1.713573187589645386e-01
-1.346382200717926025e-01
1.460223048925399780e-01
-1.729667782783508301e-01
1.480306088924407959e-01
-2.699847891926765442e-02
1.620948165655136108e-01
-3.989815413951873779e-01
3.323274478316307068e-02
1.148875281214714050e-01
1.549948006868362427e-01
1.754574030637741089e-01
1.343517005443572998e-01
3.332335874438285828e-02
2.284122109413146973e-01
2.118953019380569458e-01
1.597240567207336426e-01
-4.271913766860961914e-01
-2.176076918840408325e-01
-6.423173844814300537e-02
4.195579886436462402e-01
-1.238138675689697266e-01
3.673682212829589844e-01
-7.879065722227096558e-02
-7.928191870450973511e-02
1.351056396961212158e-01
1.280039250850677490e-01
-2.110693156719207764e-01
1.073512732982635498e-01
-1.670633107423782349e-01
3.202099502086639404e-01
1.352272331714630127e-01
2.043335437774658203e-01
7.626772671937942505e-02
2.143857330083847046e-01
2.757399976253509521e-01
1.228496059775352478e-01
-2.383708357810974121e-01
-5.035603418946266174e-03
1.080642342567443848e-01
1.860189288854598999e-01
-2.105202898383140564e-02
1.587778478860855103e-01
-2.780449092388153076e-01
-9.324333071708679199e-02
1.162777915596961975e-01
3.728887438774108887e-02
-2.570222616195678711e-01
1.772224344313144684e-02
5.661741644144058228e-02
-4.911593347787857056e-02
3.089581429958343506e-01
3.760449215769767761e-02
9.939460456371307373e-02
-3.733506053686141968e-02
4.032347351312637329e-02
-1.485013067722320557e-01
1.207512095570564270e-01
-2.832458019256591797e-01
-1.298850178718566895e-01
-1.475221812725067139e-01
-1.078901579603552818e-03
-1.419834345579147339e-01
3.388617932796478271e-02
2.007530182600021362e-01
-3.083211779594421387e-01
-1.437719315290451050e-01
-7.372218184173107147e-03
6.881188601255416870e-02
9.207124263048171997e-02
-1.506792008876800537e-01
-2.476032264530658722e-02
-1.519309431314468384e-01
8.086899295449256897e-03
1.103562191128730774e-01
-2.120618969202041626e-01
-2.132520638406276703e-02
3.581604957580566406e-01
-3.088603019714355469e-01
7.607738375663757324e-01
4.327302575111389160e-01
2.647247910499572754e-01
-3.988769054412841797e-01
-4.392674863338470459e-01
3.063263893127441406e-01
-2.729874253273010254e-01
-1.492730230093002319e-01
-3.310328722000122070e-01
-1.628955155611038208e-01
2.658818364143371582e-01
-1.821876913309097290e-01
3.759106397628784180e-01
-1.304170042276382446e-01
4.161287546157836914e-01
-1.927677094936370850e-01
-3.460434377193450928e-01
-1.105307713150978088e-01
8.988510072231292725e-02
-8.322477340698242188e-02
-1.536363512277603149e-01
7.550989836454391479e-02
-1.067563816905021667e-01
-9.115309268236160278e-02
-6.331184506416320801e-02
2.408915758132934570e-02
-1.270354688167572021e-01
2.101662755012512207e-01
-1.146457269787788391e-01
2.714887857437133789e-01
1.396460682153701782e-01
1.735465079545974731e-01
-1.241733878850936890e-01
1.483114510774612427e-01
8.901170641183853149e-02
1.296929270029067993e-01
9.948780387639999390e-02
2.557632923126220703e-01
3.158942461013793945e-01
5.549636483192443848e-02
3.854072466492652893e-02
3.700986206531524658e-01
-1.373198628425598145e-01
-7.981512695550918579e-02
1.992379426956176758e-01
1.928431391716003418e-01
3.436053097248077393e-01
-3.738778829574584961e-01
8.960210531949996948e-02
-2.516980767250061035e-01
9.776815026998519897e-02
3.521996736526489258e-01
-5.317110195755958557e-02
3.261621296405792236e-01
-6.018072366714477539e-02
2.367499917745590210e-01
2.680923044681549072e-01
1.659570336341857910e-01
2.333013713359832764e-01
-7.711450755596160889e-02
-2.215866893529891968e-01
