4.702892303466796875e-01
-3.404643535614013672e-01
-2.135614901781082153e-01
4.482505023479461670e-01
-6.330736279487609863e-01
3.712712824344635010e-01
-2.664203196763992310e-02
1.874969154596328735e-01
6.222534924745559692e-02
7.044425606727600098e-01
2.483618557453155518e-01
1.221221983432769775e-01
2.895985543727874756e-01
-1.212842315435409546e-01
-6.601325422525405884e-02
-4.902274310588836670e-01
-7.725806534290313721e-02
5.050931572914123535e-01
4.430881440639495850e-01
6.213430762290954590e-01
-3.902074098587036133e-01
-5.122724771499633789e-01
-1.854852437973022461e-01
-4.445572495460510254e-01
-3.524020314216613770e-01
-2.716162502765655518e-01
3.538927137851715088e-01
5.125593543052673340e-01
-5.835411548614501953e-01
2.845733463764190674e-01
1.125386506319046021e-01
-4.840379953384399414e-02
2.881766855716705322e-01
-6.080498695373535156e-01
-7.325410246849060059e-01
-5.064348578453063965e-01
6.339448690414428711e-01
-1.273770118132233620e-03
3.097918927669525146e-01
-3.971965312957763672e-01
8.869108557701110840e-01
-6.887321472167968750e-01
1.598082333803176880e-01
-3.581556081771850586e-01
-7.302153110504150391e-01
4.278243780136108398e-01
2.670230865478515625e-01
-1.216835901141166687e-01
1.824708580970764160e-01
1.490813791751861572e-01
-8.389464616775512695e-01
-2.936898469924926758e-01
-2.434808528050780296e-03
-2.426189333200454712e-01
1.464469283819198608e-01
3.687940835952758789e-01
3.816043138504028320e-01
-5.158914327621459961e-01
6.875312924385070801e-01
5.207715034484863281e-01
-5.355958938598632812e-01
4.671565890312194824e-01
-4.426087439060211182e-02
4.816687703132629395e-01
1.950160861015319824e-01
-4.788821935653686523e-01
1.910717487335205078e-01
9.839003533124923706e-02
-2.307699620723724365e-01
-2.356844097375869751e-01
5.456857085227966309e-01
2.165995985269546509e-01
-1.418857127428054810e-01
1.014443337917327881e-01
-1.540797203779220581e-01
-2.752250432968139648e-01
1.868108846247196198e-02
4.437916874885559082e-01
-5.525707602500915527e-01
-1.420273035764694214e-01
-4.268097877502441406e-01
6.896550059318542480e-01
-2.594625353813171387e-01
6.745182275772094727e-01
1.008533000946044922e+00
-2.571898400783538818e-01
-5.011743679642677307e-02
-8.431755006313323975e-02
1.200236678123474121e-01
1.207848191261291504e-01
2.848932743072509766e-01
-1.171707138419151306e-01
-5.130331516265869141e-01
3.706418573856353760e-01
-4.559831023216247559e-01
-2.580992281436920166e-01
-2.966109290719032288e-02
1.511990725994110107e-01
-6.893629580736160278e-02
-4.598698914051055908e-01
1.239887952804565430e+00
-1.133756995201110840e+00
3.645903766155242920e-01
-1.105584204196929932e-01
-1.214505434036254883e+00
-4.962409287691116333e-02
1.078831627964973450e-01
5.470257401466369629e-01
-6.381102651357650757e-02
-4.874387085437774658e-01
-1.509888321161270142e-01
1.815230101346969604e-01
8.042590618133544922e-01
-9.805711507797241211e-01
2.757432162761688232e-01
2.877833545207977295e-01
6.114326417446136475e-02
2.510830163955688477e-01
2.054385095834732056e-01
7.695874571800231934e-01
-4.622412919998168945e-01
3.890458643436431885e-01
2.974711954593658447e-01
-1.852853149175643921e-01
6.068745851516723633e-01
-2.318692207336425781e-01
-8.066217601299285889e-02
-4.010334908962249756e-01
5.192058682441711426e-01
3.804782032966613770e-01
-3.225135803222656250e-02
-5.309861898422241211e-02
-1.345426738262176514e-01
4.870419204235076904e-01
1.575383692979812622e-01
1.122232973575592041e-01
-2.072623521089553833e-01
1.179190129041671753e-01
-4.766752421855926514e-01
-5.161891579627990723e-01
-3.084698915481567383e-01
3.377835154533386230e-01
3.606576025485992432e-01
3.957372009754180908e-01
4.072477817535400391e-01
2.937428355216979980e-01
-4.138230979442596436e-01
-4.840877354145050049e-01
2.627625763416290283e-01
5.024493336677551270e-01
-4.090034365653991699e-01
-2.676187157630920410e-01
2.908030152320861816e-02
2.848499119281768799e-01
2.857384681701660156e-01
-1.092929486185312271e-02
-6.444145441055297852e-01
-5.380613207817077637e-01
1.936180442571640015e-01
-5.384672880172729492e-01
-5.571883171796798706e-02
-1.935269683599472046e-01
-6.155899763107299805e-01
3.437716364860534668e-01
-1.177808940410614014e-01
-2.816555202007293701e-01
2.753943800926208496e-01
1.045833706855773926e+00
-1.689910411834716797e+00
-4.146638512611389160e-01
4.282316565513610840e-01
5.875900983810424805e-01
2.376626133918762207e-01
-3.478848934173583984e-01
-4.741787314414978027e-01
-1.389543265104293823e-01
6.153303980827331543e-01
2.465674728155136108e-01
-2.138376981019973755e-01
5.508729815483093262e-01
-7.356993108987808228e-02
2.946000173687934875e-02
-1.137528046965599060e-01
1.016209926456212997e-02
-1.641359552741050720e-02
4.043188989162445068e-01
-3.598420917987823486e-01
-3.063916862010955811e-01
2.673010108992457390e-03
5.080980062484741211e-02
-6.275815516710281372e-02
-2.461456358432769775e-01
-9.806542098522186279e-02
1.764947324991226196e-01
2.442902177572250366e-01
2.621939778327941895e-02
-1.873656362295150757e-01
7.285978645086288452e-02
4.295532107353210449e-01
-2.663715481758117676e-01
2.045265883207321167e-01
-3.860096037387847900e-01
2.081205099821090698e-01
-2.313819676637649536e-01
-7.602790743112564087e-02
-1.338477581739425659e-01
1.372024416923522949e-01
2.698557674884796143e-01
-6.640383042395114899e-03
-3.416550755500793457e-01
1.760312169790267944e-01
2.951273620128631592e-01
-1.827288977801799774e-02
-2.398382127285003662e-01
1.924273967742919922e-01
1.016964912414550781e-01
3.389698565006256104e-01
1.817055046558380127e-01
-2.816717326641082764e-01
2.848995923995971680e-01
-1.254625916481018066e-01
1.689336597919464111e-01
-2.658682465553283691e-01
-1.181574016809463501e-01
1.872743517160415649e-01
5.028336122632026672e-02
-1.615979969501495361e-01
3.401635885238647461e-01
-5.081748217344284058e-02
2.702966630458831787e-01
-1.798270493745803833e-01
-2.573185265064239502e-01
3.171606659889221191e-01
7.461937516927719116e-02
-1.214173287153244019e-01
1.690792441368103027e-01
-1.741121262311935425e-01
4.606652632355690002e-02
2.992115020751953125e-01
-1.348987370729446411e-01
5.081522464752197266e-02
-3.833498060703277588e-01
4.052559435367584229e-01
-2.501406371593475342e-01
-5.667960047721862793e-01
1.149006001651287079e-02
-2.641310393810272217e-01
5.270421877503395081e-02
-1.724715828895568848e-01
-1.970169395208358765e-01
1.325673311948776245e-01
1.098246593028306961e-02
3.143171668052673340e-01
-3.437172174453735352e-01
3.127679228782653809e-01
-1.097605796530842781e-03
2.532197237014770508e-01
2.084745019674301147e-01
-4.525771364569664001e-02
2.237559258937835693e-01
5.529204607009887695e-01
-1.530607193708419800e-01
-4.728132784366607666e-01
-1.173137873411178589e-01
1.330688223242759705e-02
4.842346534132957458e-02
3.480303585529327393e-01
-3.358217179775238037e-01
2.283369302749633789e-01
1.239518448710441589e-02
3.676665574312210083e-02
2.813754230737686157e-02
-4.594327509403228760e-01
3.441356122493743896e-01
-4.145841002464294434e-01
-1.863189786672592163e-02
7.392315566539764404e-02
-4.364740848541259766e-02
4.464222192764282227e-01
3.960455954074859619e-01
-2.236051708459854126e-01
3.107731044292449951e-01
1.163670048117637634e-01
1.050937548279762268e-01
2.399768829345703125e-01
-2.999984622001647949e-01
1.941299438476562500e-02
8.222302794456481934e-02
4.839833453297615051e-02
1.746151410043239594e-02
2.515537440776824951e-01
-2.216867171227931976e-02
-1.043944582343101501e-01
2.183736413717269897e-01
-1.063404008746147156e-01
-3.119478225708007812e-01
-1.825388669967651367e-01
2.726588845252990723e-01
-2.602844536304473877e-01
-1.773635149002075195e-01
-3.911559581756591797e-01
2.129038274288177490e-01
3.142825735267251730e-04
-3.804615139961242676e-02
1.476208120584487915e-01
-4.169944822788238525e-01
-1.917528659105300903e-01
2.123224139213562012e-01
1.646585613489151001e-01
5.970764905214309692e-02
2.104228883981704712e-01
1.029502972960472107e-01
-2.531290054321289062e-01
-1.665117144584655762e-01
6.202175840735435486e-02
-3.886041939258575439e-01
-1.858214139938354492e-01
4.220697879791259766e-01
-5.190474987030029297e-01
-2.333435118198394775e-01
-5.014348626136779785e-01
4.791062176227569580e-01
2.747545838356018066e-01
3.743804395198822021e-01
1.292784065008163452e-01
-5.317668318748474121e-01
-5.120228528976440430e-01
2.542286217212677002e-01
-1.945970654487609863e-01
-2.615842521190643311e-01
3.693912327289581299e-01
3.607411682605743408e-01
6.227082610130310059e-01
-2.338797748088836670e-01
2.531473040580749512e-01
-3.265880048274993896e-01
-3.820013999938964844e-01
3.035313785076141357e-01
-7.184095382690429688e-01
-5.235057473182678223e-01
2.535633742809295654e-01
-3.584682047367095947e-01
-3.091301620006561279e-01
-7.717161625623703003e-02
-5.927389115095138550e-02
4.638742208480834961e-01
-1.131666731089353561e-02
-2.546249926090240479e-01
-1.356470435857772827e-01
3.010653555393218994e-01
-1.792201995849609375e-01
-2.933446168899536133e-01
-1.863884925842285156e-01
3.942449390888214111e-01
7.261533290147781372e-02
4.297843575477600098e-01
2.830868363380432129e-01
-5.291160345077514648e-01
5.930990576744079590e-01
2.227917015552520752e-01
-2.486503124237060547e-02
-3.771675229072570801e-01
1.318351328372955322e-01
-2.119894772768020630e-01
-1.886573582887649536e-01
-2.092238664627075195e-01
8.971864357590675354e-03
2.267941236495971680e-01
-2.434753626585006714e-02
-4.842412769794464111e-01
-9.252230636775493622e-03
3.261185884475708008e-01
2.418270856142044067e-01
-4.535755813121795654e-01
7.241504639387130737e-02
-8.339980244636535645e-02
7.709806412458419800e-02
5.634517073631286621e-01
-6.330579519271850586e-02
1.850624680519104004e-01
-3.737981915473937988e-01
1.321704983711242676e-01
-2.532483935356140137e-01
3.783654570579528809e-01
2.987718284130096436e-01
-2.907165586948394775e-01
4.431020617485046387e-01
-3.426639735698699951e-02
-3.114510513842105865e-02
-8.239560574293136597e-02
4.569509327411651611e-01
4.245539605617523193e-01
-4.695325493812561035e-01
6.380824744701385498e-02
-2.563108503818511963e-01
-3.074810504913330078e-01
2.890865206718444824e-01
2.807801961898803711e-01
-4.551019053906202316e-03
-6.995034962892532349e-02
-2.379054129123687744e-01
3.061823546886444092e-01
5.432333424687385559e-02
-1.832731366157531738e-01
1.200413852930068970e-01
-2.696687579154968262e-01
2.498870342969894409e-02
-3.898777365684509277e-01
3.991592526435852051e-01
-2.240282669663429260e-02
7.947009801864624023e-02
7.869470864534378052e-02
-7.977938652038574219e-02
-6.250382959842681885e-02
8.648932725191116333e-02
2.851809561252593994e-02
-3.987902104854583740e-01
4.337928891181945801e-01
-3.522253036499023438e-01
-2.092475742101669312e-01
-4.963860809803009033e-01
7.063654065132141113e-01
3.698414266109466553e-01
5.431216359138488770e-01
3.034625351428985596e-01
9.171187877655029297e-02
-5.314284563064575195e-01
-9.559159725904464722e-02
-9.810496866703033447e-02
-3.715906664729118347e-02
-7.324031740427017212e-02
-8.020062744617462158e-02
2.544908821582794189e-01
1.032282039523124695e-02
3.932066261768341064e-01
-2.643660902976989746e-01
-4.771164357662200928e-01
-1.051377505064010620e-01
-1.727291941642761230e-02
-5.916351079940795898e-01
-6.248966455459594727e-01
6.089404225349426270e-01
-5.127117633819580078e-01
5.089286565780639648e-01
4.311680197715759277e-01
-4.851810336112976074e-01
1.145840361714363098e-01
1.796937286853790283e-01
-2.856988012790679932e-01
-3.494839072227478027e-01
5.737210512161254883e-01
5.162008404731750488e-01
-8.410821855068206787e-02
-4.679172765463590622e-03
-1.114535182714462280e-01
-2.716409564018249512e-01
-6.591761112213134766e-02
1.937810033559799194e-01
-2.526898086071014404e-01
-3.894120156764984131e-01
-3.080635368824005127e-01
-4.818142950534820557e-01
5.427267551422119141e-01
-1.026266515254974365e-01
1.760516613721847534e-01
-5.026281476020812988e-01
5.631782859563827515e-02
-1.037952974438667297e-01
1.844683289527893066e-01
5.068906769156455994e-02
-9.736311435699462891e-02
-3.686990737915039062e-01
-4.161252081394195557e-02
4.650778695940971375e-02
4.431288242340087891e-01
9.074759483337402344e-02
-7.050511240959167480e-01
-7.993622124195098877e-02
1.905794441699981689e-01
-6.673502326011657715e-01
1.185445412993431091e-01
-7.421887014061212540e-03
7.870710492134094238e-01
2.455335669219493866e-02
6.830776929855346680e-01
-6.242502927780151367e-01
-1.824881583452224731e-01
-1.413632482290267944e-01
4.334438964724540710e-02
3.441311046481132507e-02
-1.419280916452407837e-01
-1.556223910301923752e-02
2.309288233518600464e-01
-6.449583172798156738e-02
5.391585826873779297e-02
-2.534240186214447021e-01
3.713063895702362061e-01
-2.592761218547821045e-01
-5.504168570041656494e-02
3.436520397663116455e-01
-2.713361084461212158e-01
-1.323544234037399292e-01
-7.519443631172180176e-01
-3.966510593891143799e-01
-3.875313997268676758e-01
1.448812335729598999e-01
4.212689399719238281e-02
7.435017079114913940e-02
1.244558691978454590e-01
-1.475796103477478027e-01
7.276777178049087524e-02
-6.526306271553039551e-02
-1.729267984628677368e-01
9.762854129076004028e-02
8.784066140651702881e-02
-7.010331004858016968e-02
-1.762996166944503784e-01
-2.585223317146301270e-01
-1.906052380800247192e-01
-1.209227144718170166e-01
-5.894644856452941895e-01
-3.622244298458099365e-01
6.347352266311645508e-02
-1.624461412429809570e-01
-1.296816468238830566e-01
-2.387717664241790771e-01
9.674065746366977692e-03
-2.515589445829391479e-02
2.297415435314178467e-01
-4.433785378932952881e-02
2.213485240936279297e-01
-3.272609710693359375e-01
4.811319708824157715e-02
-5.026807263493537903e-02
1.935887485742568970e-01
-1.909054964780807495e-01
-1.198834106326103210e-01
-1.938362270593643188e-01
-2.531055361032485962e-02
-1.815167367458343506e-01
-2.042717933654785156e-01
-6.486865282058715820e-01
1.622501611709594727e+00
-9.240437150001525879e-01
2.428626269102096558e-01
1.850408315658569336e-01
5.755660310387611389e-02
9.270390123128890991e-02
2.032121419906616211e-01
4.386354982852935791e-01
-6.676168739795684814e-02
-5.794425010681152344e-01
-2.232788950204849243e-01
-4.055429697036743164e-01
1.543800681829452515e-01
-9.975128807127475739e-03
-1.806771010160446167e-01
-5.606744289398193359e-01
-1.274235099554061890e-01
-4.896038174629211426e-01
-1.640599817037582397e-01
1.754199713468551636e-02
-4.247187674045562744e-01
-3.831838369369506836e-01
-5.132002234458923340e-01
2.600977420806884766e-01
-1.323933154344558716e-01
5.252773687243461609e-02
2.044408395886421204e-02
-6.052967160940170288e-02
3.274116814136505127e-01
-1.495964825153350830e-01
-3.294106572866439819e-02
-2.054686695337295532e-01
-1.110114827752113342e-01
1.766660958528518677e-01
7.075477391481399536e-02
-1.154750064015388489e-01
-1.551477164030075073e-01
-1.532547473907470703e-01
4.111680090427398682e-01
7.873311638832092285e-02
2.352680563926696777e-01
2.930815815925598145e-01
-1.491305232048034668e-01
-4.771438539028167725e-01
-2.030409127473831177e-01
8.085448294878005981e-02
-3.612999990582466125e-02
1.957046538591384888e-01
1.243056207895278931e-01
3.638379573822021484e-01
1.113719344139099121e-01
-4.232176020741462708e-02
-1.298003345727920532e-01
2.545127570629119873e-01
1.342726945877075195e-01
6.510780006647109985e-02
-1.804457753896713257e-01
4.467884004116058350e-01
3.356827795505523682e-01
7.019044458866119385e-02
9.133054018020629883e-01
-5.527844652533531189e-02
4.326654076576232910e-01
-4.830657243728637695e-01
3.985451534390449524e-02
1.332120150327682495e-01
-2.075043767690658569e-01
3.592220246791839600e-01
-2.914929687976837158e-01
1.953676640987396240e-01
-3.823857754468917847e-02
1.335672736167907715e-01
-5.825351923704147339e-02
2.135445326566696167e-01
2.063518017530441284e-01
2.471830844879150391e-01
1.527366042137145996e-01
3.271400630474090576e-01
2.740442752838134766e-01
-9.250986576080322266e-02
2.670594751834869385e-01
3.329664170742034912e-01
-4.827058017253875732e-01
6.883851289749145508e-01
-4.138301014900207520e-01
5.251716375350952148e-01
-2.244691401720046997e-01
3.594746887683868408e-01
-1.305561423301696777e+00
1.360822767019271851e-01
4.321775734424591064e-01
6.802490949630737305e-01
-1.167690381407737732e-01
4.291091561317443848e-01
-6.498346477746963501e-02
1.258138716220855713e-01
-3.963875398039817810e-02
-1.113950163125991821e-01
5.805561318993568420e-02
-3.124268725514411926e-02
1.250857710838317871e+00
-8.246614784002304077e-02
6.856881976127624512e-01
-6.874570250511169434e-01
9.598753415048122406e-03
-1.022795364260673523e-01
7.588858902454376221e-02
3.308772295713424683e-02
-9.622462838888168335e-02
1.690735965967178345e-01
-2.483080327510833740e-01
-1.845929026603698730e-01
-1.048977747559547424e-01
-3.661652207374572754e-01
-5.125977471470832825e-02
1.700239926576614380e-01
-1.700207591056823730e-01
2.339891791343688965e-01
-4.429267048835754395e-01
6.247218325734138489e-02
-2.588812112808227539e-01
-1.584716439247131348e-01
2.840474843978881836e-01
2.324957698583602905e-01
2.560561895370483398e-01
7.197701185941696167e-02
-5.432305857539176941e-02
1.011613011360168457e-01
-9.345878660678863525e-02
-2.334803342819213867e-01
-1.210204660892486572e-01
2.221367210149765015e-01
1.299401074647903442e-01
2.166899293661117554e-01
-3.338190317153930664e-01
-2.363806962966918945e-01
5.234677791595458984e-01
-4.467499554157257080e-01
4.390476942062377930e-01
4.920094013214111328e-01
1.636008918285369873e-01
-2.073170542716979980e-01
-1.464088112115859985e-01
-2.957258839160203934e-03
2.649704217910766602e-01
-3.678405284881591797e-01
-7.446555048227310181e-02
-2.897370457649230957e-01
1.279122114181518555e+00
3.694679588079452515e-02
-3.711608648300170898e-01
-3.875543773174285889e-01
-3.581066131591796875e-01
-4.744319021701812744e-01
3.741093873977661133e-01
8.407591842114925385e-03
-2.307289242744445801e-01
5.341140031814575195e-01
-1.155503839254379272e-01
-3.041509389877319336e-01
-8.689709752798080444e-02
3.808292746543884277e-01
-1.543727070093154907e-01
2.878228724002838135e-01
-1.217725221067667007e-02
4.474768638610839844e-01
2.442329749464988708e-02
1.774876266717910767e-01
-1.052931547164916992e+00
-5.590867996215820312e-02
4.187180399894714355e-01
5.166060328483581543e-01
1.959361694753170013e-02
3.646489679813385010e-01
-1.206061542034149170e-01
1.804957389831542969e-01
1.266334801912307739e-01
-3.316769897937774658e-01
5.289261937141418457e-01
3.810692131519317627e-01
7.279669046401977539e-01
3.378576338291168213e-01
5.895380973815917969e-01
-5.962337553501129150e-02
-2.634902000427246094e-01
-5.087587237358093262e-01
-3.102219896391034126e-03
3.026356101036071777e-01
3.583187758922576904e-01
6.206379532814025879e-01
1.935902833938598633e-01
-1.388396024703979492e-01
-1.271150261163711548e-01
-3.727315664291381836e-01
3.355104923248291016e-01
6.690911948680877686e-02
-2.990736067295074463e-01
3.200404047966003418e-01
-3.853374719619750977e-01
-1.118414327502250671e-01
1.820446848869323730e-01
-5.222669839859008789e-01
-2.203279286623001099e-01
2.062352299690246582e-01
1.904360502958297729e-01
2.471249699592590332e-01
7.737050950527191162e-02
1.885603517293930054e-01
5.030902028083801270e-01
-1.216503381729125977e-01
5.092698708176612854e-02
-3.426840603351593018e-01
-1.397558450698852539e-01
3.456265926361083984e-01
9.330524504184722900e-02
-1.834431141614913940e-01
-3.376870751380920410e-01
-2.078731954097747803e-01
-2.443912923336029053e-01
-2.006033509969711304e-01
1.913755685091018677e-01
-8.095340728759765625e-01
-6.558262705802917480e-01
5.406406521797180176e-01
-3.902303874492645264e-01
5.474337339401245117e-01
-2.568687498569488525e-01
5.599974989891052246e-01
-4.712927639484405518e-01
1.652610301971435547e-02
-1.232388690114021301e-01
3.395332992076873779e-01
2.596517205238342285e-01
6.197837591171264648e-01
4.972814396023750305e-02
-2.764032185077667236e-01
-8.598977327346801758e-01
-1.579294949769973755e-01
9.296338260173797607e-02
1.097201704978942871e-01
-3.946251794695854187e-02
4.213495552539825439e-01
-4.416923224925994873e-01
-2.452267110347747803e-01
-2.783688008785247803e-01
7.706259191036224365e-02
-7.284119725227355957e-02
-9.036739915609359741e-02
-7.269048690795898438e-01
3.004227578639984131e-01
3.339218199253082275e-01
5.331135392189025879e-01
4.111633449792861938e-02
3.463309109210968018e-01
3.047581911087036133e-01
3.000014126300811768e-01
-9.584228694438934326e-02
-2.346394956111907959e-02
1.703803688287734985e-01
3.532116711139678955e-01
4.298906326293945312e-01
-3.386083543300628662e-01
-5.918967723846435547e-01
-5.528679490089416504e-02
-1.218808963894844055e-01
3.507601469755172729e-02
-1.689931303262710571e-01
-5.480353236198425293e-01
6.093965172767639160e-01
6.395565811544656754e-03
-3.101206198334693909e-02
-2.329831570386886597e-01
-2.544851601123809814e-01
-1.078054681420326233e-01
2.833288311958312988e-01
2.669285237789154053e-01
-8.026898503303527832e-01
1.929796189069747925e-01
-3.113516271114349365e-01
1.448961813002824783e-02
-1.943318098783493042e-01
-5.233135819435119629e-01
2.715083956718444824e-01
2.094670236110687256e-01
1.666140407323837280e-01
-3.913743197917938232e-01
2.143841981887817383e-01
4.330480098724365234e-02
6.817035079002380371e-01
-2.971163094043731689e-01
-5.921065807342529297e-01
-1.171258926391601562e+00
3.243239521980285645e-01
-4.016770422458648682e-01
-8.070457726716995239e-02
-6.862465739250183105e-01
8.637285977602005005e-02
-1.472973972558975220e-01
3.627962768077850342e-01
7.532232999801635742e-02
-2.224858403205871582e-01
2.037537693977355957e-01
-3.867325484752655029e-01
1.957425177097320557e-01
-4.132346212863922119e-01
-7.571539841592311859e-03
-4.683774113655090332e-01
2.631967663764953613e-01
3.051983751356601715e-02
2.629588842391967773e-01
-1.442403346300125122e-01
-7.082028687000274658e-02
-2.862527668476104736e-01
1.775284409523010254e-01
1.376330256462097168e-01
8.863496035337448120e-02
-4.364065229892730713e-01
1.736310124397277832e-01
2.687076926231384277e-01
-1.489823870360851288e-02
-8.232101202011108398e-01
6.256289482116699219e-01
3.953675627708435059e-01
-1.402926146984100342e-01
1.079589501023292542e-01
-4.311836957931518555e-01
9.064004570245742798e-02
-3.619672954082489014e-01
-2.190030813217163086e-01
1.920138746500015259e-01
-5.663956329226493835e-02
6.588109582662582397e-02
-4.826119542121887207e-02
-3.419227302074432373e-01
-2.036853134632110596e-01
1.167623177170753479e-01
-1.309190392494201660e-01
-7.736138254404067993e-02
-2.535847425460815430e-01
-1.138244792819023132e-01
2.377066761255264282e-01
4.878592789173126221e-01
1.634040176868438721e-01
-2.469127923250198364e-01
-6.610373500734567642e-03
2.270761579275131226e-01
-1.433241367340087891e-01
2.737869620323181152e-01
-2.129364311695098877e-01
4.632928073406219482e-01
-1.320956349372863770e-01
1.072902753949165344e-01
6.627896428108215332e-02
-1.836036518216133118e-02
-3.319366574287414551e-01
2.709199488162994385e-01
-2.703084647655487061e-01
-1.236948650330305099e-02
-6.626965999603271484e-01
1.683973670005798340e-01
-1.578004062175750732e-01
-6.436126828193664551e-01
4.292164742946624756e-01
-2.468973845243453979e-01
-8.972929120063781738e-01
1.522701084613800049e-01
-5.177013278007507324e-01
1.043648421764373779e-01
-2.360548079013824463e-02
1.442416310310363770e-01
4.007084667682647705e-01
2.525747716426849365e-01
5.488391518592834473e-01
4.148186743259429932e-01
4.305176138877868652e-01
-3.332402408123016357e-01
1.746254414319992065e-01
-3.788099586963653564e-01
-1.131068565882742405e-04
4.092937111854553223e-01
-5.445675179362297058e-02
6.323398351669311523e-01
2.837583720684051514e-01
-4.836100339889526367e-01
-3.188506960868835449e-01
1.124738901853561401e-01
4.053758084774017334e-02
3.654746711254119873e-01
8.880235999822616577e-02
-2.231593281030654907e-01
1.028787717223167419e-01
1.319494098424911499e-01
2.854920923709869385e-01
1.929073631763458252e-01
-5.040970444679260254e-02
-2.058324068784713745e-01
4.197977110743522644e-02
1.229734644293785095e-01
8.700723201036453247e-02
4.604186862707138062e-02
1.256696730852127075e-01
-1.068909019231796265e-01
1.001887768507003784e-01
1.145617365837097168e-01
1.280141621828079224e-01
-2.268074750900268555e-01
-3.715379908680915833e-02
2.376307733356952667e-02
5.187937021255493164e-01
-5.948035717010498047e-01
2.179893702268600464e-01
8.944646269083023071e-02
-4.468022882938385010e-01
-1.777235120534896851e-01
2.745649814605712891e-01
3.259346485137939453e-01
1.195993646979331970e-01
-1.421569436788558960e-01
2.518004477024078369e-01
-5.396092534065246582e-01
-2.122007459402084351e-01
-3.029646873474121094e-01
-1.585961580276489258e-01
3.445901870727539062e-01
4.888725578784942627e-01
-2.226350456476211548e-01
2.759691774845123291e-01
-2.649011909961700439e-01
2.588949203491210938e-01
-2.548294961452484131e-01
1.182656362652778625e-01
-1.180607378482818604e-01
-1.291966438293457031e+00
-2.698767185211181641e-01
2.852981984615325928e-01
3.470508009195327759e-02
2.427933365106582642e-01
2.001564949750900269e-01
5.142520070075988770e-01
2.357220947742462158e-01
2.854611575603485107e-01
5.903385281562805176e-01
-5.358567833900451660e-02
-3.936623036861419678e-01
6.922262310981750488e-01
3.644155263900756836e-01
1.141778230667114258e-01
1.843042075634002686e-01
-5.995970368385314941e-01
7.658908367156982422e-01
1.549646556377410889e-01
2.776818163692951202e-02
6.618278473615646362e-02
2.770370543003082275e-01
-3.842037916183471680e-01
-1.465032994747161865e-01
-4.491723477840423584e-01
4.863144829869270325e-02
2.537352144718170166e-01
-1.732624322175979614e-01
-5.653211101889610291e-02
1.975702643394470215e-01
1.716279834508895874e-01
2.473499476909637451e-01
8.289442658424377441e-01
-2.589136064052581787e-01
4.407766163349151611e-01
-2.521559894084930420e-01
2.573830485343933105e-01
3.361928462982177734e-02
2.009063065052032471e-01
4.098988473415374756e-01
-1.215851027518510818e-02
-9.417330473661422729e-02
2.550572156906127930e-01
1.546103227883577347e-02
-1.102006062865257263e-01
-4.896993637084960938e-01
-7.874444127082824707e-01
9.599664807319641113e-02
-2.247721701860427856e-01
-6.189804673194885254e-01
1.146189495921134949e-01
-8.110257983207702637e-02
-8.892817497253417969e-01
2.475205510854721069e-01
-8.476604223251342773e-01
4.039754858240485191e-04
4.921513143926858902e-03
1.004441305994987488e-01
2.288044095039367676e-01
5.823663994669914246e-02
-4.209596663713455200e-02
1.950158475665375590e-04
-2.188032716512680054e-01
4.507893323898315430e-02
7.175303250551223755e-02
5.982114672660827637e-01
2.903966903686523438e-01
6.217762231826782227e-01
-7.441662251949310303e-02
-2.431314289569854736e-01
5.530856251716613770e-01
2.419755458831787109e-01
-2.818421833217144012e-02
-4.783022105693817139e-01
2.623322904109954834e-01
-9.540349990129470825e-02
-6.366468220949172974e-02
-6.534643769264221191e-01
-1.452260911464691162e-01
4.888706207275390625e-01
-1.595145612955093384e-01
-3.288674652576446533e-01
1.073387935757637024e-01
2.320497930049896240e-01
-2.494176477193832397e-01
1.423505395650863647e-01
-6.120660901069641113e-01
6.157505512237548828e-01
1.111449077725410461e-01
-4.258986562490463257e-02
1.941836625337600708e-01
-3.152293562889099121e-01
-8.321484178304672241e-02
7.116953283548355103e-02
-4.183332026004791260e-01
2.547482550144195557e-01
1.899778991937637329e-01
4.273306131362915039e-01
-4.577756524085998535e-01
2.364648282527923584e-01
4.984993338584899902e-01
-1.701519936323165894e-01
-2.676432430744171143e-01
3.220566734671592712e-02
-2.607116103172302246e-01
-5.337469577789306641e-01
-1.059796810150146484e-01
2.402315586805343628e-01
1.979617923498153687e-01
1.808277517557144165e-01
5.894518494606018066e-01
-1.472933590412139893e-01
-8.319293856620788574e-01
3.098187036812305450e-02
-2.527031302452087402e-01
3.280875980854034424e-01
9.946430101990699768e-03
9.863788634538650513e-02
-2.232287079095840454e-01
-5.836377292871475220e-02
9.247056245803833008e-01
9.476695954799652100e-02
-3.215636014938354492e-01
-2.035749703645706177e-01
-1.266424264758825302e-02
1.152393668889999390e-01
1.104685962200164795e-01
-7.828082442283630371e-01
-3.566793799400329590e-01
3.140031099319458008e-01
-4.987167418003082275e-01
1.270907819271087646e-01
1.062207579612731934e+00
1.259254932403564453e+00
4.459058046340942383e-01
-4.832859709858894348e-02
-2.829192280769348145e-01
1.423273682594299316e+00
1.414140909910202026e-01
-1.395333558320999146e-01
5.614050030708312988e-01
6.821064949035644531e-01
-3.059065043926239014e-01
-4.712841808795928955e-01
-2.226771600544452667e-02
-2.321564257144927979e-01
4.361401200294494629e-01
-2.780061066150665283e-01
2.515513598918914795e-01
-3.434936702251434326e-01
-5.675042271614074707e-01
2.866458147764205933e-03
1.231060475111007690e-01
-6.137012243270874023e-01
4.251540303230285645e-01
1.148493122309446335e-02
3.069238364696502686e-01
-3.037784993648529053e-01
-2.433114498853683472e-01
-3.752677440643310547e-01
-9.587368369102478027e-01
-4.957228600978851318e-01
2.363958954811096191e-01
4.819612503051757812e-01
-1.379593610763549805e-01
9.309003353118896484e-01
-2.559389770030975342e-01
1.942583471536636353e-01
5.700658559799194336e-01
3.120851330459117889e-02
6.926477551460266113e-01
-4.202395975589752197e-01
2.175011783838272095e-01
1.499556154012680054e-01
-1.930134445428848267e-01
8.865164220333099365e-02
-2.878435254096984863e-01
2.006185799837112427e-01
1.501373201608657837e-01
5.189382433891296387e-01
8.324499130249023438e-01
3.649512305855751038e-02
-4.835662245750427246e-02
-2.398132234811782837e-01
-3.362543582916259766e-01
-9.298002719879150391e-01
-3.990746438503265381e-01
2.531509697437286377e-01
2.341471314430236816e-01
-4.848661124706268311e-01
7.637953758239746094e-02
1.498730182647705078e-01
-4.302892982959747314e-01
-7.655459642410278320e-02
-3.677932620048522949e-01
-1.675983071327209473e-01
5.320013165473937988e-01
-4.534244239330291748e-01
2.490645796060562134e-01
3.018818199634552002e-01
-6.632105261087417603e-02
-2.768286168575286865e-01
2.190154045820236206e-01
4.830985069274902344e-01
-5.393502488732337952e-02
-4.122917950153350830e-01
-4.102973937988281250e-01
1.193643212318420410e-01
-4.201203957200050354e-02
9.002652764320373535e-02
-4.210160076618194580e-01
3.088774383068084717e-01
2.196232378482818604e-01
3.955130577087402344e-01
1.449131816625595093e-01
4.593317583203315735e-02
-2.595130726695060730e-02
6.321800947189331055e-01
-1.284167636185884476e-02
-4.830495417118072510e-01
3.022879362106323242e-01
4.299948215484619141e-01
4.973651468753814697e-02
-5.377355217933654785e-01
-1.047749817371368408e-01
2.058925479650497437e-01
-6.065183132886886597e-02
7.440662384033203125e-01
5.906332731246948242e-01
1.774205118417739868e-01
4.065456092357635498e-01
-7.649559974670410156e-01
-5.559563040733337402e-01
1.822163537144660950e-02
-3.001680970191955566e-01
2.363903224468231201e-01
7.667425274848937988e-02
5.860123410820960999e-02
-3.015343248844146729e-01
3.083851337432861328e-01
5.229618549346923828e-01
-3.637950867414474487e-02
-2.170632332563400269e-01
5.746832862496376038e-02
-1.296045929193496704e-01
-3.296969234943389893e-01
1.216115131974220276e-01
-4.581382274627685547e-01
9.735565632581710815e-02
1.194015026092529297e+00
3.518539369106292725e-01
-2.580828964710235596e-01
3.452043235301971436e-01
3.552604019641876221e-01
-7.014190405607223511e-02
-9.046322107315063477e-02
-4.503338038921356201e-02
3.017382621765136719e-01
1.993999034166336060e-01
3.505780398845672607e-01
5.727841854095458984e-01
-3.661915957927703857e-01
-3.585194051265716553e-01
1.342385411262512207e-01
-2.558801770210266113e-01
-1.042887091636657715e+00
3.067640066146850586e-01
-5.934327244758605957e-01
-4.038667082786560059e-01
-1.417856067419052124e-01
-6.417973041534423828e-01
2.111074924468994141e-01
4.756417274475097656e-01
2.214474081993103027e-01
2.500194013118743896e-01
-4.712128937244415283e-01
1.639322787523269653e-01
-2.108967676758766174e-02
6.548150628805160522e-02
-8.018881082534790039e-01
-2.301273792982101440e-01
2.022686898708343506e-01
2.685167491436004639e-01
7.130265980958938599e-02
3.015174269676208496e-01
1.114569664001464844e+00
-1.180616859346628189e-02
-4.468279425054788589e-03
-1.028584539890289307e-01
-3.091869950294494629e-01
2.445259839296340942e-01
-1.486566066741943359e-01
5.032922029495239258e-01
1.960766315460205078e-01
-2.219002693891525269e-01
1.353296488523483276e-01
-2.900985181331634521e-01
1.204417347908020020e-01
1.762040555477142334e-01
1.436129659414291382e-01
1.169028952717781067e-01
1.755411922931671143e-01
-5.401585698127746582e-01
-3.516649305820465088e-01
3.742561861872673035e-02
-6.583892554044723511e-02
-8.934102058410644531e-01
5.114612579345703125e-01
2.633554041385650635e-01
-4.334603250026702881e-01
4.634749293327331543e-01
-1.324723064899444580e-01
-6.120309233665466309e-01
3.384701311588287354e-01
-9.111092686653137207e-01
1.445538401603698730e-01
2.861604690551757812e-01
2.244497090578079224e-01
-4.731210470199584961e-01
2.015458047389984131e-01
7.962357997894287109e-02
-1.326595433056354523e-03
-2.878821827471256256e-02
2.402638047933578491e-01
2.624123357236385345e-02
-7.447397112846374512e-01
-1.249042004346847534e-01
7.790541648864746094e-02
-2.153304666280746460e-01
-7.578089833259582520e-02
4.255347549915313721e-01
1.127644851803779602e-01
-1.719473302364349365e-02
1.536525040864944458e-01
-1.391791738569736481e-02
3.317011892795562744e-01
-8.561427891254425049e-02
-2.792102694511413574e-01
1.055757775902748108e-01
-1.027449443936347961e-01
1.343690752983093262e-01
3.909809887409210205e-01
2.001180648803710938e-01
-2.828264981508255005e-02
3.254415094852447510e-01
-2.186017632484436035e-01
-5.881316065788269043e-01
-1.829417943954467773e-01
-1.947081834077835083e-01
3.674899637699127197e-01
1.272819489240646362e-01
6.651204079389572144e-02
-4.542781114578247070e-01
-1.793324649333953857e-01
-5.498411133885383606e-02
-2.845802903175354004e-01
1.877209916710853577e-02
-6.920560598373413086e-01
-8.539662361145019531e-01
-1.543776094913482666e-01
2.473162859678268433e-01
-3.591811954975128174e-01
6.875520348548889160e-01
2.848201990127563477e-01
1.067444216459989548e-02
3.870798945426940918e-01
-3.230209276080131531e-02
2.550166249275207520e-01
-6.130724549293518066e-01
-2.647255063056945801e-01
3.382180631160736084e-01
1.328745484352111816e-01
-3.602698445320129395e-01
5.891831219196319580e-02
-7.879064232110977173e-02
2.550851404666900635e-01
2.488116621971130371e-01
-5.984821319580078125e-01
-1.264546513557434082e-01
-2.855964004993438721e-01
5.286995172500610352e-01
-9.476598352193832397e-03
6.829856634140014648e-01
-1.630261242389678955e-01
-1.157593652606010437e-01
4.155854582786560059e-01
3.137257099151611328e-01
-6.298918724060058594e-01
-3.732856214046478271e-01
6.103611588478088379e-01
-1.955570876598358154e-01
-8.129736185073852539e-01
7.369732111692428589e-02
5.282733440399169922e-01
3.181563317775726318e-01
-1.284306943416595459e-01
-4.167582392692565918e-01
1.123559325933456421e-01
-2.545467913150787354e-01
1.807745695114135742e-01
3.273914456367492676e-01
-3.338504135608673096e-01
-1.039730072021484375e+00
7.636483311653137207e-01
4.586469233036041260e-01
3.166547715663909912e-01
5.356754362583160400e-02
2.007839232683181763e-01
3.049080371856689453e-01
-2.275059372186660767e-01
-9.319906681776046753e-02
-6.258512139320373535e-01
-1.937252730131149292e-01
-5.874061211943626404e-02
4.050695896148681641e-01
4.081592857837677002e-01
-7.604183554649353027e-01
-1.403675079345703125e-01
-4.438553154468536377e-01
4.599661231040954590e-01
-8.783324956893920898e-01
4.502133727073669434e-01
-3.245736062526702881e-01
-4.367040097713470459e-01
-3.644766211509704590e-01
9.774872660636901855e-02
4.859211146831512451e-01
1.642472296953201294e-01
-2.154314368963241577e-01
-2.867871522903442383e-01
-1.291761398315429688e-01
-2.986354827880859375e-01
7.182281613349914551e-01
5.887372791767120361e-02
-2.027856409549713135e-01
1.948612332344055176e-01
6.642471253871917725e-02
8.789772391319274902e-01
-2.444749027490615845e-01
-3.390361368656158447e-01
-3.383489847183227539e-01
6.717537343502044678e-02
2.593053281307220459e-01
5.516961589455604553e-02
1.652540862560272217e-01
-6.887551546096801758e-01
3.326610749354586005e-05
1.507113128900527954e-01
-4.561956524848937988e-01
-1.877936720848083496e-01
5.764345526695251465e-01
-1.894541271030902863e-02
-3.842178881168365479e-01
-1.833648979663848877e-01
1.917194724082946777e-01
6.485005617141723633e-01
3.427547588944435120e-02
-3.382308483123779297e-01
5.262275412678718567e-02
-5.929422378540039062e-01
-8.704502880573272705e-02
1.274110525846481323e-01
4.570875763893127441e-01
-2.348753623664379120e-03
-1.051876246929168701e-01
-6.182464361190795898e-01
2.822697758674621582e-01
7.315105944871902466e-02
1.011842608451843262e+00
-1.110472008585929871e-01
-3.923120200634002686e-01
2.264440357685089111e-01
-6.776528805494308472e-02
7.690329551696777344e-01
-2.809349000453948975e-01
-1.016310900449752808e-01
-4.123024344444274902e-01
2.212053686380386353e-01
1.798211187124252319e-01
2.696908116340637207e-01
-8.527714610099792480e-01
1.744321137666702271e-01
-6.126660853624343872e-03
-2.849787175655364990e-01
1.350708901882171631e-01
-4.442970752716064453e-01
1.050790399312973022e-01
-3.973506689071655273e-01
7.294600829482078552e-03
5.716577172279357910e-01
-5.584379434585571289e-01
-3.817713558673858643e-01
-5.727872624993324280e-02
-3.087101280689239502e-01
-3.530793488025665283e-01
-5.825966596603393555e-01
5.387428402900695801e-02
-1.831212490797042847e-01
1.558631211519241333e-01
-3.731119036674499512e-01
6.968891024589538574e-01
-4.573742747306823730e-01
-2.557696104049682617e-01
2.480678707361221313e-01
-8.199065178632736206e-02
8.162780106067657471e-02
-1.237206012010574341e-01
2.701191604137420654e-01
8.242068886756896973e-01
-3.041240572929382324e-01
-9.514869004487991333e-02
-2.166821658611297607e-01
1.663573235273361206e-01
2.789864540100097656e-01
-1.756783425807952881e-01
2.000409066677093506e-01
-3.408969342708587646e-01
4.256630241870880127e-01
7.032195478677749634e-02
5.783259868621826172e-01
-2.374016940593719482e-01
2.057373821735382080e-01
8.931274712085723877e-02
-8.195301145315170288e-02
-2.098031491041183472e-01
-7.687631845474243164e-01
-1.078060939908027649e-01
-2.617904543876647949e-01
-6.023306399583816528e-02
1.573173329234123230e-02
-5.967021360993385315e-02
-7.631912827491760254e-01
-1.341529339551925659e-01
3.660617768764495850e-02
8.807650953531265259e-02
1.470711231231689453e-01
-1.358414292335510254e-01
1.211736798286437988e-01
-9.831994175910949707e-01
-3.027838887646794319e-03
4.889562427997589111e-01
-2.261909693479537964e-01
-4.607971012592315674e-02
2.863418459892272949e-01
-8.829048275947570801e-02
-4.655993282794952393e-01
-7.076404094696044922e-01
-1.623921990394592285e-01
-5.447701215744018555e-01
1.131294816732406616e-01
1.302909404039382935e-01
1.981494128704071045e-01
-4.873535633087158203e-01
4.293423891067504883e-02
2.366754710674285889e-01
-2.181237488985061646e-01
3.121494352817535400e-01
-2.388053685426712036e-01
-3.427278697490692139e-01
-1.973903030157089233e-01
3.280573487281799316e-01
-1.536430120468139648e-01
-2.227139025926589966e-01
1.887429654598236084e-01
3.055951893329620361e-01
4.580944478511810303e-01
4.689670503139495850e-01
2.480344921350479126e-01
-4.310920536518096924e-01
-6.240496635437011719e-01
7.340758293867111206e-02
-3.063912689685821533e-01
4.386331737041473389e-01
-6.729811895638704300e-03
2.580206142738461494e-03
5.998366475105285645e-01
1.681341528892517090e-01
-1.484830677509307861e-01
-4.586877822875976562e-01
-4.944119155406951904e-01
1.033982038497924805e-01
1.937799155712127686e-01
2.841252461075782776e-02
3.353999853134155273e-01
2.018265575170516968e-01
-6.038656830787658691e-01
-1.840127557516098022e-01
-4.008607268333435059e-01
-4.150909185409545898e-01
8.085461854934692383e-01
-6.328284740447998047e-01
9.855392388999462128e-03
-1.317179650068283081e-01
-6.915021538734436035e-01
-1.010752692818641663e-01
-7.975431680679321289e-01
2.577238082885742188e-01
9.441125206649303436e-03
7.357774972915649414e-01
-5.116329789161682129e-01
3.605903983116149902e-01
-1.240029484033584595e-01
-1.376886218786239624e-01
1.443826407194137573e-01
2.300878241658210754e-02
1.195376515388488770e-01
3.713183701038360596e-01
5.603219941258430481e-02
1.453821361064910889e-01
-1.865978240966796875e-01
-2.516871094703674316e-01
1.739986091852188110e-01
1.593429744243621826e-01
-2.399663180112838745e-01
1.365141868591308594e-01
-7.782914489507675171e-02
1.375472396612167358e-01
9.891663789749145508e-01
5.226363539695739746e-01
3.219846785068511963e-01
-1.744028478860855103e-01
2.358396202325820923e-01
-3.540595173835754395e-01
-1.011163815855979919e-01
3.621075302362442017e-02
-1.949835568666458130e-01
1.114984974265098572e-01
3.459934890270233154e-01
3.468831777572631836e-01
-2.647471725940704346e-01
5.839781165122985840e-01
-4.497715830802917480e-01
5.036177039146423340e-01
7.143390178680419922e-01
5.460367724299430847e-02
2.398474365472793579e-01
2.016614973545074463e-01
-3.331530690193176270e-01
9.125459194183349609e-01
6.648743748664855957e-01
-6.594774127006530762e-01
2.147794067859649658e-01
2.621628046035766602e-01
1.913458853960037231e-01
-7.789765298366546631e-02
-2.405729331076145172e-02
2.544822096824645996e-01
1.421758532524108887e-01
3.734068274497985840e-01
4.477610439062118530e-02
-1.968955397605895996e-01
-1.541852802038192749e-01
1.484238505363464355e-01
-1.022885460406541824e-02
2.031943947076797485e-01
2.146787494421005249e-01
-2.321574985980987549e-01
1.626959443092346191e-01
4.231009781360626221e-01
3.444856107234954834e-01
-7.943283915519714355e-01
3.302798867225646973e-01
-3.598133325576782227e-01
1.807253621518611908e-02
-3.019993901252746582e-01
-2.053343057632446289e-01
-4.563232660293579102e-01
6.669852137565612793e-02
3.480120897293090820e-01
3.545990586280822754e-01
-2.771967351436614990e-01
8.161640167236328125e-02
-6.855016108602285385e-03
-7.832545042037963867e-02
-1.590366065502166748e-01
-8.250745385885238647e-02
-3.115141689777374268e-01
-4.588316679000854492e-01
-2.283079922199249268e-01
-7.059179246425628662e-02
-1.620802655816078186e-02
-1.736304014921188354e-01
3.389340937137603760e-01
-6.552590057253837585e-03
-1.147205680608749390e-01
3.068783581256866455e-01
-3.122131824493408203e-01
6.256501674652099609e-01
6.457419991493225098e-01
-1.632429659366607666e-01
-1.824132949113845825e-01
-8.895008265972137451e-02
4.218314588069915771e-01
-3.619620800018310547e-01
-2.598597481846809387e-02
5.898889303207397461e-01
1.776630878448486328e-01
-6.588570475578308105e-01
-4.018470644950866699e-01
-5.959230940788984299e-03
-1.028160974383354187e-01
9.647316485643386841e-02
6.580216288566589355e-01
-1.280182972550392151e-02
-8.089997619390487671e-02
-2.841126918792724609e-01
-5.672271847724914551e-01
3.828201070427894592e-02
3.460168838500976562e-02
2.353765666484832764e-01
-2.748297452926635742e-01
4.434584677219390869e-01
-2.459108978509902954e-01
5.261105950921773911e-03
-7.800236344337463379e-02
-5.203113332390785217e-02
-1.950484961271286011e-01
3.772314786911010742e-01
-1.079968065023422241e-01
-7.194783687591552734e-01
-2.143722474575042725e-01
-1.935929358005523682e-01
4.537320435047149658e-01
4.698752611875534058e-02
-6.614898890256881714e-02
-5.644058585166931152e-01
-7.537010908126831055e-01
-1.322618722915649414e-01
4.508206546306610107e-01
4.741876851767301559e-03
-3.949464559555053711e-01
2.346193492412567139e-01
-1.244195699691772461e-01
2.746230065822601318e-01
-2.547779977321624756e-01
1.697392463684082031e-01
-1.809422224760055542e-01
-5.565803647041320801e-01
-4.258058965206146240e-01
1.244979500770568848e-01
-6.320384740829467773e-01
-3.217283785343170166e-01
3.275892138481140137e-01
3.930869400501251221e-01
-2.216477133333683014e-02
4.852372705936431885e-01
2.221571654081344604e-01
4.958072602748870850e-01
-1.831456869840621948e-01
-3.013872802257537842e-01
2.742487192153930664e-01
5.423233509063720703e-01
-1.636507809162139893e-01
-4.874278903007507324e-01
-5.851159244775772095e-02
-5.118167400360107422e-01
4.343541711568832397e-02
2.464288175106048584e-01
-5.270841717720031738e-01
-2.681542336940765381e-01
4.658478200435638428e-01
-2.111614048480987549e-01
8.359822630882263184e-02
-2.715781629085540771e-01
2.493708133697509766e-01
-2.363033890724182129e-01
2.696660757064819336e-01
1.205722764134407043e-01
-6.301895976066589355e-01
2.300265729427337646e-01
-4.219415783882141113e-01
-3.528930544853210449e-01
7.788142561912536621e-02
5.527227520942687988e-01
3.507345542311668396e-02
3.120319545269012451e-01
1.659801006317138672e-01
4.211015701293945312e-01
5.249694585800170898e-01
-2.012401819229125977e-01
-2.940914630889892578e-01
-5.500796437263488770e-01
-1.223182957619428635e-02
1.521918922662734985e-01
8.045526742935180664e-01
3.316860496997833252e-01
2.452209144830703735e-01
-2.723466157913208008e-01
-2.953885495662689209e-01
1.474457979202270508e-01
-1.057983562350273132e-02
-1.705587655305862427e-01
5.277927592396736145e-02
1.581131853163242340e-02
-5.565056577324867249e-02
2.232972085475921631e-01
1.580969989299774170e-01
-5.128830298781394958e-02
-1.031773611903190613e-01
1.227602139115333557e-01
8.938711136579513550e-02
4.133793339133262634e-02
-7.926483452320098877e-02
-3.280136585235595703e-01
1.685616225004196167e-01
-1.432088315486907959e-01
1.322756558656692505e-01
-8.609384894371032715e-01
6.463401019573211670e-02
9.356531500816345215e-01
-3.025225698947906494e-01
-4.620534777641296387e-01
8.510425686836242676e-01
4.500655829906463623e-01
2.331069409847259521e-01
-3.654387965798377991e-02
-9.981879591941833496e-02
-3.913417160511016846e-01
3.703325688838958740e-01
1.660278588533401489e-01
-3.021590411663055420e-01
8.797814249992370605e-01
-3.554427623748779297e-02
-9.021233022212982178e-02
-1.758894324302673340e-01
3.846008181571960449e-01
6.561088562011718750e-01
2.425081431865692139e-01
3.274472802877426147e-02
-3.816220164299011230e-01
-4.053086638450622559e-01
2.289672493934631348e-01
-3.959365189075469971e-01
1.353818085044622421e-02
-2.580637335777282715e-01
-1.531069539487361908e-02
1.616581082344055176e-01
-3.684338033199310303e-01
-4.161332733929157257e-03
-6.978694796562194824e-01
2.749792635440826416e-01
-6.986303925514221191e-01
5.772426724433898926e-02
-2.381832003593444824e-01
-1.398018002510070801e-01
3.216578364372253418e-01
-3.490742146968841553e-01
-1.452024281024932861e-01
3.047325611114501953e-01
-1.420276463031768799e-01
1.273336708545684814e-01
1.873733103275299072e-01
-7.270631939172744751e-02
-1.541986465454101562e-01
4.224471151828765869e-01
-5.758038163185119629e-01
-3.896173788234591484e-03
-8.082139492034912109e-02
-3.191418647766113281e-01
4.383353590965270996e-01
4.116293508559465408e-03
9.603135287761688232e-02
-1.567657738924026489e-01
1.886261850595474243e-01
-5.650246143341064453e-01
-6.618316769599914551e-01
7.099002599716186523e-02
2.003956437110900879e-01
-4.235527664422988892e-02
-8.949983119964599609e-01
2.618576884269714355e-01
4.499295949935913086e-01
-1.006888270378112793e+00
-4.346488118171691895e-01
-3.352902233600616455e-01
1.734340190887451172e-01
6.672706604003906250e-01
8.670763671398162842e-02
-2.353849261999130249e-01
-1.271025389432907104e-01
8.966473489999771118e-02
-5.651397109031677246e-01
-9.101446717977523804e-02
6.700044870376586914e-02
1.460966467857360840e-01
-3.276636004447937012e-01
6.497654914855957031e-01
2.383511066436767578e-01
-2.613508701324462891e-01
-8.660011887550354004e-01
-4.256419464945793152e-02
5.179358273744583130e-02
-3.170327842235565186e-01
-9.089340269565582275e-02
-1.504642069339752197e-01
-1.334465295076370239e-01
6.821195781230926514e-02
-1.613576114177703857e-01
-2.289487123489379883e-01
-3.287391662597656250e-01
-7.579903304576873779e-02
-3.702237904071807861e-01
3.553715348243713379e-01
1.198117434978485107e-02
3.615021407604217529e-01
1.655101329088211060e-01
-7.352768629789352417e-02
-3.722659647464752197e-01
1.632899194955825806e-01
-7.263195514678955078e-02
5.075909197330474854e-02
-8.885613828897476196e-02
-3.256519138813018799e-01
-2.053262144327163696e-01
-4.636023938655853271e-01
-1.137867271900177002e-01
2.269458472728729248e-01
3.042115829885005951e-02
-1.313242465257644653e-01
3.881516158580780029e-01
6.881790608167648315e-02
1.506235748529434204e-01
-4.239233732223510742e-01
-5.479119420051574707e-01
-3.436990082263946533e-01
-3.807206153869628906e-01
1.051685586571693420e-01
-1.669976264238357544e-01
1.117909923195838928e-01
1.795626431703567505e-01
-4.897778034210205078e-01
-5.703805945813655853e-03
-6.629717350006103516e-02
3.399712443351745605e-01
-1.841958165168762207e-01
2.012093663215637207e-01
-2.969720065593719482e-01
-3.916839957237243652e-01
4.281868338584899902e-01
-6.744185811839997768e-04
-2.462362349033355713e-01
2.915307879447937012e-01
-1.555315256118774414e-01
-1.004358977079391479e-01
2.915544509887695312e-01
3.592573702335357666e-01
-1.429264713078737259e-02
-1.643668562173843384e-01
-4.114959016442298889e-02
-3.365816548466682434e-02
-2.275635004043579102e-01
-5.234434604644775391e-01
-2.130346894264221191e-01
3.698645234107971191e-01
-3.247248232364654541e-01
4.795392751693725586e-01
-8.094698786735534668e-01
1.512201577425003052e-01
2.060237377882003784e-01
-6.492626667022705078e-01
-2.147169262170791626e-01
3.149323165416717529e-01
-1.657100617885589600e-01
3.106262385845184326e-01
-6.408353447914123535e-01
-1.129823550581932068e-01
-3.147837817668914795e-01
-3.001153469085693359e-01
-1.399455666542053223e-01
4.373738765716552734e-01
8.942207098007202148e-01
-4.168302565813064575e-02
4.293054640293121338e-01
-1.582180559635162354e-01
3.691266775131225586e-01
-3.114043772220611572e-01
-4.510972499847412109e-01
2.560443580150604248e-01
-1.288634240627288818e-01
3.065705001354217529e-01
-1.558468937873840332e-01
2.337373346090316772e-01
2.875202298164367676e-01
6.039696931838989258e-01
1.065656304359436035e+00
-2.678606510162353516e-01
-1.709766685962677002e-01
3.707187250256538391e-02
1.605770736932754517e-01
-2.889501154422760010e-01
8.696796000003814697e-02
3.059961199760437012e-01
1.986356228590011597e-01
1.625900119543075562e-01
-2.215127646923065186e-02
3.042426407337188721e-01
-1.413898319005966187e-01
1.742847114801406860e-01
4.984536767005920410e-02
2.384945452213287354e-01
1.250842660665512085e-01
-2.556906044483184814e-01
-2.203296869993209839e-01
-1.406241953372955322e-01
2.354780137538909912e-01
-5.880524516105651855e-01
-8.626262098550796509e-02
-2.589427866041660309e-02
-1.073802635073661804e-01
-3.403499126434326172e-01
-5.597812533378601074e-01
-7.167705893516540527e-01
-8.266726136207580566e-02
7.895233035087585449e-01
-2.113170772790908813e-01
5.479440093040466309e-01
1.800130307674407959e-01
-1.883755624294281006e-01
6.984257102012634277e-01
-9.318299591541290283e-02
-5.998588204383850098e-01
3.435584902763366699e-02
-4.102203063666820526e-03
-4.211052134633064270e-02
-1.954443007707595825e-02
-1.747480779886245728e-01
-4.057146310806274414e-01
1.675377041101455688e-01
-1.010179612785577774e-02
3.795901536941528320e-01
1.246787235140800476e-02
2.964210510253906250e-01
8.716202527284622192e-02
8.162280917167663574e-02
-1.754705905914306641e-01
-2.347650229930877686e-01
1.231594830751419067e-01
-5.790330842137336731e-02
1.147499009966850281e-01
2.817604839801788330e-01
-1.917780041694641113e-01
-2.678582668304443359e-01
-4.228036403656005859e-01
-2.664671838283538818e-01
-4.129077494144439697e-01
-4.866085946559906006e-01
-6.433833837509155273e-01
-2.655596733093261719e-01
-2.288715541362762451e-01
7.081375122070312500e-01
-8.580812811851501465e-02
-1.954818665981292725e-01
1.825045347213745117e+00
-7.029070705175399780e-02
7.512880563735961914e-01
-1.322678625583648682e-01
-7.795558571815490723e-01
5.858994722366333008e-01
5.121291801333427429e-02
4.227489829063415527e-01
3.453746736049652100e-01
1.049106597900390625e+00
-2.313131541013717651e-01
5.381441712379455566e-01
-1.437463760375976562e-01
-6.164679676294326782e-02
-3.383354544639587402e-01
1.692321598529815674e-01
-1.095293089747428894e-01
-9.595613479614257812e-01
2.139340192079544067e-01
6.620429456233978271e-02
-7.902461886405944824e-01
-3.315400779247283936e-01
-1.597169339656829834e-01
2.659894526004791260e-02
3.309700191020965576e-01
6.706308126449584961e-01
-1.352834999561309814e-01
-2.179838120937347412e-01
1.279678642749786377e-01
-7.115042805671691895e-01
-1.818746328353881836e-01
-8.989943563938140869e-02
7.198069244623184204e-02
-5.585382580757141113e-01
-7.790745049715042114e-02
9.021460264921188354e-02
-5.223159193992614746e-01
1.427108645439147949e+00
-2.599267065525054932e-01
-5.823342874646186829e-02
2.885803282260894775e-01
2.578874528408050537e-01
-1.549654901027679443e-01
1.336048841476440430e-01
2.296008169651031494e-01
3.623022139072418213e-01
-1.263407021760940552e-01
-1.902155578136444092e-02
-1.980265676975250244e-01
1.043681576848030090e-01
2.630428411066532135e-02
6.071340441703796387e-01
-3.381430506706237793e-01
3.928124606609344482e-01
-3.528748154640197754e-01
-2.162372171878814697e-01
5.684410333633422852e-01
1.534588336944580078e-01
4.042799770832061768e-01
4.521979689598083496e-01
3.238111734390258789e-03
-3.517078459262847900e-01
1.087370216846466064e-01
-1.661348789930343628e-01
-3.496170938014984131e-01
-3.507688939571380615e-01
-4.226031005382537842e-01
2.872312068939208984e-01
2.672568261623382568e-01
3.023999035358428955e-01
4.893970862030982971e-02
-1.412000954151153564e-01
-6.511239409446716309e-01
-3.715414106845855713e-01
5.578817725181579590e-01
7.494373619556427002e-02
-2.488826774060726166e-02
2.700960934162139893e-01
-3.698635101318359375e-01
-2.972673773765563965e-01
-1.700579375028610229e-01
1.923910230398178101e-01
-2.109153866767883301e-01
1.939524561166763306e-01
5.485891103744506836e-01
-2.183871343731880188e-03
4.261461198329925537e-01
-4.787680208683013916e-01
-2.869777083396911621e-01
-5.071181058883666992e-01
3.908799961209297180e-02
-1.218741238117218018e-01
3.883366882801055908e-01
3.435963988304138184e-01
-6.366946697235107422e-01
-1.695197522640228271e-01
2.740529775619506836e-01
7.579836845397949219e-01
4.245326817035675049e-01
1.536691635847091675e-01
1.246188759803771973e+00
-3.161410093307495117e-01
4.595567286014556885e-01
-6.328304409980773926e-01
-8.249963521957397461e-01
-6.637884676456451416e-02
-2.221837341785430908e-01
4.017933607101440430e-01
2.082401365041732788e-01
8.195431828498840332e-01
-4.637380316853523254e-02
-2.726274728775024414e-01
-9.261150956153869629e-01
-3.905136883258819580e-01
-2.734298110008239746e-01
1.706302016973495483e-01
-3.699962496757507324e-01
-8.887866139411926270e-02
1.866579428315162659e-02
4.777507483959197998e-01
1.848893053829669952e-02
2.419556379318237305e-01
-1.362330019474029541e-01
-1.345765143632888794e-01
4.588916525244712830e-02
-6.716513633728027344e-02
-6.781771183013916016e-01
-1.219431832432746887e-01
2.322642803192138672e-01
3.163487315177917480e-01
8.139507472515106201e-02
4.934124946594238281e-01
-1.373612284660339355e-01
1.503337323665618896e-01
-5.888432264328002930e-01
1.348579078912734985e-01
-2.213800847530364990e-01
-3.438675999641418457e-01
3.449406325817108154e-01
1.972884982824325562e-01
-2.484711855649948120e-01
3.231000304222106934e-01
-3.053126484155654907e-02
9.406858123838901520e-03
-9.563414007425308228e-02
5.092837810516357422e-01
1.536417379975318909e-02
4.187760353088378906e-01
2.534537613391876221e-01
2.992438077926635742e-01
9.773940593004226685e-02
3.604931831359863281e-01
-4.163539111614227295e-01
4.168115258216857910e-01
-5.109950900077819824e-01
7.498939335346221924e-02
5.448997393250465393e-02
3.362592756748199463e-01
1.050637960433959961e-01
-2.376146465539932251e-01
2.056679874658584595e-01
2.183631509542465210e-01
-4.668616224080324173e-03
-9.346768260002136230e-02
-2.528209686279296875e-01
-2.816723100841045380e-02
-3.316871225833892822e-01
-2.447316795587539673e-02
-3.380631208419799805e-01
-5.560296028852462769e-02
-2.747275233268737793e-01
3.192490637302398682e-01
1.783770620822906494e-01
-2.653878629207611084e-01
-7.382130622863769531e-02
7.955841720104217529e-02
4.356062114238739014e-01
-1.532872207462787628e-02
7.325589656829833984e-02
-7.077189087867736816e-01
-1.443722695112228394e-01
-4.587000906467437744e-01
3.532356321811676025e-01
5.822149515151977539e-01
1.184354871511459351e-01
6.250758469104766846e-02
7.318574190139770508e-01
-2.930336818099021912e-02
-2.295130193233489990e-01
-5.772101879119873047e-01
1.832659393548965454e-01
1.419090330600738525e-01
-4.959692060947418213e-02
-1.037675663828849792e-01
-1.804320067167282104e-01
3.132128417491912842e-01
-5.009769797325134277e-01
