5.063672661781311035e-01
-5.948696658015251160e-02
-3.023193776607513428e-01
4.852630794048309326e-01
-4.342611432075500488e-01
1.130605101585388184e+00
-2.043141722679138184e-01
8.248009085655212402e-01
1.401862800121307373e-01
8.853030204772949219e-01
2.338526099920272827e-01
-1.128696501255035400e-01
3.410872220993041992e-01
4.882590770721435547e-01
-2.562483549118041992e-01
-5.330705046653747559e-01
1.490451861172914505e-02
1.229768514633178711e+00
7.902500629425048828e-01
5.428777337074279785e-01
-1.954196989536285400e-01
-2.297020331025123596e-02
-2.529383301734924316e-01
1.111970245838165283e-01
-3.270761966705322266e-01
-3.996032476425170898e-01
3.823500275611877441e-01
7.669124603271484375e-01
-5.342344641685485840e-01
-1.064959838986396790e-01
1.335846185684204102e-01
7.851790636777877808e-02
6.534489393234252930e-01
-9.142711758613586426e-01
-6.449090242385864258e-01
-2.454206943511962891e-01
8.732839226722717285e-01
-1.332535296678543091e-01
3.996050655841827393e-01
-5.249688625335693359e-01
9.861930608749389648e-01
-4.455648958683013916e-01
1.383949369192123413e-01
3.514466434717178345e-02
-8.213108181953430176e-01
6.406655311584472656e-01
-6.682001948356628418e-01
-2.168363928794860840e-01
-1.675574332475662231e-01
3.300336301326751709e-01
-1.072054982185363770e+00
-6.216551661491394043e-01
4.257057905197143555e-01
-8.774828910827636719e-02
1.091177940368652344e+00
1.065670371055603027e+00
5.605584941804409027e-03
-9.527621865272521973e-01
9.788774847984313965e-01
5.576484799385070801e-01
-5.980948209762573242e-01
4.419644773006439209e-01
1.944517493247985840e-01
1.247956529259681702e-01
9.962091594934463501e-02
-3.778441846370697021e-01
2.086957842111587524e-01
3.854748010635375977e-01
-3.814494907855987549e-01
-5.170819759368896484e-01
4.872262179851531982e-01
3.670330941677093506e-01
2.787178568542003632e-02
-3.737898170948028564e-01
-4.110391438007354736e-02
-3.162689507007598877e-01
-2.916656434535980225e-01
5.706800818443298340e-01
-1.073626637458801270e+00
-3.435275852680206299e-01
-3.304018974304199219e-01
2.247528284788131714e-01
3.494849056005477905e-02
5.368580818176269531e-01
1.024267315864562988e+00
-2.689519524574279785e-01
1.797047406435012817e-01
-3.545039296150207520e-01
6.860089898109436035e-01
3.995667099952697754e-01
2.458850592374801636e-01
-1.035475507378578186e-01
-5.349453091621398926e-01
4.602805972099304199e-01
-2.713567018508911133e-01
-2.890568077564239502e-01
-4.146764576435089111e-01
-1.632189154624938965e-01
-2.030191719532012939e-01
-5.702208280563354492e-01
1.803461909294128418e-01
-2.580112405121326447e-02
2.932361662387847900e-01
3.828649222850799561e-01
1.125544682145118713e-01
-1.252445429563522339e-01
3.294519782066345215e-01
4.311424493789672852e-02
3.559814691543579102e-01
4.394412785768508911e-02
8.377239853143692017e-02
9.773095697164535522e-02
2.810464007779955864e-03
-1.546720564365386963e-01
8.447091281414031982e-02
1.647074520587921143e-01
-3.982072472572326660e-01
8.046678453683853149e-02
-2.163890153169631958e-01
-3.118177950382232666e-01
-4.696318209171295166e-01
2.598420977592468262e-01
2.593374252319335938e-01
7.931087911128997803e-02
6.158888936042785645e-01
-2.690678238868713379e-01
-4.835417028516530991e-03
-2.059616446495056152e-01
5.766116380691528320e-01
1.889369487762451172e-01
1.024915874004364014e-01
1.692198365926742554e-01
-2.476012259721755981e-01
3.001078665256500244e-01
-2.060171589255332947e-02
-1.652621664106845856e-02
-1.568496823310852051e-01
1.467069685459136963e-01
-7.451171278953552246e-01
-6.990617513656616211e-01
1.711786538362503052e-02
-8.878149092197418213e-02
3.046332895755767822e-01
3.811880946159362793e-01
-1.079544052481651306e-01
1.250286698341369629e-01
3.251433838158845901e-03
-6.981379985809326172e-01
1.545402705669403076e-01
5.954378843307495117e-01
-4.691351950168609619e-01
-1.006744895130395889e-02
-4.226502031087875366e-02
3.875010907649993896e-01
-1.837913990020751953e-01
2.316025346517562866e-01
-5.090867877006530762e-01
-3.247386813163757324e-01
6.048365309834480286e-02
-2.107346802949905396e-01
2.834684550762176514e-01
-1.041231900453567505e-01
4.240640699863433838e-01
6.851786971092224121e-01
1.343035846948623657e-01
4.023210406303405762e-01
3.437582403421401978e-02
-1.043728709220886230e+00
3.833961188793182373e-01
1.002991080284118652e+00
-4.168660342693328857e-01
-2.905001938343048096e-01
-2.781013250350952148e-01
6.628283262252807617e-01
3.565948605537414551e-01
5.471733808517456055e-01
-3.795281052589416504e-01
-5.743979811668395996e-01
2.377517372369766235e-01
2.386719733476638794e-01
-2.978094220161437988e-01
4.897494241595268250e-02
-8.123507499694824219e-01
-6.456750035285949707e-01
-4.668575823307037354e-01
1.056688651442527771e-02
-3.819695711135864258e-01
7.524923887103796005e-03
-1.807037144899368286e-01
-5.717634558677673340e-01
2.517982125282287598e-01
1.425471454858779907e-01
5.036250501871109009e-02
-1.936488896608352661e-01
2.377593703567981720e-02
-2.835926115512847900e-01
8.024079203605651855e-01
4.573272168636322021e-01
1.540455315262079239e-02
-1.441648751497268677e-01
4.390702247619628906e-01
-5.892357230186462402e-01
2.294933497905731201e-01
-3.199511468410491943e-01
-1.126061201095581055e+00
3.368132710456848145e-01
-5.689783096313476562e-01
5.425440073013305664e-01
-5.541294813156127930e-01
-3.424077033996582031e-01
-4.682608544826507568e-01
-2.269676327705383301e-01
6.135668754577636719e-01
-8.033183813095092773e-01
6.458233594894409180e-01
6.507838368415832520e-01
5.038288235664367676e-01
-3.457884192466735840e-01
2.221257537603378296e-01
6.687204241752624512e-01
2.084371447563171387e-01
-1.238068938255310059e-01
1.012808382511138916e-01
-9.339174628257751465e-02
-1.617050021886825562e-01
1.747045964002609253e-01
-3.376195430755615234e-01
1.565079987049102783e-01
5.572906881570816040e-02
5.092945694923400879e-01
-4.012205898761749268e-01
-4.948905110359191895e-01
4.904057979583740234e-01
1.370548307895660400e-01
2.127080261707305908e-01
3.451584875583648682e-01
-1.271488517522811890e-01
-1.975048631429672241e-01
3.949753940105438232e-01
2.111885398626327515e-01
6.644280552864074707e-01
-5.177012085914611816e-01
3.162059187889099121e-02
-5.012506991624832153e-02
-1.682069450616836548e-01
5.261459350585937500e-01
-4.256955981254577637e-01
-8.804654479026794434e-01
1.149736940860748291e-01
1.539333820343017578e+00
-2.300391942262649536e-01
-7.034091949462890625e-01
7.300910353660583496e-02
7.252164483070373535e-01
3.096324503421783447e-01
2.575707137584686279e-01
3.811462521553039551e-01
-1.199514865875244141e+00
1.982831716537475586e+00
6.807683706283569336e-01
2.943433225154876709e-01
1.088879927992820740e-01
9.064603596925735474e-02
8.097187280654907227e-01
4.551174640655517578e-01
1.515457183122634888e-01
3.012686669826507568e-01
-8.166403174400329590e-01
9.223210811614990234e-01
6.933747231960296631e-02
-2.017318606376647949e-01
-2.339988648891448975e-01
-3.927712738513946533e-01
5.746814012527465820e-01
-1.300386041402816772e-01
2.156315892934799194e-01
-6.932745575904846191e-01
-1.019406765699386597e-01
-2.159948796033859253e-01
-1.362061686813831329e-02
-7.802848815917968750e-01
5.409826636314392090e-01
8.668666332960128784e-02
3.549029678106307983e-02
-1.933255605399608612e-02
-9.226518273353576660e-01
-1.536780875176191330e-02
5.900690555572509766e-01
-1.713576018810272217e-01
-5.960177183151245117e-01
4.032734036445617676e-01
7.178100943565368652e-01
7.591418176889419556e-02
-3.544060587882995605e-01
-1.783932447433471680e-01
-3.788124322891235352e-01
-2.998072504997253418e-01
8.716541528701782227e-01
-1.086292743682861328e+00
-6.317418813705444336e-01
5.231669172644615173e-02
-4.519963860511779785e-01
-1.005545351654291153e-02
-7.453688979148864746e-01
-7.906984090805053711e-01
1.389139592647552490e-01
-1.722707413136959076e-02
6.238741278648376465e-01
-8.945376873016357422e-01
-1.204710081219673157e-01
-9.429654479026794434e-02
-2.241587042808532715e-01
-7.303335238248109818e-03
-8.732689023017883301e-01
-8.337524533271789551e-02
-1.811252236366271973e-01
-6.548722088336944580e-02
2.121438831090927124e-01
2.064236402511596680e-01
4.778645336627960205e-01
-2.785443663597106934e-01
1.363282948732376099e-01
2.028723508119583130e-01
2.866880595684051514e-01
3.024017512798309326e-01
-3.101443946361541748e-01
-7.896351814270019531e-02
1.689940989017486572e-01
8.183605223894119263e-02
3.028732165694236755e-02
3.797005116939544678e-01
2.853924334049224854e-01
2.172451466321945190e-01
-1.134950667619705200e-02
5.366219207644462585e-02
-3.452000021934509277e-01
-5.954023003578186035e-01
-7.350577414035797119e-02
-5.714541673660278320e-02
-2.177349627017974854e-01
6.813634186983108521e-02
-2.929759025573730469e-01
4.249296337366104126e-02
2.521562576293945312e-01
2.341677621006965637e-02
3.014780953526496887e-02
-6.689639389514923096e-02
-1.364901661872863770e-01
-2.162793129682540894e-01
2.795172929763793945e-01
2.861035987734794617e-02
-1.592111214995384216e-02
-7.493001967668533325e-02
2.937782406806945801e-01
1.797068715095520020e-01
2.260762602090835571e-01
2.244158685207366943e-01
-8.881855010986328125e-02
3.849769532680511475e-01
1.647883653640747070e-01
6.573926657438278198e-02
-3.792384564876556396e-01
8.284100890159606934e-01
-3.426907211542129517e-02
5.927032977342605591e-02
2.044913321733474731e-01
-6.740277409553527832e-01
1.568812280893325806e-01
-2.383892685174942017e-01
-2.059842795133590698e-01
-4.213244318962097168e-01
-1.250430196523666382e-01
4.864277839660644531e-01
-3.505279719829559326e-01
3.151816427707672119e-01
2.163915038108825684e-01
-5.321846604347229004e-01
6.001103296875953674e-02
2.823353111743927002e-01
1.269616037607192993e-01
-6.179503202438354492e-01
4.018348455429077148e-01
1.063276976346969604e-01
1.866449117660522461e-01
-2.057323753833770752e-01
-4.623901844024658203e-01
3.677208721637725830e-02
-2.249834239482879639e-01
3.139747381210327148e-01
-1.498400717973709106e-01
3.339207768440246582e-01
7.541047334671020508e-01
-2.790796197950839996e-02
-1.234599947929382324e-01
9.711860865354537964e-02
-1.637002676725387573e-01
-1.461519747972488403e-01
2.417241185903549194e-01
-4.004600346088409424e-01
-3.922215402126312256e-01
-5.727940797805786133e-01
3.271739780902862549e-01
5.696301907300949097e-02
-1.284505277872085571e-01
-7.724411040544509888e-02
-5.118272304534912109e-01
4.145487397909164429e-02
1.179390996694564819e-01
2.173861712217330933e-01
-6.145586967468261719e-01
2.492678165435791016e-01
5.097782015800476074e-01
5.771151930093765259e-02
-6.637552380561828613e-01
-8.796723932027816772e-02
-1.340948641300201416e-01
-4.529741406440734863e-01
8.741870522499084473e-01
-1.058520913124084473e+00
-2.636140584945678711e-01
1.842969208955764771e-01
-6.084743142127990723e-02
3.956077694892883301e-01
3.954999744892120361e-01
-4.501032233238220215e-01
5.040069222450256348e-01
-5.357150435447692871e-01
-4.938647150993347168e-01
7.235964387655258179e-02
2.474104017019271851e-01
-5.985303521156311035e-01
-4.849653244018554688e-01
2.282979786396026611e-01
3.111978173255920410e-01
5.498378872871398926e-01
3.987141251564025879e-01
-4.654163420200347900e-01
-3.525646924972534180e-01
3.309970796108245850e-01
1.627288311719894409e-01
-6.248565316200256348e-01
7.339883446693420410e-01
-3.165821433067321777e-01
3.417995572090148926e-01
2.638628184795379639e-01
-3.534063994884490967e-01
2.936074137687683105e-02
-5.099819600582122803e-02
2.197887748479843140e-01
-3.994452655315399170e-01
3.881512582302093506e-01
5.640823245048522949e-01
6.217937543988227844e-02
-1.589635312557220459e-01
-4.125309363007545471e-02
-1.074262112379074097e-01
-3.199989497661590576e-01
1.437715534120798111e-02
-4.697045683860778809e-01
-6.647170186042785645e-01
-1.859983503818511963e-01
-4.974385499954223633e-01
1.327266246080398560e-01
-1.556644141674041748e-01
3.838196098804473877e-01
3.465829491615295410e-01
-3.395937681198120117e-01
6.810109615325927734e-01
3.970462083816528320e-01
2.449859231710433960e-01
2.042441815137863159e-01
-4.624346494674682617e-01
2.288839817047119141e-01
-4.323443025350570679e-02
3.261974751949310303e-01
4.073720574378967285e-01
-4.768244326114654541e-01
-1.758677065372467041e-01
6.327544450759887695e-01
-4.821465611457824707e-01
1.949253976345062256e-01
-2.875680029392242432e-01
1.365515738725662231e-01
3.395388275384902954e-02
-1.886882935650646687e-03
-1.452624797821044922e-01
1.353074014186859131e-01
1.310435295104980469e+00
-3.727737441658973694e-02
3.912767395377159119e-02
-5.428196191787719727e-01
-8.678032457828521729e-02
1.067331790924072266e+00
-7.386490702629089355e-02
8.106989413499832153e-02
6.453058123588562012e-02
1.588006168603897095e-01
-2.069383859634399414e-01
-7.714800536632537842e-02
2.007250040769577026e-01
-1.657019615173339844e+00
-2.167451530694961548e-01
-3.165032863616943359e-01
-6.857907772064208984e-01
-2.270040102303028107e-02
-1.639219820499420166e-01
-1.277084499597549438e-01
-3.793193399906158447e-01
3.343363404273986816e-01
8.052489757537841797e-01
-4.396755397319793701e-01
-1.031018793582916260e-01
-2.012910246849060059e-01
2.731840685009956360e-02
1.260580867528915405e-01
-2.159745246171951294e-01
-1.596525609493255615e-01
-7.206760644912719727e-01
-3.039338886737823486e-01
-4.700693488121032715e-02
-5.202981233596801758e-01
-2.807815074920654297e-01
-5.216805338859558105e-01
-2.997118234634399414e-01
9.842427819967269897e-02
-9.016013145446777344e-02
3.732111752033233643e-01
8.683690801262855530e-03
-7.978049665689468384e-02
-1.186027377843856812e-01
-4.364392459392547607e-01
2.034370005130767822e-01
-1.995917320251464844e+00
-3.859767913818359375e-01
-2.353639006614685059e-01
-2.051682233810424805e+00
2.559324204921722412e-01
1.183409020304679871e-01
-5.183200836181640625e-01
3.055201768875122070e-01
-1.838428378105163574e-01
-1.724480092525482178e-01
1.057858839631080627e-01
-3.097948729991912842e-01
-3.914487957954406738e-01
9.223046153783798218e-02
-2.520430684089660645e-01
9.282140135765075684e-01
-6.752631813287734985e-02
2.104841619729995728e-01
-1.987483799457550049e-01
-1.054241061210632324e+00
5.940251350402832031e-01
-7.086594402790069580e-02
-9.621001780033111572e-02
1.735292822122573853e-01
2.763303816318511963e-01
-3.118983507156372070e-01
-5.755085349082946777e-01
-4.371065273880958557e-02
-3.181401193141937256e-01
-4.002312719821929932e-01
7.068291306495666504e-02
-5.199217796325683594e-01
3.038304448127746582e-01
5.455925688147544861e-02
-4.058271944522857666e-01
6.858468800783157349e-02
3.824611306190490723e-01
1.417587697505950928e-01
-1.518344730138778687e-01
-6.563864946365356445e-01
-5.434902384877204895e-02
6.404444575309753418e-02
2.051195651292800903e-01
1.907715946435928345e-01
-2.741425931453704834e-01
-1.598732620477676392e-01
1.004520952701568604e-01
-5.475380420684814453e-01
6.133463382720947266e-01
-1.673621237277984619e-01
3.719121813774108887e-01
7.247138023376464844e-01
-3.183769285678863525e-01
-3.313256427645683289e-02
-3.280671238899230957e-01
2.476370036602020264e-01
-2.605638466775417328e-02
2.836056947708129883e-01
-5.583326518535614014e-02
4.022112488746643066e-01
2.807678282260894775e-01
3.435674011707305908e-01
-4.883014410734176636e-02
2.910888791084289551e-01
1.686763018369674683e-01
4.116281867027282715e-01
-9.532243013381958008e-02
3.719157278537750244e-01
2.142871171236038208e-01
-1.954003423452377319e-02
4.308599233627319336e-01
2.516313195228576660e-01
-4.717186987400054932e-01
-2.856975793838500977e-01
-5.451990962028503418e-01
3.480914235115051270e-01
-3.271279633045196533e-01
2.263472080230712891e-01
-1.032055839896202087e-01
5.105594918131828308e-02
3.574521839618682861e-01
2.921119332313537598e-01
4.558306653052568436e-03
3.761910796165466309e-01
2.639532983303070068e-01
-4.457720741629600525e-02
4.357728362083435059e-01
2.394408583641052246e-01
1.647615730762481689e-01
-4.292486608028411865e-01
4.617314636707305908e-01
-1.449248343706130981e-01
-8.020874112844467163e-02
2.785256206989288330e-01
-3.967197239398956299e-01
4.826379418373107910e-01
2.687836587429046631e-01
4.233335852622985840e-01
-4.918131604790687561e-02
-6.081967949867248535e-01
2.757013738155364990e-01
7.690624892711639404e-02
2.520915269851684570e-01
2.936208248138427734e-01
-3.877697885036468506e-01
-1.805181950330734253e-01
-1.256345957517623901e-01
-4.960579574108123779e-01
3.120952546596527100e-01
6.245647370815277100e-02
7.593420147895812988e-02
4.598424434661865234e-01
-2.969049289822578430e-02
1.060217153280973434e-02
-6.103580072522163391e-02
1.163919940590858459e-01
-6.005365848541259766e-01
-3.972624838352203369e-01
-5.510620772838592529e-02
6.958782672882080078e-01
-2.698146700859069824e-01
-2.574526667594909668e-01
-2.596760988235473633e-01
-2.422026693820953369e-01
1.075965464115142822e-01
4.030443727970123291e-01
-7.573095709085464478e-02
4.626923501491546631e-01
-1.610267519950866699e+00
6.646636128425598145e-02
-5.908212661743164062e-01
-1.225447654724121094e+00
3.218685090541839600e-01
-1.194219663739204407e-01
3.311806023120880127e-01
-9.122774600982666016e-01
2.193043678998947144e-01
5.974810719490051270e-01
-4.391198754310607910e-01
1.411482989788055420e-01
-7.381088137626647949e-01
-7.893381118774414062e-01
5.417424440383911133e-02
1.127697378396987915e-01
-4.469978213310241699e-01
-8.087572455406188965e-01
-2.384532839059829712e-01
-3.636258840560913086e-01
-6.027516443282365799e-03
5.743088126182556152e-01
-1.560995429754257202e-01
-2.135568410158157349e-01
2.422833591699600220e-01
-2.371996939182281494e-01
3.141503334045410156e-01
-1.432265996932983398e+00
-1.898066103458404541e-01
-1.840699911117553711e-01
6.621454358100891113e-01
9.717872738838195801e-02
-8.563596606254577637e-01
-2.551655173301696777e-01
-3.675323724746704102e-01
-1.345646977424621582e-01
3.055413067340850830e-01
-4.000009596347808838e-02
1.035450696945190430e-01
2.570470273494720459e-01
-7.680238038301467896e-02
-6.410350799560546875e-01
2.142090648412704468e-01
3.598292768001556396e-01
4.324327707290649414e-01
1.187636479735374451e-01
-2.255175560712814331e-01
5.789132118225097656e-01
4.481022357940673828e-01
4.669202491641044617e-02
-4.780080020427703857e-01
-3.885769844055175781e-01
3.987155556678771973e-01
2.615926265716552734e-01
3.726895451545715332e-01
4.138707518577575684e-01
-4.525630176067352295e-01
-2.535218894481658936e-01
9.702938795089721680e-01
-5.501022934913635254e-01
-1.738304644823074341e-01
9.058412164449691772e-02
1.379398405551910400e-01
4.460846781730651855e-01
3.272921741008758545e-01
2.905265092849731445e-01
-2.660548686981201172e-01
-8.271927833557128906e-01
-2.473016232252120972e-01
-8.014371991157531738e-02
4.293053150177001953e-01
8.857702612876892090e-01
-4.776581823825836182e-01
1.211775913834571838e-01
1.876959949731826782e-01
2.842171192169189453e-01
1.746814101934432983e-01
-4.214220941066741943e-01
4.781168997287750244e-01
5.405489355325698853e-02
1.667923778295516968e-01
9.261139668524265289e-03
-3.364460542798042297e-02
2.503086924552917480e-01
-2.696270048618316650e-01
-9.047136455774307251e-02
3.471911251544952393e-01
-5.828574299812316895e-02
-1.439024209976196289e-01
-1.278230696916580200e-01
1.845723241567611694e-01
1.252655386924743652e+00
2.206819504499435425e-02
-2.871289849281311035e-01
-3.306152820587158203e-01
-2.601613104343414307e-02
3.713549971580505371e-01
5.771888494491577148e-01
-9.813490509986877441e-02
3.844103813171386719e-01
-7.677651476114988327e-03
-2.494211196899414062e-01
9.009290337562561035e-01
-1.034576147794723511e-01
-4.850404262542724609e-01
-6.762659642845392227e-03
-7.738273143768310547e-01
1.636046618223190308e-01
1.089535653591156006e-01
4.108174517750740051e-02
-2.278174608945846558e-01
-2.425614893436431885e-01
-1.399880200624465942e-01
5.539185404777526855e-01
4.307587742805480957e-01
4.433128982782363892e-02
-2.549292147159576416e-01
-3.015107288956642151e-02
-3.097225427627563477e-01
-3.976203203201293945e-01
-3.442170023918151855e-01
-1.724012345075607300e-01
1.489236056804656982e-01
7.194397039711475372e-03
-2.513383030891418457e-01
-5.078205838799476624e-02
-3.828326463699340820e-01
-8.700044453144073486e-02
3.772491514682769775e-01
1.040910258889198303e-01
-3.811918795108795166e-01
-7.988430261611938477e-01
-4.365238919854164124e-02
3.158223032951354980e-01
3.546155393123626709e-01
2.692233324050903320e-01
-1.300007756799459457e-02
-2.370066940784454346e-01
-2.125296508893370628e-03
-4.045816659927368164e-01
-7.716256380081176758e-02
7.860608696937561035e-01
-9.046865254640579224e-02
2.863497436046600342e-01
8.796658366918563843e-02
-5.782482773065567017e-02
2.965027987957000732e-01
-1.295394450426101685e-01
-4.824678897857666016e-01
-1.623774766921997070e-01
4.418075084686279297e-01
2.082556039094924927e-01
-2.710452079772949219e-01
-3.864321708679199219e-01
-3.183786571025848389e-01
-1.486986875534057617e-01
5.622615218162536621e-01
2.772384583950042725e-01
-4.499624297022819519e-02
4.059111773967742920e-01
-2.009648382663726807e-01
5.397347807884216309e-01
-3.263521790504455566e-01
2.830873727798461914e-01
2.813084423542022705e-01
-1.408993452787399292e-01
1.731191575527191162e-01
-9.156922698020935059e-01
-3.014216125011444092e-01
-1.254642754793167114e-01
2.892149090766906738e-01
4.462845325469970703e-01
-2.170553058385848999e-01
-2.488729953765869141e-01
-1.251792311668395996e-01
-2.984825670719146729e-01
5.055630803108215332e-01
-1.630471199750900269e-01
-1.931658014655113220e-02
3.613454997539520264e-01
5.007267370820045471e-02
-2.734860181808471680e-01
-8.624270558357238770e-02
-4.433203339576721191e-01
3.143360316753387451e-01
-1.241030022501945496e-01
-2.929982542991638184e-01
2.189598977565765381e-01
5.579013228416442871e-01
7.048362493515014648e-01
-3.033293187618255615e-01
-8.047619462013244629e-01
-1.422312557697296143e-01
3.697594627737998962e-02
-1.555965282022953033e-02
1.721130758523941040e-01
-3.764100670814514160e-01
-2.023490965366363525e-01
-1.976496577262878418e-01
-6.378312110900878906e-01
4.391652345657348633e-01
-4.119642078876495361e-03
-2.751709818840026855e-01
2.314556539058685303e-01
-4.316814541816711426e-01
-4.380861520767211914e-01
3.812486827373504639e-01
-7.893237471580505371e-02
-1.024614423513412476e-01
-8.670524507761001587e-02
-3.386563658714294434e-01
6.358598917722702026e-02
1.588291406631469727e+00
1.445328891277313232e-01
-2.787479199469089508e-02
-1.159535571932792664e-01
-1.099722757935523987e-01
2.674877271056175232e-02
-3.734602332115173340e-01
-1.106897294521331787e-01
2.926564775407314301e-02
-1.876093894243240356e-01
-1.665001660585403442e-01
2.042178809642791748e-01
5.208104252815246582e-01
-1.632769554853439331e-01
9.235165268182754517e-02
4.209674298763275146e-01
-8.274577558040618896e-02
1.069522202014923096e-01
-2.719151228666305542e-02
6.231068372726440430e-01
2.195431888103485107e-01
-1.624088287353515625e-01
5.273552983999252319e-02
5.529116094112396240e-02
-3.710887134075164795e-01
2.765552140772342682e-02
1.062051765620708466e-02
-1.066186116077005863e-03
6.279384344816207886e-02
2.845241725444793701e-01
-4.289701208472251892e-02
-4.210159778594970703e-01
3.218440711498260498e-01
-8.832874894142150879e-01
-3.865757882595062256e-01
-2.136602848768234253e-01
-3.053787052631378174e-01
8.312335014343261719e-01
3.012710213661193848e-01
2.460918389260768890e-02
-1.374580144882202148e+00
1.504178196191787720e-01
-1.309983432292938232e-01
2.579320594668388367e-02
2.443890571594238281e-01
2.051773220300674438e-01
2.754216548055410385e-03
8.290848881006240845e-02
-4.961713552474975586e-01
6.489913463592529297e-01
-2.101294696331024170e-01
3.855064213275909424e-01
5.394017696380615234e-01
-1.344259977340698242e+00
-1.011146456003189087e-01
1.789176166057586670e-01
-4.255626201629638672e-01
1.250364184379577637e+00
2.161723189055919647e-02
-6.618148684501647949e-01
-1.558358311653137207e+00
1.121582537889480591e-01
-6.168649531900882721e-03
2.097107619047164917e-01
5.949361249804496765e-02
-1.148856207728385925e-01
3.946763277053833008e-01
1.394434869289398193e-01
-3.102711774408817291e-02
1.428164094686508179e-01
9.268883466720581055e-01
3.080468475818634033e-01
4.710214734077453613e-01
-4.076441824436187744e-01
-6.066256165504455566e-01
8.427077531814575195e-02
-3.651626706123352051e-01
5.829696059226989746e-01
1.401859074831008911e-01
9.701780229806900024e-02
9.980422258377075195e-01
-5.694573372602462769e-02
-1.219318956136703491e-01
6.798917800188064575e-02
9.927389770746231079e-02
8.573370985686779022e-03
3.641943633556365967e-01
9.056718349456787109e-01
2.002402544021606445e-01
8.038525283336639404e-02
-6.677545607089996338e-02
7.781089842319488525e-02
5.988847836852073669e-02
9.278650879859924316e-01
7.321741580963134766e-01
3.776051849126815796e-02
2.178072780370712280e-01
-3.058077692985534668e-01
-9.389526396989822388e-02
9.370589256286621094e-02
-4.373084008693695068e-02
-1.033028215169906616e-01
6.749537587165832520e-02
-9.064965695142745972e-02
-2.987683191895484924e-02
-1.863873749971389771e-01
1.686345189809799194e-01
-6.398867964744567871e-01
3.484213054180145264e-01
2.606278061866760254e-01
-2.309116423130035400e-01
6.225911974906921387e-01
3.870366886258125305e-02
3.917094171047210693e-01
5.898799896240234375e-01
5.275412201881408691e-01
-4.087519645690917969e-01
-4.365653693675994873e-01
-4.894400835037231445e-01
1.029679328203201294e-01
-5.650516971945762634e-02
-3.641123175621032715e-01
1.691354066133499146e-01
5.126265287399291992e-01
-2.357018440961837769e-01
-4.732858836650848389e-01
1.019707769155502319e-01
3.703168630599975586e-01
-2.897582650184631348e-01
-8.303313255310058594e-01
9.785483032464981079e-02
-4.853946566581726074e-01
-1.144804000854492188e+00
1.676703989505767822e-01
1.980999484658241272e-02
-2.828586399555206299e-01
8.687402606010437012e-01
-1.234718263149261475e-01
2.799567580223083496e-01
2.696163058280944824e-01
4.296380579471588135e-01
8.407125473022460938e-01
-2.820069789886474609e-01
-3.793425559997558594e-01
3.762155771255493164e-01
7.153867185115814209e-02
-1.279713392257690430e+00
-3.286620378494262695e-01
-6.522423028945922852e-01
-2.522341907024383545e-01
-4.156640917062759399e-02
-1.123550653457641602e+00
6.330734491348266602e-01
-1.026336848735809326e-01
5.140375345945358276e-02
-1.632486730813980103e-01
2.028518319129943848e-01
-1.931344270706176758e-01
3.726381063461303711e-01
7.959075272083282471e-02
8.101627826690673828e-01
5.674785971641540527e-01
5.335652455687522888e-02
-2.876990139484405518e-01
-1.639608442783355713e-01
1.172827035188674927e-01
-7.744093537330627441e-01
3.181149438023567200e-02
7.598001509904861450e-02
2.482691407203674316e-01
-8.342666029930114746e-01
4.440481960773468018e-01
4.283840358257293701e-01
6.135679315775632858e-03
2.550977170467376709e-01
4.908365607261657715e-01
-1.586622893810272217e-01
-6.089000497013330460e-03
-4.770082831382751465e-01
1.152685135602951050e-01
2.197792083024978638e-01
-1.912321150302886963e-01
4.916646182537078857e-01
4.097223877906799316e-01
-3.776315152645111084e-01
-4.844789206981658936e-01
-4.223695397377014160e-02
2.145465835928916931e-02
-1.096181869506835938e-01
-4.611843451857566833e-02
5.996384099125862122e-02
-3.843399584293365479e-01
-4.766549766063690186e-01
2.505121007561683655e-02
-3.324664235115051270e-01
-5.689852237701416016e-01
-3.813403472304344177e-02
1.954782456159591675e-01
6.818994283676147461e-01
7.595920562744140625e-02
-9.520495682954788208e-02
1.510467380285263062e-01
-6.046336293220520020e-01
-5.513322353363037109e-01
3.803921639919281006e-01
5.761148929595947266e-01
-1.744164079427719116e-01
-3.473435342311859131e-01
2.948973476886749268e-01
2.134959846735000610e-01
9.083609282970428467e-02
2.097590863704681396e-01
7.863143086433410645e-01
-1.587261706590652466e-01
3.523336199577897787e-04
-6.823191419243812561e-03
-5.711933970451354980e-01
4.217974096536636353e-02
-7.128205895423889160e-02
1.602333933115005493e-01
-1.969587057828903198e-01
-4.152830839157104492e-01
3.552362024784088135e-01
1.656605154275894165e-01
-4.894827604293823242e-01
-1.249144226312637329e-01
2.541670203208923340e-01
1.546334326267242432e-01
2.490290552377700806e-01
2.398988604545593262e-01
-5.141099095344543457e-01
2.303410619497299194e-01
2.075109630823135376e-01
5.023068934679031372e-02
3.314061462879180908e-01
5.732761621475219727e-01
-8.353200554847717285e-02
-5.301790311932563782e-02
-4.909558296203613281e-01
1.754499822854995728e-01
-1.207051053643226624e-01
-2.019729465246200562e-01
4.465687274932861328e-01
6.540171504020690918e-01
-6.129177212715148926e-01
-5.896649360656738281e-01
1.914288401603698730e-01
2.884168922901153564e-01
1.780944764614105225e-01
9.656823873519897461e-01
2.397412210702896118e-01
-5.118669271469116211e-01
-1.310195326805114746e-01
-4.863500595092773438e-01
-2.436708360910415649e-01
-3.727540746331214905e-02
-2.448887377977371216e-01
2.171125650405883789e+00
3.290359377861022949e-01
5.564467310905456543e-01
-5.236119031906127930e-01
7.936703413724899292e-02
-2.389975935220718384e-01
-7.848907262086868286e-02
2.908885180950164795e-01
1.766710728406906128e-01
-3.171031177043914795e-02
7.386389374732971191e-02
2.601915737614035606e-03
2.360349744558334351e-01
9.881037473678588867e-01
-6.786901503801345825e-02
1.137507557868957520e-01
-1.161417722702026367e+00
-1.178386688232421875e+00
-2.350996136665344238e-01
-1.200095117092132568e-01
-1.661021844483911991e-03
-3.214592114090919495e-02
-1.835916489362716675e-01
4.423566535115242004e-02
-2.238692194223403931e-01
-1.315158456563949585e-01
-2.044047564268112183e-01
2.899562418460845947e-01
3.683990333229303360e-03
-7.389695942401885986e-02
-9.914863705635070801e-01
4.273100495338439941e-01
4.456017613410949707e-01
3.249998688697814941e-01
2.031181566417217255e-02
3.537724316120147705e-01
1.334291338920593262e+00
5.901877880096435547e-01
4.191217944025993347e-02
-5.748090147972106934e-01
-6.437504887580871582e-01
3.340525552630424500e-02
5.774285271763801575e-02
4.981124103069305420e-01
-3.467812538146972656e-01
-5.530978087335824966e-03
-4.993691667914390564e-02
1.093463599681854248e-01
1.762071847915649414e-01
2.669392824172973633e-01
-3.033547997474670410e-01
-3.180982470512390137e-01
1.492033600807189941e-01
3.086720407009124756e-01
-1.252345591783523560e-01
-5.147907733917236328e-01
2.537930011749267578e-01
-1.840913593769073486e-01
-2.788875997066497803e-01
4.047051370143890381e-01
2.072851359844207764e-01
4.387115836143493652e-01
7.419931143522262573e-02
-1.760810911655426025e-01
2.708404064178466797e-01
-4.472904205322265625e-01
-3.015920221805572510e-01
6.908466815948486328e-01
2.358282357454299927e-01
-2.560906410217285156e-01
-1.429736465215682983e-01
1.093391329050064087e-01
2.247879952192306519e-01
1.688054762780666351e-02
4.612719416618347168e-01
8.111709356307983398e-01
-5.535183548927307129e-01
4.769328981637954712e-02
2.378732562065124512e-01
-8.763822317123413086e-01
-1.959869414567947388e-01
-1.727000996470451355e-02
2.249246984720230103e-01
-2.652334608137607574e-02
-3.552770018577575684e-01
3.412235081195831299e-01
3.025313615798950195e-01
-2.599218115210533142e-02
-2.088117301464080811e-01
4.725186228752136230e-01
-7.662493735551834106e-02
2.813199460506439209e-01
7.973526418209075928e-02
-5.315691232681274414e-01
4.265204817056655884e-02
6.887032985687255859e-01
-1.604239046573638916e-01
3.897714614868164062e-01
5.381469726562500000e-01
-3.572366833686828613e-01
7.951482385396957397e-02
-4.032771289348602295e-01
7.769873738288879395e-01
4.937769770622253418e-01
-4.369101822376251221e-01
7.686628103256225586e-01
4.379252195358276367e-01
-7.992722392082214355e-01
-6.137885451316833496e-01
1.045571491122245789e-01
5.100109577178955078e-01
-1.232629060745239258e+00
-5.453324913978576660e-01
-1.685794591903686523e-01
-6.328524947166442871e-01
-2.651814520359039307e-01
-4.187206029891967773e-01
6.324373185634613037e-02
1.092731282114982605e-01
1.698052585124969482e-01
-2.315068803727626801e-02
4.412977099418640137e-01
2.833233773708343506e-01
1.022449254989624023e+00
1.628162562847137451e-01
2.866339683532714844e-02
1.381066511385142803e-03
4.640475660562515259e-02
9.631412476301193237e-02
-2.184460461139678955e-01
-1.201243251562118530e-01
-8.299993723630905151e-02
2.410183548927307129e-01
3.553493414074182510e-03
1.384594291448593140e-01
-1.720863431692123413e-01
-2.063450098037719727e+00
-1.048495396971702576e-01
2.112525999546051025e-01
2.071907222270965576e-01
2.173192262649536133e+00
-1.183396354317665100e-01
6.295251101255416870e-02
-6.608847975730895996e-01
3.749982714653015137e-01
-1.027991995215415955e-01
-1.652752161026000977e-01
-1.172569170594215393e-01
-1.669976860284805298e-01
-1.065957024693489075e-01
4.419206082820892334e-02
-9.082279801368713379e-01
-3.194311857223510742e-01
2.042194902896881104e-01
-5.912616848945617676e-01
2.247888892889022827e-01
1.539889127016067505e-01
1.733425557613372803e-01
-1.733437031507492065e-01
-1.758179962635040283e-01
5.332279205322265625e-02
3.424541354179382324e-01
-2.283623367547988892e-01
1.377122402191162109e+00
-1.278913468122482300e-01
-2.361519187688827515e-01
-2.629886567592620850e-02
6.290404498577117920e-02
1.678586602210998535e-01
1.032121703028678894e-01
-1.173042953014373779e-01
-2.754546999931335449e-01
8.413295447826385498e-02
1.285967230796813965e-01
1.717345714569091797e-01
4.092736840248107910e-01
2.824595198035240173e-02
-1.193619593977928162e-01
4.118767380714416504e-01
-4.430838227272033691e-01
3.313151001930236816e-01
1.444938182830810547e-01
-3.183611035346984863e-01
-1.259752362966537476e-01
6.329400837421417236e-02
-2.903063297271728516e-01
1.813826858997344971e-01
5.342085957527160645e-01
1.955738514661788940e-01
1.027722135186195374e-01
-4.842524230480194092e-01
-1.005509376525878906e+00
-4.738596677780151367e-01
-1.486036330461502075e-01
8.211981654167175293e-01
-6.918668746948242188e-02
4.036999046802520752e-01
-1.445391327142715454e-01
-2.183524221181869507e-01
-9.225502610206604004e-03
-2.929705083370208740e-01
-1.113425865769386292e-01
-7.483277916908264160e-01
-4.094589054584503174e-01
1.021388173103332520e-01
-1.069141104817390442e-01
-1.477215886116027832e-01
6.248853355646133423e-02
6.460625529289245605e-01
-2.509254217147827148e-01
-8.066871017217636108e-02
2.710739374160766602e-01
6.105173379182815552e-02
-6.198000907897949219e-01
-2.198664844036102295e-01
1.523541063070297241e-01
-1.208267509937286377e-01
1.065357923507690430e-01
2.456160932779312134e-01
-2.846950888633728027e-01
3.214336931705474854e-01
3.494872748851776123e-01
-2.699052691459655762e-01
-4.494192600250244141e-01
-4.987325668334960938e-01
-1.538495421409606934e-01
1.943114548921585083e-01
-3.159903362393379211e-02
-1.613447517156600952e-01
1.638628244400024414e-01
2.950090914964675903e-02
5.116936564445495605e-01
1.012343168258666992e-01
-8.494994640350341797e-01
8.482739329338073730e-02
4.617570936679840088e-01
2.291505597531795502e-02
4.060761332511901855e-01
3.419796526432037354e-01
-1.068154908716678619e-02
2.350612729787826538e-01
8.871516585350036621e-02
-6.018899008631706238e-02
2.159140408039093018e-01
-2.920616269111633301e-01
-3.458242490887641907e-02
3.953931331634521484e-01
2.234743684530258179e-01
2.682167589664459229e-01
1.721239686012268066e-01
1.550979614257812500e+00
1.074726223945617676e+00
8.293979167938232422e-01
-1.294211149215698242e-01
-1.927331835031509399e-01
-9.195231646299362183e-02
-4.441787004470825195e-01
1.608980745077133179e-01
8.174989372491836548e-02
2.098530232906341553e-01
-5.477532744407653809e-02
-1.164866685867309570e-01
1.056518435478210449e+00
2.469341270625591278e-02
-2.364445924758911133e-01
-1.223433241248130798e-01
2.539288699626922607e-01
-2.662084102630615234e-01
-1.478547751903533936e-01
-2.485039532184600830e-01
-3.302763402462005615e-02
-2.920223772525787354e-01
-2.346194684505462646e-01
-1.976405531167984009e-01
1.820567436516284943e-02
-6.823552306741476059e-03
-1.423358619213104248e-01
3.306145668029785156e-01
8.255792409181594849e-02
-2.384977638721466064e-01
3.758272826671600342e-01
2.407409101724624634e-01
-2.122447453439235687e-02
-1.165266871452331543e+00
-3.581396341323852539e-01
-3.787483870983123779e-01
3.997304011136293411e-03
7.854616641998291016e-02
1.775885671377182007e-01
3.702166303992271423e-02
7.517857849597930908e-02
-3.448772430419921875e-01
-7.905668616294860840e-01
-1.835260540246963501e-01
5.518403649330139160e-01
-1.485303640365600586e-01
3.564642667770385742e-01
-6.823584437370300293e-01
2.391588985919952393e-01
-2.567623741924762726e-02
2.195729315280914307e-01
1.037066131830215454e-01
-3.058452606201171875e-01
1.556916534900665283e-01
-2.043941244482994080e-02
1.581846475601196289e-01
-1.625278592109680176e-01
8.338613435626029968e-03
-3.621014058589935303e-01
2.153012007474899292e-01
-7.680245041847229004e-01
-9.374439716339111328e-02
9.130677580833435059e-02
1.485403180122375488e-01
-6.323438286781311035e-01
-5.701519548892974854e-02
6.140059232711791992e-01
1.970195621252059937e-01
2.932019829750061035e-01
-3.273315429687500000e-01
-1.213828474283218384e-01
1.705707311630249023e-01
-4.005306661128997803e-01
4.455303847789764404e-01
-5.081802606582641602e-01
-1.977626979351043701e-01
-6.639322042465209961e-01
1.932390481233596802e-01
1.185647472739219666e-01
6.461232900619506836e-01
-4.783124029636383057e-01
4.406342208385467529e-01
-3.307222574949264526e-02
-7.961746454238891602e-01
-1.328494846820831299e-01
-4.007327258586883545e-01
-1.326285004615783691e-01
8.195228874683380127e-02
-1.663045734167098999e-01
9.247754514217376709e-02
-3.545555770397186279e-01
-2.184064239263534546e-01
1.294098794460296631e-01
6.386190056800842285e-01
-1.005155369639396667e-01
3.687775135040283203e-01
-2.609992027282714844e-01
-1.383388489484786987e-01
-2.992766797542572021e-01
-2.933422923088073730e-01
4.219288751482963562e-02
-2.018897235393524170e-01
3.048027157783508301e-01
3.986789286136627197e-01
-7.289507985115051270e-01
-2.124582678079605103e-01
-1.457996219396591187e-01
-2.647170424461364746e-01
-2.184522747993469238e-01
-3.627904877066612244e-02
2.092802897095680237e-02
2.693760022521018982e-02
3.322345018386840820e-01
-4.234047606587409973e-02
-3.266641125082969666e-02
9.331776946783065796e-02
2.353245578706264496e-02
-5.476281791925430298e-02
-9.810916185379028320e-01
2.753694653511047363e-01
-6.630802750587463379e-01
2.913670837879180908e-01
-5.846134573221206665e-02
-4.533605575561523438e-01
-2.103073358535766602e+00
-1.513056159019470215e-01
-1.957021094858646393e-02
-3.549094200134277344e-01
-6.603708863258361816e-02
4.094456732273101807e-01
-1.841568499803543091e-01
-2.926684617996215820e-01
1.236398890614509583e-01
3.334110379219055176e-01
-3.634974062442779541e-01
4.863570928573608398e-01
-1.482956409454345703e-01
6.909828633069992065e-02
1.716718226671218872e-01
4.949978366494178772e-02
-4.774546921253204346e-01
2.250282838940620422e-02
-9.415650963783264160e-01
-7.539876550436019897e-02
-1.798232048749923706e-01
-3.265045881271362305e-01
5.432296991348266602e-01
-7.057347893714904785e-01
-7.791413366794586182e-02
3.215664625167846680e-01
-4.301405549049377441e-01
-2.371871620416641235e-01
-5.987199768424034119e-02
2.163246273994445801e-01
1.550202518701553345e-01
2.610587179660797119e-01
-1.104545965790748596e-01
-1.488577574491500854e-01
-1.566706299781799316e-01
4.710633307695388794e-02
1.454704813659191132e-02
2.654978930950164795e-01
-1.321002691984176636e-01
-2.449411153793334961e-01
1.884553879499435425e-01
-3.470301926136016846e-01
8.195407688617706299e-02
-2.434721142053604126e-01
-5.035649538040161133e-01
5.859861373901367188e-01
-2.706323266029357910e-01
-5.420745611190795898e-01
4.435001909732818604e-01
2.658645510673522949e-01
3.407952487468719482e-01
3.347972631454467773e-01
-2.379862964153289795e-01
-1.676713079214096069e-01
6.509301066398620605e-02
9.829989075660705566e-02
-2.876465916633605957e-01
2.445771545171737671e-02
-2.960169911384582520e-01
3.180719614028930664e-01
-1.351670548319816589e-02
-4.470637738704681396e-01
1.695902943611145020e-01
-4.316583741456270218e-03
-5.275820493698120117e-01
5.798698663711547852e-01
-5.277695059776306152e-01
-5.970271825790405273e-01
6.324403733015060425e-02
4.666345715522766113e-01
2.583806812763214111e-01
4.996508955955505371e-01
-2.420174628496170044e-01
-8.195528388023376465e-02
1.678277552127838135e-01
4.273248314857482910e-01
-1.562722772359848022e-01
-3.360773921012878418e-01
3.168958127498626709e-01
-3.679096698760986328e-01
-7.371910214424133301e-01
-2.316849865019321442e-02
-1.082038655877113342e-01
1.692104339599609375e-01
-2.062988467514514923e-02
-7.695449143648147583e-02
6.771836876869201660e-01
2.971095442771911621e-01
-2.486143559217453003e-01
-1.390089511871337891e+00
-8.453505486249923706e-02
-2.495836317539215088e-01
4.301951825618743896e-01
2.182732224464416504e-01
9.563344717025756836e-02
-2.406812012195587158e-01
2.311555743217468262e-01
-3.292248547077178955e-01
-1.696589291095733643e-01
-4.988068044185638428e-01
1.589492201805114746e+00
5.078689455986022949e-01
-1.162348240613937378e-01
-2.026720196008682251e-01
4.303195476531982422e-01
-2.504588365554809570e-01
1.020977199077606201e-01
4.047304987907409668e-01
-2.042572200298309326e-01
-5.972576141357421875e-01
-6.162361502647399902e-01
-7.115818560123443604e-02
2.499147877097129822e-02
3.304530084133148193e-01
4.925137460231781006e-01
2.001587897539138794e-01
-6.048731803894042969e-01
-1.268129199743270874e-01
3.070385456085205078e-01
-4.289502799510955811e-01
-6.278058048337697983e-03
-3.170619532465934753e-02
-9.077447652816772461e-02
3.352636098861694336e-01
8.862469345331192017e-02
9.113882482051849365e-02
1.732355207204818726e-01
1.609010696411132812e-01
-4.011586606502532959e-01
-1.251387476921081543e+00
-1.233877837657928467e-01
-2.734241187572479248e-01
2.184805870056152344e-01
4.126251488924026489e-02
2.360267937183380127e-01
-1.860988885164260864e-01
1.677385717630386353e-01
-3.253894150257110596e-01
2.107770144939422607e-01
6.004954129457473755e-02
2.708557248115539551e-01
1.189348250627517700e-01
6.714986264705657959e-02
1.022396609187126160e-01
5.297436118125915527e-01
-4.995184838771820068e-01
3.916788995265960693e-01
4.329936802387237549e-01
-2.144629321992397308e-02
-2.663900852203369141e-01
-3.633868694305419922e-01
-4.957709610462188721e-01
1.679817885160446167e-01
6.571197509765625000e-01
-2.809165418148040771e-01
-3.622150123119354248e-01
1.608201414346694946e-01
-1.107496395707130432e-01
1.005100488662719727e+00
5.633084177970886230e-01
-1.108222529292106628e-01
-1.436274647712707520e-01
7.793241739273071289e-02
-6.788089275360107422e-01
-2.045681923627853394e-01
3.115983903408050537e-01
-6.613095849752426147e-02
-3.300358355045318604e-01
2.618383765220642090e-01
-1.978142410516738892e-01
3.608608245849609375e-01
1.464561820030212402e-01
-2.004621773958206177e-01
1.649369150400161743e-01
-2.370980530977249146e-01
-6.931133270263671875e-01
-2.066241353750228882e-01
5.361497998237609863e-01
7.336646318435668945e-01
-1.686962507665157318e-02
-1.113127768039703369e-01
9.988863021135330200e-02
1.517188847064971924e-01
-9.322999715805053711e-01
1.333421170711517334e-01
-2.101050019264221191e-01
3.733305037021636963e-01
1.651305109262466431e-01
-2.774647772312164307e-01
-1.136077120900154114e-01
-1.047486662864685059e+00
-3.783829212188720703e-01
2.569691538810729980e-01
9.499873034656047821e-03
-4.375309646129608154e-01
2.486345916986465454e-01
-1.006201863288879395e+00
7.666469085961580276e-03
-2.983487248420715332e-01
7.532210648059844971e-02
-1.730689555406570435e-01
-6.236709281802177429e-02
3.208581805229187012e-01
5.523867607116699219e-01
3.386357799172401428e-02
-6.239446252584457397e-02
-1.473228037357330322e-01
3.372705355286598206e-02
-6.008611526340246201e-03
-4.450064152479171753e-03
2.176027446985244751e-01
-1.783892661333084106e-01
-5.320620536804199219e-01
1.806824207305908203e-01
1.046059489250183105e+00
2.754400670528411865e-01
2.158005982637405396e-01
1.286237090826034546e-01
2.515614926815032959e-01
4.426568448543548584e-01
-3.276554346084594727e-01
1.695070415735244751e-01
1.523236632347106934e-01
1.666668951511383057e-01
-2.321286797523498535e-01
-1.440375018864870071e-02
-3.893707692623138428e-01
-2.523938119411468506e-01
2.320463536307215691e-03
-4.445316493511199951e-01
1.986636519432067871e-01
3.184336423873901367e-01
-8.475420624017715454e-02
3.931559324264526367e-01
-4.500565230846405029e-01
4.640877544879913330e-01
-1.452009379863739014e-01
-1.839530467987060547e-02
-5.551692247390747070e-01
-4.076904952526092529e-01
1.943014115095138550e-01
-3.710683286190032959e-01
-5.006766878068447113e-03
3.255483806133270264e-01
6.892397403717041016e-01
-2.177250757813453674e-02
8.680933117866516113e-01
1.754861772060394287e-01
7.584413886070251465e-02
4.509878158569335938e-01
1.112674698233604431e-01
-3.288883864879608154e-01
-5.646121501922607422e-01
-2.329495549201965332e-01
-1.968734711408615112e-01
-2.249609977006912231e-01
3.897882401943206787e-01
-1.637377077713608742e-03
-4.088563919067382812e-01
-3.225575089454650879e-01
3.645902574062347412e-01
-3.671630024909973145e-01
-4.434526711702346802e-02
2.189619839191436768e-01
5.499216318130493164e-01
2.049921751022338867e-01
9.584271311759948730e-01
2.318703681230545044e-01
2.206009775400161743e-01
2.927447855472564697e-01
5.084686875343322754e-01
-4.466822147369384766e-01
-2.646183669567108154e-01
7.278971374034881592e-02
-1.823359727859497070e-01
2.695770263671875000e-01
9.895862638950347900e-02
-2.367723435163497925e-01
-2.590701878070831299e-01
-1.010058879852294922e+00
-2.723797559738159180e-01
1.174040809273719788e-01
1.795867383480072021e-01
7.627704143524169922e-01
8.375858515501022339e-02
1.017895579338073730e+00
3.993434309959411621e-01
-1.188179925084114075e-01
1.960559338331222534e-01
1.733462065458297729e-01
4.181552529335021973e-01
-3.381656482815742493e-02
5.919200778007507324e-01
-3.935682773590087891e-02
4.180043041706085205e-01
2.535926997661590576e-01
-7.909962534904479980e-02
5.698200315237045288e-02
-1.945201903581619263e-01
-2.337893843650817871e-01
-7.768274098634719849e-02
-3.566809594631195068e-01
-8.799540251493453979e-02
8.104936778545379639e-02
3.671031594276428223e-01
-8.138155937194824219e-02
3.384943306446075439e-01
6.906084418296813965e-01
2.107515484094619751e-01
4.214514791965484619e-01
-3.596121966838836670e-01
-7.216145843267440796e-02
-3.240242600440979004e-01
-1.927755028009414673e-01
-7.040260825306177139e-03
1.124155521392822266e-01
2.634755969047546387e-01
-2.727279961109161377e-01
-2.013086378574371338e-01
-9.327865839004516602e-01
2.235747128725051880e-01
-2.567650079727172852e-01
-1.057625859975814819e-01
4.010303318500518799e-01
3.848418891429901123e-01
5.941941738128662109e-01
1.473510861396789551e-01
1.865124553442001343e-01
-3.498178347945213318e-02
2.167635411024093628e-01
-3.868234753608703613e-01
-5.624789595603942871e-01
-7.826954722404479980e-01
-2.512463182210922241e-02
-4.148575961589813232e-01
1.180621385574340820e-01
1.008032336831092834e-01
2.735980451107025146e-01
6.376238912343978882e-02
-4.118233919143676758e-02
1.992701180279254913e-02
1.478912681341171265e-01
2.892383635044097900e-01
-4.013617336750030518e-01
-3.489250242710113525e-01
-3.233637809753417969e-01
-1.982677578926086426e-01
-2.663964331150054932e-01
-1.991521418094635010e-01
-1.489962041378021240e-01
3.032132685184478760e-01
1.021329686045646667e-01
5.000430941581726074e-01
2.094476222991943359e-01
-7.492918521165847778e-02
6.460581719875335693e-02
-6.013769283890724182e-02
3.920890763401985168e-02
1.642074286937713623e-01
-1.245450854301452637e+00
1.568497866392135620e-01
4.094489663839340210e-02
-7.064777612686157227e-01
2.864932715892791748e-01
-2.886150777339935303e-01
-1.391582190990447998e-01
4.007748141884803772e-02
7.506757229566574097e-02
-3.302099406719207764e-01
-3.497379720211029053e-01
-1.473468095064163208e-01
4.090835452079772949e-01
-1.915065497159957886e-01
1.507631391286849976e-01
4.684463515877723694e-02
-1.578247994184494019e-01
3.381671607494354248e-01
2.772789299488067627e-01
4.096608757972717285e-01
1.314599961042404175e-01
-8.348121494054794312e-02
1.095653250813484192e-01
3.450783789157867432e-01
-4.639070630073547363e-01
-4.310714006423950195e-01
-3.294489085674285889e-01
-6.312800049781799316e-01
-1.065388843417167664e-01
-2.650075852870941162e-01
-3.791742920875549316e-01
2.032286822795867920e-01
4.162705242633819580e-01
7.623078823089599609e-01
3.774702548980712891e-02
2.840831875801086426e-01
-2.153028547763824463e-01
-6.448849290609359741e-02
-6.484353542327880859e-01
-9.659525007009506226e-02
-5.284945666790008545e-02
4.724253416061401367e-01
-3.761381804943084717e-01
-4.666514694690704346e-01
8.705355525016784668e-01
1.684459596872329712e-01
1.281264722347259521e-01
4.596546888351440430e-01
-1.930026561021804810e-01
1.675056219100952148e-01
4.840105772018432617e-01
-1.928750425577163696e-01
-2.289231717586517334e-01
-9.102778136730194092e-02
-1.508631259202957153e-01
3.206667304039001465e-01
4.144825935363769531e-01
1.104558929800987244e-01
-4.191814064979553223e-01
-1.705681830644607544e-01
5.751980543136596680e-01
6.961661577224731445e-01
-1.416319310665130615e-01
-6.877433657646179199e-01
1.725674569606781006e-01
8.671202510595321655e-02
-2.520335614681243896e-01
7.659643143415451050e-02
-2.313827872276306152e-01
-2.275308668613433838e-01
1.041507944464683533e-01
2.444814294576644897e-01
-1.506296545267105103e-01
5.655658245086669922e-01
2.162562608718872070e-01
7.094570249319076538e-02
-3.813102841377258301e-02
-2.984729707241058350e-01
6.286080181598663330e-02
1.759237796068191528e-01
2.685160040855407715e-01
-1.884435564279556274e-01
2.366548329591751099e-01
4.438061118125915527e-01
8.213176131248474121e-01
-4.355120062828063965e-01
3.576277196407318115e-02
-2.881661951541900635e-01
2.083457559347152710e-01
-8.259018510580062866e-02
-2.509621083736419678e-01
2.181985676288604736e-01
2.421244978904724121e-02
-7.486175894737243652e-01
-1.965594142675399780e-01
-9.996331483125686646e-02
5.924264788627624512e-01
-6.018446758389472961e-02
-5.279176682233810425e-02
2.703544795513153076e-01
-2.181861102581024170e-01
-2.951134741306304932e-01
3.667818605899810791e-01
8.018975257873535156e-01
6.490939259529113770e-01
-3.905858471989631653e-02
2.859700024127960205e-01
4.677969217300415039e-02
-3.874087333679199219e-02
-3.686229512095451355e-02
2.099416218698024750e-02
3.155700564384460449e-01
-1.888453215360641479e-01
-7.669182866811752319e-02
-1.076083481311798096e-01
4.784810245037078857e-01
3.934267461299896240e-01
-3.011501133441925049e-01
-1.415146589279174805e-01
-3.854022920131683350e-01
-5.989115238189697266e-01
-1.412642002105712891e-01
-5.344306230545043945e-01
-3.534105420112609863e-01
5.207681059837341309e-01
5.910606980323791504e-01
4.316937923431396484e-01
7.010926604270935059e-01
2.440176159143447876e-01
3.066124618053436279e-01
4.975683689117431641e-01
4.819037020206451416e-02
-5.127619504928588867e-01
-5.242007970809936523e-01
-1.692035943269729614e-01
2.430846840143203735e-01
-1.367126852273941040e-01
1.455418765544891357e-01
-6.580256223678588867e-01
-7.524120807647705078e-02
-5.359666347503662109e-01
4.759918451309204102e-01
-1.310050338506698608e-01
-9.960460662841796875e-02
5.200170874595642090e-01
1.437689512968063354e-01
1.920101344585418701e-01
-1.103241443634033203e-01
1.262266337871551514e-01
-2.404372245073318481e-01
8.296612650156021118e-02
2.636840045452117920e-01
-1.695458739995956421e-01
8.766072392463684082e-01
6.142565235495567322e-02
-1.868029683828353882e-01
-3.194894194602966309e-01
-9.984923154115676880e-02
-1.244259700179100037e-01
-9.667741507291793823e-02
-4.523834884166717529e-01
8.430153131484985352e-01
-1.198152005672454834e-01
-9.523397088050842285e-01
-5.370283722877502441e-01
-6.203847378492355347e-02
-7.761574536561965942e-02
1.275105327367782593e-01
-4.650261104106903076e-01
3.747295737266540527e-01
5.619607865810394287e-02
-2.577909529209136963e-01
2.077586799860000610e-01
-1.346748024225234985e-01
-1.362666487693786621e-01
1.027013182640075684e+00
1.099695444107055664e+00
-1.867635548114776611e-02
2.109043300151824951e-02
-8.132482320070266724e-02
-3.248395025730133057e-01
4.496223926544189453e-01
1.092495117336511612e-02
-1.911689043045043945e-01
-5.877915620803833008e-01
-2.253751158714294434e-01
-2.229188978672027588e-01
1.397870928049087524e-01
-1.249779760837554932e-01
1.219645142555236816e-01
-1.894710063934326172e-01
-3.288075327873229980e-01
2.767200767993927002e-01
2.819816172122955322e-01
2.296298295259475708e-01
7.979992628097534180e-01
1.249992549419403076e-01
3.090042173862457275e-01
-5.480015277862548828e-01
-3.685912489891052246e-01
-1.952366679906845093e-01
-7.864311337471008301e-02
-3.383619487285614014e-01
-1.147881001234054565e-01
1.179323345422744751e-01
4.580421745777130127e-01
-5.908616632223129272e-02
1.304258257150650024e-01
6.421529650688171387e-01
2.027411311864852905e-01
1.388507634401321411e-01
-5.621191859245300293e-02
-4.367892444133758545e-01
-1.369694769382476807e-01
-1.282807439565658569e-01
1.190420836210250854e-01
-2.169016748666763306e-01
1.858930587768554688e-01
5.583896860480308533e-02
4.848065674304962158e-01
3.083027601242065430e-01
8.542248606681823730e-02
1.941383779048919678e-01
3.175191581249237061e-01
-6.501220911741256714e-02
-4.181292355060577393e-01
-1.904126256704330444e-01
-5.470693707466125488e-01
-1.889154762029647827e-01
-3.619383573532104492e-01
-4.292163550853729248e-01
-7.211083918809890747e-02
2.214985191822052002e-01
-6.865877658128738403e-02
2.615919411182403564e-01
-2.772942483425140381e-01
1.452117227017879486e-02
-1.474409997463226318e-01
-1.247533634305000305e-01
-1.905165761709213257e-01
-3.799896314740180969e-02
4.280860070139169693e-03
-3.417626321315765381e-01
-2.336179018020629883e-01
5.723468214273452759e-02
2.117576599121093750e-01
1.213231757283210754e-01
5.310862064361572266e-01
5.152460932731628418e-01
-9.471616894006729126e-02
4.602501690387725830e-01
-3.601952493190765381e-01
-4.348096549510955811e-01
-5.690837502479553223e-01
1.365421526134014130e-02
1.939400434494018555e-01
-1.762262545526027679e-02
-8.849886059761047363e-02
1.379226446151733398e-01
3.332436680793762207e-01
2.407799959182739258e-01
5.113438889384269714e-02
1.176121085882186890e-01
7.070332765579223633e-02
-1.283985525369644165e-01
-3.303879201412200928e-01
-1.284946799278259277e-01
-3.289988338947296143e-01
-2.421061694622039795e-01
-1.677971482276916504e-01
-1.681896597146987915e-01
-3.526522591710090637e-02
2.594875395298004150e-01
1.029351875185966492e-01
-8.289857208728790283e-02
-3.162226378917694092e-01
2.932180464267730713e-01
-3.461422324180603027e-01
-2.359306663274765015e-01
-1.387534588575363159e-01
-8.969821780920028687e-02
-4.034641385078430176e-01
-3.836048543453216553e-01
4.286359846591949463e-01
-2.647073566913604736e-02
4.171552062034606934e-01
-9.535559266805648804e-02
3.568236902356147766e-02
2.998312413692474365e-01
8.943288028240203857e-02
-3.974933922290802002e-01
-7.619430869817733765e-02
2.662435770034790039e-01
1.989812850952148438e-01
-1.319768875837326050e-01
4.308363795280456543e-01
-1.093816533684730530e-01
7.931978255510330200e-02
-1.092644855380058289e-01
-7.874199748039245605e-02
8.570083975791931152e-01
-8.327015489339828491e-02
1.220887005329132080e-01
1.755918711423873901e-01
1.785925865173339844e+00
2.200807929039001465e-01
-2.943419292569160461e-02
-4.118689894676208496e-01
-2.559940218925476074e-01
-1.018459439277648926e+00
-1.012756004929542542e-01
3.005945384502410889e-01
4.067725539207458496e-01
3.241764903068542480e-01
-1.861948706209659576e-02
1.004762053489685059e-01
-2.210874259471893311e-01
2.216817252337932587e-02
-2.599691748619079590e-01
-1.748415678739547729e-01
1.263148337602615356e-01
2.423460781574249268e-01
1.404471928253769875e-03
-6.222088262438774109e-02
3.266119584441184998e-02
-9.154481813311576843e-03
-7.971761375665664673e-02
-5.790158174932003021e-03
8.586758375167846680e-02
-7.756432145833969116e-02
-2.533928155899047852e-01
7.381726056337356567e-02
-4.661315977573394775e-01
-2.151601165533065796e-01
1.018748879432678223e-01
1.945096999406814575e-01
1.735904961824417114e-01
-1.683609152678400278e-04
-1.286787688732147217e-01
-1.058377698063850403e-01
-6.030056253075599670e-02
-4.465965926647186279e-02
2.646560370922088623e-01
-2.879488170146942139e-01
5.847058445215225220e-02
-1.538964807987213135e-01
3.542067110538482666e-01
1.625574529170989990e-01
1.742639541625976562e-01
-1.206357628107070923e-01
1.955659091472625732e-01
-2.660040557384490967e-01
-1.983825415372848511e-01
-2.715698778629302979e-01
6.091329455375671387e-02
3.240845501422882080e-01
1.364810913801193237e-01
1.588680446147918701e-01
-7.998558878898620605e-02
7.113742828369140625e-02
1.331522166728973389e-01
