1.067033767700195312e+00
1.818679645657539368e-02
-5.171833038330078125e-01
-5.386706069111824036e-02
-6.305900216102600098e-01
1.328164935111999512e+00
5.694216489791870117e-01
1.273613870143890381e-01
6.646121740341186523e-01
2.664424180984497070e-01
4.768380224704742432e-01
5.618599429726600647e-02
5.564694404602050781e-01
2.509934604167938232e-01
-6.116381883621215820e-01
-3.532015681266784668e-01
7.062571644783020020e-01
2.368556559085845947e-01
9.009037613868713379e-01
3.242114186286926270e-01
-5.718221068382263184e-01
7.541713863611221313e-02
4.975921940058469772e-03
-1.354685276746749878e-01
-5.242331027984619141e-01
-7.826676964759826660e-01
3.880010545253753662e-01
8.597794771194458008e-01
-9.282506108283996582e-01
5.014886707067489624e-02
-1.014852300286293030e-01
1.737446188926696777e+00
7.656582593917846680e-01
-2.137349396944046021e-01
-8.996798992156982422e-01
-8.869869261980056763e-02
1.333479642868041992e+00
6.882050633430480957e-02
8.839985728263854980e-01
-4.944800864905118942e-03
1.096149086952209473e+00
-8.610465526580810547e-01
2.699285745620727539e-01
5.322765707969665527e-01
3.658196032047271729e-01
7.490324974060058594e-01
-5.852783918380737305e-01
-4.004679322242736816e-01
2.449682503938674927e-01
6.119390726089477539e-01
-1.069189548492431641e+00
-6.414061188697814941e-01
7.357389549724757671e-04
2.176895365118980408e-02
8.838545680046081543e-01
-1.299574255943298340e+00
6.761246919631958008e-01
-9.284008741378784180e-01
1.113338112831115723e+00
9.216030240058898926e-01
-5.609595775604248047e-01
3.344902694225311279e-01
1.856350153684616089e-01
2.664618492126464844e-01
1.302831619977951050e-01
-1.542072892189025879e-01
3.239551782608032227e-01
6.567632779479026794e-03
-2.047133743762969971e-01
-5.277255773544311523e-01
4.767121374607086182e-01
1.543221175670623779e-01
-1.206686198711395264e-01
-1.342913061380386353e-01
-2.066158503293991089e-01
-5.033549666404724121e-01
-1.120755299925804138e-01
4.875888824462890625e-01
-9.010100364685058594e-01
-2.992294430732727051e-01
4.513652622699737549e-01
-4.370019137859344482e-01
-1.202956557273864746e+00
1.019966363906860352e+00
1.361628532409667969e+00
1.248095855116844177e-01
7.342104315757751465e-01
-3.756237328052520752e-01
1.358977198600769043e+00
7.566905617713928223e-01
-1.469256579875946045e-01
-1.865342706441879272e-01
-3.339782953262329102e-01
3.368938565254211426e-01
-9.170019626617431641e-01
-7.795174121856689453e-01
1.447554230690002441e+00
-5.095732808113098145e-01
7.310113310813903809e-01
7.062446475028991699e-01
-3.174373805522918701e-01
3.512999713420867920e-01
1.732237488031387329e-01
4.069552123546600342e-01
2.572112381458282471e-01
-5.276727080345153809e-01
3.903978168964385986e-01
-1.726046763360500336e-02
9.807533621788024902e-01
-5.864559672772884369e-03
3.864535987377166748e-01
3.647266924381256104e-01
-2.223873734474182129e-01
1.205393224954605103e-01
-1.306877285242080688e-01
4.242073595523834229e-01
-2.328821420669555664e-01
4.972288012504577637e-01
-9.882289171218872070e-01
-4.333718717098236084e-01
-7.423009872436523438e-01
3.064575791358947754e-01
2.314281761646270752e-01
1.563131213188171387e-01
5.554087162017822266e-01
-4.096424877643585205e-01
6.445378065109252930e-02
-2.138330489397048950e-01
7.188492417335510254e-01
-1.163795590400695801e-01
1.740497499704360962e-01
2.254619896411895752e-01
-4.456048309803009033e-01
1.504268795251846313e-01
-9.331902861595153809e-02
5.053436756134033203e-01
2.015151455998420715e-02
5.347132086753845215e-01
-1.271396636962890625e+00
-5.117551684379577637e-01
-1.146100401878356934e+00
4.305162429809570312e-01
1.022781431674957275e-01
1.280699819326400757e-01
-1.092404961585998535e+00
-4.516210258007049561e-01
-2.442092746496200562e-01
8.733345270156860352e-01
-1.116426348686218262e+00
-9.434330463409423828e-01
1.810088306665420532e-01
1.206835210323333740e-01
1.006372809410095215e+00
-9.062609076499938965e-01
-5.060938373208045959e-02
-6.962635517120361328e-01
-4.667250514030456543e-01
6.732682585716247559e-01
-1.637147903442382812e+00
-8.149882555007934570e-01
-7.528322935104370117e-01
5.115641355514526367e-01
7.258474826812744141e-03
-3.212151825428009033e-01
3.775527775287628174e-01
-3.019315004348754883e-01
4.087254405021667480e-01
-6.369061470031738281e-01
5.709756612777709961e-01
1.770635880529880524e-02
4.083480834960937500e-01
4.135068655014038086e-01
-1.014382004737854004e+00
9.254809021949768066e-01
-1.796716749668121338e-01
1.780373811721801758e+00
-3.952045738697052002e-01
4.479476213455200195e-01
-9.308134317398071289e-01
-1.133522987365722656e+00
3.225102424621582031e-01
-3.057678937911987305e-01
-3.974840342998504639e-01
-5.626164749264717102e-02
1.587125360965728760e-01
5.010697841644287109e-01
-2.601562067866325378e-02
-1.194146871566772461e+00
-2.793040475808084011e-04
8.197488784790039062e-01
-1.198936328291893005e-01
-2.761745452880859375e-01
-1.279848933219909668e+00
1.289459943771362305e+00
-2.329651713371276855e-01
3.716314584016799927e-02
5.053804516792297363e-01
-2.670302689075469971e-01
7.771270871162414551e-01
4.578093588352203369e-01
-6.996398568153381348e-01
3.184714317321777344e-01
4.053644835948944092e-01
5.072841793298721313e-02
6.953173875808715820e-02
-4.316468238830566406e-01
-3.118270263075828552e-02
5.326638221740722656e-01
1.168019548058509827e-01
-6.857312321662902832e-01
4.455563426017761230e-01
3.111773133277893066e-01
3.351732492446899414e-01
-4.992286264896392822e-01
1.911842525005340576e-01
1.034417822957038879e-01
-6.337234377861022949e-01
4.415956139564514160e-01
-1.118974804878234863e+00
-7.699446678161621094e-01
-4.532156586647033691e-01
1.097041890025138855e-01
7.170091271400451660e-01
-1.341836094856262207e+00
-9.736368656158447266e-01
-2.054249346256256104e-01
-7.665500640869140625e-01
6.284795403480529785e-01
-1.604131460189819336e+00
-1.226509511470794678e-01
-4.172688350081443787e-02
-3.393061459064483643e-01
3.411896228790283203e-01
-2.661032415926456451e-02
6.660463809967041016e-01
4.447441101074218750e-01
-1.703845262527465820e+00
4.228423237800598145e-01
-2.529202401638031006e-01
-6.546118259429931641e-01
-1.927126348018646240e-01
-1.319955941289663315e-02
-1.679203510284423828e-01
-7.019996047019958496e-01
-8.656978011131286621e-01
-3.704193979501724243e-02
-5.403717756271362305e-01
9.190484881401062012e-02
-7.724092006683349609e-01
7.977730780839920044e-02
1.658254116773605347e-01
-1.019146963953971863e-01
-3.145419061183929443e-01
4.014926552772521973e-01
1.457046508789062500e+00
5.800553411245346069e-02
-9.020079970359802246e-01
1.760372817516326904e-01
-8.148588240146636963e-03
-1.742737293243408203e-01
1.272772252559661865e-01
3.395358324050903320e-01
-1.245388627052307129e+00
2.979507148265838623e-01
4.001542031764984131e-01
-3.552170395851135254e-01
-1.002944558858871460e-01
9.798646718263626099e-02
8.669734746217727661e-02
-4.057110249996185303e-01
2.403942793607711792e-01
3.075076937675476074e-01
9.260946512222290039e-01
-6.920572519302368164e-01
-2.757165431976318359e-01
-7.611268162727355957e-01
6.152328848838806152e-01
1.616616100072860718e-01
-1.406617611646652222e-01
1.237437576055526733e-01
-3.259758353233337402e-01
8.604332059621810913e-02
5.739025473594665527e-01
-3.501452878117561340e-02
7.014057040214538574e-02
-2.308661937713623047e-01
-1.190049108117818832e-02
9.640215430408716202e-04
-2.000781744718551636e-01
-1.114598587155342102e-01
2.254399359226226807e-01
6.640617270022630692e-03
3.316082432866096497e-02
-4.350967239588499069e-03
-1.195704191923141479e-01
-7.476419210433959961e-01
-1.979973465204238892e-01
4.123177528381347656e-01
-9.181703329086303711e-01
-5.415574908256530762e-01
2.604413032531738281e-01
-2.544790804386138916e-01
4.017544984817504883e-01
8.093959093093872070e-02
2.160857319831848145e-01
8.740125596523284912e-02
-1.194090485572814941e+00
3.986724913120269775e-01
2.431621216237545013e-02
1.266219019889831543e-01
-2.625362575054168701e-01
-2.009076476097106934e-01
3.576430976390838623e-01
-5.512015819549560547e-01
2.146182298660278320e+00
-2.672524750232696533e-01
-2.852409482002258301e-01
-5.565069615840911865e-02
4.009656310081481934e-01
2.573356330394744873e-01
-3.310473859310150146e-01
2.201006934046745300e-02
3.170744180679321289e-01
-7.562566995620727539e-01
-5.694726705551147461e-01
-1.304300129413604736e-01
-3.293668925762176514e-01
2.621063590049743652e-01
-1.384050011634826660e+00
-2.685348093509674072e-01
1.507183164358139038e-01
3.831480816006660461e-02
1.840728521347045898e-01
6.834056973457336426e-02
4.198866486549377441e-01
5.522972941398620605e-01
-1.576480269432067871e+00
9.499458223581314087e-02
-3.800801932811737061e-01
-4.654381573200225830e-01
6.366198509931564331e-02
-3.292784094810485840e-01
3.014920055866241455e-01
2.228754013776779175e-01
2.744741737842559814e-01
1.595451533794403076e-01
2.058820985257625580e-02
-6.505642533302307129e-01
1.596476882696151733e-01
5.544983744621276855e-01
5.813929438591003418e-02
3.151158103719353676e-03
-7.414954304695129395e-01
1.244059681892395020e+00
7.937908172607421875e-02
6.511669754981994629e-01
2.376649342477321625e-02
-2.539587318897247314e-01
4.057930111885070801e-01
1.680855825543403625e-02
6.760743856430053711e-01
-8.986500501632690430e-01
1.797887086868286133e+00
5.830269455909729004e-01
6.153568029403686523e-01
7.020263075828552246e-01
-3.294126033782958984e+00
-3.983567953109741211e-01
1.538091152906417847e-01
5.485507249832153320e-01
-1.021912932395935059e+00
-6.419824957847595215e-01
3.622526228427886963e-01
-2.106117308139801025e-01
3.765709161758422852e+00
-8.903097361326217651e-02
-1.128300353884696960e-01
-5.696823596954345703e-01
9.394124746322631836e-01
6.937404870986938477e-01
-7.018188238143920898e-01
3.565422892570495605e-01
-3.321807086467742920e-02
1.083050202578306198e-02
2.862978875637054443e-01
-3.247845768928527832e-01
3.620762228965759277e-01
-1.152243912220001221e-01
2.579373419284820557e-01
-4.046679437160491943e-01
4.434862434864044189e-01
4.650975465774536133e-01
-1.644543558359146118e-01
-4.359666109085083008e-01
-8.386147767305374146e-02
-3.867341279983520508e-01
-1.074820384383201599e-01
5.938237905502319336e-01
-5.877539515495300293e-01
-4.088627994060516357e-01
-5.649623274803161621e-01
3.209156990051269531e-01
3.838625177741050720e-02
-2.009703069925308228e-01
2.431452274322509766e-01
-4.599265754222869873e-01
2.411534041166305542e-01
-3.148300647735595703e-01
4.891471564769744873e-01
-3.960067927837371826e-01
2.902186214923858643e-01
3.265021443367004395e-01
-5.084062218666076660e-01
-1.095752120018005371e-01
-2.409041970968246460e-01
3.705883026123046875e-01
-2.006660848855972290e-01
6.232692599296569824e-01
-9.289758205413818359e-01
-4.555028080940246582e-01
-7.647836208343505859e-01
4.889015257358551025e-01
9.764578342437744141e-01
-1.214804530143737793e+00
-1.320491433143615723e+00
-1.663699746131896973e-01
-3.417609930038452148e-01
3.989796340465545654e-01
-1.661996722221374512e+00
-7.775554656982421875e-01
2.160288691520690918e-01
-2.926071733236312866e-02
3.589310944080352783e-01
3.928552195429801941e-02
4.911586940288543701e-01
8.097059130668640137e-01
-1.546370983123779297e+00
6.159712672233581543e-01
-6.687905788421630859e-01
-7.538623213768005371e-01
-5.850086212158203125e-01
5.996981263160705566e-01
-3.641549870371818542e-02
2.845936715602874756e-01
4.873435199260711670e-01
-2.277184128761291504e-01
2.445154190063476562e-01
-4.645012319087982178e-01
3.037983179092407227e-01
6.000900641083717346e-02
5.392274856567382812e-01
2.701197564601898193e-01
-5.309321284294128418e-01
4.050986766815185547e-01
1.274704933166503906e-02
1.197753429412841797e+00
-4.102608561515808105e-01
7.478892058134078979e-02
-1.142494231462478638e-01
-4.451833665370941162e-01
-3.004757165908813477e-01
-2.345784455537796021e-01
-1.512952744960784912e-01
-2.851015031337738037e-01
-9.612391889095306396e-02
-3.853413760662078857e-01
-8.582104742527008057e-02
-4.343408942222595215e-01
2.553217709064483643e-01
7.152324542403221130e-03
-2.652762234210968018e-01
-3.275677859783172607e-01
4.981791377067565918e-01
2.854137718677520752e-01
2.606566250324249268e-01
1.073362469673156738e+00
-6.540075540542602539e-01
-3.007031083106994629e-01
1.019744947552680969e-01
-6.355124711990356445e-01
-9.415510296821594238e-02
5.463732406497001648e-02
4.874063432216644287e-01
2.944727838039398193e-01
8.242172598838806152e-01
-1.026389971375465393e-01
7.090577483177185059e-02
1.717993915081024170e-01
-1.127231642603874207e-01
-4.841922819614410400e-01
2.309254646301269531e+00
1.236598566174507141e-01
-2.551332712173461914e-01
-5.462012887001037598e-01
-5.571013689041137695e-01
5.554491654038429260e-02
2.420392334461212158e-01
-2.851313352584838867e-01
-6.092374324798583984e-01
3.655543029308319092e-01
-1.453827172517776489e-01
-4.598132073879241943e-01
-2.518777549266815186e-01
-1.717020124197006226e-01
-4.183057323098182678e-02
3.469066694378852844e-02
-3.699154257774353027e-01
-8.318521082401275635e-03
1.008688330650329590e+00
3.316733241081237793e-01
-5.293912291526794434e-01
1.183565985411405563e-02
-2.304111048579216003e-02
4.221641123294830322e-01
1.703773736953735352e-01
-2.456752806901931763e-01
-2.437601089477539062e-01
-1.176815945655107498e-02
1.858110576868057251e-01
2.625014781951904297e-01
-1.339656263589859009e-01
1.933195292949676514e-01
4.688497781753540039e-01
-1.577890664339065552e-01
7.396769523620605469e-01
-5.644991993904113770e-02
-3.455524146556854248e-01
4.660903811454772949e-01
6.199553012847900391e-01
1.578222662210464478e-01
1.383366882801055908e-01
5.577257871627807617e-01
-1.017096713185310364e-01
-2.903600633144378662e-01
-3.764719665050506592e-01
3.136305809020996094e-01
-1.501601636409759521e-01
2.847453653812408447e-01
-4.426981210708618164e-01
-2.109142951667308807e-02
2.105563730001449585e-01
1.192127317190170288e-01
2.349383831024169922e-01
-1.089370064437389374e-02
1.312378644943237305e-01
8.316610455513000488e-01
-1.722018361091613770e+00
6.369017958641052246e-01
-7.732215523719787598e-01
-3.280162811279296875e-01
-6.287429332733154297e-01
-2.032432556152343750e-01
2.626737654209136963e-01
-4.178646206855773926e-01
2.648604568094015121e-03
4.102893769741058350e-01
1.125134453177452087e-01
5.766103044152259827e-02
-5.303549766540527344e-01
3.580203950405120850e-01
-4.520341455936431885e-01
-2.444231957197189331e-01
-1.013573110103607178e-01
-3.282685875892639160e-01
2.785366475582122803e-01
2.791636884212493896e-01
-1.315776258707046509e-01
-5.057603120803833008e-04
3.464171290397644043e-01
4.939843714237213135e-01
-2.124058306217193604e-01
-3.293551802635192871e-01
2.940564155578613281e-01
-8.468886464834213257e-02
-3.909582197666168213e-01
5.961716771125793457e-01
-2.675255537033081055e-01
-1.138951927423477173e-01
4.314616322517395020e-01
1.369559019804000854e-01
7.555274963378906250e-01
-4.936742782592773438e-02
1.990878731012344360e-01
6.305271387100219727e-01
-6.999067217111587524e-02
-1.558698266744613647e-01
-3.499594330787658691e-01
3.033720254898071289e-01
1.110639795660972595e-01
4.168708324432373047e-01
-1.316994726657867432e-01
5.893908739089965820e-01
1.209464550018310547e+00
2.979270219802856445e-01
1.539989560842514038e-01
6.648576855659484863e-01
-6.425285339355468750e-02
4.011349081993103027e-01
5.658525601029396057e-02
1.427174806594848633e-01
-2.368310652673244476e-02
8.531936407089233398e-01
-1.955969631671905518e-02
-1.178569644689559937e-01
-7.839019894599914551e-01
-5.666446089744567871e-01
6.182051897048950195e-01
-2.523904442787170410e-01
-2.789518535137176514e-01
-1.118969321250915527e-01
1.464354395866394043e-01
-2.556414604187011719e-01
-4.312308132648468018e-01
-8.454275131225585938e-01
2.222983092069625854e-01
4.074823558330535889e-01
-1.016162242740392685e-02
-2.378711700439453125e-01
-1.671584367752075195e+00
-3.728092089295387268e-02
1.817802190780639648e-01
-2.688176333904266357e-01
1.853211522102355957e-01
3.510123789310455322e-01
-1.274102210998535156e+00
-3.513825833797454834e-01
4.314255416393280029e-01
-1.547449469566345215e+00
9.977361559867858887e-02
7.175953686237335205e-02
2.554508745670318604e-01
-9.204916954040527344e-01
-1.169924616813659668e+00
3.917214274406433105e-02
-1.307391971349716187e-01
-5.256458520889282227e-01
7.519227266311645508e-02
-1.578515768051147461e-01
-2.618568763136863708e-02
-3.106693029403686523e-01
8.187364041805267334e-02
3.215031921863555908e-01
-1.399765014648437500e-01
2.911220490932464600e-01
-2.986835241317749023e-01
-2.418831139802932739e-01
1.463691294193267822e-01
-1.752848923206329346e-01
-1.159939646720886230e+00
-2.136056274175643921e-01
-1.597022563219070435e-01
-1.824717819690704346e-01
-7.900931239128112793e-01
-6.075773239135742188e-01
1.805517375469207764e-01
-5.229392647743225098e-01
-9.213370084762573242e-02
-1.015291549265384674e-03
-1.370171457529067993e-01
7.579750567674636841e-02
-7.704581618309020996e-01
2.767966389656066895e-01
-9.437909722328186035e-02
-9.022023677825927734e-01
2.151325047016143799e-01
-9.525246173143386841e-02
2.674297690391540527e-01
-1.444694548845291138e-01
3.258024156093597412e-01
4.676207304000854492e-01
-1.299481034278869629e+00
-2.187136262655258179e-01
-5.001045390963554382e-02
-8.991932123899459839e-02
2.994478046894073486e-01
1.760168433189392090e+00
-8.509348034858703613e-01
-4.920090734958648682e-01
3.438687324523925781e-01
-5.315671563148498535e-01
3.494447171688079834e-01
5.327268242835998535e-01
-2.205957621335983276e-01
-8.484578132629394531e-02
2.508530020713806152e-01
-2.475188076496124268e-01
2.911153733730316162e-01
-2.195146083831787109e-01
-2.387307882308959961e-01
-9.047588109970092773e-01
4.594708681106567383e-01
-3.812292963266372681e-02
-2.943734884262084961e+00
-5.890799164772033691e-01
-2.970947325229644775e-01
-6.756083369255065918e-01
3.682168126106262207e-01
6.351500749588012695e-02
-1.143878400325775146e-01
6.805108189582824707e-01
-1.122472733259201050e-01
-1.140527725219726562e+00
1.749832183122634888e-01
3.586365878582000732e-01
9.032530337572097778e-02
1.111729741096496582e-01
-2.681528031826019287e-01
5.043016076087951660e-01
-8.450363576412200928e-02
-2.945660948753356934e-01
-1.384741961956024170e-01
-4.734620917588472366e-03
9.179394245147705078e-01
2.400549799203872681e-01
-1.308054924011230469e-01
5.553243756294250488e-01
-4.347594454884529114e-02
6.562461704015731812e-02
-1.010493859648704529e-01
-1.050109714269638062e-01
9.749089926481246948e-02
6.986997723579406738e-01
-9.929209947586059570e-02
-3.101763129234313965e-01
-5.869544148445129395e-01
-1.387541294097900391e-01
4.781728684902191162e-01
-4.435000419616699219e-01
-1.265211105346679688e-01
-1.790647655725479126e-01
-2.168207466602325439e-01
3.637280762195587158e-01
-1.323514133691787720e-01
-6.589855551719665527e-01
3.321615457534790039e-01
2.517965137958526611e-01
1.372046023607254028e-01
-2.557735741138458252e-01
-1.056828498840332031e+00
-1.238510459661483765e-01
-9.358043968677520752e-02
-4.196599125862121582e-01
-2.678549885749816895e-01
1.803617179393768311e-01
-4.742520749568939209e-01
-5.514810085296630859e-01
1.527378439903259277e+00
-2.833874225616455078e-01
5.367913842201232910e-01
2.947937846183776855e-01
7.869274020195007324e-01
1.826535910367965698e-01
5.453415513038635254e-01
3.484184294939041138e-02
1.459153834730386734e-02
-7.478655874729156494e-02
5.514100193977355957e-01
1.802631318569183350e-01
6.437158584594726562e-01
-3.647595345973968506e-01
-9.384109973907470703e-01
-1.092656776309013367e-01
-1.800920814275741577e-02
-6.079830527305603027e-01
-6.307272911071777344e-01
-2.075087130069732666e-01
4.012659192085266113e-01
-2.865920960903167725e-01
-2.452339828014373779e-01
1.827889978885650635e-01
-2.395094186067581177e-01
-6.277801394462585449e-01
2.356380075216293335e-01
6.287742406129837036e-02
7.435057759284973145e-01
3.107072114944458008e-01
-6.053104996681213379e-01
-7.256712913513183594e-01
1.049203798174858093e-01
-3.563661277294158936e-01
-3.154527544975280762e-01
-5.366270542144775391e-01
2.412852644920349121e-01
6.165618449449539185e-02
-7.116013020277023315e-02
2.156008630990982056e-01
-4.316467046737670898e-01
1.325054019689559937e-01
4.734500408172607422e+00
7.154455184936523438e-01
-5.932016968727111816e-01
-7.324457168579101562e-02
7.429668307304382324e-01
1.140731453895568848e+00
3.507781922817230225e-01
1.986449360847473145e-01
-8.320492692291736603e-03
-1.397944241762161255e-01
3.322418034076690674e-01
-6.311144679784774780e-02
2.545050680637359619e-01
6.150264143943786621e-01
-8.774122595787048340e-02
2.353283762931823730e-01
-3.685690462589263916e-02
-2.458366304636001587e-01
1.839137524366378784e-01
-1.162761822342872620e-02
-2.147104889154434204e-01
-3.694359362125396729e-01
-2.987568080425262451e-01
1.238370500504970551e-02
-4.444121420383453369e-01
-7.733442187309265137e-01
1.178281102329492569e-02
1.147289499640464783e-01
3.505989015102386475e-01
3.344814777374267578e-01
-1.690424978733062744e-01
-1.368089467287063599e-01
-1.946546137332916260e-01
-7.025397419929504395e-01
-3.336413204669952393e-02
3.286873549222946167e-02
6.107757091522216797e-01
1.578525155782699585e-01
-5.312345623970031738e-01
4.232589304447174072e-01
2.094312459230422974e-01
7.878412008285522461e-01
-7.075539231300354004e-01
2.177034765481948853e-01
8.894941806793212891e-01
2.595998764038085938e+00
2.016282640397548676e-02
-1.200623661279678345e-01
4.738523066043853760e-02
-6.280568242073059082e-02
-2.870047390460968018e-01
1.053739041090011597e-01
3.393183648586273193e-01
2.535720348358154297e+00
-4.929042756557464600e-01
1.423518508672714233e-01
-5.412898492068052292e-03
-7.670278549194335938e-01
-3.711612150073051453e-02
-3.207572996616363525e-01
1.251633912324905396e-01
2.934062480926513672e-01
5.173224806785583496e-01
4.457528144121170044e-02
-1.004513025283813477e+00
-2.654929161071777344e-01
-2.898642718791961670e-01
-4.388138949871063232e-01
1.192464493215084076e-02
-9.862361848354339600e-02
1.298469770699739456e-02
-2.886471450328826904e-01
2.506671547889709473e-01
4.379605650901794434e-01
1.700355857610702515e-01
4.018057286739349365e-01
2.739593684673309326e-01
1.159309819340705872e-01
2.275175899267196655e-01
-3.700243532657623291e-01
-1.075622081756591797e+00
-2.235808223485946655e-01
-1.913596838712692261e-01
3.968775570392608643e-01
-7.807589322328567505e-02
-4.716862440109252930e-01
-8.575065433979034424e-02
-4.031717404723167419e-02
-3.693449869751930237e-02
1.247010603547096252e-01
-6.411663889884948730e-01
1.588422358036041260e-01
-1.820446252822875977e-01
-1.748139411211013794e-01
-3.809172660112380981e-02
1.759192794561386108e-01
4.622563123703002930e-01
2.121114172041416168e-02
4.127416312694549561e-01
1.040990278124809265e-01
2.702505514025688171e-02
5.115671753883361816e-01
2.132606925442814827e-03
2.180506438016891479e-01
2.781441211700439453e-01
-4.117242246866226196e-02
3.421445488929748535e-01
-6.963098794221878052e-02
-1.718814671039581299e-01
-3.987352550029754639e-02
-2.077484130859375000e-01
1.850864477455615997e-02
6.397880613803863525e-02
3.020541071891784668e-01
-3.250103890895843506e-01
-2.324345558881759644e-01
6.315956115722656250e-01
-6.555395722389221191e-01
-2.630652487277984619e-01
2.075085602700710297e-02
-6.356799006462097168e-01
5.585967302322387695e-01
-3.441605567932128906e+00
6.044959649443626404e-02
-4.385734349489212036e-02
-5.145989824086427689e-03
4.927022457122802734e-01
4.541010558605194092e-01
-2.156078517436981201e-01
1.818318217992782593e-01
-5.725210532546043396e-02
-1.877415627241134644e-01
1.521925628185272217e-01
-1.745164543390274048e-01
5.404210463166236877e-02
2.875332832336425781e-01
-9.355328232049942017e-02
-2.265938043594360352e+00
2.297386974096298218e-01
-2.977764010429382324e-01
3.542962670326232910e-01
-2.380078099668025970e-02
5.927129387855529785e-01
-4.418856799602508545e-01
1.118018850684165955e-01
9.513096511363983154e-02
-5.830029845237731934e-01
-8.424699306488037109e-01
4.159962534904479980e-01
-2.067838311195373535e-01
4.180849492549896240e-01
4.270270466804504395e-01
-2.181297689676284790e-01
-8.731232583522796631e-02
4.012202918529510498e-01
1.070243716239929199e+00
1.929746121168136597e-01
-2.779856622219085693e-01
-3.319404274225234985e-02
-1.875885017216205597e-02
4.463266953825950623e-02
2.897031903266906738e-01
1.230623245239257812e+00
-3.909717798233032227e-01
-1.722963750362396240e-01
-3.883946686983108521e-02
-2.223901003599166870e-01
-4.971009120345115662e-02
3.910704553127288818e-01
5.335043743252754211e-02
4.831781983375549316e-02
2.101123929023742676e-01
3.799584209918975830e-01
-1.328455448150634766e+00
-1.296527385711669922e-01
-3.713236451148986816e-01
-2.083073109388351440e-01
1.572057157754898071e-01
3.804777562618255615e-01
-3.681167066097259521e-01
8.438231348991394043e-01
-2.723506093025207520e-01
3.960495889186859131e-01
-3.777495026588439941e-01
1.556987762451171875e-01
2.813456058502197266e-01
-2.307155877351760864e-01
-1.004673480987548828e+00
3.922166526317596436e-01
-2.784937620162963867e-01
5.083882808685302734e-01
4.918234348297119141e-01
-4.092600941658020020e-01
6.221541762351989746e-01
-1.683314889669418335e-01
1.038676220923662186e-02
5.275624394416809082e-01
-3.002221286296844482e-01
-1.672033369541168213e-01
6.901378035545349121e-01
-4.983524680137634277e-01
2.393648922443389893e-01
3.010994791984558105e-01
5.011570081114768982e-02
1.155244559049606323e-01
7.759650796651840210e-02
4.174076616764068604e-01
6.550692319869995117e-01
-5.462192893028259277e-01
9.287513047456741333e-02
-2.958728969097137451e-01
-2.168112099170684814e-01
-7.545320987701416016e-01
-5.245113372802734375e-02
-2.979039549827575684e-01
-4.730521142482757568e-01
-5.242313742637634277e-01
-9.904351830482482910e-02
-2.602996826171875000e-01
1.467259079217910767e-01
4.770486056804656982e-02
-3.425782918930053711e-01
-2.556048035621643066e-01
4.474735260009765625e-01
-2.427189052104949951e-01
6.475560665130615234e-01
2.002014033496379852e-02
1.538129746913909912e-01
3.241200149059295654e-01
1.889210492372512817e-01
3.029711544513702393e-01
-6.216366887092590332e-01
-5.199546813964843750e-01
-3.218481242656707764e-01
-6.873145699501037598e-01
-2.847588062286376953e-01
4.610562622547149658e-01
-4.287606477737426758e-02
4.186176955699920654e-01
1.916894197463989258e+00
-5.383056998252868652e-01
1.447258889675140381e-01
-4.400481581687927246e-01
-7.712061703205108643e-02
6.367408037185668945e-01
-1.085611805319786072e-02
3.884749114513397217e-01
-1.364381611347198486e-01
-4.055544435977935791e-01
-1.354834586381912231e-01
-1.622338891029357910e-01
4.451033771038055420e-01
-1.638895422220230103e-01
1.238732114434242249e-01
-3.880709707736968994e-01
1.622734069824218750e-01
6.634900569915771484e-01
-2.666138112545013428e-01
1.070620417594909668e-01
6.420331597328186035e-01
-2.526125609874725342e-01
3.969025313854217529e-01
-1.635113835334777832e+00
-1.308348923921585083e-01
1.196892336010932922e-01
1.500924080610275269e-01
7.960329651832580566e-01
4.786516129970550537e-01
-5.429653525352478027e-01
-7.925296574831008911e-02
-4.817826747894287109e-01
8.636250346899032593e-02
3.121457695960998535e-01
2.102840095758438110e-01
1.498401314020156860e-01
7.124842405319213867e-01
-5.111112594604492188e-01
7.921614050865173340e-01
-6.326125562191009521e-02
-1.186457991600036621e+00
-2.079291194677352905e-01
-1.443996280431747437e-01
6.131698489189147949e-01
5.411134660243988037e-02
-6.203865408897399902e-01
2.014438249170780182e-02
-5.705239176750183105e-01
-3.298618495464324951e-01
2.230822741985321045e-01
3.191894590854644775e-01
8.801102638244628906e-03
-1.653037667274475098e-01
2.122253477573394775e-01
1.348382383584976196e-01
-7.703548669815063477e-02
-2.803966589272022247e-02
6.832308173179626465e-01
-2.664577364921569824e-01
-2.890436351299285889e-01
2.912897765636444092e-01
-1.724323928356170654e-01
2.041292339563369751e-01
-3.073244690895080566e-01
2.019193470478057861e-01
-3.496692478656768799e-01
3.131845593452453613e-01
5.864065289497375488e-01
3.711012899875640869e-01
-4.731301367282867432e-01
1.236806362867355347e-01
-2.294329106807708740e-01
5.084474384784698486e-02
-4.274782538414001465e-01
8.214285224676132202e-02
-3.467898964881896973e-01
-3.486767113208770752e-01
-5.074607953429222107e-02
-1.564970254898071289e+00
2.182509452104568481e-01
7.654181122779846191e-01
2.571376562118530273e-01
3.953308239579200745e-02
-3.873496949672698975e-01
2.509833872318267822e-01
6.122112870216369629e-01
3.915232121944427490e-01
1.422513425350189209e-01
4.559001922607421875e-01
-3.194555938243865967e-01
-2.238301783800125122e-01
-3.209575414657592773e-01
2.259040176868438721e-01
3.043886423110961914e-01
6.665831804275512695e-01
7.239143252372741699e-01
4.616331160068511963e-01
-4.003723338246345520e-02
8.096506595611572266e-01
-4.225459396839141846e-01
-6.993477046489715576e-02
-2.903987467288970947e-01
2.072443515062332153e-01
2.210139483213424683e-01
8.539168238639831543e-01
-1.484856158494949341e-01
-4.965366423130035400e-01
-2.123147696256637573e-01
-3.068675287067890167e-02
2.643004357814788818e-01
-9.889953583478927612e-02
-1.291295409202575684e+00
-2.381385266780853271e-01
-1.030074596405029297e+00
1.242690607905387878e-01
7.961079478263854980e-01
5.289559960365295410e-01
-1.979102566838264465e-02
1.289081387221813202e-02
-5.753707289695739746e-01
-7.579500079154968262e-01
-4.172172397375106812e-02
-2.118237614631652832e-01
-2.637013047933578491e-02
4.591576755046844482e-01
-7.929377555847167969e-01
-9.148439764976501465e-01
-2.120240926742553711e-01
-3.109061121940612793e-01
4.965130239725112915e-03
8.405458331108093262e-01
-6.675480604171752930e-01
4.215986654162406921e-02
-3.192290291190147400e-02
4.288444221019744873e-01
7.123827338218688965e-01
1.705929934978485107e-01
-4.450337588787078857e-01
1.294782400131225586e+00
-2.732810191810131073e-02
-4.787341654300689697e-01
-2.130586504936218262e-01
-4.715786278247833252e-01
6.537925004959106445e-01
-5.923885703086853027e-01
4.335271716117858887e-01
-1.099748969078063965e+00
-4.830473661422729492e-01
-2.111675888299942017e-01
2.750134170055389404e-01
-7.228526473045349121e-02
2.210560590028762817e-01
-4.541161954402923584e-01
-4.370876550674438477e-01
5.078839510679244995e-02
4.280119836330413818e-01
2.588897943496704102e-01
-3.038164079189300537e-01
3.131028711795806885e-01
-1.183104366064071655e-01
-2.194007672369480133e-02
6.625483930110931396e-02
4.013388603925704956e-02
7.137452960014343262e-01
-8.952578157186508179e-02
-6.229667663574218750e-01
-1.013282060623168945e+00
-8.848893642425537109e-02
-1.778389811515808105e-01
4.630682468414306641e-01
-8.216848224401473999e-02
2.579035758972167969e-01
1.769842952489852905e-01
-2.802335023880004883e-01
-6.122199818491935730e-02
1.885455697774887085e-01
2.115724086761474609e-01
5.024651288986206055e-01
-6.199690103530883789e-01
2.575822919607162476e-02
4.841926395893096924e-01
-1.540573537349700928e-01
-2.364201936870813370e-03
-3.085279464721679688e-01
2.653653919696807861e-01
-3.606266677379608154e-01
-5.235274881124496460e-02
2.575750648975372314e-01
-1.786466598510742188e+00
1.087988734245300293e+00
-6.899780035018920898e-02
-1.638985276222229004e-01
7.911417633295059204e-02
-1.269330233335494995e-01
-6.298448443412780762e-01
-5.036171674728393555e-01
-4.851931706070899963e-03
5.182409286499023438e-02
-9.633873105049133301e-01
2.703957259654998779e-01
1.238301247358322144e-01
1.512610465288162231e-01
-2.236740440130233765e-01
9.478618949651718140e-02
-1.268471628427505493e-01
-3.440060839056968689e-02
3.540622889995574951e-01
3.023889362812042236e-01
-8.880303055047988892e-02
2.589719295501708984e-01
-6.304683685302734375e-01
2.700726389884948730e-01
7.410712242126464844e-01
-1.569131612777709961e+00
2.339811064302921295e-02
-3.688258230686187744e-01
-2.477407604455947876e-01
-8.789310604333877563e-02
-3.982261419296264648e-01
-3.287902474403381348e-01
8.313433825969696045e-02
-8.448514156043529510e-03
-5.981748104095458984e-01
-1.152089089155197144e-01
-1.410671472549438477e-01
1.715039014816284180e-01
6.757245659828186035e-01
-2.226750105619430542e-01
3.539609909057617188e-01
-1.165326982736587524e-01
4.475375711917877197e-01
2.262649536132812500e-01
-2.495720423758029938e-02
-1.090633749961853027e+00
2.180044353008270264e-01
2.493453919887542725e-01
2.342815250158309937e-01
4.227152094244956970e-02
-6.986809372901916504e-01
-9.176663309335708618e-02
1.937192797660827637e+00
-3.843884915113449097e-02
-1.213089749217033386e-01
-3.548613190650939941e-01
2.991508543491363525e-01
-1.701723039150238037e-01
6.320551037788391113e-02
-3.352462127804756165e-02
1.728582084178924561e-01
2.784379757940769196e-02
6.196643784642219543e-02
-2.749380096793174744e-02
-3.092751801013946533e-01
5.337299108505249023e-01
2.576969861984252930e-01
-5.019952058792114258e-01
-6.267666220664978027e-01
7.605741918087005615e-02
-2.002787292003631592e-01
2.555541396141052246e-01
3.820832669734954834e-01
-5.591618418693542480e-01
1.327495276927947998e-02
3.710670173168182373e-01
-4.897145330905914307e-01
4.501107335090637207e-01
-1.941716298460960388e-02
-1.074544247239828110e-02
6.652544140815734863e-01
2.162070572376251221e-01
-8.048463463783264160e-01
9.443260431289672852e-01
-7.163972258567810059e-01
2.450409084558486938e-01
-5.294066667556762695e-01
-2.269163914024829865e-02
-8.466057479381561279e-02
4.936250448226928711e-01
2.706435620784759521e-01
2.834711968898773193e-01
6.369777321815490723e-01
-4.931433498859405518e-01
5.805732011795043945e-01
5.712954327464103699e-02
-3.427304625511169434e-01
-2.242635637521743774e-01
-4.211081564426422119e-01
-7.785914838314056396e-02
1.268653571605682373e-01
1.814725697040557861e-01
-1.350624859333038330e-01
1.610732227563858032e-01
-2.052202373743057251e-01
7.518198341131210327e-02
-2.439415454864501953e+00
-1.058941856026649475e-01
2.295930236577987671e-01
4.029477536678314209e-01
3.425675630569458008e-02
-4.320477843284606934e-01
2.410276979207992554e-01
-4.414995387196540833e-02
2.152602523565292358e-01
5.726672336459159851e-02
-7.331844419240951538e-02
-9.168922901153564453e-01
2.599579095840454102e-01
-2.894608378410339355e-01
-1.038169741630554199e+00
1.030232533812522888e-01
1.989160478115081787e-01
-1.848395705223083496e+00
5.028892755508422852e-01
-3.080103993415832520e-01
1.050114154815673828e+00
-2.963670194149017334e-01
-4.383384748507523909e-06
-1.916475221514701843e-02
-1.103045567870140076e-01
1.317612975835800171e-01
9.609989076852798462e-02
-8.868920803070068359e-01
-4.647238180041313171e-02
8.537084460258483887e-01
-2.206714451313018799e-01
2.046970278024673462e-01
-1.565239280462265015e-01
1.440012603998184204e-01
4.144493490457534790e-02
-9.246499836444854736e-02
5.311654806137084961e-01
3.201717436313629150e-01
-1.698252707719802856e-01
-2.101272791624069214e-01
-4.864672124385833740e-01
-6.015636324882507324e-01
2.986005544662475586e-01
2.534636557102203369e-01
3.674473986029624939e-02
4.413549304008483887e-01
2.510583400726318359e-02
-2.472934722900390625e-01
-5.353051796555519104e-02
1.254901051521301270e+00
-2.469500005245208740e-01
-4.967033565044403076e-01
-3.924231827259063721e-01
-4.836037158966064453e-01
-2.096491456031799316e-01
4.516115188598632812e-01
3.114782571792602539e-01
-3.663473725318908691e-01
1.504297256469726562e-01
4.032599627971649170e-01
-6.731275916099548340e-01
4.281021952629089355e-01
-1.462805271148681641e-01
-5.526748485863208771e-03
-2.632912993431091309e-01
1.116488203406333923e-01
1.796238422393798828e-01
4.855964779853820801e-01
3.558402135968208313e-02
-3.778629302978515625e-01
3.997040987014770508e-01
5.692861676216125488e-01
4.571514427661895752e-01
2.162767350673675537e-01
7.194031476974487305e-01
-5.164478421211242676e-01
-3.944779634475708008e-01
6.292577087879180908e-02
-4.302427172660827637e-01
5.879654288291931152e-01
-5.580088496208190918e-01
2.205261290073394775e-01
-1.610373854637145996e+00
2.634695768356323242e-01
-1.844630092382431030e-01
2.378128468990325928e-01
3.108677268028259277e-01
-5.729206651449203491e-02
8.358777165412902832e-01
-1.187605410814285278e-02
4.552747905254364014e-01
-1.242142543196678162e-01
6.957835704088211060e-02
-1.767270267009735107e-01
5.109377205371856689e-02
-3.791798651218414307e-01
-7.499398291110992432e-02
-1.688755899667739868e-01
-4.758198559284210205e-01
1.057136058807373047e+00
-9.169494509696960449e-01
-1.253800243139266968e-01
-5.336499810218811035e-01
6.056905984878540039e-01
-3.226266801357269287e-01
-4.254757985472679138e-02
6.945351958274841309e-01
-1.016052588820457458e-01
4.087330102920532227e-01
1.413283199071884155e-01
5.897490307688713074e-02
1.300782859325408936e-01
-4.642001818865537643e-03
2.531789243221282959e-01
5.368268489837646484e-02
1.981724947690963745e-01
-3.914928138256072998e-01
-2.551876604557037354e-01
-3.760433197021484375e-01
-5.080243349075317383e-01
8.754436969757080078e-01
3.390149772167205811e-02
4.543817043304443359e-01
-4.240481555461883545e-01
1.091437339782714844e-01
-7.170570492744445801e-01
-2.329063862562179565e-01
5.478918924927711487e-02
-9.875552058219909668e-01
-1.178699508309364319e-01
-2.836229801177978516e-01
-1.455418467521667480e-01
-1.488556265830993652e-01
-1.536396592855453491e-01
-9.086115285754203796e-03
6.219249367713928223e-01
-1.407298594713211060e-01
6.192807108163833618e-02
-1.353328078985214233e-01
5.092070251703262329e-02
-1.747657895088195801e+00
1.055421680212020874e-01
4.465278983116149902e-01
-1.396021544933319092e-01
1.087549049407243729e-02
1.823955625295639038e-01
3.089921548962593079e-02
2.738558948040008545e-01
-2.241131365299224854e-01
-3.309459090232849121e-01
6.245698332786560059e-01
9.432533979415893555e-01
8.476621657609939575e-02
-3.477966785430908203e-02
-9.384208917617797852e-02
-1.930424273014068604e-01
-2.617252767086029053e-01
-5.281441658735275269e-02
-3.033394515514373779e-01
-7.844343781471252441e-01
1.901186406612396240e-01
3.039450943470001221e-01
5.782795548439025879e-01
-1.188056230545043945e+00
2.890323102474212646e-01
-3.196211755275726318e-01
-5.559325218200683594e-01
1.229860112071037292e-01
-4.560261666774749756e-01
-1.201595515012741089e-01
2.696191370487213135e-01
-3.629056364297866821e-02
-8.337943255901336670e-02
2.593511044979095459e-01
-5.998945832252502441e-01
4.781656712293624878e-02
-8.060787320137023926e-01
-3.296149373054504395e-01
2.648331411182880402e-02
-1.091641783714294434e-01
-3.147938251495361328e-01
1.452041715383529663e-01
5.881152302026748657e-02
-3.014434278011322021e-01
5.819747224450111389e-02
-8.406510949134826660e-01
-9.241239726543426514e-02
1.379840970039367676e+00
-9.739182889461517334e-02
-6.184903383255004883e-01
5.266443639993667603e-02
-1.850686669349670410e-01
1.569001227617263794e-01
3.689250946044921875e-01
2.518479898571968079e-02
-5.298815295100212097e-02
-9.668318927288055420e-02
-6.577256917953491211e-01
-1.265251040458679199e-01
6.082377582788467407e-02
3.966119885444641113e-02
-2.222951799631118774e-01
-7.253838330507278442e-02
-7.198282331228256226e-02
6.407368779182434082e-01
4.304128885269165039e-02
1.668941080570220947e-01
-8.666350692510604858e-02
-3.990100622177124023e-01
1.053659617900848389e-01
-3.824238181114196777e-01
-5.902752280235290527e-01
-1.056368276476860046e-01
-3.466880619525909424e-01
-4.387000501155853271e-01
3.195833563804626465e-01
6.136503219604492188e-01
1.076139882206916809e-01
9.034551382064819336e-01
4.270263016223907471e-01
-1.177649021148681641e+00
-9.898736327886581421e-02
-2.339842617511749268e-01
-3.669301271438598633e-01
7.349220663309097290e-02
-4.053780436515808105e-01
-3.407196402549743652e-01
5.509399771690368652e-01
2.213481217622756958e-01
-8.049929141998291016e-01
5.377982258796691895e-01
4.308614432811737061e-01
3.276441097259521484e-01
-1.089323218911886215e-02
4.785064980387687683e-02
1.222153082489967346e-01
-8.061182498931884766e-02
-1.879958510398864746e-01
-4.014477133750915527e-01
-5.273711085319519043e-01
1.052404567599296570e-01
-1.043302491307258606e-01
6.525590419769287109e-01
-6.202331781387329102e-01
3.562680780887603760e-01
-3.613952398300170898e-01
-4.540496468544006348e-01
3.500899374485015869e-01
-2.877210676670074463e-01
-2.383602261543273926e-01
-1.264105439186096191e-01
2.301231473684310913e-01
-2.511823177337646484e-01
-1.015885360538959503e-02
-2.279127389192581177e-02
-1.306990534067153931e-01
2.522288262844085693e-01
7.751833796501159668e-01
1.688391566276550293e-01
5.454076528549194336e-01
-1.317670941352844238e-01
8.891170471906661987e-02
-7.005565762519836426e-01
2.754549384117126465e-01
-2.264393866062164307e-01
1.012527942657470703e+00
-4.499405995011329651e-02
-2.170140482485294342e-02
4.710156619548797607e-01
1.486347913742065430e-01
1.039992943406105042e-01
2.353705912828445435e-01
-6.249104067683219910e-02
1.809584349393844604e-01
2.641033530235290527e-01
2.120789587497711182e-01
-2.115538865327835083e-01
1.242042899131774902e+00
-2.316201776266098022e-01
6.246972680091857910e-01
-1.250642180442810059e+00
6.613419651985168457e-01
-2.004453986883163452e-01
5.730645060539245605e-01
-5.167491436004638672e-01
3.355405926704406738e-01
5.595587491989135742e-01
-3.688926994800567627e-02
7.463083863258361816e-01
9.020749479532241821e-02
1.346369236707687378e-01
1.682442873716354370e-01
2.550865709781646729e-01
5.576085448265075684e-01
-6.092139482498168945e-01
-2.464962452650070190e-01
2.413032762706279755e-02
-4.032696783542633057e-01
-2.888284027576446533e-01
6.347842216491699219e-01
2.722498178482055664e-01
2.075484693050384521e-01
-5.101322531700134277e-01
1.368588358163833618e-01
-5.006762742996215820e-01
1.039362907409667969e+00
3.216121792793273926e-01
-5.702549591660499573e-02
6.046615242958068848e-01
5.530956387519836426e-01
-9.594907611608505249e-02
-5.092269182205200195e-02
-4.890148714184761047e-02
-2.368871867656707764e-01
7.251072525978088379e-01
-6.676162034273147583e-02
5.691269412636756897e-02
-1.412609368562698364e-01
3.091180920600891113e-01
-3.526383340358734131e-01
3.351179659366607666e-01
-9.301979094743728638e-02
1.481130123138427734e-01
2.488496452569961548e-01
2.260772585868835449e-01
1.390617489814758301e+00
4.291838705539703369e-01
-3.026622533798217773e-01
5.969152972102165222e-02
7.383096218109130859e-01
-1.532786488533020020e-01
1.951377540826797485e-01
-1.045261621475219727e+00
-7.121342420578002930e-02
1.896910816431045532e-01
1.020883694291114807e-01
-1.082790642976760864e-02
6.305737495422363281e-01
-2.120573222637176514e-01
4.844576120376586914e-03
1.522172093391418457e-01
6.624938845634460449e-01
-2.366781532764434814e-01
1.128475666046142578e-01
8.782354183495044708e-03
-2.419670373201370239e-01
2.660304866731166840e-02
8.886981606483459473e-01
2.036870568990707397e-01
-1.936615347862243652e+00
2.952892780303955078e-01
-5.373750925064086914e-01
1.874947547912597656e-02
4.883149564266204834e-01
4.245392978191375732e-01
1.188652887940406799e-01
-1.478769630193710327e-01
-3.828482925891876221e-01
-9.234889596700668335e-02
-6.281142830848693848e-01
1.970288872718811035e+00
4.408845901489257812e-01
4.618865847587585449e-01
-1.852666139602661133e-01
-6.433085352182388306e-02
2.099619358777999878e-01
-1.940113157033920288e-01
3.141409158706665039e-01
-1.803165227174758911e-01
1.245738938450813293e-02
-1.526747737079858780e-02
-1.222198158502578735e-01
-9.343393892049789429e-02
1.019733548164367676e-01
-2.240496426820755005e-01
3.056849539279937744e-01
-8.288704603910446167e-02
3.288662135601043701e-01
2.928526699542999268e-01
-7.365156412124633789e-01
2.275838404893875122e-01
-6.436605751514434814e-02
7.815527915954589844e-02
3.188464790582656860e-02
9.717099070549011230e-01
-9.114123880863189697e-02
-2.169514819979667664e-02
1.547399908304214478e-01
-1.142570257186889648e+00
1.958609558641910553e-02
-6.384646892547607422e-02
-1.658640652894973755e-01
2.100251764059066772e-01
-2.283112555742263794e-01
-8.470609039068222046e-02
4.792883098125457764e-01
4.745950698852539062e-01
5.692726969718933105e-01
5.237212777137756348e-01
5.747917890548706055e-01
1.790852248668670654e-01
9.790664911270141602e-02
-1.551588177680969238e-01
2.008194327354431152e-01
4.603203833103179932e-01
-3.768574297428131104e-01
-8.088324964046478271e-02
-3.809812366962432861e-01
-3.991623520851135254e-01
2.487911609932780266e-03
3.505719080567359924e-02
-3.054908812046051025e-01
1.071225553750991821e-01
2.748965620994567871e-01
8.000044524669647217e-02
2.892445921897888184e-01
-2.692410647869110107e-01
1.285395771265029907e-01
-1.718257069587707520e-01
3.012075424194335938e-01
-3.322801589965820312e-01
-5.828881263732910156e-01
2.713425457477569580e-01
-6.055151224136352539e-01
-7.456125617027282715e-01
1.981827914714813232e-01
5.372564196586608887e-01
7.963805794715881348e-01
1.955603659152984619e-01
1.195853129029273987e-01
-2.058232277631759644e-01
7.872580289840698242e-01
-5.390045642852783203e-01
-1.615690886974334717e-01
-6.418463587760925293e-01
-9.368546307086944580e-02
3.366248309612274170e-01
-8.559910580515861511e-03
2.073278725147247314e-01
4.192052781581878662e-01
-2.952568531036376953e-01
-5.526579618453979492e-01
2.090877890586853027e-01
-4.816187024116516113e-01
-9.991646409034729004e-01
-1.188123896718025208e-01
4.555907547473907471e-01
8.229153752326965332e-01
2.095699608325958252e-01
1.954117417335510254e-01
5.304613709449768066e-02
8.289808034896850586e-01
-1.401240974664688110e-01
-5.489692687988281250e-01
-2.536554932594299316e-01
1.199209243059158325e-01
2.724161148071289062e-01
2.288313806056976318e-01
6.323458254337310791e-02
-4.619971215724945068e-01
7.812576368451118469e-03
-7.083489894866943359e-01
3.772205710411071777e-01
-3.889296650886535645e-01
-7.197960615158081055e-01
1.099325776100158691e+00
-2.272970043122768402e-02
6.160523295402526855e-01
3.148999810218811035e-01
-4.436874296516180038e-03
-2.353845685720443726e-01
3.405176699161529541e-01
3.831243813037872314e-01
-2.508625686168670654e-01
-1.060121506452560425e-01
2.244224846363067627e-01
3.492405414581298828e-01
1.512647271156311035e+00
3.767842650413513184e-01
3.204447031021118164e-01
-1.853065751492977142e-02
-3.562768101692199707e-01
4.334852397441864014e-01
3.594011664390563965e-01
5.591211915016174316e-01
-5.001036524772644043e-01
6.012974381446838379e-01
-5.263246893882751465e-01
3.774417936801910400e-01
-1.664142459630966187e-01
4.393349885940551758e-01
-2.725416123867034912e-01
-2.524804174900054932e-01
6.340752840042114258e-01
-1.309128254652023315e-01
-4.040718972682952881e-01
2.469363361597061157e-01
-3.387894034385681152e-01
-1.708939522504806519e-01
2.432627826929092407e-01
9.352536499500274658e-02
-2.268604375422000885e-02
-8.423747122287750244e-02
-3.965799510478973389e-01
-2.330408841371536255e-01
-4.207662865519523621e-02
5.459019541740417480e-02
4.595764577388763428e-01
-3.548493385314941406e-01
4.355258345603942871e-01
-3.186377882957458496e-01
1.132181659340858459e-01
1.986583322286605835e-02
-4.920840263366699219e-01
-2.226208597421646118e-01
2.599298357963562012e-01
6.127405446022748947e-03
-5.536583065986633301e-01
2.661525607109069824e-01
1.971357464790344238e-01
-5.280562639236450195e-01
-8.913987874984741211e-02
2.550033628940582275e-01
6.692742109298706055e-01
4.600712656974792480e-01
-4.863859415054321289e-01
2.706435918807983398e-01
-1.368144899606704712e-01
5.434830188751220703e-01
-3.668223321437835693e-01
6.267761588096618652e-01
1.111264452338218689e-01
3.467285633087158203e-01
1.213564872741699219e-01
2.508575618267059326e-01
4.770799726247787476e-02
7.091224938631057739e-02
-9.452982544898986816e-01
-5.091436579823493958e-02
1.459097385406494141e+00
-1.830137372016906738e-01
-4.279457032680511475e-01
-2.917104959487915039e-01
-2.745207250118255615e-01
-5.573097467422485352e-01
1.191045284271240234e+00
-4.532963633537292480e-01
5.407279729843139648e-01
1.126352921128273010e-01
1.233780197799205780e-02
-4.986226856708526611e-01
7.327307015657424927e-02
-8.603813052177429199e-01
-1.242173686623573303e-01
-3.199278116226196289e-01
-5.351564884185791016e-01
4.180420637130737305e-01
2.364242792129516602e+00
7.593129277229309082e-01
4.018661975860595703e-01
-3.693675994873046875e-01
-3.668539524078369141e-01
-2.534995377063751221e-01
-3.727653622627258301e-01
-2.233317792415618896e-01
1.369157433509826660e-02
7.626447081565856934e-01
1.684409081935882568e-01
5.553453564643859863e-01
1.159773096442222595e-01
4.281916022300720215e-01
1.342158168554306030e-01
-9.187850356101989746e-02
-4.945037141442298889e-02
-2.904155552387237549e-01
-6.929972767829895020e-01
2.615915834903717041e-01
-7.831053137779235840e-01
3.263597488403320312e-01
-4.271162748336791992e-01
5.273529887199401855e-01
8.453819155693054199e-01
-2.764807343482971191e-01
-2.635209262371063232e-01
6.893688812851905823e-03
2.598687112331390381e-01
1.897319853305816650e-01
-2.650413103401660919e-02
2.459209598600864410e-02
-2.035303972661495209e-02
-7.773561030626296997e-02
3.283624947071075439e-01
1.510830223560333252e-01
-3.584006130695343018e-01
8.650521188974380493e-02
2.000687420368194580e-01
-5.750591158866882324e-01
-2.333165109157562256e-01
2.985261976718902588e-01
-8.926247358322143555e-01
1.629191786050796509e-01
4.343054816126823425e-02
-1.272009313106536865e-01
-1.196555942296981812e-01
1.795631833374500275e-02
2.809146940708160400e-01
1.686531603336334229e-01
-1.891269236803054810e-01
-6.355832815170288086e-01
-1.224790513515472412e-01
-1.751651316881179810e-01
-3.163602203130722046e-02
6.835665106773376465e-01
-1.077036559581756592e-01
2.730412781238555908e-01
5.114181041717529297e-01
1.437590122222900391e-01
3.106931149959564209e-01
-6.058068946003913879e-02
-1.310102105140686035e+00
1.281452775001525879e-01
-5.864655598998069763e-02
-3.029091358184814453e-01
-2.602549195289611816e-01
-1.097755581140518188e-01
4.356885850429534912e-01
-8.993570208549499512e-01
3.349318504333496094e-01
-1.311646103858947754e-01
2.091874182224273682e-01
-3.808263838291168213e-01
-6.087471172213554382e-02
1.650233753025531769e-02
-2.797977328300476074e-01
-5.679334998130798340e-01
-7.968212664127349854e-02
7.967116311192512512e-03
1.510122179985046387e+00
2.347354590892791748e-01
9.781011343002319336e-01
-8.126578177325427532e-04
-2.196352481842041016e-01
-4.768742714077234268e-03
5.827954411506652832e-01
3.188896179199218750e-01
4.609003290534019470e-02
9.981670975685119629e-02
-1.074035689234733582e-01
3.368239849805831909e-02
-4.516049921512603760e-01
1.909446120262145996e-01
-2.681856453418731689e-01
2.175326794385910034e-01
3.554471731185913086e-01
-6.842854619026184082e-02
-1.533216983079910278e-01
1.919315308332443237e-01
-2.482229322195053101e-01
-1.967502236366271973e-01
3.887964040040969849e-02
-1.074360534548759460e-01
-2.806308567523956299e-01
4.127132240682840347e-03
-4.654183983802795410e-01
-9.376378655433654785e-01
5.390726923942565918e-01
4.682148694992065430e-01
8.400805592536926270e-01
3.317769765853881836e-01
1.830377280712127686e-01
2.021086961030960083e-02
4.588413536548614502e-01
-6.324357390403747559e-01
-3.634766638278961182e-01
-3.111559450626373291e-01
4.497635737061500549e-02
3.168677985668182373e-01
1.581919044256210327e-01
-1.227694824337959290e-01
-4.986547827720642090e-01
1.390783488750457764e-01
1.341854035854339600e-01
-2.123020589351654053e-02
-4.981880486011505127e-01
-5.601831898093223572e-02
1.116899922490119934e-01
1.223634183406829834e-01
1.261766552925109863e-01
3.125906288623809814e-01
5.367950201034545898e-01
-4.714227914810180664e-01
2.137726396322250366e-01
-2.729656696319580078e-01
-5.009542107582092285e-01
-2.077547907829284668e-01
6.799361854791641235e-02
-4.705709964036941528e-02
8.421733975410461426e-01
-1.347444355487823486e-01
-9.284970760345458984e-01
-4.798852838575839996e-03
-1.667482107877731323e-01
4.721101522445678711e-01
1.093091070652008057e-01
6.515933573246002197e-02
-5.346223711967468262e-01
3.104904592037200928e-01
-2.726995050907135010e-01
6.751713156700134277e-02
-5.091633796691894531e-01
3.567302227020263672e-01
-2.008757144212722778e-01
3.450298607349395752e-01
1.894456893205642700e-01
5.798311829566955566e-01
2.938117682933807373e-01
1.534147262573242188e-01
-6.518437713384628296e-02
-7.762151956558227539e-01
-3.553561633452773094e-03
-5.282216072082519531e-01
-3.141061365604400635e-01
1.038141027092933655e-01
1.056594476103782654e-01
-1.241295225918292999e-02
-8.916787505149841309e-01
4.983684420585632324e-02
-1.207558959722518921e-01
2.947305142879486084e-01
-5.079804062843322754e-01
6.699408292770385742e-01
-3.239812701940536499e-02
-3.283538520336151123e-01
8.968368172645568848e-01
-4.390786588191986084e-02
3.123836033046245575e-02
1.405945122241973877e-01
-5.696513056755065918e-01
-1.646025776863098145e-01
-2.540699243545532227e-01
-5.779296159744262695e-02
-2.810476124286651611e-01
4.937347024679183960e-02
-5.558822154998779297e-01
-5.275430083274841309e-01
7.467867136001586914e-01
3.164491355419158936e-01
2.972524762153625488e-01
-6.709678173065185547e-01
6.054415106773376465e-01
-8.990972489118576050e-02
3.726155757904052734e-01
1.776641607284545898e-01
-6.447502970695495605e-01
-1.319383531808853149e-01
1.162161529064178467e-01
2.256141901016235352e-01
6.345437467098236084e-02
9.586222767829895020e-01
2.073253244161605835e-01
3.809873759746551514e-02
1.905710697174072266e-01
2.672857344150543213e-01
2.459640242159366608e-02
5.660674571990966797e-01
6.648879647254943848e-01
-1.024251729249954224e-01
-3.191468119621276855e-01
4.250793904066085815e-02
-5.420771241188049316e-01
1.353802680969238281e-01
-4.866223037242889404e-01
1.043935213238000870e-02
3.853914737701416016e-01
4.747280851006507874e-02
-8.544637262821197510e-02
3.436248051002621651e-03
1.271046251058578491e-01
-5.373299717903137207e-01
1.598597466945648193e-01
1.390753090381622314e-01
-2.386595867574214935e-02
1.930129081010818481e-01
-7.039597034454345703e-01
-5.881684422492980957e-01
4.253101944923400879e-01
7.596187293529510498e-03
4.770525693893432617e-01
4.732902720570564270e-02
6.635024547576904297e-01
-4.425923526287078857e-01
8.308024406433105469e-01
-9.447966814041137695e-01
-3.659867942333221436e-01
-5.815796256065368652e-01
-3.253282979130744934e-02
1.447005122900009155e-01
4.040297269821166992e-01
3.998014926910400391e-01
-1.869704872369766235e-01
2.518017888069152832e-01
5.532886385917663574e-01
-2.656327933073043823e-02
4.884468019008636475e-01
5.612061619758605957e-01
-1.035005003213882446e-01
-3.699062168598175049e-01
-7.318750023841857910e-01
-2.597168982028961182e-01
-3.750692009925842285e-01
-2.650391869246959686e-02
-5.724609494209289551e-01
4.742945432662963867e-01
2.659937739372253418e-01
4.365783035755157471e-01
2.145688747987151146e-03
-4.483492970466613770e-01
1.059186533093452454e-01
-4.121735394001007080e-01
-4.817672371864318848e-01
-5.720630884170532227e-01
-4.622311890125274658e-01
3.081634342670440674e-01
-3.206927180290222168e-01
2.666869461536407471e-01
-4.015845060348510742e-01
4.545084387063980103e-02
-3.554970398545265198e-02
3.898076340556144714e-02
-4.955763369798660278e-02
2.027447819709777832e-01
-4.903670251369476318e-01
-2.458120435476303101e-01
4.600097835063934326e-01
1.555008888244628906e-01
-3.650077581405639648e-01
4.811343550682067871e-01
-2.680226564407348633e-01
2.988663911819458008e-01
-8.928256481885910034e-02
6.849395483732223511e-02
-7.526399102061986923e-03
-3.581989407539367676e-01
-7.127254456281661987e-02
-1.264829188585281372e-01
-3.070970177650451660e-01
1.262956410646438599e-01
-3.561028093099594116e-02
-3.247204795479774475e-02
4.450375139713287354e-01
-2.713553309440612793e-01
-8.940874040126800537e-02
2.006893008947372437e-01
3.318660855293273926e-01
-7.843110710382461548e-03
-8.689316362142562866e-02
2.163284718990325928e-01
-1.666503399610519409e-01
-1.370804943144321442e-02
-6.781214475631713867e-01
-5.704299211502075195e-01
1.466814875602722168e-01
5.609421133995056152e-01
-4.329977929592132568e-01
4.949660897254943848e-01
4.346242249011993408e-01
-1.880712807178497314e-01
-2.895606160163879395e-01
-3.179847300052642822e-01
-4.395681619644165039e-01
2.051534503698348999e-01
-6.492158174514770508e-01
-9.822998940944671631e-02
-2.434885501861572266e-01
1.895181834697723389e-01
6.363238394260406494e-02
4.977967739105224609e-01
1.927086710929870605e-02
3.565326333045959473e-01
-1.991165056824684143e-02
-1.073230579495429993e-01
3.961496055126190186e-01
3.834157884120941162e-01
2.182839214801788330e-01
-1.161699071526527405e-01
4.288000166416168213e-01
-4.212447255849838257e-02
-1.036184281110763550e-01
3.231518268585205078e-01
4.077904671430587769e-02
-4.019781202077865601e-02
1.721132844686508179e-01
-1.709757298231124878e-01
-1.071473285555839539e-01
-2.333038151264190674e-01
-1.419235114008188248e-02
3.654704988002777100e-01
-2.775967121124267578e-01
7.674475014209747314e-02
-1.091107949614524841e-01
5.128575563430786133e-01
-4.511561617255210876e-02
