5.420766472816467285e-01
-1.473064571619033813e-01
-1.582908183336257935e-01
3.367843851447105408e-02
-4.522956311702728271e-01
7.119271755218505859e-01
-9.565013460814952850e-03
2.857589125633239746e-01
1.712222248315811157e-01
-1.199378252029418945e+00
-6.238115951418876648e-02
2.310293316841125488e-01
4.163303077220916748e-01
-2.070944160223007202e-01
-1.843805462121963501e-01
-8.596950173377990723e-01
-2.154693379998207092e-02
-1.092548947781324387e-02
4.534527659416198730e-01
6.986715793609619141e-01
-7.359167188405990601e-02
-1.427798986434936523e+00
5.903081968426704407e-02
-5.775292515754699707e-01
-5.083519592881202698e-02
-6.090695261955261230e-01
2.835290133953094482e-01
8.602086305618286133e-01
-3.646776676177978516e-01
5.842468142509460449e-01
9.039469063282012939e-03
3.521344065666198730e-01
5.019679665565490723e-01
-4.928460121154785156e-01
-5.000075101852416992e-01
-7.119827270507812500e-01
6.975669264793395996e-01
6.232923865318298340e-01
5.245768427848815918e-01
1.187962964177131653e-01
9.908080697059631348e-01
-8.314990401268005371e-01
8.169699311256408691e-01
-2.774466574192047119e-01
-4.148168265819549561e-01
4.625771343708038330e-01
-8.248376250267028809e-01
6.776927113533020020e-01
-5.482015013694763184e-01
3.232358396053314209e-01
-5.888742804527282715e-01
-3.890283703804016113e-01
5.685009360313415527e-01
-6.728585958480834961e-01
1.241982936859130859e+00
6.157860159873962402e-02
2.081599645316600800e-02
-7.324497699737548828e-01
1.232613563537597656e+00
6.070373654365539551e-01
2.805778086185455322e-01
-2.508027851581573486e-01
-1.625832766294479370e-01
1.648471057415008545e-01
2.090337127447128296e-01
9.460437297821044922e-02
2.169609069824218750e-01
7.133834958076477051e-01
-1.976488828659057617e-01
-6.920226812362670898e-01
2.116501927375793457e-01
-2.868570201098918915e-02
-1.381463184952735901e-02
-7.713432312011718750e-01
-9.790597110986709595e-02
6.454853713512420654e-02
4.037755429744720459e-01
2.266744822263717651e-01
7.933161221444606781e-03
5.684942007064819336e-01
-3.137137293815612793e-01
-1.553431302309036255e-01
-1.037157103419303894e-01
-2.681649923324584961e-01
4.027415812015533447e-01
-2.328086644411087036e-01
-1.099701896309852600e-01
3.413341045379638672e-01
-8.296806365251541138e-02
-3.211077153682708740e-01
5.686588287353515625e-01
5.174636468291282654e-02
9.917294979095458984e-02
-1.813961714506149292e-01
-2.350902259349822998e-01
-4.822641015052795410e-01
-2.407575212419033051e-02
5.612323284149169922e-01
-4.047020971775054932e-01
-4.373206794261932373e-01
2.467777729034423828e-01
-6.172192096710205078e-02
3.783439993858337402e-01
3.110734224319458008e-01
-5.450633168220520020e-01
-5.406479351222515106e-03
3.131324648857116699e-01
-2.521650493144989014e-01
-1.193770617246627808e-01
3.554095625877380371e-01
-2.820101678371429443e-01
-2.081230878829956055e-01
1.229369193315505981e-01
4.191393554210662842e-01
1.907592862844467163e-01
3.654798567295074463e-01
-2.554948329925537109e-01
-5.161603540182113647e-02
-1.043765917420387268e-01
-2.763879597187042236e-01
-1.354265064001083374e-01
1.689293086528778076e-01
2.191175371408462524e-01
-1.044834479689598083e-01
1.636831611394882202e-01
-2.175035923719406128e-01
-6.025421246886253357e-02
-5.329402908682823181e-02
3.048797547817230225e-01
-5.558561906218528748e-02
-1.769891008734703064e-02
1.103059798479080200e-01
-7.958069443702697754e-02
-1.810138374567031860e-01
6.237110588699579239e-03
1.052694395184516907e-01
-3.289835751056671143e-01
1.679146140813827515e-01
6.661688536405563354e-02
-2.775613367557525635e-01
-7.881361842155456543e-01
7.202096581459045410e-01
-2.563300132751464844e-01
3.607439696788787842e-01
4.108700156211853027e-01
-3.844325244426727295e-01
2.096904963254928589e-01
-3.958586454391479492e-01
3.802393674850463867e-01
4.413943588733673096e-01
1.505899131298065186e-01
3.712467551231384277e-01
-1.840259879827499390e-01
4.989053010940551758e-01
-3.562997579574584961e-01
-1.593381464481353760e-01
-5.382065176963806152e-01
-7.221986353397369385e-02
-1.555444151163101196e-01
-6.521326303482055664e-01
5.528790876269340515e-02
-2.221884727478027344e-01
2.367665022611618042e-01
-3.605281934142112732e-02
-6.123940348625183105e-01
3.005887567996978760e-01
-2.765520811080932617e-01
1.221821382641792297e-01
-4.761271476745605469e-01
-6.082739681005477905e-02
-5.348084568977355957e-01
-3.792452216148376465e-01
1.538496613502502441e-01
-1.517236679792404175e-01
3.867664039134979248e-01
5.673077106475830078e-01
4.314679801464080811e-01
-2.516332268714904785e-01
6.122379750013351440e-02
4.426766932010650635e-01
-2.414254695177078247e-01
5.269043520092964172e-02
-1.280213356018066406e+00
-2.733058631420135498e-01
5.477166175842285156e-01
-6.900338083505630493e-02
8.491280078887939453e-01
-2.272165119647979736e-01
9.205132722854614258e-02
1.365099698305130005e-01
6.605352759361267090e-01
4.750548899173736572e-01
-2.879241704940795898e-01
2.254627048969268799e-01
-6.307068467140197754e-01
-6.604576110839843750e-01
7.245526313781738281e-01
2.146908640861511230e-01
3.279795497655868530e-02
-1.609539389610290527e-01
2.724777758121490479e-01
-3.205385208129882812e-01
2.648327350616455078e-01
-1.433038618415594101e-02
8.901122212409973145e-02
1.139147654175758362e-01
-1.172704771161079407e-01
2.761967480182647705e-01
2.577107213437557220e-02
-2.299372479319572449e-02
-1.688674241304397583e-01
-4.877699166536331177e-02
-4.792170599102973938e-03
-2.973144352436065674e-01
2.678259611129760742e-01
3.309868276119232178e-01
-8.850075304508209229e-02
-3.457418382167816162e-01
9.106565266847610474e-02
2.543583214282989502e-01
-3.334235250949859619e-01
1.469589620828628540e-01
-5.552367493510246277e-02
-3.409957289695739746e-01
-3.623990714550018311e-01
-4.825188219547271729e-02
-2.342280894517898560e-01
2.660794854164123535e-01
-1.743010580539703369e-01
7.382713556289672852e-01
-6.147791743278503418e-01
-5.515340566635131836e-01
5.056613087654113770e-01
6.013713404536247253e-02
7.426323741674423218e-02
3.107575178146362305e-01
-2.071588039398193359e-01
-1.851023435592651367e-01
1.133576184511184692e-01
8.079458959400653839e-03
1.791214793920516968e-01
-3.083543479442596436e-01
3.750790357589721680e-01
3.016624785959720612e-02
-2.399777770042419434e-01
2.844856679439544678e-01
-4.083654582500457764e-01
-1.510238945484161377e-01
-3.344630300998687744e-01
4.816250503063201904e-01
-1.516712158918380737e-01
-3.344526588916778564e-01
1.952190697193145752e-01
2.641379535198211670e-01
3.575473129749298096e-01
1.455871164798736572e-01
-2.267961800098419189e-01
-2.111493945121765137e-01
3.469924628734588623e-01
1.687546372413635254e-01
5.089145302772521973e-01
-1.499307304620742798e-01
-2.237182706594467163e-01
-6.301581263542175293e-01
-4.040026068687438965e-01
-1.493650954216718674e-02
-1.036083251237869263e-01
8.240875005722045898e-01
-3.580202907323837280e-02
6.727980077266693115e-02
-4.264198541641235352e-01
-5.881516262888908386e-02
6.506273150444030762e-01
-7.525437474250793457e-01
-1.973108649253845215e-01
-8.805041015148162842e-02
3.179842829704284668e-01
-2.356306910514831543e-01
2.115929424762725830e-01
1.327634453773498535e-01
2.732937633991241455e-01
1.649509370326995850e-01
3.157097995281219482e-01
2.153901308774948120e-01
-7.510221749544143677e-02
-5.363019704818725586e-01
1.716636121273040771e-02
7.571144104003906250e-01
1.997400373220443726e-01
-2.416617423295974731e-01
-8.891212940216064453e-02
8.852633088827133179e-02
2.658726274967193604e-01
-5.491944551467895508e-01
8.639805018901824951e-02
-2.098583728075027466e-01
1.656163716688752174e-03
3.863332569599151611e-01
-7.435302734375000000e-01
2.607876658439636230e-01
3.827559947967529297e-02
-1.711788959801197052e-02
5.876703262329101562e-01
-2.677161395549774170e-01
-1.273664683103561401e-01
-2.071153223514556885e-01
-4.836527705192565918e-01
5.840150713920593262e-01
-1.714810878038406372e-01
6.370277702808380127e-02
-7.522631436586380005e-02
-2.061567455530166626e-02
1.005352139472961426e+00
-5.917060375213623047e-01
8.757876157760620117e-01
-2.211774438619613647e-01
2.677830755710601807e-01
1.587611138820648193e-01
5.028720945119857788e-02
2.048028409481048584e-01
5.824847146868705750e-02
-5.279703438282012939e-02
2.185373157262802124e-01
-1.300424933433532715e-01
-1.327546536922454834e-01
9.151760488748550415e-02
-3.783921301364898682e-01
1.894388645887374878e-01
-2.289465218782424927e-01
1.675719618797302246e-01
-1.446595191955566406e-01
-1.389863342046737671e-01
4.271463453769683838e-01
-6.479401886463165283e-02
2.929975688457489014e-01
1.173121258616447449e-01
-1.964418888092041016e-01
-4.142860174179077148e-01
2.850424647331237793e-01
5.533314868807792664e-02
2.907321155071258545e-01
-3.730183541774749756e-01
-9.337858110666275024e-02
1.107102110981941223e-01
-7.247136533260345459e-02
2.914154529571533203e-01
-2.260266840457916260e-01
-3.040897548198699951e-01
-2.698677182197570801e-01
6.869515776634216309e-01
-1.164618059992790222e-01
-8.620113134384155273e-02
6.816631555557250977e-02
3.956600129604339600e-01
3.181577920913696289e-01
3.624221384525299072e-01
6.965225338935852051e-01
-9.177510738372802734e-01
9.126420617103576660e-01
5.167902112007141113e-01
1.662498712539672852e-01
-4.400801062583923340e-01
4.634202718734741211e-01
2.143214643001556396e-01
-1.432759761810302734e-01
2.310315519571304321e-01
-2.106463760137557983e-01
-1.706990040838718414e-02
-4.578823968768119812e-02
1.476980447769165039e-01
-5.613492131233215332e-01
-2.567221820354461670e-01
1.472271699458360672e-02
-8.757642656564712524e-02
3.492024540901184082e-01
3.674052059650421143e-01
-3.762787878513336182e-01
-1.163032501935958862e-01
3.692505061626434326e-01
1.924207508563995361e-01
-3.844399154186248779e-01
3.509971499443054199e-02
-1.468105614185333252e-01
8.048990368843078613e-02
2.190928608179092407e-01
-1.970929652452468872e-01
3.828875422477722168e-01
2.330342084169387817e-01
1.304527521133422852e-01
-8.434533476829528809e-01
4.454991817474365234e-01
4.854999482631683350e-01
-1.812180429697036743e-01
-6.191203594207763672e-01
-1.128299236297607422e-01
-2.666818797588348389e-01
-1.257261186838150024e-01
7.053562402725219727e-01
-2.893067002296447754e-01
-2.720232307910919189e-01
2.404674440622329712e-01
-2.053446620702743530e-01
-1.890160888433456421e-01
-2.241954356431961060e-01
4.653001725673675537e-01
-3.241466581821441650e-01
1.802833527326583862e-01
3.473747968673706055e-01
4.378409087657928467e-01
-6.942756772041320801e-01
4.410015642642974854e-01
5.675376057624816895e-01
-1.575775146484375000e-01
-7.579651474952697754e-01
-1.034451052546501160e-01
-1.925128847360610962e-01
2.924926280975341797e-01
4.704859256744384766e-01
-1.008041203022003174e-01
3.374449312686920166e-01
2.373308539390563965e-01
-7.720146328210830688e-02
2.856324315071105957e-01
5.974817648530006409e-02
-1.326859146356582642e-01
5.883440971374511719e-01
-3.091788291931152344e-01
-1.968903839588165283e-01
-1.385561972856521606e-01
7.703898549079895020e-01
-3.059259355068206787e-01
-3.233636319637298584e-01
2.371825724840164185e-01
2.364182770252227783e-01
3.744248151779174805e-01
-2.411661297082901001e-02
2.719255685806274414e-01
-8.699054718017578125e-01
8.302422761917114258e-01
4.862253367900848389e-01
-4.605213105678558350e-01
6.009482145309448242e-01
-5.007332563400268555e-01
2.811200022697448730e-01
3.527542054653167725e-01
-3.866206705570220947e-01
2.046428024768829346e-01
-1.052336916327476501e-01
1.779382228851318359e-01
-5.181322097778320312e-01
4.558674097061157227e-01
4.657993316650390625e-01
-8.893344551324844360e-02
-1.083614826202392578e-01
-1.004540845751762390e-01
-9.875416010618209839e-02
-2.694272249937057495e-02
3.192744553089141846e-01
-1.756251007318496704e-01
-2.625320553779602051e-01
3.210279345512390137e-01
-2.778160274028778076e-01
3.738631010055541992e-01
-2.592819631099700928e-01
-4.801662564277648926e-01
6.364573240280151367e-01
-4.684674441814422607e-01
1.761229485273361206e-01
3.812862634658813477e-01
3.989715278148651123e-01
6.150798872113227844e-02
-2.402525395154953003e-01
3.117441534996032715e-01
4.828842580318450928e-01
4.850541055202484131e-01
6.297684311866760254e-01
-6.244719028472900391e-01
-1.351809799671173096e-01
4.511444866657257080e-01
-5.359650850296020508e-01
-2.361639589071273804e-01
-7.061181068420410156e-01
2.458356320858001709e-01
4.254370555281639099e-02
-1.260597109794616699e-01
2.763984501361846924e-01
-8.614050149917602539e-01
4.700034558773040771e-01
4.693910777568817139e-01
2.092745304107666016e+00
-5.472360253334045410e-01
3.354547917842864990e-02
3.035909831523895264e-01
4.551787078380584717e-01
5.807382464408874512e-01
5.711810588836669922e-01
-5.000245571136474609e-01
-7.297676801681518555e-01
4.576970636844635010e-01
-3.054883778095245361e-01
-2.147845178842544556e-01
-6.075952202081680298e-02
-1.451659649610519409e-01
-3.175440132617950439e-01
-1.844186037778854370e-01
-1.349584292620420456e-02
3.130754455924034119e-02
-1.447257250547409058e-01
2.505565881729125977e-01
-8.070859313011169434e-01
-1.183181405067443848e-01
-1.792254805564880371e+00
-5.190520882606506348e-01
7.588812708854675293e-02
6.265480071306228638e-02
-8.031430244445800781e-01
-1.915785670280456543e-01
3.492368161678314209e-01
-1.561352312564849854e-01
5.925622535869479179e-04
-3.696464300155639648e-01
5.998886004090309143e-02
-1.153783127665519714e-01
3.575841709971427917e-02
2.462232559919357300e-01
-3.151400983333587646e-01
2.921099066734313965e-01
-1.280836760997772217e-01
-1.400720030069351196e-01
-1.188242509961128235e-01
1.572073400020599365e-01
-1.024725139141082764e-01
-3.485169028863310814e-03
-1.704524308443069458e-01
-2.675388455390930176e-01
-4.052197635173797607e-01
2.783408164978027344e-01
1.850889176130294800e-01
-4.099178612232208252e-01
3.930352032184600830e-01
1.966114491224288940e-01
-4.067900776863098145e-01
8.526701480150222778e-03
-5.606080293655395508e-01
-1.076330661773681641e+00
2.794288396835327148e-01
-3.602299094200134277e-01
3.082596659660339355e-01
1.417818367481231689e-01
1.061464026570320129e-01
-2.704167962074279785e-01
-2.702760696411132812e-01
2.411132305860519409e-01
1.050536558032035828e-01
1.153734400868415833e-01
1.988629549741744995e-01
5.348950996994972229e-02
1.055010408163070679e-01
8.507032762281596661e-04
-3.701105713844299316e-01
-2.959445416927337646e-01
-2.817301750183105469e-01
9.465688467025756836e-02
-6.093997359275817871e-01
-3.619596660137176514e-01
5.442649498581886292e-02
-2.558749616146087646e-01
3.215119708329439163e-03
-4.144093394279479980e-02
-3.291651308536529541e-01
-2.216943204402923584e-01
-4.483362734317779541e-01
-1.412021834403276443e-02
-7.065283507108688354e-02
7.657462358474731445e-02
4.430005326867103577e-02
-1.847942769527435303e-01
-3.911712206900119781e-03
2.990173697471618652e-01
-1.531106531620025635e-01
4.058216512203216553e-01
-1.381923723965883255e-02
6.040071845054626465e-01
8.676267862319946289e-01
-7.588912546634674072e-02
-9.557045996189117432e-02
-2.186569720506668091e-01
1.447964608669281006e-01
1.030872240662574768e-01
2.418031841516494751e-01
1.758546829223632812e-01
7.705245614051818848e-01
9.013684988021850586e-01
1.856239736080169678e-01
1.648918539285659790e-02
2.780533432960510254e-01
6.430366635322570801e-02
4.738802611827850342e-01
5.269107967615127563e-02
2.386977374553680420e-01
-3.213319778442382812e-01
-2.158637391403317451e-03
9.746084213256835938e-01
3.437388539314270020e-01
1.359753310680389404e-01
-2.802289724349975586e-01
1.670792102813720703e-01
1.228777468204498291e-01
-1.628102362155914307e-01
9.791196882724761963e-02
-6.981261372566223145e-01
4.018168151378631592e-01
-1.540194898843765259e-01
6.346146017313003540e-02
-1.044456101953983307e-02
1.884500533342361450e-01
2.031666040420532227e-01
-2.237718105316162109e-01
1.407416164875030518e-01
1.834476143121719360e-01
-7.188678532838821411e-02
-3.090341091156005859e-01
2.149763107299804688e+00
8.883592486381530762e-02
4.847430810332298279e-02
3.616513311862945557e-01
-7.005159556865692139e-02
3.122304677963256836e-01
-3.247440233826637268e-02
1.174793317914009094e-01
-1.786483675241470337e-01
-3.379984796047210693e-01
4.378784298896789551e-01
1.267053838819265366e-02
-1.791873015463352203e-02
9.429954737424850464e-02
-8.488189429044723511e-02
-8.387754559516906738e-01
-1.080378070473670959e-01
-1.110665500164031982e-01
4.779372513294219971e-01
4.398566856980323792e-02
-9.134092181921005249e-02
5.847885608673095703e-01
8.388703688979148865e-03
5.847344174981117249e-02
-6.330906599760055542e-02
1.075308471918106079e-01
-3.224634528160095215e-01
-1.781131178140640259e-01
5.926417186856269836e-02
1.575713008642196655e-01
-2.937320470809936523e-01
-2.029511183500289917e-01
-2.821680903434753418e-01
-2.250791341066360474e-01
3.882982581853866577e-02
8.532103300094604492e-01
-1.634578406810760498e-01
1.674486696720123291e-01
-1.892016828060150146e-01
-7.466198503971099854e-02
2.545497715473175049e-01
-6.499188542366027832e-01
-7.803508043289184570e-01
1.776848435401916504e-01
-1.250524818897247314e-01
1.802281588315963745e-01
3.193468451499938965e-01
2.928813993930816650e-01
-1.980951875448226929e-01
2.888156175613403320e-01
2.006233483552932739e-01
3.567460179328918457e-01
6.303064227104187012e-01
3.656949996948242188e-01
-7.046886086463928223e-01
1.198360174894332886e-01
6.498625278472900391e-01
-6.000428795814514160e-01
3.682605624198913574e-01
4.414071440696716309e-01
-3.712211251258850098e-01
-4.524520784616470337e-02
1.010976731777191162e-01
-3.071874678134918213e-01
2.161724418401718140e-01
-1.924422979354858398e-01
-3.361175358295440674e-01
-1.805544793605804443e-01
3.498358130455017090e-01
1.260908544063568115e-01
-1.859650462865829468e-01
-2.744298875331878662e-01
-3.181778192520141602e-01
-3.706471920013427734e-01
4.253093898296356201e-01
5.148272514343261719e-01
-1.051543727517127991e-01
3.800701200962066650e-01
-4.139094054698944092e-01
-6.094764471054077148e-01
-5.757657065987586975e-02
-4.621673375368118286e-02
-9.216961264610290527e-01
4.751621782779693604e-01
-2.623966336250305176e-01
5.613971352577209473e-01
4.678462743759155273e-01
-5.249888822436332703e-02
-5.400145649909973145e-01
3.752721473574638367e-02
8.449097722768783569e-02
3.495729565620422363e-01
2.563704252243041992e-01
2.970055043697357178e-01
-3.699880540370941162e-01
-1.069450825452804565e-01
3.447435200214385986e-01
-4.124010503292083740e-01
9.414471387863159180e-01
-8.641486614942550659e-02
-4.126242995262145996e-01
-2.861785888671875000e-01
-7.776527851819992065e-02
3.455337285995483398e-01
-1.854940503835678101e-01
6.996909528970718384e-02
-1.158292219042778015e-02
-6.511641144752502441e-01
9.634316712617874146e-02
-6.091423705220222473e-02
-2.107838541269302368e-02
8.340613543987274170e-02
2.536287307739257812e-01
1.360731571912765503e-01
2.157883793115615845e-01
8.727131485939025879e-01
2.101369351148605347e-01
-1.928126811981201172e-01
9.871379286050796509e-02
2.298498302698135376e-01
-2.597088217735290527e-01
3.232534229755401611e-01
-7.680640220642089844e-01
-2.421351820230484009e-01
5.501290559768676758e-01
-2.251033931970596313e-01
-3.504358232021331787e-01
-3.188715279102325439e-01
5.624685883522033691e-01
2.471682280302047729e-01
-2.162073999643325806e-01
-6.171774268150329590e-01
-8.434357047080993652e-01
-2.426096647977828979e-01
1.047216534614562988e+00
3.358105719089508057e-01
-7.625026702880859375e-01
6.690332889556884766e-01
-6.942538022994995117e-01
-2.263951301574707031e-01
7.874971628189086914e-01
-2.136646062135696411e-01
-2.477832585573196411e-01
8.977939933538436890e-02
-1.004737094044685364e-01
1.368590146303176880e-01
-3.072429001331329346e-01
-1.149811968207359314e-01
-5.332376360893249512e-01
-2.154189161956310272e-02
-1.278769224882125854e-01
2.279738932847976685e-01
1.349854171276092529e-01
5.563823133707046509e-02
1.622797250747680664e-01
-3.571260273456573486e-01
-1.237432658672332764e-01
-1.024167891591787338e-02
-5.042228102684020996e-01
-3.131149411201477051e-01
2.517037689685821533e-01
-1.893457025289535522e-02
-8.223227262496948242e-01
-7.117424160242080688e-02
-3.203357756137847900e-01
-4.876715317368507385e-02
1.663729101419448853e-01
-1.566744595766067505e-01
-6.476709842681884766e-01
-1.951785832643508911e-01
1.338948160409927368e-01
2.527752518653869629e-01
4.858324229717254639e-01
2.115240544080734253e-01
-2.729880511760711670e-01
-2.561880350112915039e-01
1.799308508634567261e-01
-2.166096121072769165e-01
3.732860088348388672e-01
4.398418962955474854e-01
-9.812004119157791138e-02
2.666604220867156982e-01
3.610900789499282837e-02
-1.467166244983673096e-01
1.998883485794067383e-01
4.542350023984909058e-02
-2.894887924194335938e-01
-6.383006926625967026e-03
3.245802521705627441e-01
4.686501622200012207e-02
-6.114823371171951294e-02
-1.906734704971313477e-01
-5.751814842224121094e-01
-7.664242386817932129e-02
7.637991905212402344e-01
4.856992661952972412e-01
-1.986577659845352173e-01
2.716452181339263916e-01
-1.887413501739501953e+00
9.436631202697753906e-02
1.024853885173797607e-01
-1.219849959015846252e-01
-1.536693274974822998e-01
-4.330633953213691711e-02
-1.770534813404083252e-01
3.104079887270927429e-02
5.402250289916992188e-01
3.546783924102783203e-01
1.549342181533575058e-02
-1.309531182050704956e-01
1.891919821500778198e-01
-9.292012453079223633e-02
3.256120383739471436e-01
-7.295130752027034760e-03
-3.034759461879730225e-01
-7.667585015296936035e-01
2.150223851203918457e-01
-3.340409696102142334e-01
2.745603322982788086e-01
4.391177296638488770e-01
-3.417406678199768066e-01
4.021069705486297607e-01
1.867951631546020508e+00
-6.168045401573181152e-01
3.472446799278259277e-01
-3.570044636726379395e-01
-7.104714214801788330e-02
1.584590524435043335e-01
4.219263792037963867e-01
8.437049388885498047e-02
-2.668678760528564453e-01
-6.286274790763854980e-01
-5.613628625869750977e-01
-3.558057844638824463e-01
-2.899044565856456757e-02
-1.770358830690383911e-01
-5.609046220779418945e-01
1.628474891185760498e-01
-9.228595346212387085e-02
-2.005697786808013916e-02
7.933284640312194824e-01
6.213766932487487793e-01
-2.361803501844406128e-02
3.811127319931983948e-02
-1.474599242210388184e-01
-2.203981429338455200e-01
-2.684422023594379425e-02
3.268006443977355957e-01
-8.527852296829223633e-01
2.780053913593292236e-01
7.589182257652282715e-01
8.739110082387924194e-02
-1.748219132423400879e-01
9.035556018352508545e-02
2.713185250759124756e-01
1.945603787899017334e-01
-2.408525049686431885e-01
-5.719879642128944397e-02
5.532733798027038574e-01
-2.560925185680389404e-01
-1.114524528384208679e-01
4.000201523303985596e-01
3.949617147445678711e-01
-1.174863353371620178e-01
1.212073713541030884e-01
2.761340141296386719e-01
-7.472810149192810059e-02
3.473866283893585205e-01
2.174413204193115234e-02
6.521625518798828125e-01
4.143663942813873291e-01
-3.102763295173645020e-01
4.246350377798080444e-02
4.655434563755989075e-02
-3.149214982986450195e-01
2.158470004796981812e-01
-7.056900262832641602e-01
7.934581488370895386e-02
-4.964970424771308899e-02
6.617477536201477051e-01
-2.397707896307110786e-03
-2.025118470191955566e-01
4.287972748279571533e-01
-1.293506145477294922e+00
-1.718023717403411865e-01
-1.485410332679748535e-01
-4.331582784652709961e-01
3.160980045795440674e-01
4.846075922250747681e-02
8.791596442461013794e-02
2.182539552450180054e-01
3.693398833274841309e-02
5.639562010765075684e-02
1.708791255950927734e-01
1.492659896612167358e-01
2.121560871601104736e-01
4.440756887197494507e-02
-5.912790894508361816e-01
1.039320323616266251e-02
1.956654489040374756e-01
-3.519109785556793213e-01
3.999728262424468994e-01
5.586382746696472168e-01
-5.974413752555847168e-01
2.545170783996582031e-01
3.514511883258819580e-01
-3.016639351844787598e-01
6.891983151435852051e-01
-1.359416395425796509e-01
-6.413612514734268188e-02
5.872110649943351746e-02
1.769089996814727783e-01
1.387124657630920410e-01
4.545198976993560791e-01
8.074656128883361816e-02
-2.234065234661102295e-01
-6.334558129310607910e-02
9.019932150840759277e-02
1.499708555638790131e-02
6.460872888565063477e-01
1.287865191698074341e-01
1.503654271364212036e-01
3.293169736862182617e-01
-1.940523386001586914e-01
-3.556817471981048584e-01
-1.408998575061559677e-02
-3.150393366813659668e-01
3.143423795700073242e-01
2.770160138607025146e-01
-1.833588629961013794e-01
-6.734755635261535645e-01
6.675288081169128418e-02
-3.133700229227542877e-03
1.395657099783420563e-02
1.842963397502899170e-01
1.428091406822204590e+00
-2.369020581245422363e-01
-1.288486003875732422e+00
-6.252718567848205566e-01
-3.834236562252044678e-01
-1.341946702450513840e-02
-3.199955523014068604e-01
-2.527569830417633057e-01
2.606229484081268311e-01
-5.079771950840950012e-02
-1.616829782724380493e-01
4.692200422286987305e-01
-3.215831816196441650e-01
3.207990825176239014e-01
-3.034512996673583984e-01
-2.388225495815277100e-01
2.288074791431427002e-01
-1.371265351772308350e-01
-3.522668778896331787e-01
2.343646883964538574e-01
9.489685297012329102e-02
2.518081963062286377e-01
-1.186175346374511719e-01
-1.271368563175201416e-01
2.307805791497230530e-02
1.088631600141525269e-01
8.015512675046920776e-02
-2.864336073398590088e-01
-9.123912453651428223e-02
-3.699887394905090332e-01
2.351740747690200806e-01
2.281673625111579895e-02
-4.031556248664855957e-01
-3.750223666429519653e-02
2.281423658132553101e-01
1.593455314636230469e+00
-2.055006474256515503e-02
-1.421278566122055054e-01
9.464086592197418213e-02
1.303261667490005493e-01
-1.483065724372863770e+00
1.212386339902877808e-01
-3.171494007110595703e-01
-2.730312645435333252e-01
-9.364847838878631592e-02
1.831067055463790894e-01
-2.290803939104080200e-01
-7.415432333946228027e-01
-2.311704456806182861e-01
-3.903498873114585876e-02
-3.140232861042022705e-01
5.631532669067382812e-01
-1.015887856483459473e+00
3.452306985855102539e-01
2.463436871767044067e-02
-1.020890697836875916e-01
5.672826766967773438e-01
-3.163671493530273438e-01
-5.786078572273254395e-01
6.204163432121276855e-01
1.076022386550903320e-01
1.668494641780853271e-01
-4.431046545505523682e-01
-1.889600902795791626e-01
-1.172601729631423950e-01
-1.582003682851791382e-01
-3.153187036514282227e-02
3.149207234382629395e-01
-1.934643834829330444e-01
1.324243545532226562e-01
4.324598610401153564e-02
-9.090322852134704590e-01
1.465006172657012939e-01
-2.963750064373016357e-01
9.262324124574661255e-02
3.020431995391845703e-01
-4.027734696865081787e-01
1.709433645009994507e-01
1.052621752023696899e-01
-5.908892750740051270e-01
-9.161692857742309570e-02
-4.911108016967773438e-01
1.389960348606109619e-01
-1.907183378934860229e-01
-1.472325623035430908e-01
-2.239218801259994507e-01
5.414224267005920410e-01
1.000583320856094360e-01
-2.020888328552246094e-01
5.010978132486343384e-02
1.077209264039993286e-01
3.675646185874938965e-01
-2.427974194288253784e-01
-1.934441775083541870e-01
-4.858724400401115417e-02
2.175467967987060547e+00
3.236344754695892334e-01
2.903829216957092285e-01
1.642812341451644897e-01
1.570393592119216919e-01
-3.421337008476257324e-01
-5.613610148429870605e-01
-4.596696421504020691e-02
-4.380336403846740723e-02
-7.849778532981872559e-01
-2.098202854394912720e-01
-1.067156624048948288e-02
4.155947268009185791e-02
1.602152585983276367e+00
7.610798347741365433e-03
-3.007887303829193115e-01
-5.199499726295471191e-01
2.829011678695678711e-01
3.662800788879394531e-01
4.095648229122161865e-02
1.038795232772827148e+00
-2.133204489946365356e-01
-2.252477556467056274e-01
-9.695614129304885864e-02
-1.049265339970588684e-01
-8.241038769483566284e-02
-3.527583181858062744e-01
-1.767352581024169922e+00
2.857719659805297852e-01
-1.895429790019989014e-01
4.640410095453262329e-02
3.867077827453613281e-01
4.952731132507324219e-01
-7.179135084152221680e-02
-9.050105698406696320e-03
7.513340562582015991e-02
-4.411343634128570557e-01
4.510077834129333496e-01
-1.422387957572937012e-01
2.867381870746612549e-01
-9.124060161411762238e-03
-1.061384007334709167e-01
2.325648963451385498e-01
3.095977306365966797e-01
-2.736809253692626953e-01
-2.103835940361022949e-01
-2.585778832435607910e-01
1.779971420764923096e-01
3.381482139229774475e-02
-8.670902997255325317e-02
-2.585518658161163330e-01
1.341037899255752563e-01
-1.045460030436515808e-01
5.173499509692192078e-02
6.919893901795148849e-03
3.406496047973632812e-01
3.177729547023773193e-01
-4.890416562557220459e-02
-4.306771159172058105e-01
2.371272146701812744e-01
-2.760781049728393555e+00
9.919477999210357666e-02
4.990372061729431152e-02
2.746758460998535156e-01
-2.124204486608505249e-01
1.347577665001153946e-02
3.732171654701232910e-02
-3.536552190780639648e-01
2.193251550197601318e-01
1.295947432518005371e-01
-9.860960394144058228e-02
3.387388288974761963e-01
1.467695087194442749e-01
6.192955002188682556e-02
2.531138658523559570e-01
1.811693161725997925e-01
-5.976046919822692871e-01
4.691277444362640381e-01
6.082776188850402832e-02
2.615813612937927246e-01
-2.497041225433349609e+00
-3.166815936565399170e-01
3.588614761829376221e-01
2.418156564235687256e-01
-7.333013415336608887e-02
6.917877793312072754e-01
-2.968885600566864014e-01
5.147929787635803223e-01
-5.267115235328674316e-01
2.644859850406646729e-01
4.002642333507537842e-01
-1.974484473466873169e-01
3.101359307765960693e-02
-8.957068920135498047e-01
-2.515734434127807617e-01
-4.303825199604034424e-01
3.888306394219398499e-02
-2.140506953001022339e-01
9.154040366411209106e-02
-2.446654886007308960e-01
-2.792841382324695587e-02
-9.098252654075622559e-02
-1.390385627746582031e-01
-2.847084701061248779e-01
4.167318344116210938e-01
2.714481577277183533e-02
-2.667669057846069336e-01
-5.906116962432861328e-02
-2.592215687036514282e-02
2.603002078831195831e-02
-2.980964481830596924e-01
2.546663880348205566e-01
2.879877686500549316e-01
8.974483609199523926e-01
1.519996821880340576e-01
3.838928937911987305e-01
-8.175719380378723145e-01
3.085452616214752197e-01
-3.190379738807678223e-01
4.503024742007255554e-02
5.158744454383850098e-01
-6.846277117729187012e-01
4.432402551174163818e-01
2.614165246486663818e-01
-3.202874958515167236e-01
-2.028429061174392700e-01
-3.079787194728851318e-01
2.389326691627502441e-01
-4.821267426013946533e-01
3.076936900615692139e-01
4.234564900398254395e-01
-4.676359295845031738e-01
-3.350747823715209961e-01
1.908932924270629883e-01
-3.442148268222808838e-01
-2.369314283132553101e-01
-2.600895166397094727e-01
-2.693349123001098633e-01
5.750192403793334961e-01
-1.241150423884391785e-01
-3.899196386337280273e-01
-7.418229430913925171e-02
-3.092313110828399658e-01
-1.749713271856307983e-01
2.218385636806488037e-01
2.065548300743103027e-01
1.478728055953979492e+00
-3.740392029285430908e-01
-4.853837490081787109e-01
4.806352555751800537e-01
1.219137758016586304e-02
1.533554941415786743e-01
8.989387750625610352e-01
-5.964416265487670898e-01
4.939286038279533386e-02
1.996141523122787476e-01
-1.650499552488327026e-01
8.612738549709320068e-02
-3.616490587592124939e-02
1.018456555902957916e-02
-1.863399446010589600e-01
-1.407092660665512085e-01
4.593226909637451172e-01
3.488577604293823242e-01
1.572054997086524963e-02
-1.490474939346313477e-01
4.916317760944366455e-02
-3.145097494125366211e-01
3.715778514742851257e-02
-1.635522246360778809e-01
-1.730579137802124023e-01
1.043365240097045898e+00
5.207404494285583496e-02
-2.310213595628738403e-01
-1.393621787428855896e-02
4.589210450649261475e-02
3.127892613410949707e-01
-2.060371786355972290e-01
6.701978296041488647e-02
4.919064640998840332e-01
4.765430688858032227e-01
1.485960632562637329e-01
1.643814891576766968e-01
1.086007431149482727e-01
1.644283831119537354e-01
-2.999581098556518555e-01
-1.303957700729370117e+00
5.672899261116981506e-02
1.504025906324386597e-01
-4.590882360935211182e-02
-7.401146739721298218e-02
-5.515128374099731445e-02
3.323452174663543701e-02
1.093298345804214478e-01
5.444641709327697754e-01
8.217351436614990234e-01
-3.193973302841186523e-01
-1.562673449516296387e-01
1.244617719203233719e-02
2.403211444616317749e-01
1.669889092445373535e-01
-2.066463083028793335e-01
8.143979907035827637e-01
2.898813486099243164e-01
-1.846987456083297729e-01
2.493417561054229736e-01
1.517097949981689453e-01
4.220391213893890381e-01
1.373075246810913086e-01
-4.611833095550537109e-01
-1.133607625961303711e-01
1.322470158338546753e-01
1.103124860674142838e-02
-6.929436326026916504e-02
3.272091150283813477e-01
3.591468930244445801e-01
2.471436262130737305e-01
-1.355172246694564819e-01
-2.016308754682540894e-01
1.912754923105239868e-01
4.629775285720825195e-01
2.918003201484680176e-01
-3.724600076675415039e-01
-1.064663380384445190e-01
-8.192814886569976807e-03
-3.538632020354270935e-02
4.851747453212738037e-01
2.747101485729217529e-01
1.442349106073379517e-01
-7.047551125288009644e-02
-1.325186938047409058e-01
1.513921022415161133e-01
2.376797348260879517e-01
2.449712008237838745e-01
1.571044176816940308e-01
9.613390266895294189e-02
-6.380870938301086426e-01
4.827727675437927246e-01
8.795269578695297241e-02
1.036574915051460266e-01
2.847729325294494629e-01
-8.044708967208862305e-01
1.146451607346534729e-01
4.715248346328735352e-01
-5.238069891929626465e-01
-1.282422542572021484e-01
-2.791227102279663086e-01
-4.193254932761192322e-02
-1.639171093702316284e-01
1.233353838324546814e-01
-2.787861414253711700e-02
-7.582263648509979248e-02
1.293701827526092529e-01
-2.233159728348255157e-02
8.550457656383514404e-02
1.839680671691894531e-01
-2.545378506183624268e-01
4.039313793182373047e-01
1.266396492719650269e-01
-1.357861757278442383e-01
-2.299686223268508911e-01
3.839718103408813477e-01
-3.793049752712249756e-01
2.182654291391372681e-01
1.310227513313293457e-01
2.042923569679260254e-01
1.726067215204238892e-01
-1.787852346897125244e-01
-1.783499240875244141e+00
-1.301051676273345947e-01
-5.845437198877334595e-02
4.889426231384277344e-01
3.668467700481414795e-01
5.803725868463516235e-02
-8.883042633533477783e-02
-6.649693846702575684e-02
3.094568476080894470e-02
7.989812642335891724e-02
4.377324506640434265e-02
-5.761669948697090149e-02
-5.886465907096862793e-01
2.903483808040618896e-01
-4.815336167812347412e-01
-6.533957123756408691e-01
2.623384594917297363e-01
3.368114829063415527e-01
7.281512953341007233e-03
2.742342948913574219e-01
-8.167167752981185913e-02
1.604455113410949707e-01
-5.374389290809631348e-01
-8.768230676651000977e-02
9.298545867204666138e-02
-9.228220582008361816e-02
-2.104032039642333984e-01
3.686621189117431641e-01
-7.056179642677307129e-01
1.711568087339401245e-01
4.893415570259094238e-01
-5.813558697700500488e-01
-2.101409584283828735e-01
-1.938538551330566406e-01
3.507288694381713867e-01
-6.167451664805412292e-02
5.270696431398391724e-02
4.094423055648803711e-01
1.796702444553375244e-01
-4.629831388592720032e-02
5.876526236534118652e-01
2.107159197330474854e-01
-2.055202573537826538e-01
6.911022216081619263e-02
4.897680282592773438e-01
-1.030243486166000366e-01
2.498974800109863281e-01
1.608764171600341797e+00
-1.546390414237976074e+00
2.063167840242385864e-01
5.960230901837348938e-02
-2.353497594594955444e-01
-4.770072102546691895e-01
6.971824914216995239e-02
2.082346379756927490e-02
2.896966636180877686e-01
5.487097501754760742e-01
4.292647838592529297e-01
5.421103909611701965e-02
1.618900299072265625e-01
2.012346982955932617e+00
-2.344780713319778442e-01
7.655163854360580444e-02
9.108284115791320801e-02
-2.941006422042846680e-01
1.005048230290412903e-01
-4.407745301723480225e-01
2.503459900617599487e-02
9.259248375892639160e-01
-5.184624195098876953e-01
-1.615009605884552002e-01
2.446605265140533447e-01
4.833846092224121094e-01
1.671415865421295166e-01
2.968666255474090576e-01
1.832106411457061768e-01
-3.623977303504943848e-01
-5.687778592109680176e-01
5.140979215502738953e-02
-2.693418562412261963e-01
-3.760556280612945557e-01
-4.886378049850463867e-01
-2.294333279132843018e-01
-1.286741439253091812e-02
-1.166799888014793396e-01
2.575680017471313477e-01
-1.637430787086486816e-01
-9.330109953880310059e-01
-2.135223865509033203e+00
-6.124369800090789795e-02
-1.293521653860807419e-02
9.057316929101943970e-02
-1.453091055154800415e-01
-3.889970481395721436e-02
1.072344854474067688e-01
-3.713212013244628906e-01
-1.007560864090919495e-01
-4.347001388669013977e-02
7.631884217262268066e-01
-5.723201632499694824e-01
-2.823329530656337738e-02
-6.816863268613815308e-02
2.399367541074752808e-01
2.486069947481155396e-01
-1.189830005168914795e-01
2.547108232975006104e-01
-1.929780691862106323e-01
2.805953323841094971e-01
3.973229825496673584e-01
1.897011846303939819e-01
9.168378114700317383e-01
-1.145835071802139282e-01
1.516080498695373535e-01
-4.366588778793811798e-03
4.779035449028015137e-01
-2.707964479923248291e-01
4.031609594821929932e-01
-8.285460621118545532e-02
3.000227510929107666e-01
-5.132592320442199707e-01
1.338065266609191895e+00
1.445322334766387939e-01
4.512805342674255371e-01
-3.679924905300140381e-01
5.594659596681594849e-03
3.304784297943115234e-01
-4.246445000171661377e-01
5.774300694465637207e-01
4.061086773872375488e-01
-3.146388530731201172e-01
-9.238618612289428711e-02
-2.689041197299957275e-02
1.413493510335683823e-02
1.306509375572204590e-01
-3.691369891166687012e-01
3.975199759006500244e-01
2.920065224170684814e-01
3.756349161267280579e-02
-7.269570231437683105e-02
-7.114928960800170898e-01
5.672643333673477173e-02
-9.756615012884140015e-02
2.770674824714660645e-01
6.381781306117773056e-03
-4.155613183975219727e-01
-1.059079095721244812e-01
-8.023135364055633545e-02
-4.121796190738677979e-01
9.165829420089721680e-01
-3.807790875434875488e-01
-2.477919459342956543e-01
2.270463854074478149e-01
4.605138301849365234e-01
-1.281107813119888306e-01
2.688535153865814209e-01
-4.791393131017684937e-02
4.571316391229629517e-02
-4.388622939586639404e-01
-2.808551788330078125e-01
2.813755162060260773e-02
-2.010650783777236938e-01
4.740587249398231506e-02
2.127592265605926514e-01
-1.612476855516433716e-01
-3.905468285083770752e-01
-3.831745311617851257e-02
-1.983322054147720337e-01
-4.112905859947204590e-01
6.876391172409057617e-01
-8.083349466323852539e-02
-3.066073358058929443e-01
3.669549524784088135e-01
2.398436665534973145e-01
1.216159015893936157e-01
1.655835658311843872e-01
-1.819386929273605347e-01
-1.273605227470397949e-01
-4.818516671657562256e-01
4.048303365707397461e-01
-8.374997973442077637e-02
-1.576358973979949951e-01
-3.701025992631912231e-02
-5.505234599113464355e-01
-5.939069204032421112e-03
-1.958081424236297607e-01
-6.961717456579208374e-02
6.104102730751037598e-02
-2.854641675949096680e-01
6.356013566255569458e-02
2.042403630912303925e-02
1.279207915067672729e-01
7.358824610710144043e-01
-1.685425490140914917e-01
1.503701806068420410e-01
1.494892686605453491e-01
-1.862746328115463257e-01
7.793686818331480026e-03
8.344700559973716736e-03
-6.523584574460983276e-02
2.147746086120605469e-02
-1.823851615190505981e-01
-2.018963843584060669e-01
1.625564694404602051e-02
2.353971451520919800e-02
-4.883277714252471924e-01
1.366806030273437500e-01
-2.534845769405364990e-01
-8.791443705558776855e-01
9.228616356849670410e-01
-4.844421148300170898e-01
-2.938652178272604942e-03
3.147041499614715576e-01
3.103841841220855713e-01
-6.901877373456954956e-02
4.677196219563484192e-02
-1.387928128242492676e-01
-2.862172722816467285e-01
-3.334312736988067627e-01
-1.482393294572830200e-01
8.508260548114776611e-02
-1.014403179287910461e-01
-2.036607861518859863e-01
-8.046099543571472168e-02
-2.050571590662002563e-01
-5.736243724822998047e-01
6.322808563709259033e-02
-3.050827383995056152e-01
-9.639991521835327148e-01
8.756999969482421875e-01
-1.327395439147949219e-01
-1.451976299285888672e+00
4.007687270641326904e-01
1.916656941175460815e-01
1.762389391660690308e-01
1.308550536632537842e-01
-8.552274852991104126e-02
-3.545421361923217773e-01
-1.418815553188323975e-01
9.127134084701538086e-02
-6.308126449584960938e-02
-9.671366214752197266e-02
4.742946103215217590e-02
1.554078757762908936e-01
2.029730826616287231e-01
-9.623902440071105957e-01
-8.214697241783142090e-02
5.856080353260040283e-02
-7.792217731475830078e-01
4.458685219287872314e-01
-1.853321790695190430e-01
-1.918453276157379150e-01
4.992262423038482666e-01
9.573641419410705566e-02
-2.104792743921279907e-01
-7.443456444889307022e-03
5.067422986030578613e-02
-1.316667050123214722e-01
-2.573012709617614746e-01
1.132187321782112122e-01
2.101582735776901245e-01
4.227572679519653320e-01
5.223854184150695801e-01
-7.483983784914016724e-02
-5.375891923904418945e-01
1.897780448198318481e-01
-2.408549748361110687e-02
1.174890175461769104e-01
-2.611353099346160889e-01
-3.936006501317024231e-02
3.863179981708526611e-01
-2.155463956296443939e-02
-2.599355578422546387e-01
8.702294528484344482e-02
1.384108215570449829e-01
2.179555036127567291e-02
5.082707405090332031e-01
-1.222074404358863831e-01
1.681647635996341705e-02
-1.187352165579795837e-01
2.493975311517715454e-02
-4.508076608180999756e-01
-3.043468855321407318e-02
-4.698539078235626221e-01
4.545395374298095703e-01
8.194079399108886719e-01
-1.636268496513366699e-01
3.412709236145019531e-01
4.939716160297393799e-01
-8.183689117431640625e-01
2.609408199787139893e-01
6.433568596839904785e-01
-3.164356052875518799e-01
-3.619474768638610840e-01
-3.451734185218811035e-01
1.454402655363082886e-01
-1.014233753085136414e-01
2.010322213172912598e-01
4.701011776924133301e-01
2.277159988880157471e-01
-1.487834751605987549e-01
-5.879511684179306030e-02
1.240593910217285156e+00
-6.783891469240188599e-02
-1.633340120315551758e-01
2.913895063102245331e-02
-7.486578822135925293e-01
3.809027969837188721e-01
2.850050032138824463e-01
-3.046063147485256195e-02
4.765176773071289062e-01
1.627110987901687622e-01
-3.350687921047210693e-01
-1.937956213951110840e-01
-1.754861176013946533e-01
-2.569434698671102524e-03
4.923670887947082520e-01
1.409305483102798462e-01
2.516228854656219482e-01
-9.783384203910827637e-02
5.849189758300781250e-01
-4.510543048381805420e-01
2.167051583528518677e-01
-5.187585949897766113e-02
1.792226545512676239e-02
2.664484977722167969e-01
1.441112160682678223e-01
7.120490819215774536e-02
5.408220291137695312e-01
7.963628172874450684e-01
1.706008911132812500e-01
1.629350185394287109e-01
-3.959017097949981689e-01
-2.405045926570892334e-02
-2.249849736690521240e-01
-6.028111577033996582e-01
7.522186636924743652e-02
4.948191940784454346e-01
8.778715133666992188e-02
-6.195157021284103394e-02
-1.525003314018249512e-01
-6.129043698310852051e-01
5.440067648887634277e-01
-2.441019006073474884e-02
2.007054239511489868e-01
1.898029446601867676e-01
-4.630744755268096924e-01
3.993793725967407227e-01
2.053920477628707886e-01
-1.233540251851081848e-01
5.066070556640625000e-01
6.524461787194013596e-04
-2.619905471801757812e-01
-4.966624379158020020e-01
2.595015168190002441e-01
-5.441986322402954102e-01
2.287631928920745850e-01
-1.590787321329116821e-01
3.562285900115966797e-01
-6.942461133003234863e-01
5.050532221794128418e-01
5.449711084365844727e-01
2.299984097480773926e-01
6.352905631065368652e-01
4.779986739158630371e-01
-6.669374108314514160e-01
2.354787588119506836e-01
-6.624704599380493164e-02
-7.906998991966247559e-01
3.386879265308380127e-01
-7.694878429174423218e-02
5.314930677413940430e-01
1.680606156587600708e-01
-1.855840906500816345e-02
-1.130049526691436768e-01
2.812041938304901123e-01
1.657072156667709351e-01
-3.849230334162712097e-02
-2.310591787099838257e-01
-1.368548721075057983e-01
-3.597853705286979675e-02
-4.407036304473876953e-01
-1.216398775577545166e-01
-5.166899412870407104e-02
5.187669768929481506e-02
-6.125881895422935486e-02
3.771187067031860352e-01
-1.031804755330085754e-01
-2.761487960815429688e-01
8.630406111478805542e-03
-1.141046136617660522e-01
-1.289578914642333984e+00
-7.255990058183670044e-02
3.312511444091796875e-01
-1.391890197992324829e-01
-1.004169821739196777e+00
-4.154596626758575439e-01
3.332858681678771973e-01
-2.160723060369491577e-01
1.285205185413360596e-01
-2.082156985998153687e-01
5.319702625274658203e-01
2.818738818168640137e-01
5.538922548294067383e-01
-5.766612887382507324e-01
1.148188207298517227e-02
1.305137723684310913e-01
1.823263168334960938e-01
-2.639526724815368652e-01
-1.672739386558532715e-01
-3.638881742954254150e-01
-2.735062539577484131e-01
3.759519755840301514e-02
-2.769975364208221436e-01
1.991052879020571709e-03
3.256364166736602783e-01
3.401742130517959595e-02
1.235122233629226685e-01
-2.616757340729236603e-02
5.406015738844871521e-02
-4.408872127532958984e-01
2.634121775627136230e-01
-4.206232726573944092e-01
-5.009776353836059570e-01
4.019032418727874756e-01
-2.790766954421997070e-01
-9.917018562555313110e-02
-5.562323927879333496e-01
3.618791699409484863e-01
3.088765144348144531e-01
3.209777772426605225e-01
1.369782239198684692e-01
4.452688694000244141e-01
6.070598363876342773e-01
2.990559674799442291e-02
-1.951378285884857178e-01
-1.444088220596313477e-01
-4.063952565193176270e-01
1.693723648786544800e-01
-1.360639035701751709e-01
7.166321575641632080e-02
4.204959049820899963e-02
-1.262730062007904053e-01
-6.939414739608764648e-01
6.981169581413269043e-01
-8.098858594894409180e-02
5.016055703163146973e-02
1.418664120137691498e-02
5.546198487281799316e-01
4.529100954532623291e-01
1.323747932910919189e-01
4.732151627540588379e-01
4.165906310081481934e-01
4.692721068859100342e-01
1.650715991854667664e-02
-4.541319906711578369e-01
-1.979391872882843018e-01
-3.067516088485717773e-01
-2.493004649877548218e-01
2.321848720312118530e-01
-1.933442987501621246e-02
-7.746829986572265625e-01
-1.767348051071166992e-01
-4.640941321849822998e-01
7.042618989944458008e-01
4.936097189784049988e-02
-1.533642858266830444e-01
7.818599939346313477e-01
1.367246657609939575e-01
2.011869400739669800e-01
-1.023017019033432007e-01
4.043562710285186768e-02
-2.198316715657711029e-02
-1.454690545797348022e-01
5.751830935478210449e-01
1.158695966005325317e-01
1.849624961614608765e-01
9.992644190788269043e-02
2.463855147361755371e-01
-1.635414808988571167e-01
-1.664115488529205322e-01
1.807622671127319336e+00
-4.414460659027099609e-01
-4.367082417011260986e-01
2.807972729206085205e-01
-1.477676630020141602e-01
2.769713997840881348e-01
-9.576894342899322510e-02
3.005237281322479248e-01
1.722728461027145386e-01
2.564827203750610352e-01
3.439107239246368408e-01
4.139663577079772949e-01
2.573791146278381348e-01
-2.764394879341125488e-01
7.681044936180114746e-02
-3.314008712768554688e-01
-8.984221518039703369e-02
-6.229454651474952698e-02
2.940203249454498291e-01
5.844842195510864258e-01
1.921182274818420410e-01
-1.358271837234497070e-01
-3.380623161792755127e-01
2.119578868150711060e-01
-2.523223459720611572e-01
-8.975695818662643433e-02
-6.370294690132141113e-01
2.946476638317108154e-01
1.922587305307388306e-01
2.315673530101776123e-01
7.286273688077926636e-02
3.522424697875976562e-01
6.140838265419006348e-01
2.041788399219512939e-01
-4.663031995296478271e-01
1.218908373266458511e-02
-3.083300963044166565e-02
3.521374166011810303e-01
-3.546101972460746765e-02
2.996426820755004883e-01
1.644981056451797485e-01
3.279781341552734375e-02
1.314260065555572510e-01
-3.992837369441986084e-01
-3.562090098857879639e-01
9.575615078210830688e-02
-4.955264925956726074e-01
-2.149544507265090942e-01
-1.858564913272857666e-01
-2.763936221599578857e-01
6.879583746194839478e-02
-2.139703035354614258e-01
-2.814852632582187653e-02
5.970104411244392395e-02
-1.348574012517929077e-01
3.501855731010437012e-01
4.072344675660133362e-02
-1.885504275560379028e-02
1.265665441751480103e-01
-1.560405194759368896e-01
1.950348019599914551e-01
-8.563605695962905884e-02
1.995492279529571533e-01
-5.776771306991577148e-01
-5.712225288152694702e-02
-2.960770726203918457e-01
2.048768475651741028e-02
-5.625610947608947754e-01
-2.854126095771789551e-01
6.789274513721466064e-02
-4.244732260704040527e-01
-5.559996962547302246e-01
-3.026530742645263672e-01
1.837466806173324585e-01
6.990338861942291260e-02
4.263136386871337891e-01
5.059132575988769531e-01
2.681637406349182129e-01
3.493507802486419678e-01
1.207230426371097565e-02
3.329317569732666016e-01
4.358566105365753174e-01
1.349971722811460495e-02
-2.271450310945510864e-01
2.304363101720809937e-01
2.206439822912216187e-01
-3.209399580955505371e-01
-1.905347555875778198e-01
-2.379862815141677856e-01
-3.297697305679321289e-01
-6.222540512681007385e-02
-8.678523898124694824e-01
-5.015920400619506836e-01
-8.679208159446716309e-02
4.426994323730468750e-01
-1.434185355901718140e-01
-4.202663153409957886e-02
-3.081460297107696533e-01
-1.659513711929321289e-01
-3.765963017940521240e-02
-7.849588245153427124e-02
7.539898157119750977e-02
2.856003940105438232e-01
1.001009438186883926e-02
-1.989488452672958374e-01
-3.530538380146026611e-01
1.557008177042007446e-01
-1.016782969236373901e-01
-3.425644636154174805e-01
-8.789948374032974243e-02
-3.536238670349121094e-01
-1.564906388521194458e-01
1.116875000298023224e-02
4.207483232021331787e-01
-7.441756129264831543e-02
4.670774936676025391e-01
8.724309504032135010e-03
-1.297343969345092773e-01
2.616835013031959534e-02
-1.285078972578048706e-01
-1.174948215484619141e+00
-3.358225226402282715e-01
3.697274997830390930e-02
-7.978632301092147827e-02
-2.786644101142883301e-01
-3.295398354530334473e-01
3.951010107994079590e-01
9.972000867128372192e-02
-1.463204920291900635e-01
-8.371061682701110840e-01
-2.060950547456741333e-01
-1.239292845129966736e-01
3.432973623275756836e-01
5.499467253684997559e-01
-1.506278216838836670e-01
1.118601113557815552e-01
-4.434092715382575989e-02
1.916368603706359863e-01
2.721436619758605957e-01
2.847969830036163330e-01
1.196301952004432678e-01
-1.303908228874206543e-01
-2.020389139652252197e-01
2.025239020586013794e-01
3.038849830627441406e-01
2.987340390682220459e-01
-5.097342282533645630e-02
-1.187891885638237000e-01
3.851587772369384766e-01
1.513080149888992310e-01
1.189563795924186707e-01
1.031298413872718811e-01
-1.172390058636665344e-01
2.107844203710556030e-01
3.529979288578033447e-01
-5.884013175964355469e-01
-7.184572815895080566e-01
-7.198288291692733765e-02
3.436978459358215332e-01
2.861455082893371582e-01
3.570192754268646240e-01
5.426048040390014648e-01
2.515449821949005127e-01
-5.847275257110595703e-01
-5.198600143194198608e-02
-9.946224838495254517e-02
-1.278570443391799927e-01
-1.595091074705123901e-01
-2.432927489280700684e-01
-7.056298851966857910e-01
-3.138568103313446045e-01
-5.504025816917419434e-01
-4.961690902709960938e-01
1.267831772565841675e-01
5.461019873619079590e-01
6.707809865474700928e-02
4.437893927097320557e-01
1.395252346992492676e-01
-3.378149569034576416e-01
-1.595103889703750610e-01
7.629853487014770508e-02
-1.420545279979705811e-01
-5.952862501144409180e-01
1.110039502382278442e-01
-1.561787575483322144e-01
3.826763853430747986e-02
2.001717984676361084e-01
7.119828462600708008e-01
6.873120665550231934e-01
8.845534920692443848e-02
5.066738128662109375e-01
6.920785903930664062e-01
7.028886079788208008e-01
-4.359625279903411865e-01
-3.538359701633453369e-01
-2.418409474194049835e-02
-2.288224995136260986e-01
4.673637449741363525e-02
1.822257488965988159e-01
9.140039980411529541e-02
-4.357793554663658142e-02
-6.546705961227416992e-01
-1.262438297271728516e-01
2.063041627407073975e-01
-4.291256070137023926e-01
2.830822467803955078e-01
-2.941299974918365479e-02
4.667479693889617920e-01
-1.964025571942329407e-02
6.540638804435729980e-01
2.959156036376953125e-01
-4.456424415111541748e-01
8.755360841751098633e-01
-2.656677067279815674e-01
-5.983897447586059570e-01
-1.359612047672271729e-01
3.377019166946411133e-01
1.315273195505142212e-01
4.717828929424285889e-01
-9.717162251472473145e-01
1.950875222682952881e-01
-1.120855733752250671e-01
9.059885144233703613e-02
-1.046762317419052124e-01
-3.277942836284637451e-01
-5.424364805221557617e-01
-4.940832257270812988e-01
-3.373225033283233643e-01
-2.469719648361206055e-01
-3.644634783267974854e-02
-4.573389887809753418e-01
2.221018075942993164e-01
-2.156580388545989990e-01
5.766183510422706604e-02
3.177175819873809814e-01
8.203448057174682617e-01
-3.002678044140338898e-02
5.581835508346557617e-01
-1.708191186189651489e-01
-5.560088753700256348e-01
2.153235971927642822e-01
-3.140038549900054932e-01
-2.213988602161407471e-01
-3.536327779293060303e-01
5.785426590591669083e-03
-1.966541558504104614e-01
-7.559686899185180664e-01
-1.700859963893890381e-01
-9.676291048526763916e-02
6.723104417324066162e-02
-2.739439532160758972e-02
-1.924392208456993103e-02
-4.497956112027168274e-02
-3.155526220798492432e-01
2.060225605964660645e-01
1.464621126651763916e-01
2.389120310544967651e-01
8.658966422080993652e-02
-2.632777988910675049e-01
1.495649814605712891e-01
-7.083275914192199707e-02
-2.471588402986526489e-01
-4.004277586936950684e-01
6.952800154685974121e-01
-6.922536529600620270e-03
1.390484571456909180e-01
8.854703903198242188e-01
3.090925812721252441e-01
-3.977098315954208374e-02
-3.510808199644088745e-02
4.450500011444091797e-01
2.250505685806274414e-01
7.479996420443058014e-04
1.244047507643699646e-01
-3.862646222114562988e-01
-1.019089967012405396e-01
2.662038803100585938e-01
3.355268388986587524e-02
7.636649161577224731e-02
1.793136000633239746e-01
8.008325472474098206e-03
3.269777894020080566e-01
6.665736436843872070e-02
1.101322770118713379e-01
1.183295845985412598e-01
3.460072576999664307e-01
3.028696179389953613e-01
-5.673792213201522827e-02
2.404374927282333374e-01
-5.706728100776672363e-01
-1.741008460521697998e-01
-1.738546043634414673e-02
-6.156471967697143555e-01
-1.453126817941665649e-01
4.930983483791351318e-02
-1.796177774667739868e-01
1.946549564599990845e-01
-2.132553458213806152e-01
-6.583606600761413574e-01
-1.973984986543655396e-01
1.084728017449378967e-01
-8.484749495983123779e-02
-1.922893524169921875e-01
5.746011137962341309e-01
-7.101885974407196045e-02
3.339830636978149414e-01
3.436880707740783691e-01
3.287498950958251953e-01
3.462175130844116211e-01
1.582372337579727173e-01
5.062277317047119141e-01
-1.681674569845199585e-01
5.000837445259094238e-01
-2.357259392738342285e-01
-6.379642337560653687e-02
-5.714269876480102539e-01
2.979996204376220703e-01
-9.993742406368255615e-02
2.473162263631820679e-01
2.356268465518951416e-02
-2.060133963823318481e-01
4.475361108779907227e-01
2.922191321849822998e-01
-2.101058959960937500e-01
1.558104902505874634e-01
1.476396620273590088e-01
2.544875955209136009e-03
-2.989730536937713623e-01
-1.514410972595214844e-01
-3.107269704341888428e-01
-2.816143631935119629e-01
-4.847994744777679443e-01
-2.066534906625747681e-01
-1.070490851998329163e-01
4.267601072788238525e-01
-1.076969802379608154e-01
-2.331771701574325562e-01
-4.244380593299865723e-01
1.892706602811813354e-01
-3.543654680252075195e-01
-1.337447017431259155e-01
-4.024058878421783447e-01
-1.276751607656478882e-01
-3.748646378517150879e-01
-2.779984474182128906e-01
3.291428983211517334e-01
4.288353621959686279e-01
2.908688187599182129e-01
2.362619042396545410e-01
5.445610359311103821e-02
-6.974127143621444702e-02
2.988512814044952393e-01
-4.770341515541076660e-01
-1.742922067642211914e-01
5.015046000480651855e-01
1.157964318990707397e-01
-5.419851467013359070e-02
2.924312651157379150e-01
-1.516447067260742188e-01
3.490739688277244568e-02
-1.917184293270111084e-01
8.590508997440338135e-02
-2.910514175891876221e-01
-6.502898335456848145e-01
-3.435343205928802490e-01
1.783200055360794067e-01
-1.439028233289718628e-01
5.607787370681762695e-01
-1.433084160089492798e-01
-4.146254956722259521e-01
9.515545517206192017e-02
3.740512579679489136e-02
-5.619386956095695496e-02
9.067426323890686035e-01
1.410646289587020874e-01
2.087618708610534668e-01
-2.376676499843597412e-01
6.665236353874206543e-01
-9.419129788875579834e-02
9.008747935295104980e-01
-2.474530041217803955e-01
-1.718271821737289429e-01
2.532925084233283997e-02
3.114388585090637207e-01
-8.889382332563400269e-02
-1.403191238641738892e-01
9.370672702789306641e-02
1.021943688392639160e-01
4.766707494854927063e-02
-3.259910643100738525e-02
7.271333038806915283e-02
2.260570526123046875e-01
-2.299136668443679810e-01
-4.851816222071647644e-02
-3.632193207740783691e-01
-2.376542240381240845e-02
1.415095776319503784e-01
-1.156306713819503784e-01
1.530846208333969116e-01
-6.858779489994049072e-02
-1.232341602444648743e-01
-1.740771383047103882e-01
1.437648683786392212e-01
9.826243668794631958e-02
-6.077824160456657410e-02
-3.475815951824188232e-01
2.105363458395004272e-02
-1.260280311107635498e-01
1.513320952653884888e-01
4.094664454460144043e-01
-1.883699587779119611e-04
6.692200899124145508e-03
1.324597299098968506e-01
2.139575779438018799e-02
4.572297446429729462e-03
-2.626318037509918213e-01
7.220797985792160034e-02
3.675545156002044678e-01
1.578369364142417908e-02
1.376670300960540771e-01
-1.865421384572982788e-01
8.068194240331649780e-02
7.496485114097595215e-02
