-7.602386921644210815e-02
-1.367498636245727539e+00
-4.022690355777740479e-01
7.580883502960205078e-01
4.913695529103279114e-02
-2.327788352966308594e+00
4.965652525424957275e-01
6.957826018333435059e-02
2.160868793725967407e-01
-6.351646184921264648e-01
-2.718952000141143799e-01
-4.872514605522155762e-01
-2.431480213999748230e-02
-5.759143456816673279e-02
6.569933891296386719e-01
7.275291681289672852e-01
3.015708923339843750e-01
5.199990272521972656e-01
-4.922468960285186768e-01
-5.565074086189270020e-01
-1.903291195631027222e-01
9.341325163841247559e-01
-2.231119722127914429e-01
6.870434284210205078e-01
-2.510610520839691162e-01
-1.898543536663055420e-01
-3.962525725364685059e-01
-5.709270834922790527e-01
4.262579083442687988e-01
7.935870289802551270e-01
-6.313710212707519531e-01
1.099858507513999939e-01
-4.759839177131652832e-01
6.809158921241760254e-01
-6.116702556610107422e-01
9.991807863116264343e-03
2.244492769241333008e-01
2.406425215303897858e-02
-3.249830305576324463e-01
-1.121736407279968262e+00
3.977562300860881805e-03
-2.676226794719696045e-01
-6.340397596359252930e-01
3.782754242420196533e-01
8.358700275421142578e-01
6.867104172706604004e-01
6.463662385940551758e-01
4.730180203914642334e-01
-2.528498768806457520e-01
2.504473328590393066e-01
-4.231176674365997314e-01
-5.972800254821777344e-01
4.629369974136352539e-01
1.644620150327682495e-01
-2.327418029308319092e-01
-2.188230678439140320e-02
6.476442217826843262e-01
6.504924893379211426e-01
3.557198345661163330e-01
-7.257322072982788086e-01
-1.342754065990447998e-01
-1.629530489444732666e-01
-2.883603870868682861e-01
-1.583836525678634644e-01
3.418352305889129639e-01
1.599125266075134277e-01
5.020399019122123718e-02
-4.839593544602394104e-02
-1.458195149898529053e-01
1.758798360824584961e-01
-1.203777045011520386e-01
1.464260462671518326e-02
1.481436043977737427e-01
1.102434843778610229e-01
-1.350556015968322754e-01
-2.025426030158996582e-01
3.692931309342384338e-02
-5.999978631734848022e-03
-1.163411810994148254e-01
-1.320895254611968994e-01
-3.266471326351165771e-01
-1.094670668244361877e-01
2.348297238349914551e-01
2.185752540826797485e-01
-6.788436323404312134e-02
5.803355947136878967e-02
1.521856337785720825e-02
-1.039524599909782410e-01
-2.397546172142028809e-01
1.946796923875808716e-01
1.303845793008804321e-01
2.655111253261566162e-01
4.258543252944946289e-03
8.794908970594406128e-02
-3.410421311855316162e-01
-1.664180904626846313e-01
4.893159121274948120e-02
-1.403960734605789185e-01
-1.391706466674804688e-01
-1.064162775874137878e-01
-2.738108932971954346e-01
1.336622983217239380e-01
3.744805455207824707e-01
-1.234994828701019287e-01
-7.234119623899459839e-02
4.004766792058944702e-02
-6.795241683721542358e-02
-4.266770929098129272e-02
4.802337288856506348e-02
1.509957909584045410e-01
2.010340094566345215e-01
-3.599916771054267883e-02
1.872005164623260498e-01
-6.825753301382064819e-02
2.088116705417633057e-01
3.451491892337799072e-02
-1.614061743021011353e-01
-1.181329861283302307e-01
1.539214700460433960e-01
2.269025705754756927e-02
-2.535028755664825439e-01
2.615761458873748779e-01
-1.893123686313629150e-01
-2.013244479894638062e-01
1.886870414018630981e-01
-1.889336556196212769e-01
-5.413272604346275330e-02
-6.146628409624099731e-03
-4.265062510967254639e-02
4.903693869709968567e-02
2.255834639072418213e-01
-8.351029455661773682e-02
1.191800683736801147e-01
3.133482933044433594e-01
-2.414623647928237915e-01
-1.163299083709716797e-01
1.056456565856933594e-01
7.092013210058212280e-02
6.955410540103912354e-02
2.749940752983093262e-01
-4.315153509378433228e-02
2.176788300275802612e-01
-7.320939749479293823e-02
-1.716995388269424438e-01
-3.263984248042106628e-02
-1.543193161487579346e-01
-7.694131880998611450e-02
-1.940995901823043823e-01
5.823360406793653965e-04
2.582109868526458740e-01
-8.344954252243041992e-02
-1.553532481193542480e-01
-2.091801613569259644e-01
-8.843621611595153809e-02
3.821687772870063782e-02
-9.552203118801116943e-02
-1.487197130918502808e-01
-6.195420399308204651e-02
-2.118625491857528687e-01
3.366708755493164062e-01
-3.293537795543670654e-01
-1.838093101978302002e-01
2.224111855030059814e-01
-1.547930687665939331e-01
-1.605105549097061157e-01
-7.997520267963409424e-02
1.011793538928031921e-01
2.273136526346206665e-01
8.369678258895874023e-02
-3.942179318983107805e-06
6.698842346668243408e-02
-1.263103783130645752e-01
-1.553805358707904816e-02
1.204344853758811951e-01
3.607968986034393311e-01
-9.336470812559127808e-02
-7.711084187030792236e-02
2.236779183149337769e-01
1.692970544099807739e-01
-3.283160924911499023e-02
-1.720612049102783203e-01
-1.754255890846252441e-01
-3.055855333805084229e-01
-1.101468876004219055e-01
7.845413088798522949e-01
1.738275140523910522e-01
1.688391864299774170e-01
-1.019895523786544800e-01
-4.825880229473114014e-01
2.745575606822967529e-01
-2.557699680328369141e-01
-7.142899632453918457e-01
2.983216643333435059e-01
2.049439102411270142e-01
-3.392303586006164551e-01
7.511026412248611450e-02
1.271269023418426514e-01
3.055919408798217773e-01
3.252605795860290527e-01
-8.406046777963638306e-02
3.331613540649414062e-01
-3.538505733013153076e-01
-1.135462597012519836e-01
2.773548066616058350e-01
4.877761602401733398e-01
-4.125970974564552307e-02
2.767076790332794189e-01
5.647188425064086914e-02
-1.843449324369430542e-01
-1.515857428312301636e-01
-3.747339248657226562e-01
-7.068515419960021973e-01
6.735859066247940063e-02
1.426078728400170803e-03
1.466211825609207153e-01
1.832854747772216797e-01
-4.088426381349563599e-02
1.350731123238801956e-02
1.133975014090538025e-01
-8.579964190721511841e-02
3.963767588138580322e-01
-2.250738628208637238e-02
-2.494263648986816406e-01
1.271780133247375488e-01
1.649890244007110596e-01
1.367690265178680420e-01
1.738781332969665527e-01
-3.169766068458557129e-02
-1.039844602346420288e-01
-1.000838801264762878e-01
1.383082009851932526e-02
-2.335920482873916626e-01
-1.426910609006881714e-01
2.547444403171539307e-01
9.953088313341140747e-02
-1.743882745504379272e-01
-7.501351088285446167e-02
1.411112695932388306e-01
1.075499877333641052e-01
1.527094393968582153e-01
2.116608172655105591e-01
-8.277484774589538574e-02
3.703788816928863525e-01
-1.794410496950149536e-01
-5.115424394607543945e-01
-1.021769717335700989e-01
2.204008549451828003e-01
-2.495755255222320557e-01
5.706939473748207092e-02
1.499336957931518555e-01
2.701035141944885254e-01
-1.982487738132476807e-02
-3.386203944683074951e-02
-1.679957285523414612e-02
-1.310111582279205322e-01
1.947303265333175659e-01
5.891636013984680176e-03
-9.388613514602184296e-03
-1.651202440261840820e-01
-5.953035131096839905e-02
-2.607747018337249756e-01
1.783525794744491577e-01
-1.102028116583824158e-01
7.009676098823547363e-02
1.682332605123519897e-01
1.238091383129358292e-02
-2.457966953516006470e-01
-1.067953035235404968e-01
-2.710788846015930176e-01
1.545289158821105957e-01
4.341120123863220215e-01
9.318041801452636719e-02
-8.233653008937835693e-02
-4.707352444529533386e-02
-8.035579323768615723e-02
9.853991121053695679e-02
2.167259156703948975e-01
1.035753265023231506e-01
2.847755141556262970e-02
-1.900215148925781250e-01
1.854922026395797729e-01
-1.846353858709335327e-01
3.861607313156127930e-01
5.666317883878946304e-03
1.002275347709655762e-01
-6.587038934230804443e-02
1.873168796300888062e-01
1.570757329463958740e-01
-3.038081340491771698e-02
-2.597464323043823242e-01
1.003920137882232666e-01
-1.439711637794971466e-02
-3.746282309293746948e-02
-1.716451197862625122e-01
4.812634363770484924e-02
5.535595491528511047e-02
3.217865526676177979e-02
-7.408282160758972168e-02
1.139327809214591980e-01
-2.003754675388336182e-01
-1.581217199563980103e-01
-1.178853660821914673e-01
4.180830419063568115e-01
-1.071284618228673935e-02
-2.451629936695098877e-01
2.827343530952930450e-03
-3.756581246852874756e-02
-4.397924616932868958e-02
6.271595507860183716e-02
-2.479794025421142578e-01
-5.914983153343200684e-02
6.417359411716461182e-02
2.252220511436462402e-01
2.639328874647617340e-02
-8.008991926908493042e-02
-2.796788141131401062e-02
2.350680530071258545e-03
1.944968700408935547e-01
1.124750971794128418e-01
2.182147055864334106e-01
-1.522574573755264282e-01
1.363615393638610840e-01
-3.693014681339263916e-01
1.114891543984413147e-01
2.033002227544784546e-01
-6.278542429208755493e-02
4.863233771175146103e-03
2.018602192401885986e-01
3.192133009433746338e-01
-2.590689249336719513e-02
9.920970350503921509e-02
9.986949712038040161e-02
-1.599025875329971313e-01
-2.613816261291503906e-01
3.035214729607105255e-02
4.271164909005165100e-02
2.349038124084472656e-01
-9.267383813858032227e-02
4.708808287978172302e-02
-2.899746000766754150e-01
-7.334293723106384277e-01
1.480136811733245850e-01
-8.519984483718872070e-01
8.007242530584335327e-02
-1.841640025377273560e-01
7.040462642908096313e-02
-2.138320915400981903e-02
1.260027587413787842e-01
-1.222225949168205261e-01
-9.941268712282180786e-02
3.724564909934997559e-01
3.578365445137023926e-01
3.264184892177581787e-01
2.590894140303134918e-02
-2.475879341363906860e-01
1.762929558753967285e-01
-9.011117368936538696e-02
1.834758818149566650e-01
4.394011944532394409e-02
-3.408285081386566162e-01
3.162851184606552124e-02
-1.427191346883773804e-01
-3.443638384342193604e-01
1.208415720611810684e-02
3.321215212345123291e-01
-2.690168097615242004e-02
-2.226836979389190674e-01
-1.091746613383293152e-01
-1.956925541162490845e-01
1.686605662107467651e-01
1.402291208505630493e-01
-5.801659449934959412e-02
1.449427157640457153e-01
-1.401282101869583130e-01
2.035879343748092651e-01
-2.438542544841766357e-01
3.347007185220718384e-02
5.972060188651084900e-02
-3.879686444997787476e-02
-1.275203675031661987e-01
-2.510896623134613037e-01
9.658768773078918457e-02
2.532349526882171631e-01
-2.039009034633636475e-01
-2.541616857051849365e-01
-2.582771182060241699e-01
-3.172205388545989990e-01
-2.934046089649200439e-01
3.085326552391052246e-01
6.822471320629119873e-02
2.870631515979766846e-01
5.938881635665893555e-01
-7.339613884687423706e-02
-1.865020543336868286e-01
5.093612074851989746e-01
1.226748377084732056e-01
-9.383609145879745483e-02
1.233959943056106567e-02
-1.683675348758697510e-01
1.622620671987533569e-01
-1.556204557418823242e-01
-2.200703471899032593e-01
-7.424579560756683350e-02
2.338938117027282715e-01
3.825538977980613708e-02
2.149236351251602173e-01
2.701698541641235352e-01
-1.750832796096801758e-01
1.620911806821823120e-01
-9.644113481044769287e-02
5.333578679710626602e-03
-2.621818482875823975e-01
1.940986365079879761e-01
1.872468739748001099e-01
-8.747649937868118286e-02
-1.318913698196411133e-01
-1.676814258098602295e-01
4.802259057760238647e-02
1.928873360157012939e-01
1.550962179899215698e-01
-4.610235393047332764e-01
3.652563691139221191e-01
-3.838928043842315674e-01
-2.345716655254364014e-01
-8.478191494941711426e-02
-2.253630431368947029e-03
-7.952265441417694092e-02
1.743190139532089233e-01
1.605409085750579834e-01
-6.486097723245620728e-02
3.874948620796203613e-01
3.184735774993896484e-01
1.166449114680290222e-01
-1.268295645713806152e-01
1.326265186071395874e-01
1.156222447752952576e-01
-1.609402447938919067e-01
-9.826335310935974121e-02
3.727581351995468140e-02
-3.953097462654113770e-01
1.922045201063156128e-01
-5.409716367721557617e-01
-6.960193067789077759e-02
1.508426666259765625e-01
7.911233901977539062e-01
1.851940751075744629e-01
-5.963180214166641235e-02
-3.076067566871643066e-01
-2.897876799106597900e-01
4.232138097286224365e-01
-7.980131506919860840e-01
-4.247493445873260498e-01
2.710507214069366455e-01
5.562314391136169434e-01
-3.475581109523773193e-01
4.356998577713966370e-02
-2.414664030075073242e-01
5.705650523304939270e-02
-1.796743124723434448e-01
-2.334025502204895020e-02
-2.344508469104766846e-01
1.363597810268402100e-01
1.025704573839902878e-02
-2.335284799337387085e-01
-2.647449821233749390e-02
6.252012401819229126e-02
3.790185227990150452e-02
-4.631694406270980835e-02
-8.424899727106094360e-02
5.094234272837638855e-02
1.415496170520782471e-01
2.021060883998870850e-01
4.384057968854904175e-02
5.294611677527427673e-02
-4.766097292304039001e-03
-1.600187420845031738e-01
-2.505128458142280579e-02
2.852833867073059082e-01
-1.071542799472808838e-01
3.647858649492263794e-02
3.107323050498962402e-01
1.432413607835769653e-01
-3.158356547355651855e-01
-1.078070625662803650e-01
1.874324381351470947e-01
-9.445022046566009521e-02
6.925056576728820801e-01
3.142298758029937744e-01
2.217718809843063354e-01
-2.162743061780929565e-01
2.224646955728530884e-01
-1.072986871004104614e-01
-3.263830393552780151e-02
-1.631425917148590088e-01
-2.436229735612869263e-01
-3.863351047039031982e-02
-5.828535556793212891e-01
8.273936808109283447e-02
-1.958825737237930298e-01
5.105904936790466309e-01
-1.135914400219917297e-01
6.742971949279308319e-03
3.354890644550323486e-02
4.640620201826095581e-02
-6.238815188407897949e-02
4.111004769802093506e-01
3.928991034626960754e-02
4.992810543626546860e-03
-3.779795020818710327e-02
3.475650399923324585e-02
-7.088955491781234741e-03
7.167253177613019943e-03
1.572497189044952393e-01
8.779902756214141846e-02
-4.342802241444587708e-02
1.624464988708496094e-01
-9.354298561811447144e-02
2.518273293972015381e-01
2.752498388290405273e-01
1.386274546384811401e-01
1.830746829509735107e-01
2.572120130062103271e-01
2.003630250692367554e-01
2.815099060535430908e-01
-1.448499709367752075e-01
3.753497600555419922e-01
3.256082534790039062e-01
-4.037498438265174627e-04
-4.932753369212150574e-02
3.265569806098937988e-01
1.052392572164535522e-01
-8.087787032127380371e-02
-8.286065608263015747e-02
1.501426696777343750e-01
6.196773052215576172e-02
1.986629366874694824e-01
-9.316936484538018703e-04
1.736941784620285034e-01
9.611400216817855835e-02
-5.077209789305925369e-03
-8.813805878162384033e-02
-1.993601620197296143e-01
-3.714998438954353333e-02
4.022807255387306213e-02
9.312204271554946899e-02
-2.711106836795806885e-01
-2.325861603021621704e-01
2.019983530044555664e-01
4.862625524401664734e-02
1.225904747843742371e-01
-3.058878332376480103e-02
-2.047622799873352051e-01
-3.251828551292419434e-01
-1.117107048630714417e-01
-1.214207634329795837e-01
1.408350169658660889e-01
1.082095727324485779e-01
1.749512925744056702e-02
-5.962508544325828552e-02
5.119649320840835571e-02
2.740907669067382812e-01
-1.471205204725265503e-01
1.403738260269165039e-01
-4.434803128242492676e-02
-6.540249567478895187e-03
-4.175915122032165527e-01
4.204927086830139160e-01
-7.409061491489410400e-02
1.208583563566207886e-01
4.302527010440826416e-01
4.746695235371589661e-02
-2.294012308120727539e-01
-6.072140485048294067e-02
-2.557363510131835938e-01
-6.213875487446784973e-02
-1.845564506947994232e-02
6.004724651575088501e-02
3.089870326220989227e-03
-3.130846917629241943e-01
-1.415878683328628540e-01
-5.337967872619628906e-01
-1.728560775518417358e-01
2.095566391944885254e-01
-2.562223672866821289e-01
-1.976776421070098877e-01
4.958220422267913818e-01
-3.908378183841705322e-01
3.600323796272277832e-01
-1.249589473009109497e-01
2.622038125991821289e-01
4.029857460409402847e-03
4.752756953239440918e-01
1.741867214441299438e-01
6.048856675624847412e-02
-2.008630186319351196e-01
-2.551857829093933105e-01
1.674671620130538940e-01
2.239765375852584839e-01
-2.281159758567810059e-01
2.854583859443664551e-01
6.789609044790267944e-02
2.145342230796813965e-01
-6.226268038153648376e-02
4.399835467338562012e-01
4.770298302173614502e-02
-8.303674310445785522e-02
-2.264088019728660583e-02
-4.539465904235839844e-01
-3.139984309673309326e-01
5.221810340881347656e-01
-3.642031457275152206e-03
-1.580234467983245850e-01
2.426048815250396729e-01
-3.815757632255554199e-01
-1.113315224647521973e-01
-3.996057808399200439e-02
3.411433994770050049e-01
-1.017649620771408081e-01
-1.258832663297653198e-01
1.483659911900758743e-02
-6.434094905853271484e-02
-8.461713790893554688e-03
3.259809017181396484e-01
-3.945117443799972534e-02
2.289984226226806641e-01
6.275075674057006836e-02
-1.032791063189506531e-01
-8.415664732456207275e-02
-1.247999817132949829e-01
-1.138170808553695679e-01
8.304371684789657593e-02
2.274318225681781769e-02
1.546470262110233307e-02
5.523841455578804016e-02
-9.450171142816543579e-02
1.557585150003433228e-01
7.205782532691955566e-01
-3.673472702503204346e-01
3.816555142402648926e-01
-6.793553829193115234e-01
2.838503122329711914e-01
1.367538720369338989e-01
1.894197314977645874e-01
3.214389383792877197e-01
4.523174464702606201e-02
-2.319342941045761108e-01
2.328036725521087646e-01
-9.738559275865554810e-02
-2.980811148881912231e-02
1.800796836614608765e-01
-1.448929011821746826e-01
-1.618378907442092896e-01
1.142116934061050415e-01
-1.671309918165206909e-01
2.673521041870117188e-01
2.221719920635223389e-01
-2.226006984710693359e-01
6.166768819093704224e-02
4.347827136516571045e-01
-3.687971085309982300e-02
-9.867475181818008423e-02
-1.785124987363815308e-01
-1.576736569404602051e-01
-1.822319626808166504e-01
-1.364638209342956543e-01
-7.652051001787185669e-02
-1.234145462512969971e-01
1.843421310186386108e-01
1.760065555572509766e-01
-1.704023629426956177e-01
-2.417662292718887329e-01
3.307207226753234863e-01
9.506962448358535767e-02
3.996132314205169678e-01
1.429240256547927856e-01
2.237956374883651733e-01
-2.038509547710418701e-01
-6.248779967427253723e-02
-4.512771964073181152e-02
-1.705894470214843750e-01
1.489202678203582764e-02
-3.170669823884963989e-02
-3.750060200691223145e-01
4.729417338967323303e-02
1.923204772174358368e-02
-4.596214592456817627e-01
-1.360035240650177002e-01
5.123542547225952148e-01
4.680111408233642578e-01
7.954540848731994629e-02
5.468114092946052551e-02
1.689188182353973389e-01
-1.305986046791076660e-01
-4.779254198074340820e-01
-6.064932942390441895e-01
5.229204893112182617e-02
-4.130585491657257080e-01
-4.928883910179138184e-02
-3.831746280193328857e-01
5.074726939201354980e-01
1.939091235399246216e-01
-1.142923012375831604e-01
2.951009664684534073e-03
1.832740008831024170e-01
1.594582498073577881e-01
-3.201385438442230225e-01
2.709891498088836670e-01
7.400149106979370117e-02
1.892832070589065552e-01
1.111405119299888611e-01
2.543183602392673492e-02
-2.929631471633911133e-01
-3.888601064682006836e-02
8.255098760128021240e-02
3.067852854728698730e-01
9.803140163421630859e-02
3.217670321464538574e-01
-2.397823929786682129e-01
3.301509097218513489e-02
-2.392764687538146973e-01
1.626932471990585327e-01
2.118019014596939087e-01
-8.819064497947692871e-02
6.173961237072944641e-02
-1.488638371229171753e-01
1.570407599210739136e-01
-3.446444272994995117e-01
-1.040866672992706299e-01
1.188260987401008606e-01
2.461763471364974976e-01
-1.831008940935134888e-01
4.211251437664031982e-02
1.529967933893203735e-01
-4.269100427627563477e-01
-6.258488297462463379e-01
-4.972146749496459961e-01
-3.691237792372703552e-02
1.340190023183822632e-01
-1.035713925957679749e-01
-7.070574909448623657e-02
2.331869304180145264e-01
-6.458166055381298065e-03
3.165157139301300049e-01
3.408833593130111694e-02
2.151361256837844849e-01
2.718119025230407715e-01
4.681794345378875732e-01
-2.696993947029113770e-01
-1.086619794368743896e-01
2.508198842406272888e-02
-2.713402919471263885e-02
-4.567531496286392212e-02
2.835907638072967529e-01
-2.028590142726898193e-01
-1.216006204485893250e-01
-1.274712681770324707e-01
1.580884903669357300e-01
1.983329057693481445e-01
2.856130599975585938e-01
8.153031021356582642e-02
-7.472576946020126343e-02
2.590015828609466553e-01
2.041452676057815552e-01
9.060853719711303711e-02
8.274660794995725155e-04
4.183640182018280029e-01
2.018856853246688843e-01
3.867496922612190247e-02
-1.680665165185928345e-01
4.881909117102622986e-02
-6.481862161308526993e-03
8.701818063855171204e-03
9.181196242570877075e-02
7.367955404333770275e-04
1.835881769657135010e-01
-1.733441054821014404e-01
1.149016804993152618e-02
-8.041769266128540039e-02
1.042932271957397461e-01
7.683043181896209717e-02
2.809942662715911865e-01
-3.410185500979423523e-02
-1.649768054485321045e-01
1.104242261499166489e-02
-6.755088269710540771e-02
7.001390680670738220e-03
2.824947834014892578e-01
-1.011727154254913330e-01
-4.019906744360923767e-02
-4.125666618347167969e-01
7.685909420251846313e-02
-2.438278645277023315e-01
-2.884075045585632324e-01
3.449470996856689453e-01
2.419855147600173950e-01
1.277522444725036621e-01
1.638671383261680603e-02
-1.549439281225204468e-01
2.573602199554443359e-01
3.841271623969078064e-02
-1.943058073520660400e-01
-7.660478353500366211e-02
-1.252756863832473755e-01
-1.510935127735137939e-01
-6.349334865808486938e-02
8.593295700848102570e-03
7.297245413064956665e-02
7.122908532619476318e-02
2.910085581243038177e-02
1.967084705829620361e-01
-6.346201151609420776e-02
-1.025169156491756439e-02
1.255727373063564301e-02
-1.703589260578155518e-01
-2.063947767019271851e-01
-1.565043777227401733e-01
1.016549244523048401e-01
1.634291857481002808e-01
2.081181854009628296e-01
5.728215575218200684e-01
3.463535755872726440e-02
2.955076694488525391e-01
1.997057944536209106e-01
-1.992477476596832275e-01
1.098341122269630432e-01
1.109360083937644958e-01
1.883646845817565918e-01
-9.638279676437377930e-02
-8.333724737167358398e-02
3.163850605487823486e-01
-6.328109651803970337e-02
2.251281030476093292e-02
3.520731329917907715e-01
-2.797468379139900208e-02
1.175203174352645874e-01
1.007281467318534851e-01
-1.403098106384277344e-01
-7.035528868436813354e-02
4.409732669591903687e-02
2.312919497489929199e-01
4.555415213108062744e-01
-2.319592982530593872e-02
-2.094988822937011719e-01
1.987217962741851807e-01
1.233238447457551956e-02
-1.778497993946075439e-01
8.220757246017456055e-01
8.397971838712692261e-02
2.925969958305358887e-01
-4.225055277347564697e-01
-5.558753386139869690e-02
-1.533534526824951172e-01
-2.923291027545928955e-01
1.974594295024871826e-01
-1.059656441211700439e-01
5.970232486724853516e-01
-2.482574135065078735e-01
1.208366677165031433e-01
8.806005865335464478e-02
6.376177668571472168e-01
-1.564742475748062134e-01
-1.175793334841728210e-01
5.058194324374198914e-02
2.361221760511398315e-01
1.560546606779098511e-01
4.444093257188796997e-02
-1.823066323995590210e-01
-1.505965292453765869e-01
1.920765191316604614e-01
-1.092451438307762146e-01
1.339837312698364258e-01
-2.703195512294769287e-01
1.254546921700239182e-02
-1.589320302009582520e-01
-1.293066591024398804e-01
2.209368646144866943e-01
2.990779876708984375e-01
-2.300070822238922119e-01
1.454168558120727539e-01
-2.815569043159484863e-01
-1.692241132259368896e-01
6.978268921375274658e-02
-4.804729670286178589e-02
-1.790671944618225098e-01
-1.262098699808120728e-01
3.792110383510589600e-01
2.901712618768215179e-02
-1.112447157502174377e-01
-2.928956039249897003e-02
8.581233024597167969e-02
-8.987722545862197876e-02
1.021085903048515320e-01
4.216504693031311035e-01
2.815185813233256340e-03
1.468026638031005859e-01
-1.557103693485260010e-01
2.295932322740554810e-01
1.298764999955892563e-02
2.930428087711334229e-01
-1.410505175590515137e-01
-1.010008528828620911e-02
2.203370928764343262e-01
-1.491797119379043579e-01
-1.430327631533145905e-02
1.127774268388748169e-01
-1.030724644660949707e-01
2.884410321712493896e-01
-4.815562665462493896e-01
2.809542715549468994e-01
-1.552302241325378418e-01
4.223648458719253540e-02
1.510023325681686401e-01
3.392395973205566406e-01
-6.126148626208305359e-02
3.389863669872283936e-02
-3.945065662264823914e-02
-2.107817120850086212e-02
-6.914328038692474365e-02
-5.184583663940429688e-01
-9.079501777887344360e-02
-4.897761344909667969e-01
-1.649744994938373566e-02
-1.983399987220764160e-01
-9.188222140073776245e-02
4.084024578332901001e-02
2.216919362545013428e-01
-3.518396057188510895e-03
2.495857328176498413e-01
4.275488480925559998e-02
-1.721223071217536926e-02
-8.859195560216903687e-02
1.141687855124473572e-02
5.850111246109008789e-01
-2.195054590702056885e-01
1.101599112153053284e-01
-2.260390967130661011e-01
6.304446142166852951e-03
-1.459744870662689209e-01
-1.126778006553649902e+00
2.655253745615482330e-02
-5.027804151177406311e-02
4.265544936060905457e-02
1.745246350765228271e-01
1.386739015579223633e-01
-2.508446574211120605e-01
-1.625901460647583008e-01
-1.229172721505165100e-01
-4.988186433911323547e-02
1.194977238774299622e-01
-1.170968785881996155e-01
-7.046165466308593750e-01
-4.127947613596916199e-02
-1.980135440826416016e-01
1.901006400585174561e-01
1.301735043525695801e-01
-1.771804392337799072e-01
-1.813998073339462280e-01
2.560387253761291504e-01
-4.474431276321411133e-01
-1.783589869737625122e-01
7.883721962571144104e-03
-1.266881376504898071e-01
-2.530892491340637207e-01
1.762929558753967285e-01
-9.152305871248245239e-02
7.577566895633935928e-03
7.295829057693481445e-02
-1.271195858716964722e-01
-2.002867162227630615e-01
3.009620606899261475e-01
3.230800032615661621e-01
7.782848924398422241e-02
1.349352747201919556e-01
-1.541481763124465942e-01
-9.418456256389617920e-02
1.216958090662956238e-01
-2.242118418216705322e-01
7.768096774816513062e-02
5.259170755743980408e-02
2.079773098230361938e-01
-1.956152766942977905e-01
-3.025847673416137695e-01
-2.520952820777893066e-01
1.773384511470794678e-01
2.525738775730133057e-01
-3.654611408710479736e-01
2.447011917829513550e-01
3.617806732654571533e-02
1.167309433221817017e-01
-6.395506858825683594e-02
4.389203786849975586e-01
2.201065719127655029e-01
-2.128392010927200317e-01
2.360547892749309540e-02
-9.392946213483810425e-02
2.967720925807952881e-01
2.355666458606719971e-01
-2.106071449816226959e-02
2.551085352897644043e-01
1.902877837419509888e-01
1.019181534647941589e-01
1.779734157025814056e-02
1.517022550106048584e-01
1.509257555007934570e-01
-2.150509953498840332e-01
5.320773646235466003e-02
1.445878148078918457e-01
-3.341476321220397949e-01
8.750073611736297607e-02
-1.214097738265991211e-01
-4.934651255607604980e-01
-8.700586855411529541e-02
7.012451440095901489e-02
1.885933578014373779e-01
-9.616629034280776978e-02
1.407621353864669800e-01
1.519500315189361572e-01
-2.325494140386581421e-01
-4.204695522785186768e-01
-2.064756304025650024e-01
2.169530987739562988e-01
3.323259353637695312e-01
-1.577339693903923035e-02
-8.437375538051128387e-03
-2.176308780908584595e-01
3.343178331851959229e-01
-2.396591454744338989e-01
-1.203330978751182556e-01
9.734749048948287964e-02
-1.881400197744369507e-01
-1.014460325241088867e-01
5.283688381314277649e-02
-1.410027742385864258e-01
-1.246043294668197632e-01
5.566889047622680664e-02
-1.660582274198532104e-01
1.498692482709884644e-01
4.790521785616874695e-02
-1.934566050767898560e-01
5.207144096493721008e-02
-8.399215340614318848e-02
1.501110643148422241e-01
4.050467535853385925e-02
3.090049326419830322e-02
7.126289606094360352e-02
-5.725565366446971893e-03
-1.678384691476821899e-01
-2.410853467881679535e-02
-1.782032102346420288e-01
-1.158366054296493530e-01
1.675243377685546875e-01
-6.961810588836669922e-02
5.300027728080749512e-01
9.734445065259933472e-02
1.696238070726394653e-01
-5.248948186635971069e-02
1.932969391345977783e-01
1.377547383308410645e-01
-5.293061137199401855e-01
-2.430527210235595703e-01
-2.146258354187011719e-01
-2.435008734464645386e-01
-1.847220063209533691e-01
9.685114026069641113e-03
-3.079694882035255432e-02
-6.137411296367645264e-02
-8.709356933832168579e-02
2.605839669704437256e-01
5.920177698135375977e-02
1.028298288583755493e-01
3.167174458503723145e-01
2.650124728679656982e-01
-2.050181776285171509e-01
-2.699197530746459961e-01
-1.141119673848152161e-01
1.832460910081863403e-01
-3.016209006309509277e-01
9.744980931282043457e-02
2.397080659866333008e-01
-3.706877306103706360e-02
1.994577348232269287e-01
2.368659973144531250e-01
-3.486656844615936279e-01
-1.709208488464355469e-01
-8.654530346393585205e-02
2.688804268836975098e-02
-2.818117439746856689e-01
7.165999710559844971e-02
1.286700665950775146e-01
2.273474782705307007e-01
5.689432471990585327e-02
6.793353706598281860e-02
-6.513182520866394043e-01
6.061949953436851501e-02
1.890930384397506714e-01
1.429076399654150009e-02
-2.725023627281188965e-01
1.195131987333297729e-02
7.499380111694335938e-01
1.443938612937927246e-01
3.386045396327972412e-01
-5.361295863986015320e-02
-6.938122212886810303e-02
-2.436364255845546722e-02
-9.300202131271362305e-02
3.420388102531433105e-01
-2.691349089145660400e-01
-4.656556546688079834e-01
-1.001437380909919739e-01
1.463307440280914307e-01
-1.894913762807846069e-01
-2.558843493461608887e-01
-1.004704609513282776e-01
5.256339535117149353e-02
-1.664413064718246460e-01
-1.186501458287239075e-01
2.976056933403015137e-01
2.046530842781066895e-01
1.359636634588241577e-01
-2.482444494962692261e-01
1.246434226632118225e-01
3.363555967807769775e-01
1.911529451608657837e-01
-2.630506455898284912e-01
2.366423606872558594e-02
-2.997808158397674561e-01
5.917565897107124329e-02
1.134617775678634644e-01
4.273436665534973145e-01
7.058048993349075317e-02
-6.557621061801910400e-02
6.112965196371078491e-02
-3.672742247581481934e-01
1.988785713911056519e-01
2.410203665494918823e-01
2.907720804214477539e-01
1.597083956003189087e-01
1.718236804008483887e-01
2.441206574440002441e-01
-3.266388773918151855e-01
-1.204640720970928669e-04
-2.865467965602874756e-01
-6.950631737709045410e-02
1.897719502449035645e-01
1.809507906436920166e-01
-2.218050062656402588e-01
-1.714894473552703857e-01
3.092936277389526367e-01
1.110829040408134460e-01
-2.399997971951961517e-02
1.199622899293899536e-01
1.527537107467651367e-01
-1.820910722017288208e-01
3.174437582492828369e-02
-2.296306490898132324e-01
5.712926015257835388e-02
-3.454041108489036560e-02
1.810917407274246216e-01
4.499465823173522949e-01
2.388491481542587280e-01
-1.028676703572273254e-01
6.931523233652114868e-02
1.753137260675430298e-01
6.529766321182250977e-02
8.088447153568267822e-02
1.858143657445907593e-01
-1.372336447238922119e-01
-1.551052033901214600e-01
1.756346784532070160e-02
-8.115269243717193604e-02
1.738812327384948730e-01
-6.559424102306365967e-02
1.788571476936340332e-01
1.225426048040390015e-01
1.590964198112487793e-02
1.873441413044929504e-02
3.305936455726623535e-01
-1.415279805660247803e-01
-2.581760287284851074e-01
-6.059461832046508789e-02
-2.912493981420993805e-02
-2.144940942525863647e-01
1.493898630142211914e-01
2.699986994266510010e-01
4.614136368036270142e-02
-1.123583614826202393e-01
-1.192181110382080078e-01
2.677322328090667725e-01
-1.861477494239807129e-01
-5.262435227632522583e-02
4.398745000362396240e-01
-4.094077274203300476e-03
-1.405401229858398438e-01
3.412184491753578186e-02
-7.053072750568389893e-02
2.391596287488937378e-01
-9.202809631824493408e-02
2.478879839181900024e-01
2.359905838966369629e-01
1.187065914273262024e-01
-3.077024519443511963e-01
4.798200353980064392e-02
1.737951636314392090e-01
1.857364773750305176e-01
-1.143202111124992371e-01
6.660933047533035278e-02
-4.997980594635009766e-02
3.649222850799560547e-01
3.214608505368232727e-02
-1.442015469074249268e-01
4.253119528293609619e-01
3.098213374614715576e-01
-2.001001536846160889e-01
-2.544455826282501221e-01
-1.919878870248794556e-01
3.651543259620666504e-01
2.268481440842151642e-02
-2.117200493812561035e-01
3.527346625924110413e-02
1.136776581406593323e-01
3.160090446472167969e-01
8.619982749223709106e-02
3.326962590217590332e-01
-2.542184591293334961e-01
-2.410546839237213135e-01
-1.914283186197280884e-01
-1.248474940657615662e-01
1.339754760265350342e-01
1.521689891815185547e-01
-1.002915203571319580e-01
-2.091580480337142944e-01
-1.086465567350387573e-01
-9.432467073202133179e-02
4.476065337657928467e-01
1.254276335239410400e-01
-5.600876361131668091e-02
1.912274509668350220e-01
2.166686654090881348e-01
-1.503154635429382324e-01
8.857207745313644409e-02
-2.306847423315048218e-01
2.410233765840530396e-01
-3.146124258637428284e-02
-2.018820196390151978e-01
-1.089070737361907959e-01
5.735680460929870605e-01
-5.229592919349670410e-01
-2.534279823303222656e-01
-2.199337184429168701e-01
3.390935659408569336e-01
-3.189903795719146729e-01
-2.653535902500152588e-01
-2.349939048290252686e-01
-9.845805913209915161e-02
2.968820556998252869e-02
-1.819311678409576416e-01
7.945276051759719849e-02
7.760832458734512329e-02
-2.510450780391693115e-01
-2.925548553466796875e-01
1.447944715619087219e-02
-2.355191558599472046e-01
-2.965339720249176025e-01
1.439585834741592407e-01
-1.780955493450164795e-01
2.249638587236404419e-01
-4.866012334823608398e-01
3.960680589079856873e-02
-5.584860444068908691e-01
5.625228881835937500e-01
8.861616998910903931e-02
-6.862542033195495605e-02
-2.996607422828674316e-01
-2.886649370193481445e-01
-1.803511530160903931e-01
1.171627044677734375e-01
-1.973616182804107666e-01
-2.889629900455474854e-01
3.575692772865295410e-01
2.187891751527786255e-01
3.090126812458038330e-01
2.088538849420729093e-06
4.122287780046463013e-02
-5.773522891104221344e-03
-1.842437982559204102e-01
-1.030784696340560913e-01
-8.449726551771163940e-02
-3.030639290809631348e-01
-2.854684181511402130e-02
1.536536812782287598e-01
-3.777099773287773132e-02
-1.431694626808166504e-01
-5.252779647707939148e-02
-4.899372346699237823e-03
6.384955346584320068e-02
-1.337292939424514771e-01
3.461835980415344238e-01
2.333833873271942139e-01
3.893434628844261169e-02
3.935802727937698364e-02
5.138128995895385742e-01
4.514576867222785950e-02
-4.411323741078376770e-02
-8.835907280445098877e-02
-1.486319452524185181e-01
-7.212573545984923840e-04
1.400163322687149048e-01
8.373830467462539673e-02
-1.173852831125259399e-01
-2.348702996969223022e-01
5.209046602249145508e-02
2.283098846673965454e-01
-8.957295864820480347e-02
-2.775000594556331635e-02
-1.626754105091094971e-01
-8.331642299890518188e-02
-1.543308049440383911e-01
1.393656730651855469e-01
2.073220610618591309e-01
1.920644938945770264e-02
-1.516650915145874023e-01
-2.399854734539985657e-02
-1.738627552986145020e-01
1.892047077417373657e-01
2.958380209747701883e-04
9.246574714779853821e-03
6.403078138828277588e-02
-1.380536109209060669e-01
5.735518038272857666e-02
-9.695014357566833496e-02
6.053157150745391846e-02
-3.325742110610008240e-02
1.415945291519165039e-01
4.385298117995262146e-02
9.598941355943679810e-02
1.867802590131759644e-01
-2.582627534866333008e-01
-2.120732814073562622e-01
1.937165707349777222e-01
-2.036371976137161255e-01
1.808935552835464478e-01
-1.952922195196151733e-01
-2.916144430637359619e-01
-4.116666316986083984e-02
1.840521544218063354e-01
-1.126221045851707458e-01
-1.198089718818664551e-01
-3.927902504801750183e-02
-4.678560420870780945e-02
9.704083949327468872e-02
-2.934894263744354248e-01
3.717228397727012634e-02
2.455258555710315704e-02
9.886838495731353760e-02
3.538641035556793213e-01
6.926130503416061401e-02
-3.387310802936553955e-01
-2.979109287261962891e-01
-2.949009183794260025e-03
-3.489048779010772705e-01
-2.341690659523010254e-01
-4.041998684406280518e-01
-2.255509048700332642e-01
1.197384968400001526e-01
-1.251187175512313843e-01
-9.227669797837734222e-03
-2.686981558799743652e-01
-1.847572028636932373e-01
2.616834342479705811e-01
-2.591677010059356689e-02
-3.201009035110473633e-01
-1.259551346302032471e-01
2.079894691705703735e-01
1.408243775367736816e-01
3.562362166121602058e-03
2.118840664625167847e-01
-8.570120483636856079e-02
1.314611881971359253e-01
8.539409609511494637e-04
-4.124022647738456726e-02
1.565242372453212738e-02
2.595605552196502686e-01
3.509003520011901855e-01
-6.959240883588790894e-02
-2.910450398921966553e-01
2.611300945281982422e-01
-1.016830652952194214e-01
2.830801904201507568e-01
-3.633471727371215820e-01
-9.871855378150939941e-02
7.588929682970046997e-02
1.264657527208328247e-01
1.486222594976425171e-01
1.719098687171936035e-01
-2.915346920490264893e-01
-1.310152262449264526e-01
1.939010322093963623e-01
1.183765679597854614e-01
-2.838748693466186523e-01
3.160061240196228027e-01
4.660934805870056152e-01
-1.367721706628799438e-01
3.635488450527191162e-01
-2.047561854124069214e-01
6.631764024496078491e-02
-6.315172463655471802e-02
-1.041308045387268066e-01
1.079038083553314209e-01
1.092490702867507935e-01
-4.194077104330062866e-02
-3.610416948795318604e-01
2.376207113265991211e-01
1.068461462855339050e-01
-7.859992980957031250e-02
7.321255654096603394e-02
1.737231761217117310e-01
6.586259007453918457e-01
-2.598666846752166748e-01
-2.593530416488647461e-01
-2.218354791402816772e-01
-2.342212945222854614e-01
-1.607089191675186157e-01
-1.394709199666976929e-01
8.368181437253952026e-02
-2.299179881811141968e-02
-3.308925628662109375e-01
9.711935371160507202e-02
2.520766481757164001e-02
2.263003438711166382e-01
3.870588839054107666e-01
-1.838130503892898560e-01
-2.208895087242126465e-01
-3.102940134704113007e-02
2.241722941398620605e-01
1.136328577995300293e-01
8.659329265356063843e-02
-3.457604348659515381e-02
4.408531635999679565e-02
2.333265990018844604e-01
1.783625334501266479e-01
2.377296052873134613e-02
1.849074065685272217e-01
-2.941092825494706631e-04
-1.748956888914108276e-01
-1.711603552103042603e-01
1.340851187705993652e-01
2.129284143447875977e-01
-2.692223526537418365e-02
6.554096192121505737e-02
-1.975900083780288696e-01
-3.187740221619606018e-02
1.673541963100433350e-01
-1.876696497201919556e-01
-2.635430097579956055e-01
-1.198078617453575134e-01
-1.418402642011642456e-01
1.519594937562942505e-01
-7.723511755466461182e-02
2.095255702733993530e-01
2.930083572864532471e-01
1.775782406330108643e-01
-5.063991993665695190e-02
4.492721706628799438e-02
-8.088468573987483978e-03
-2.680874168872833252e-01
1.354890912771224976e-01
-3.839179873466491699e-02
6.761894375085830688e-02
-1.597851514816284180e-01
-1.978780031204223633e-01
1.768895536661148071e-01
2.737111449241638184e-01
-2.372694760560989380e-01
-1.653007715940475464e-01
-3.042761087417602539e-01
-2.936421036720275879e-01
-1.203028112649917603e-01
-1.031883955001831055e-01
7.988569885492324829e-02
3.130853772163391113e-01
-2.248060852289199829e-01
-1.435840874910354614e-01
-1.246368214488029480e-01
6.199735403060913086e-02
-4.868076741695404053e-02
-2.302119433879852295e-01
-1.879759728908538818e-01
-6.042001023888587952e-02
2.226589918136596680e-01
2.091507762670516968e-01
-1.932307928800582886e-01
-3.309132903814315796e-02
1.226631691679358482e-03
-3.856238722801208496e-02
2.236464917659759521e-01
3.912901878356933594e-02
-7.439341396093368530e-02
-1.222832594066858292e-02
2.787620425224304199e-01
-1.427100598812103271e-01
2.493436932563781738e-01
4.394851326942443848e-01
3.686900250613689423e-03
-2.887293398380279541e-01
-5.569501221179962158e-02
2.472797185182571411e-01
2.950972914695739746e-01
3.441958427429199219e-01
5.860068276524543762e-02
8.449473977088928223e-02
-8.914873749017715454e-02
1.459545642137527466e-01
3.674080222845077515e-02
3.871842473745346069e-02
-1.991758197546005249e-01
-1.231430247426033020e-01
-3.525567799806594849e-02
2.576413154602050781e-01
-2.087445259094238281e-01
1.260135322809219360e-01
-1.372844576835632324e-01
-3.327401876449584961e-01
-3.154749274253845215e-01
-5.042704939842224121e-02
2.885387241840362549e-01
-4.463328123092651367e-01
-2.102085500955581665e-01
6.139043718576431274e-02
3.343968689441680908e-01
3.261349797248840332e-01
-1.728567630052566528e-01
1.709794551134109497e-01
2.474926114082336426e-01
-1.002938523888587952e-01
1.905753463506698608e-01
6.909666210412979126e-02
-1.334273368120193481e-01
-2.958221174776554108e-02
-1.485315710306167603e-01
-8.397445082664489746e-02
2.327325493097305298e-01
-1.725502312183380127e-01
1.797875314950942993e-01
1.114229932427406311e-01
-3.188537359237670898e-01
2.879375517368316650e-01
-6.385450065135955811e-02
-3.102107718586921692e-02
-7.192582637071609497e-02
-2.312023341655731201e-01
2.286411523818969727e-01
-6.487041711807250977e-02
1.452819406986236572e-01
-4.757273942232131958e-02
-2.342514544725418091e-01
-7.202814519405364990e-02
-1.747210277244448662e-03
7.662637531757354736e-02
-3.423904255032539368e-02
2.188971936702728271e-01
3.997770696878433228e-02
-3.199267089366912842e-01
-1.551196724176406860e-01
1.555093228816986084e-01
3.090664446353912354e-01
-1.370367109775543213e-01
-3.071013391017913818e-01
-1.478507369756698608e-01
2.878074944019317627e-01
3.335124552249908447e-01
-4.508089739829301834e-03
-1.490105092525482178e-01
3.045265078544616699e-01
-2.144054472446441650e-01
1.712103486061096191e-01
2.405058443546295166e-01
-2.992221154272556305e-02
-2.218136191368103027e-01
-6.930363923311233521e-02
-3.435917198657989502e-01
-1.046052351593971252e-01
1.768122166395187378e-01
9.515258669853210449e-02
3.001904189586639404e-01
2.376675307750701904e-01
1.676518842577934265e-02
-1.169573739171028137e-01
1.588940806686878204e-02
-1.639463007450103760e-01
-2.566721141338348389e-01
-1.264906823635101318e-01
-3.584517836570739746e-01
7.621797919273376465e-02
2.345864027738571167e-01
2.779117524623870850e-01
8.446893841028213501e-02
-3.105455040931701660e-01
-1.993830502033233643e-01
1.657122373580932617e-01
-3.395658731460571289e-01
3.812015354633331299e-01
6.057684868574142456e-02
2.022875249385833740e-01
9.400873444974422455e-03
2.014918923377990723e-01
6.697024405002593994e-02
-3.540873900055885315e-02
3.856045305728912354e-01
-9.932916611433029175e-02
-4.806886892765760422e-03
1.200036481022834778e-01
3.780031204223632812e-01
-2.087066620588302612e-01
-1.387759894132614136e-01
1.554675549268722534e-01
-9.302352368831634521e-02
1.925855129957199097e-01
-1.561481803655624390e-01
-4.985599219799041748e-01
3.589123189449310303e-01
-6.175296306610107422e-01
-3.988253772258758545e-01
4.516852553933858871e-03
1.933110505342483521e-01
1.276454776525497437e-01
-2.340582013130187988e-01
-2.992305159568786621e-01
-3.142177462577819824e-01
6.264715921133756638e-03
5.256801843643188477e-01
4.314236715435981750e-02
1.557203009724617004e-02
1.922363489866256714e-01
-1.474269330501556396e-01
3.228087127208709717e-01
1.126801688224077225e-02
-6.499809771776199341e-02
2.956700697541236877e-02
2.102465629577636719e-01
-2.449311614036560059e-01
-2.299042940139770508e-01
-3.373800814151763916e-01
-2.631295919418334961e-01
1.458674669265747070e-01
2.789114117622375488e-01
-2.969598174095153809e-01
-3.356638848781585693e-01
-6.457816809415817261e-02
-4.017902538180351257e-02
2.271676808595657349e-01
-4.178597033023834229e-01
-3.674581050872802734e-01
1.398402899503707886e-01
-1.988769918680191040e-01
7.272263057529926300e-03
3.048284724354743958e-02
9.562240540981292725e-02
-4.374808669090270996e-01
2.945888340473175049e-01
-2.298783510923385620e-01
2.032911926507949829e-01
-1.660502143204212189e-02
-1.390202492475509644e-01
2.134126275777816772e-01
-9.877059608697891235e-03
-1.376424282789230347e-01
-2.744441926479339600e-01
-1.235232800245285034e-01
-1.803122833371162415e-02
-9.838648140430450439e-02
-1.652858555316925049e-01
1.111428141593933105e-01
2.124868184328079224e-01
2.350897341966629028e-01
1.342755258083343506e-01
2.502850294113159180e-01
-2.913791239261627197e-01
-2.485023140907287598e-01
9.650339931249618530e-02
-3.597140014171600342e-01
-2.187205404043197632e-01
-9.840191155672073364e-02
-2.829200327396392822e-01
2.947890162467956543e-01
-7.350078225135803223e-02
-3.242954015731811523e-01
1.076771691441535950e-01
-6.290507316589355469e-02
3.291522860527038574e-01
2.658020257949829102e-01
9.507492184638977051e-02
5.714785680174827576e-02
1.539815813302993774e-01
3.124840185046195984e-02
-2.432437241077423096e-02
1.038647145032882690e-01
-8.388078957796096802e-02
-9.850648045539855957e-02
-9.610960260033607483e-03
-9.329897910356521606e-02
3.599086403846740723e-02
2.167341560125350952e-01
-4.831894859671592712e-02
2.731685936450958252e-01
3.384253010153770447e-02
-2.470894157886505127e-02
-3.426268100738525391e-01
-4.210491105914115906e-02
2.779437899589538574e-01
-5.544354394078254700e-02
6.204897537827491760e-02
-2.607043683528900146e-01
6.456657499074935913e-02
1.367040425539016724e-01
1.648207455873489380e-01
-9.850508533418178558e-03
-4.223814308643341064e-01
-8.624914288520812988e-02
3.462755382061004639e-01
2.172298915684223175e-02
1.167060956358909607e-01
5.887052975594997406e-03
-9.307046234607696533e-02
1.613752692937850952e-01
1.683950871229171753e-01
-3.687494993209838867e-02
1.179408058524131775e-01
8.319737762212753296e-02
-2.568463385105133057e-01
1.607185788452625275e-02
-1.313341557979583740e-01
1.067107990384101868e-01
-2.457380741834640503e-01
-1.370280385017395020e-01
6.920008361339569092e-02
7.772430032491683960e-02
-3.714580461382865906e-02
7.720464840531349182e-03
-1.369691342115402222e-01
-1.275369673967361450e-01
-1.670045554637908936e-01
-3.245648145675659180e-01
-3.777735233306884766e-01
3.021564483642578125e-01
1.022288575768470764e-01
-2.245024442672729492e-01
2.529312670230865479e-01
2.809301018714904785e-01
-3.493763208389282227e-01
3.789726495742797852e-01
-3.054882287979125977e-01
3.027094304561614990e-01
-2.799509167671203613e-01
-1.815915256738662720e-01
2.745419740676879883e-01
-3.040143251419067383e-01
-3.431675136089324951e-01
-2.773854136466979980e-01
-2.455093711614608765e-01
-9.735541790723800659e-02
1.958543062210083008e-01
3.521135747432708740e-01
-7.919230312108993530e-02
-2.565787546336650848e-02
1.390835344791412354e-01
-1.679964065551757812e-01
2.614692449569702148e-01
2.802338004112243652e-01
-7.999128848314285278e-02
-2.480495572090148926e-01
1.457202583551406860e-01
3.607861697673797607e-01
-1.409497112035751343e-01
3.131974935531616211e-01
-2.505356669425964355e-01
1.403096318244934082e-01
6.625208258628845215e-02
2.099068462848663330e-02
-2.468088120222091675e-01
2.854370772838592529e-01
-4.051788151264190674e-02
-2.560370862483978271e-01
1.001060591079294682e-03
1.217126473784446716e-02
-4.011314213275909424e-01
1.739181429147720337e-01
6.090818438678979874e-03
-1.255922019481658936e-01
2.056557685136795044e-01
-3.771717473864555359e-02
-2.357464283704757690e-01
1.103423535823822021e-01
4.173049703240394592e-02
2.021291851997375488e-01
-3.001428246498107910e-01
9.380260109901428223e-02
1.499962955713272095e-01
-2.432429939508438110e-01
-1.048639938235282898e-01
1.171537861227989197e-01
-4.064840823411941528e-02
1.988399177789688110e-01
-1.379778236150741577e-01
