4.997095167636871338e-01
2.248967736959457397e-01
-1.334903836250305176e-01
2.865678071975708008e-01
-4.403377771377563477e-01
7.667331695556640625e-01
-4.618084803223609924e-02
-1.037284582853317261e-01
1.589988619089126587e-01
-1.572538316249847412e-01
6.397429108619689941e-02
3.383990824222564697e-01
2.134719938039779663e-01
8.104631900787353516e-01
-9.246379882097244263e-02
-5.630462765693664551e-01
-2.703037261962890625e-01
3.558925092220306396e-01
4.964003562927246094e-01
4.888246953487396240e-01
-1.500332504510879517e-01
-1.407485269010066986e-02
-1.195708289742469788e-01
-3.169011175632476807e-01
-1.055428907275199890e-01
-6.285580396652221680e-01
1.327323913574218750e-01
5.519540309906005859e-01
-4.407511651515960693e-01
-2.180738449096679688e-01
2.609529793262481689e-01
1.997616171836853027e+00
4.257352948188781738e-01
-7.045486569404602051e-01
-4.517059624195098877e-01
-6.067978739738464355e-01
8.059302568435668945e-01
1.103055402636528015e-01
3.511272072792053223e-01
-4.355843663215637207e-01
9.337067008018493652e-01
-4.670071899890899658e-01
3.269159793853759766e-01
-5.847529172897338867e-01
1.091184392571449280e-01
6.681485176086425781e-01
-2.800184488296508789e-01
-5.151589512825012207e-01
6.736037135124206543e-02
3.063445091247558594e-01
-8.944734334945678711e-01
-5.559797883033752441e-01
1.377083361148834229e-01
-7.380945086479187012e-01
9.687476754188537598e-01
-8.774369359016418457e-01
5.966773629188537598e-01
-8.065270781517028809e-01
1.015838027000427246e+00
6.107742786407470703e-01
-6.302509307861328125e-01
5.092754960060119629e-01
-2.948318421840667725e-02
5.440018773078918457e-01
2.653441578149795532e-02
-4.202592074871063232e-01
3.565728664398193359e-01
2.668107748031616211e-01
-1.235199943184852600e-01
-4.749408960342407227e-01
5.384218096733093262e-01
4.098616242408752441e-01
-1.843752115964889526e-01
-7.402791827917098999e-02
-2.564495801925659180e-01
-2.425231933593750000e-01
-1.719961166381835938e-01
6.638781428337097168e-01
-1.268627285957336426e+00
-4.143572151660919189e-01
-1.134240329265594482e-01
-1.090462729334831238e-01
-7.320142984390258789e-01
-1.230711787939071655e-01
2.378320395946502686e-01
-3.466047346591949463e-01
4.393731430172920227e-02
5.613495111465454102e-01
3.039176166057586670e-01
-4.069138765335083008e-01
2.783999741077423096e-01
6.102857179939746857e-03
1.488212347030639648e-01
-6.042986512184143066e-01
-3.972079455852508545e-01
-7.084237337112426758e-01
1.097414255142211914e+00
2.842884957790374756e-01
2.309733927249908447e-01
3.405293822288513184e-01
-3.245573937892913818e-01
4.691887199878692627e-01
7.597341388463973999e-02
4.841665625572204590e-01
9.427866898477077484e-03
-5.861965417861938477e-01
4.096002876758575439e-01
3.405330181121826172e-01
1.457330435514450073e-01
-2.523525357246398926e-01
4.638539254665374756e-01
5.741989016532897949e-01
1.560903787612915039e-01
-1.279265731573104858e-01
-1.948948353528976440e-01
2.207680419087409973e-02
-2.773216068744659424e-01
6.042367815971374512e-01
-1.314614415168762207e+00
-8.588907718658447266e-01
-5.960772037506103516e-01
3.178132474422454834e-01
1.935715526342391968e-01
-2.934468388557434082e-01
3.474637269973754883e-01
-3.645565211772918701e-01
1.069767773151397705e-02
-5.724586173892021179e-02
4.509322047233581543e-01
-3.356845378875732422e-01
1.595948934555053711e-01
3.363063037395477295e-01
-1.245293393731117249e-02
-2.252932041883468628e-01
-1.563036628067493439e-02
-3.135477304458618164e-01
-2.920136600732803345e-02
5.243664383888244629e-01
-9.360674023628234863e-01
-4.844961166381835938e-01
1.374079436063766479e-01
-1.180146187543869019e-01
-8.683993667364120483e-02
6.306127905845642090e-01
-1.745603680610656738e-01
9.563647210597991943e-02
1.347507387399673462e-01
2.493631839752197266e-02
-1.288377642631530762e-01
6.539838314056396484e-01
-2.599477171897888184e-01
2.345170505577698350e-04
-7.336165010929107666e-02
2.663308084011077881e-01
-2.578509449958801270e-01
2.422307729721069336e-01
-1.888196468353271484e-01
-4.174456596374511719e-01
2.060187458992004395e-01
-1.894530653953552246e-01
-7.589855194091796875e-01
6.008726358413696289e-01
-2.493949432391673326e-04
5.747786164283752441e-01
9.640847146511077881e-02
-4.275236725807189941e-01
8.323379606008529663e-02
3.657686114311218262e-01
-1.571528166532516479e-01
-5.260894894599914551e-01
3.358306586742401123e-01
5.952962040901184082e-01
7.004750519990921021e-02
1.377151906490325928e-01
3.616615384817123413e-02
-2.251160144805908203e-02
-3.335410952568054199e-01
5.684036612510681152e-01
-1.308902740478515625e+00
-4.636727273464202881e-01
-1.615527868270874023e-01
6.865789741277694702e-02
-2.082176804542541504e-01
-3.156708776950836182e-01
-1.021440997719764709e-01
1.903525888919830322e-01
5.931499600410461426e-01
-7.011466622352600098e-01
5.683187842369079590e-01
3.113226778805255890e-02
2.080766409635543823e-01
-4.859733581542968750e-02
-7.425217032432556152e-01
4.488905668258666992e-01
-9.784339666366577148e-01
7.196996361017227173e-02
2.209218591451644897e-01
2.082012295722961426e-01
2.115017175674438477e-01
-1.639793366193771362e-01
-3.819025456905364990e-01
1.525605320930480957e-01
3.443390727043151855e-01
-1.374319940805435181e-01
1.829074025154113770e-01
-2.722049951553344727e-01
3.267926722764968872e-02
3.109456300735473633e-01
1.822398751974105835e-01
-5.183650255203247070e-01
2.956542670726776123e-01
3.696580529212951660e-01
-1.217820346355438232e-01
-2.793267965316772461e-01
1.496252715587615967e-01
4.452923312783241272e-02
-4.533055126667022705e-01
2.600372433662414551e-01
-1.138747811317443848e+00
-3.901221752166748047e-01
-4.981757327914237976e-02
1.476119756698608398e-01
2.012845724821090698e-01
2.855420410633087158e-01
-3.359833061695098877e-01
-1.568931788206100464e-01
1.115034818649291992e-01
4.474877715110778809e-01
1.079350709915161133e-01
4.109387993812561035e-01
-7.394403964281082153e-02
-1.311926990747451782e-01
1.180509477853775024e-01
5.839927792549133301e-01
2.045328021049499512e-01
9.129554033279418945e-01
-3.976046442985534668e-01
-5.133381113409996033e-03
2.039923816919326782e-01
-3.675609230995178223e-01
-4.950829446315765381e-01
2.411802113056182861e-01
4.063700139522552490e-01
8.398656845092773438e-01
-1.772337108850479126e-01
-3.189305365085601807e-01
-3.511527478694915771e-01
4.504168033599853516e-01
-4.792163372039794922e-01
-1.624315828084945679e-01
4.276407361030578613e-01
3.117750883102416992e-01
2.630585134029388428e-01
-9.030286967754364014e-02
9.878937900066375732e-02
6.125749945640563965e-01
-7.417992949485778809e-01
4.450095295906066895e-01
-5.994453430175781250e-01
-5.860071778297424316e-01
-2.028803899884223938e-02
3.448641598224639893e-01
-6.858257055282592773e-01
-1.153286769986152649e-01
-1.775491386651992798e-01
-2.407958656549453735e-01
1.383452892303466797e+00
-5.313394665718078613e-01
5.768751502037048340e-01
-1.695629209280014038e-01
3.467639386653900146e-01
1.655925214290618896e-01
-6.615818142890930176e-01
6.358607411384582520e-01
-7.785144448280334473e-01
-4.820129275321960449e-01
6.512863561511039734e-03
2.000188380479812622e-01
-3.012479543685913086e-01
-2.097466886043548584e-01
-7.695915102958679199e-01
6.421958208084106445e-01
2.365381270647048950e-02
4.233501553535461426e-01
1.123980283737182617e-01
-8.894898891448974609e-01
1.007633656263351440e-01
4.912140071392059326e-01
-4.044349119067192078e-02
-1.694391220808029175e-01
4.803991913795471191e-01
5.428323149681091309e-01
-7.206423580646514893e-02
2.917416021227836609e-02
-2.549810707569122314e-01
-3.722960352897644043e-01
-3.799657523632049561e-01
9.433878064155578613e-01
-1.091422319412231445e+00
-7.388423085212707520e-01
-1.627338528633117676e-01
9.641903638839721680e-02
-3.714622557163238525e-02
-3.234864026308059692e-02
5.437861084938049316e-01
-4.443948268890380859e-01
2.041397541761398315e-01
1.254833936691284180e+00
-1.038708448410034180e+00
-3.900191187858581543e-01
2.299415022134780884e-01
2.452605813741683960e-01
9.415426850318908691e-01
-1.904363870620727539e+00
2.292380630970001221e-01
-7.947316765785217285e-01
3.604114353656768799e-01
4.596679508686065674e-01
1.261062175035476685e-01
2.645043730735778809e-01
-3.146010339260101318e-01
3.664503991603851318e-01
4.877477586269378662e-01
4.649026393890380859e-01
2.904704511165618896e-01
-3.688932955265045166e-01
-1.006989106535911560e-01
4.394727051258087158e-01
8.275485597550868988e-03
-2.195608615875244141e-01
3.811626732349395752e-01
4.005351066589355469e-01
4.058071970939636230e-01
-3.816409111022949219e-01
2.212030589580535889e-01
4.437902867794036865e-01
-5.985828638076782227e-01
6.249329447746276855e-02
-1.520628482103347778e-01
-3.909784257411956787e-01
-5.900621414184570312e-01
3.011178970336914062e-01
5.657253414392471313e-02
1.153619885444641113e+00
-5.021350830793380737e-02
-4.452330768108367920e-01
-1.182256340980529785e-01
1.613658219575881958e-01
-3.139514029026031494e-01
-4.000811576843261719e-01
4.094792008399963379e-01
5.140402913093566895e-01
-1.423800271004438400e-02
7.178814709186553955e-02
1.650169789791107178e-01
2.006347477436065674e-01
-6.602648496627807617e-01
5.193289518356323242e-01
-8.299247622489929199e-01
-9.591915011405944824e-01
-5.804343521595001221e-02
-3.204640448093414307e-01
6.963164806365966797e-01
3.188383877277374268e-01
3.768628835678100586e-01
-7.501368224620819092e-02
-2.740196228027343750e+00
4.716472923755645752e-01
-7.802479267120361328e-01
-3.571794927120208740e-01
-3.346197009086608887e-01
1.552032828330993652e-01
1.444333672523498535e+00
-1.045257806777954102e+00
1.832503914833068848e+00
5.591915249824523926e-01
6.741031408309936523e-01
2.680411040782928467e-01
3.570949733257293701e-01
4.385496377944946289e-01
-2.744642794132232666e-01
2.031717449426651001e-02
-4.300882518291473389e-01
-2.036689408123493195e-02
3.029769062995910645e-01
-4.660310447216033936e-01
1.098504438996315002e-01
9.441081285476684570e-01
-5.590662956237792969e-01
-6.662260293960571289e-01
2.877446413040161133e-01
6.465819478034973145e-01
3.070505857467651367e-01
-7.428762912750244141e-01
-1.207193359732627869e-01
-8.401724696159362793e-01
7.057308554649353027e-01
6.780499219894409180e-01
1.496741473674774170e-01
3.605028390884399414e-01
-4.434659183025360107e-01
2.488602846860885620e-01
-3.914436995983123779e-01
-9.976122528314590454e-02
1.997978389263153076e-01
-8.296998739242553711e-01
1.159124597907066345e-01
1.153905868530273438e+00
-1.826078593730926514e-01
-1.136643767356872559e+00
3.464764058589935303e-01
6.803082227706909180e-01
2.042876034975051880e-01
-8.444802761077880859e-01
-2.035246789455413818e-01
-5.613402128219604492e-01
5.906197428703308105e-01
1.161305069923400879e+00
-4.932399392127990723e-01
2.581814527511596680e-01
-6.204885840415954590e-01
5.312563180923461914e-01
2.731525301933288574e-01
1.055825203657150269e-01
-3.036607801914215088e-02
-6.232841312885284424e-02
5.032833293080329895e-02
-6.280649304389953613e-01
2.942704260349273682e-01
3.257510662078857422e-01
1.451371312141418457e-01
1.219996213912963867e-01
-2.736433446407318115e-01
9.869753718376159668e-01
6.107692047953605652e-02
-1.578906923532485962e-01
-8.562892079353332520e-01
2.515383660793304443e-01
-1.620390772819519043e+00
-8.462181091308593750e-01
-8.543416112661361694e-02
6.739074736833572388e-02
-4.742456972599029541e-01
-3.293348848819732666e-01
2.651404403150081635e-02
2.190047651529312134e-01
1.600040239281952381e-03
-2.274569571018218994e-01
4.793351888656616211e-02
-3.155908882617950439e-01
-4.280725121498107910e-02
-2.896109037101268768e-02
9.836019575595855713e-02
-3.727879524230957031e-01
3.526640534400939941e-01
-4.852303564548492432e-01
4.616306424140930176e-01
-1.444689929485321045e-01
3.129411339759826660e-01
3.111753165721893311e-01
-2.716180980205535889e-01
-3.871409296989440918e-01
-1.941638439893722534e-01
-2.185375243425369263e-01
1.688747555017471313e-01
-2.335744798183441162e-01
-3.627622425556182861e-01
-2.672460675239562988e-01
8.204790949821472168e-02
-2.850434780120849609e-01
-4.442189633846282959e-01
-5.248142480850219727e-01
2.228335291147232056e-02
-4.617650061845779419e-02
-1.596585288643836975e-02
4.654752612113952637e-01
-4.902093708515167236e-01
-2.234026640653610229e-01
-7.455322146415710449e-02
-5.387129262089729309e-02
1.259852647781372070e+00
-2.658402621746063232e-01
1.774888634681701660e+00
7.010387182235717773e-01
-2.515662312507629395e-01
5.036213621497154236e-02
-1.400958150625228882e-01
4.194948077201843262e-01
-2.496232241392135620e-01
-1.619058698415756226e-01
1.719825714826583862e-01
3.478500247001647949e-01
3.083697259426116943e-01
-1.998407244682312012e-01
-4.229309037327766418e-02
6.694102287292480469e-02
4.206959605216979980e-01
5.776557922363281250e-01
4.282073676586151123e-01
3.355589210987091064e-01
-2.988848686218261719e-01
-1.642896831035614014e-01
-7.387684285640716553e-02
-4.789261519908905029e-01
3.230604156851768494e-02
7.407072698697447777e-04
3.608620762825012207e-01
-1.494775712490081787e-02
5.286301970481872559e-01
4.879025816917419434e-01
-1.521084904670715332e-01
-3.344371020793914795e-01
-2.752476632595062256e-01
3.694474101066589355e-01
3.260334730148315430e-01
-4.047215729951858521e-02
-3.659223616123199463e-01
-1.314293891191482544e-01
-1.066529601812362671e-01
-1.161411643028259277e+00
-4.898216724395751953e-01
4.737483263015747070e-01
-4.891748130321502686e-01
-6.436572074890136719e-01
4.120539426803588867e-01
-1.083986997604370117e+00
1.335959881544113159e-01
-1.127242445945739746e+00
3.180153965950012207e-01
2.203477323055267334e-01
-4.976076888851821423e-04
-2.562859654426574707e-01
-4.474868178367614746e-01
-1.918008900247514248e-03
-3.165948390960693359e-01
-3.730060160160064697e-01
2.734708599746227264e-03
-4.113165736198425293e-01
-8.574719429016113281e-01
-2.680054679512977600e-02
5.164026468992233276e-02
-5.313335657119750977e-01
8.298942120745778084e-04
-1.804652363061904907e-01
-3.343468606472015381e-01
2.392539829015731812e-01
-5.501000285148620605e-01
3.241345584392547607e-01
5.083395540714263916e-02
2.827089726924896240e-01
-1.144316077232360840e+00
-4.003020823001861572e-01
3.061026334762573242e-01
2.877887785434722900e-01
8.313856273889541626e-02
3.296195268630981445e-01
4.327311515808105469e-01
-9.095999412238597870e-03
3.219073414802551270e-01
-1.231790542602539062e+00
-2.757779657840728760e-01
-5.462891459465026855e-01
1.895336061716079712e-01
-2.538036108016967773e-01
2.775501310825347900e-01
3.107490837574005127e-01
-2.758617103099822998e-01
1.537231951951980591e-01
1.744222342967987061e-01
1.965360343456268311e-01
1.165959313511848450e-01
-2.694913744926452637e-01
-4.580109715461730957e-01
4.676406458020210266e-02
2.766413092613220215e-01
-1.815136224031448364e-01
-8.771271705627441406e-01
-5.137112140655517578e-01
2.027203887701034546e-01
-5.304361581802368164e-01
8.089476227760314941e-01
4.245579615235328674e-02
3.973643183708190918e-01
7.907643318176269531e-01
-3.334539234638214111e-01
5.841996073722839355e-01
9.234362514689564705e-04
6.494123339653015137e-01
-1.894246041774749756e-02
2.032025605440139771e-01
9.211218357086181641e-02
5.062513947486877441e-01
3.410844802856445312e-01
1.157135590910911560e-01
1.656463742256164551e-02
1.052194312214851379e-01
1.807954460382461548e-01
5.816432833671569824e-01
6.750569939613342285e-01
2.905336618423461914e-01
5.240538120269775391e-01
-4.791266322135925293e-01
1.135791897773742676e+00
5.767380595207214355e-01
-4.134545326232910156e-01
7.197730988264083862e-02
9.418961405754089355e-02
3.798011541366577148e-01
-4.604821205139160156e-01
-1.852248311042785645e-01
2.118203230202198029e-02
2.049380987882614136e-01
-9.485144168138504028e-03
5.021120235323905945e-02
7.759881764650344849e-02
1.666955351829528809e-01
1.801559329032897949e-01
-3.754855319857597351e-02
9.284082651138305664e-01
2.260429412126541138e-01
-8.515185117721557617e-01
-5.569561719894409180e-01
-4.859631657600402832e-01
-4.396413564682006836e-01
8.416516184806823730e-01
-2.892132848501205444e-02
-3.857435584068298340e-01
-1.073966547846794128e-01
3.306528627872467041e-01
3.404592275619506836e-01
-3.099252879619598389e-01
-5.505759716033935547e-01
2.918167412281036377e-02
1.093214899301528931e-01
1.906707435846328735e-01
3.798887729644775391e-01
-5.545563697814941406e-01
-6.021572351455688477e-01
-7.083231806755065918e-01
-5.468562841415405273e-01
1.381546258926391602e-03
2.900483608245849609e-01
-1.452892869710922241e-01
1.411924809217453003e-01
4.222590625286102295e-01
-2.288032770156860352e-01
3.020774200558662415e-02
-1.760186702013015747e-01
-2.625634968280792236e-01
-1.226616621017456055e+00
3.691300749778747559e-02
1.065473109483718872e-01
-5.832400321960449219e-01
-6.875972747802734375e-01
-7.853859663009643555e-01
-4.476584792137145996e-01
6.233197078108787537e-02
3.122137486934661865e-01
-3.775775134563446045e-01
1.492908000946044922e-01
-3.248346149921417236e-01
6.354768276214599609e-01
1.567022800445556641e-01
-4.234592914581298828e-01
1.478325724601745605e-01
1.636290997266769409e-01
6.410394310951232910e-01
5.245610699057579041e-02
2.495051771402359009e-01
5.140389204025268555e-01
-5.668117851018905640e-02
-1.270696520805358887e-01
-3.874345123767852783e-02
1.442988514900207520e-01
2.452272176742553711e-01
1.370312094688415527e+00
-2.352322190999984741e-01
-1.014679148793220520e-01
4.502165615558624268e-01
9.570037014782428741e-03
9.582082629203796387e-01
4.582065641880035400e-01
2.341226637363433838e-01
3.753589093685150146e-01
3.595245480537414551e-01
-1.569447219371795654e-01
1.590247601270675659e-01
-2.191867306828498840e-02
-3.924414813518524170e-01
-4.685490131378173828e-01
5.568578839302062988e-01
3.931340873241424561e-01
1.455810070037841797e-01
-2.126050144433975220e-01
-5.575044155120849609e-01
-4.294123351573944092e-01
1.227880358695983887e+00
2.553936541080474854e-01
4.422717690467834473e-01
6.428100466728210449e-01
-2.198864370584487915e-01
1.436176002025604248e-01
-1.874759942293167114e-01
4.487717151641845703e-01
1.304833441972732544e-01
-2.415170967578887939e-01
8.820184469223022461e-01
-1.312067955732345581e-01
1.628901809453964233e-01
-1.087423563003540039e+00
5.533450841903686523e-02
3.878785073757171631e-01
5.318784713745117188e-01
-4.934844672679901123e-01
-4.004716575145721436e-01
-6.505353450775146484e-01
1.071782857179641724e-01
5.704692378640174866e-02
-5.092533305287361145e-02
1.019801497459411621e-01
2.813777625560760498e-01
1.337917894124984741e-01
-1.059989035129547119e-01
1.247963234782218933e-01
2.304661422967910767e-01
6.740123499184846878e-03
-5.005984306335449219e-01
-2.798215746879577637e-01
-2.682867050170898438e-01
-5.724446773529052734e-01
-1.688088756054639816e-03
7.738467454910278320e-01
8.522715419530868530e-02
-3.508107364177703857e-01
-9.913504868745803833e-02
9.278885275125503540e-02
3.453764915466308594e-01
-2.758319377899169922e-01
-6.156542897224426270e-02
1.064732670783996582e+00
-5.481579899787902832e-01
-4.504014551639556885e-01
-5.827460289001464844e-01
-4.652577340602874756e-01
7.175270318984985352e-01
-3.670434057712554932e-01
-1.061883941292762756e-01
-2.535698413848876953e-01
4.512808024883270264e-01
2.313224673271179199e-01
-1.024172306060791016e-01
1.094839125871658325e-01
-6.088421866297721863e-02
-3.761868774890899658e-01
-1.912862807512283325e-01
3.969891965389251709e-01
-2.194952070713043213e-01
-4.648486971855163574e-01
-5.189821720123291016e-01
-1.570479124784469604e-01
-8.129709362983703613e-01
-7.541773915290832520e-01
7.666394859552383423e-02
-3.970872461795806885e-01
2.408480495214462280e-01
-7.419782131910324097e-02
-4.637349545955657959e-01
-1.222822964191436768e-01
2.523701786994934082e-01
-1.080634966492652893e-01
-5.678473114967346191e-01
-4.997859597206115723e-01
-2.764400541782379150e-01
-2.804430723190307617e-01
-1.125405728816986084e-01
2.661888003349304199e-01
-8.266339898109436035e-01
-7.676243782043457031e-01
-2.065446972846984863e-01
-5.228254795074462891e-01
-4.077927470207214355e-01
-5.416730046272277832e-01
4.720943421125411987e-02
1.158680394291877747e-01
-1.710307598114013672e-01
-2.460193447768688202e-02
-1.190164208412170410e+00
-2.577655017375946045e-02
3.171381950378417969e-01
1.528822034597396851e-01
-2.405443429946899414e+00
-1.230548918247222900e-01
2.905550301074981689e-01
4.051148295402526855e-01
3.290823101997375488e-01
7.567630410194396973e-01
-5.398495495319366455e-02
-2.855503857135772705e-01
4.889423847198486328e-01
-2.960872054100036621e-01
2.819648683071136475e-01
2.852138578891754150e-01
1.676873713731765747e-01
2.887105941772460938e-01
-8.172903209924697876e-02
-1.058740615844726562e-01
7.888382673263549805e-01
9.560290724039077759e-02
-4.223784804344177246e-01
-3.149287700653076172e-01
6.168878078460693359e-01
1.218550875782966614e-01
-3.263587057590484619e-01
-4.508964121341705322e-01
-3.304809033870697021e-01
-5.832160711288452148e-01
4.914337694644927979e-01
4.193474352359771729e-01
8.792392909526824951e-02
-2.255447387695312500e+00
7.437427043914794922e-01
1.158059120178222656e+00
1.489317715167999268e-01
1.615666300058364868e-01
6.362073123455047607e-02
-3.023270051926374435e-03
1.840808987617492676e-01
-1.212998405098915100e-01
1.106034070253372192e-01
-7.888524234294891357e-02
2.469785958528518677e-01
4.504405558109283447e-01
2.217496782541275024e-01
-5.626235902309417725e-02
-2.921321988105773926e-01
-4.812864065170288086e-01
3.111444115638732910e-01
2.420407347381114960e-02
-4.261887446045875549e-02
4.306780397891998291e-01
5.685951709747314453e-01
-2.119013518095016479e-01
2.941531538963317871e-01
1.847126930952072144e-01
-2.506272792816162109e-01
2.669130563735961914e-01
-3.532055914402008057e-01
5.499653816223144531e-01
-7.418442517518997192e-02
3.706195056438446045e-01
-2.627244405448436737e-02
2.325657755136489868e-01
7.324578762054443359e-01
1.345329046249389648e+00
1.222832918167114258e+00
4.094974696636199951e-02
3.570475280284881592e-01
3.823112547397613525e-01
9.277046918869018555e-01
3.201368823647499084e-02
3.491669893264770508e-01
-1.613193452358245850e-01
2.283933758735656738e-01
4.354186952114105225e-01
-1.166851818561553955e-01
2.592582106590270996e-01
-5.590415000915527344e-01
-1.160677373409271240e-01
-1.460296213626861572e-01
4.631454944610595703e-01
-3.980776965618133545e-01
8.739652484655380249e-02
1.020525693893432617e+00
4.902866184711456299e-01
3.000683784484863281e-01
2.905673980712890625e-01
4.319610074162483215e-02
1.342965215444564819e-01
-1.426393985748291016e-01
-4.455210641026496887e-02
-1.703235954046249390e-01
-1.174414753913879395e-01
2.040513157844543457e-01
2.637111246585845947e-01
3.299506306648254395e-01
-1.888613700866699219e-01
1.056000813841819763e-01
5.946242809295654297e-01
-2.434485405683517456e-02
1.380600482225418091e-01
-2.120541781187057495e-01
1.050307080149650574e-01
1.892392039299011230e-01
3.685478568077087402e-01
1.647914350032806396e-01
1.696672737598419189e-01
-3.810734152793884277e-01
-8.596124500036239624e-02
-3.091517090797424316e-01
4.116037487983703613e-02
-1.210762858390808105e+00
2.646071910858154297e-01
6.753975152969360352e-02
-1.872759498655796051e-02
4.907138943672180176e-01
-8.496345877647399902e-01
-1.400454163551330566e+00
2.499789930880069733e-02
-4.686935544013977051e-01
5.330225825309753418e-01
-8.553742617368698120e-02
-2.412426918745040894e-01
-7.846478372812271118e-02
-7.925010286271572113e-03
1.992909014225006104e-01
5.120067000389099121e-01
-1.255387961864471436e-01
8.754805475473403931e-02
1.445942670106887817e-01
-9.888304769992828369e-02
-5.406722798943519592e-02
8.619189858436584473e-01
-2.169132530689239502e-01
4.615832865238189697e-01
1.752222061157226562e+00
-5.510975718498229980e-01
-1.300783902406692505e-01
4.322130680084228516e-01
-2.059115171432495117e-01
7.333989143371582031e-01
-4.703772962093353271e-01
-7.802207954227924347e-03
-3.617407977581024170e-01
3.337315022945404053e-01
2.258609235286712646e-01
1.275974512100219727e-01
-3.225973844528198242e-01
-1.941509008407592773e+00
2.169273346662521362e-01
1.895867437124252319e-01
-1.336357235908508301e+00
1.170093536376953125e+00
1.841176450252532959e-01
1.792341619729995728e-01
3.269053399562835693e-01
-3.549734354019165039e-01
-9.142429232597351074e-01
8.774542366154491901e-04
-2.957974970340728760e-01
3.385115042328834534e-02
2.208770513534545898e-01
-5.567146539688110352e-01
-1.788126468658447266e+00
-8.938857354223728180e-03
-1.539681702852249146e-01
1.460636705160140991e-01
2.472538501024246216e-01
1.123093217611312866e-01
3.091439306735992432e-01
-6.746566295623779297e-01
3.316971659660339355e-01
-5.132316350936889648e-01
-9.256590008735656738e-01
1.663971394300460815e-01
5.604576319456100464e-02
8.536847233772277832e-01
3.476370573043823242e-01
-1.968359798192977905e-01
3.353491127490997314e-01
-3.242376446723937988e-01
8.674892783164978027e-02
1.079295426607131958e-01
3.056623414158821106e-02
-1.162463575601577759e-01
3.578070923686027527e-02
-1.325054317712783813e-01
6.176477298140525818e-02
-5.702691674232482910e-01
1.061819344758987427e-01
2.683428227901458740e-01
-1.705656051635742188e-01
1.569226384162902832e-01
1.435862481594085693e-02
5.770272016525268555e-01
1.243790835142135620e-01
5.374905653297901154e-03
-1.446681469678878784e-01
1.981683820486068726e-01
-6.595110893249511719e-01
1.825216263532638550e-01
-5.316157266497612000e-02
1.093328446149826050e-01
9.816547855734825134e-03
-5.639185905456542969e-01
-2.221761271357536316e-02
5.159747600555419922e-01
-2.301267385482788086e+00
-4.425682425498962402e-01
2.219677865505218506e-01
7.224968075752258301e-02
-2.630073726177215576e-01
-5.935883894562721252e-02
1.758112013339996338e-02
-2.778508663177490234e-01
-5.390110611915588379e-01
1.739319711923599243e-01
1.677736639976501465e-01
-3.069594800472259521e-01
1.560315340757369995e-01
8.250644803047180176e-02
2.881940007209777832e-01
9.548808336257934570e-01
1.923500448465347290e-01
5.736643671989440918e-01
-2.580089271068572998e-01
-9.460870027542114258e-01
3.699181079864501953e-01
-3.632434308528900146e-01
-3.974217474460601807e-01
-5.538757443428039551e-01
-1.305777877569198608e-01
7.495893537998199463e-02
-2.408932745456695557e-01
-1.050114184617996216e-01
8.870145678520202637e-01
-1.836706846952438354e-01
1.990024894475936890e-01
5.311833694577217102e-02
-5.116065144538879395e-01
1.025183081626892090e+00
-3.167481124401092529e-01
1.388333588838577271e-01
6.399914622306823730e-01
-3.866362571716308594e-02
2.415089160203933716e-01
-2.098163366317749023e-01
-6.201284527778625488e-01
-3.395870327949523926e-02
3.904761001467704773e-02
-1.816323846578598022e-01
-8.645763248205184937e-02
-3.338766470551490784e-02
-3.297835588455200195e-01
9.512919932603836060e-02
1.763127297163009644e-01
-3.172184899449348450e-02
1.698880642652511597e-01
3.636329472064971924e-01
-2.084029614925384521e-01
7.731918990612030029e-02
-3.160019516944885254e-01
-4.503896236419677734e-01
1.357523798942565918e+00
-2.557983100414276123e-01
2.823744416236877441e-01
2.452585101127624512e-01
-1.001543760299682617e+00
-2.168209254741668701e-01
2.144521474838256836e-02
4.554049372673034668e-01
1.374787837266921997e-01
8.390560150146484375e-01
-2.695983648300170898e-01
5.299801006913185120e-02
3.577262759208679199e-01
5.673111677169799805e-01
-4.085780680179595947e-01
7.886414229869842529e-02
-2.865562140941619873e-01
4.136215522885322571e-02
-6.233984231948852539e-02
1.544849723577499390e-01
-9.800744652748107910e-01
5.090850591659545898e-02
2.357167750597000122e-01
2.776319161057472229e-02
-4.699764549732208252e-01
-4.965378642082214355e-01
2.036969363689422607e-01
7.856542468070983887e-01
2.406147718429565430e-01
-9.408923238515853882e-02
9.568642079830169678e-02
-5.436496734619140625e-01
6.199522018432617188e-01
-1.810778379440307617e-01
-4.362447932362556458e-02
-1.150912488810718060e-03
-7.616114020347595215e-01
-3.227592408657073975e-01
-1.290177851915359497e-01
9.233947992324829102e-01
-4.440926909446716309e-01
-2.049353271722793579e-01
3.950256109237670898e-01
1.530170347541570663e-02
-3.545361459255218506e-01
-1.135138034820556641e+00
3.257023692131042480e-01
6.967722624540328979e-02
-6.092605590820312500e-01
3.988340795040130615e-01
-4.580493271350860596e-02
3.319970369338989258e-01
4.814321398735046387e-01
-3.773457407951354980e-01
-3.116738796234130859e-01
6.434592008590698242e-01
2.175089716911315918e-02
3.147976398468017578e-01
-6.950743794441223145e-01
2.376248314976692200e-02
-1.189076662063598633e+00
-9.742601215839385986e-02
6.112884879112243652e-01
8.806535005569458008e-01
-1.492950916290283203e+00
-5.666313171386718750e-01
7.235071808099746704e-02
1.717176735401153564e-01
2.740738093852996826e-01
1.163796186447143555e-01
1.534265000373125076e-02
-4.117502272129058838e-01
-3.238457739353179932e-01
3.997025191783905029e-01
1.672602742910385132e-01
-5.035603046417236328e-01
-1.826379895210266113e-01
-4.709180071949958801e-02
3.611718118190765381e-01
-2.619774453341960907e-02
-1.506583243608474731e-01
-3.694503605365753174e-01
-6.573085188865661621e-01
-4.749131202697753906e-01
9.583336710929870605e-01
1.896906495094299316e+00
-7.097170501947402954e-02
1.586696952581405640e-01
-1.195683255791664124e-01
-3.755587041378021240e-01
3.963740170001983643e-01
-6.813101172447204590e-01
1.206912994384765625e-01
-8.603102564811706543e-01
-9.973688051104545593e-03
-4.288702309131622314e-01
2.316762655973434448e-01
-1.061091423034667969e+00
1.831849813461303711e-01
1.173068657517433167e-01
5.270845293998718262e-01
-7.477371394634246826e-02
-3.104944229125976562e-01
-8.505321145057678223e-01
1.237728670239448547e-01
4.642178416252136230e-01
-2.099126726388931274e-01
-1.187421679496765137e+00
1.104288771748542786e-01
3.950813114643096924e-01
3.517960011959075928e-02
2.251983433961868286e-01
1.519891619682312012e-01
9.269970059394836426e-01
-1.741860210895538330e-01
4.188427329063415527e-02
-1.100198149681091309e+00
9.913475811481475830e-02
3.744851052761077881e-02
-9.107379913330078125e-01
-1.510303467512130737e-01
-7.271790504455566406e-01
2.578384429216384888e-02
9.839099645614624023e-02
6.985992938280105591e-02
-8.103793859481811523e-02
4.147399365901947021e-01
3.333112001419067383e-01
1.737486273050308228e-01
-8.155082911252975464e-02
-1.141152977943420410e-01
-2.407746613025665283e-01
-6.880159974098205566e-01
5.715751051902770996e-01
4.827562868595123291e-01
-6.643754243850708008e-01
4.974596947431564331e-02
-9.614775888621807098e-03
9.551463127136230469e-01
-6.924802809953689575e-02
3.055953979492187500e-02
-1.763844937086105347e-01
-8.382703661918640137e-01
-2.814821898937225342e-01
1.090240240097045898e+00
4.297132790088653564e-01
4.965169355273246765e-02
-2.965692058205604553e-02
1.947561949491500854e-01
2.351547628641128540e-01
-4.812026768922805786e-02
1.072751641273498535e+00
-1.504912693053483963e-02
-4.512578547000885010e-01
1.657581888139247894e-02
4.267871975898742676e-01
-4.534540474414825439e-01
-2.224413305521011353e-01
-2.587361931800842285e-01
4.241581261157989502e-01
-2.911719083786010742e-01
-1.059294939041137695e-01
5.325980186462402344e-01
5.663329958915710449e-01
-1.480603814125061035e-01
4.409563541412353516e-02
2.637862861156463623e-01
5.104997158050537109e-01
-3.191372752189636230e-01
-6.928257942199707031e-01
1.499601006507873535e-01
-2.421501278877258301e-01
-3.942698985338211060e-02
-6.412720084190368652e-01
-1.231854110956192017e-01
3.986344859004020691e-02
-3.219912648200988770e-01
-1.226323470473289490e-01
6.403364241123199463e-02
4.265954196453094482e-01
9.055575132369995117e-01
2.458050996065139771e-01
1.323441267013549805e-01
5.177762359380722046e-02
5.470168590545654297e-01
-1.303204298019409180e-01
-7.669203281402587891e-01
2.382009178400039673e-01
-1.831001341342926025e-01
-4.816296100616455078e-01
-2.816693782806396484e-01
3.772659003734588623e-01
-1.373663842678070068e-01
5.218024551868438721e-02
2.325884252786636353e-01
1.971320658922195435e-01
-3.206783831119537354e-01
-2.997469007968902588e-01
1.663957536220550537e-01
-1.253667771816253662e-01
-1.439999192953109741e-01
-4.314506053924560547e-01
2.544424831867218018e-01
1.932190544903278351e-02
-1.301248907111585140e-03
-9.769628643989562988e-01
4.803833961486816406e-01
8.263481408357620239e-02
-2.446381002664566040e-01
-9.583564102649688721e-02
4.706738293170928955e-01
2.843822725117206573e-02
1.096294224262237549e-01
-1.507281541824340820e+00
8.618541806936264038e-02
3.030071854591369629e-01
-7.558254152536392212e-02
-1.796026676893234253e-01
-1.504370123147964478e-01
-2.312991023063659668e-01
2.408128380775451660e-01
1.821591854095458984e-01
-9.383997321128845215e-02
-2.191580832004547119e-02
-2.108536809682846069e-01
-1.088766530156135559e-01
5.815048515796661377e-02
-1.014879122376441956e-01
8.316200971603393555e-01
2.660011053085327148e-01
1.134155616164207458e-01
-1.020712494850158691e+00
1.022781431674957275e-01
1.123563051223754883e-01
2.720269858837127686e-01
-1.697203069925308228e-01
1.814307868480682373e-01
-5.567487478256225586e-01
1.959232687950134277e-01
2.880528867244720459e-01
1.124185204505920410e+00
9.881880134344100952e-02
-1.786557883024215698e-01
-3.991748765110969543e-02
-4.076510667800903320e-01
4.908101260662078857e-01
-1.510513871908187866e-01
5.214256420731544495e-02
3.091483004391193390e-02
3.046653866767883301e-01
5.604123324155807495e-02
9.653131663799285889e-02
1.757285743951797485e-01
9.727227501571178436e-03
6.289254128932952881e-02
2.142973095178604126e-01
1.265609711408615112e-01
3.621993958950042725e-01
3.371947109699249268e-01
-4.494092762470245361e-01
-3.391541242599487305e-01
5.704481154680252075e-02
-5.318119525909423828e-01
3.634499013423919678e-01
1.252634823322296143e-01
1.828246563673019409e-01
1.375720649957656860e-01
-4.187598228454589844e-01
-1.769545823335647583e-01
-9.442725218832492828e-03
3.179631233215332031e-01
1.040187835693359375e+00
2.036897391080856323e-01
-2.195196449756622314e-01
-4.488457739353179932e-01
1.671402752399444580e-01
-8.932457864284515381e-02
-1.165801286697387695e-01
1.423592269420623779e-01
-2.502738237380981445e-01
-2.569843530654907227e-01
4.083312749862670898e-01
-4.919537305831909180e-01
2.374472469091415405e-01
3.778248280286788940e-02
7.909203767776489258e-01
-1.035775765776634216e-01
-5.500062108039855957e-01
-5.950755998492240906e-02
4.678185582160949707e-01
-1.388049451634287834e-03
2.529419027268886566e-02
-4.029427170753479004e-01
2.477398514747619629e-01
2.821892499923706055e-01
1.156402006745338440e-01
2.553050778806209564e-02
4.953055977821350098e-01
3.890248239040374756e-01
-3.427097201347351074e-01
-5.346516147255897522e-02
7.077897340059280396e-02
-1.938759684562683105e-01
2.112065702676773071e-01
-2.562443912029266357e-01
2.813767790794372559e-01
6.835447251796722412e-02
-4.166315495967864990e-02
1.166038140654563904e-01
5.141090154647827148e-01
5.291942879557609558e-02
1.041677072644233704e-01
4.660987555980682373e-01
-1.051254421472549438e-01
1.754940897226333618e-01
2.126892507076263428e-01
3.005867004394531250e-01
4.783424139022827148e-01
3.970900923013687134e-02
-2.321771830320358276e-01
-3.610856831073760986e-01
4.643899574875831604e-02
-5.012072622776031494e-02
4.965076446533203125e-01
1.164988726377487183e-01
4.031415581703186035e-01
1.122927367687225342e-01
-4.886587709188461304e-02
5.944692064076662064e-03
1.917743533849716187e-01
-2.780631482601165771e-01
-2.725905925035476685e-02
-2.313761115074157715e-01
-1.153152957558631897e-01
-2.616954445838928223e-01
-2.599485218524932861e-01
3.842023313045501709e-01
-1.017234563827514648e+00
-3.702367246150970459e-01
7.810525894165039062e-01
-3.967605233192443848e-01
1.804698854684829712e-01
1.267829090356826782e-01
9.494503587484359741e-02
-4.287423193454742432e-01
-1.044846653938293457e+00
-2.364390790462493896e-01
4.218111634254455566e-01
-4.211034178733825684e-01
1.539826095104217529e-01
-4.466813504695892334e-01
3.703110218048095703e-01
-7.999192923307418823e-02
-5.556990951299667358e-02
2.240628898143768311e-01
5.688665509223937988e-01
8.223267793655395508e-01
8.239303231239318848e-01
1.343103051185607910e-01
4.737262427806854248e-02
2.828606367111206055e-01
3.468926250934600830e-01
-2.901693880558013916e-01
-2.990530803799629211e-02
-4.326698184013366699e-01
6.252400279045104980e-01
-1.700340211391448975e-01
-2.406376302242279053e-01
2.285879552364349365e-01
-4.664191305637359619e-01
-3.063601255416870117e-02
-1.379353553056716919e-01
4.116422832012176514e-01
5.483565852046012878e-02
4.657070338726043701e-01
5.640617609024047852e-01
-1.901856213808059692e-01
1.229910776019096375e-01
5.979660898447036743e-02
-3.111058771610260010e-01
2.157640606164932251e-01
1.694928407669067383e-01
2.500665783882141113e-01
-3.206601738929748535e-01
3.813776075839996338e-01
2.652697563171386719e-01
3.877493143081665039e-01
-1.828547865152359009e-01
-6.733910739421844482e-02
-8.548500388860702515e-02
-5.161330699920654297e-01
-2.657093703746795654e-01
2.919382229447364807e-02
5.513340830802917480e-01
-4.514356255531311035e-01
-1.037022620439529419e-01
-1.148967966437339783e-01
-2.614700496196746826e-01
1.678924113512039185e-01
-1.619429327547550201e-02
3.290130496025085449e-01
-6.205229759216308594e-01
-2.151499092578887939e-01
-3.973516821861267090e-01
2.771933972835540771e-01
2.817524671554565430e-01
2.744812369346618652e-01
-7.255294919013977051e-01
1.309204101562500000e-02
-2.562221586704254150e-01
1.786646544933319092e-01
-3.416132926940917969e-01
1.648894697427749634e-01
-2.807113528251647949e-01
-1.588941514492034912e-01
-2.621004730463027954e-02
-2.804244123399257660e-02
-3.577544391155242920e-01
-8.615871518850326538e-02
1.639779284596443176e-02
1.303446292877197266e+00
-2.946878969669342041e-01
3.554274141788482666e-01
-3.823219537734985352e-01
-6.922871619462966919e-02
4.541055858135223389e-01
-1.083551198244094849e-01
6.851850450038909912e-02
-2.633470594882965088e-01
5.131674185395240784e-02
3.654623031616210938e-01
-4.158795177936553955e-01
2.459199577569961548e-01
-1.607850193977355957e-01
-8.020323514938354492e-02
-8.950661122798919678e-02
-4.173620045185089111e-02
-3.705790266394615173e-02
-2.477078139781951904e-01
5.077888369560241699e-01
2.624274194240570068e-01
8.729764819145202637e-02
2.435826063156127930e-01
-2.248830199241638184e-01
-7.006440311670303345e-02
-7.053326368331909180e-01
-1.642356216907501221e-01
4.153087437152862549e-01
8.979442715644836426e-02
-5.846584215760231018e-02
3.367182910442352295e-01
-1.933514475822448730e-01
2.517244778573513031e-02
-4.193555116653442383e-01
-8.063722848892211914e-01
-1.771697252988815308e-01
-3.079342246055603027e-01
-2.891352772712707520e-01
-2.615027427673339844e-01
6.706932932138442993e-02
4.451640546321868896e-01
-1.984462291002273560e-01
4.286994338035583496e-01
-6.324669718742370605e-02
2.914011180400848389e-01
5.694068670272827148e-01
7.729220390319824219e-01
-2.494308352470397949e-01
-3.491286933422088623e-01
-7.143598794937133789e-01
-1.047049835324287415e-01
3.679704368114471436e-01
-3.846463561058044434e-01
6.288239359855651855e-01
-7.083566784858703613e-01
-3.109793663024902344e-01
3.828732967376708984e-01
-7.183884382247924805e-01
-5.138134360313415527e-01
3.964433968067169189e-01
6.028408557176589966e-02
3.256198763847351074e-01
5.080026984214782715e-01
-5.359755158424377441e-01
-2.765024304389953613e-01
2.255195379257202148e-01
-4.315540492534637451e-01
1.385483443737030029e-01
-2.126337587833404541e-01
-2.712607383728027344e-01
1.960613951086997986e-02
-5.402705669403076172e-01
-6.994284391403198242e-01
5.475925654172897339e-02
-2.069022357463836670e-01
-3.769777715206146240e-01
5.635977983474731445e-01
-2.132089883089065552e-01
-6.013599038124084473e-01
1.115513086318969727e+00
-1.162774674594402313e-02
1.343446969985961914e-01
3.017959892749786377e-01
-4.009517431259155273e-01
-7.866752892732620239e-02
-3.253498375415802002e-01
-5.008860230445861816e-01
-3.922776877880096436e-02
1.806713640689849854e-01
9.839935898780822754e-01
6.856232285499572754e-01
2.704185843467712402e-01
-3.272716104984283447e-01
2.388471066951751709e-01
1.039486080408096313e-01
-2.171836048364639282e-01
5.811663866043090820e-01
4.793824851512908936e-01
-2.447021007537841797e-01
-9.296055138111114502e-02
-2.083351016044616699e-01
2.187689580023288727e-02
1.676149517297744751e-01
9.388463199138641357e-02
-2.265174537897109985e-01
1.006616726517677307e-01
2.419568538665771484e+00
-9.580782800912857056e-02
5.663231015205383301e-01
8.711449056863784790e-02
4.224773645401000977e-01
-1.122540116310119629e+00
-2.953496873378753662e-01
2.020451473072171211e-03
-2.511759102344512939e-01
-4.549865126609802246e-01
-2.356550991535186768e-01
-8.834459632635116577e-02
-2.340327650308609009e-01
3.069528639316558838e-01
6.240159869194030762e-01
-3.962607979774475098e-01
2.730835080146789551e-01
-9.003636986017227173e-02
2.721351385116577148e-01
-3.716864585876464844e-01
4.562109410762786865e-01
-2.247096449136734009e-01
8.299439214169979095e-03
1.871636211872100830e-01
3.215150907635688782e-02
5.480974912643432617e-01
8.691145181655883789e-01
3.230689465999603271e-02
1.587236523628234863e+00
8.157847523689270020e-01
-1.866804510354995728e-01
4.558815658092498779e-01
8.339110612869262695e-01
-4.883885383605957031e-01
-1.055714726448059082e+00
-1.948864161968231201e-01
-3.257718682289123535e-01
3.195159733295440674e-01
1.625090688467025757e-01
-1.257769763469696045e-01
1.179718449711799622e-01
-4.866205453872680664e-01
-3.082103095948696136e-02
2.736784219741821289e-01
-1.886847987771034241e-02
4.388308897614479065e-02
3.351683020591735840e-01
-3.942817151546478271e-01
1.540125846862792969e+00
2.986180484294891357e-01
-1.245914474129676819e-01
1.889698505401611328e-01
3.515665233135223389e-01
-1.805262863636016846e-01
-7.293229699134826660e-01
-6.602355092763900757e-02
-4.860397577285766602e-01
6.661623120307922363e-01
6.170560792088508606e-02
2.146499454975128174e-01
-4.851842299103736877e-02
1.182738691568374634e-01
-1.618879079818725586e+00
1.602860987186431885e-01
-4.637796580791473389e-01
1.945648193359375000e-01
-3.919916152954101562e-01
9.513686895370483398e-01
4.658927395939826965e-02
7.785379886627197266e-02
2.376507520675659180e-01
-1.830076128244400024e-01
-8.218607306480407715e-02
1.123609542846679688e-01
7.399147152900695801e-01
-1.201008334755897522e-01
-3.633229061961174011e-02
-1.409713178873062134e-01
-8.214204758405685425e-02
-4.063319861888885498e-01
-1.593260020017623901e-01
7.045485973358154297e-01
2.592870965600013733e-02
-1.926852017641067505e-01
1.514600366353988647e-01
-3.210021555423736572e-01
5.640246272087097168e-01
-2.439190596342086792e-01
-3.127160295844078064e-02
-3.535287976264953613e-01
2.731141448020935059e-01
-2.016879171133041382e-01
-5.519905090332031250e-01
2.726132571697235107e-01
-1.725564152002334595e-01
-2.602713108062744141e-01
3.606598079204559326e-01
-3.441584110260009766e-01
2.969917356967926025e-01
2.456233799457550049e-01
-5.183145403861999512e-02
1.231000721454620361e-01
1.583131253719329834e-01
-5.501591563224792480e-01
-3.187074065208435059e-01
-2.950772875919938087e-03
1.278988569974899292e-01
2.829746305942535400e-01
-7.294635772705078125e-01
-2.877388335764408112e-02
3.741496205329895020e-01
-8.156759142875671387e-01
-3.354111015796661377e-01
2.371187359094619751e-01
-4.610740244388580322e-01
-2.349635809659957886e-01
1.716640740633010864e-01
-4.645057618618011475e-01
1.162154078483581543e-01
-7.502816617488861084e-03
-1.687675863504409790e-01
2.144073098897933960e-01
6.966011226177215576e-02
1.509592384099960327e-01
4.599828422069549561e-01
-9.819591045379638672e-01
2.149776816368103027e-01
-4.263130202889442444e-02
5.667649507522583008e-01
3.535070121288299561e-01
-5.389819145202636719e-01
2.686481773853302002e-01
3.298538029193878174e-01
-1.821225881576538086e-01
1.620843261480331421e-01
1.876363903284072876e-01
-5.229499340057373047e-01
2.994822803884744644e-03
9.755253046751022339e-02
3.975188136100769043e-01
9.404699802398681641e-01
-3.095301687717437744e-01
5.022830963134765625e-01
2.178606539964675903e-01
3.510884642601013184e-01
-5.552717447280883789e-01
7.153140008449554443e-02
8.439939469099044800e-02
1.442181766033172607e-01
-2.398766726255416870e-01
-5.840004608035087585e-02
-3.252482712268829346e-01
-4.550411701202392578e-01
-1.652679219841957092e-02
-1.553906649351119995e-01
-3.024624586105346680e-01
5.995138883590698242e-01
7.370728999376296997e-02
-6.527356803417205811e-02
-4.957493543624877930e-01
-2.250211872160434723e-02
1.548245847225189209e-01
-7.587808649986982346e-03
-7.011008262634277344e-01
-6.362133622169494629e-01
2.550810277462005615e-01
-3.472055494785308838e-01
-1.632781177759170532e-01
1.981012374162673950e-01
6.289841532707214355e-01
4.561507403850555420e-01
4.976809918880462646e-01
3.628774285316467285e-01
2.366571724414825439e-01
1.014818400144577026e-01
-2.405513525009155273e-01
-2.506899833679199219e-01
-5.331215262413024902e-01
1.257532835006713867e-01
4.590871930122375488e-01
4.615832865238189697e-01
2.111181467771530151e-01
1.932662427425384521e-01
-5.468938946723937988e-01
-5.900612473487854004e-01
3.070095181465148926e-01
-3.542839288711547852e-01
-2.106707096099853516e-01
2.465637028217315674e-02
5.652164220809936523e-01
3.517895340919494629e-01
6.143612861633300781e-01
3.381078839302062988e-01
3.085099756717681885e-01
8.654915541410446167e-02
1.366558372974395752e-01
-5.205388069152832031e-01
-7.452242076396942139e-02
1.436283290386199951e-01
3.784264922142028809e-01
4.538939893245697021e-01
1.264765560626983643e-01
-5.919103026390075684e-01
-4.792747497558593750e-01
-5.870575904846191406e-01
-3.978445008397102356e-02
3.523233160376548767e-02
-6.489093415439128876e-03
3.908903598785400391e-01
5.126724839210510254e-01
1.915238797664642334e-01
6.156831383705139160e-01
1.605458855628967285e-01
4.175556004047393799e-01
2.138080149888992310e-01
2.824670076370239258e-01
-4.073685109615325928e-01
-1.281415075063705444e-01
6.884901523590087891e-01
1.781523525714874268e-01
4.613360166549682617e-01
2.664090096950531006e-01
5.058664083480834961e-02
-1.973791718482971191e-01
-4.245812594890594482e-01
3.772487491369247437e-02
-1.640284508466720581e-01
5.682826787233352661e-02
9.165288880467414856e-03
3.117313683032989502e-01
1.862362921237945557e-01
1.798074841499328613e-01
6.370496749877929688e-01
1.922260075807571411e-01
1.128307636827230453e-02
-4.706415832042694092e-01
-9.307948499917984009e-02
-5.986273288726806641e-01
3.686446845531463623e-01
3.489881753921508789e-01
4.409342408180236816e-01
2.904399335384368896e-01
-6.222742795944213867e-01
-1.380607783794403076e-01
-3.215028941631317139e-01
-1.681728065013885498e-01
-3.871701061725616455e-01
3.484730422496795654e-01
3.152476549148559570e-01
4.043360054492950439e-02
1.864742040634155273e-01
1.808840632438659668e-01
1.695436090230941772e-01
-1.131712868809700012e-01
-3.640427887439727783e-01
2.646020948886871338e-01
-2.967750430107116699e-01
-1.046817153692245483e-01
2.900646254420280457e-02
1.628165990114212036e-01
5.709063261747360229e-02
2.410691380500793457e-01
2.016752809286117554e-01
-2.104260921478271484e-01
1.932698674499988556e-02
-2.393680363893508911e-01
-7.862898707389831543e-02
5.607767105102539062e-01
1.470299214124679565e-01
-9.404234588146209717e-02
-2.414930313825607300e-01
1.651912033557891846e-01
2.003220319747924805e-01
-2.287345193326473236e-02
4.888262152671813965e-01
5.737276077270507812e-01
-1.433274000883102417e-01
-2.230666205286979675e-02
-2.573766410350799561e-01
-4.665376618504524231e-02
2.043316960334777832e-01
6.362853646278381348e-01
1.412396878004074097e-02
1.827118396759033203e-01
-1.882355660200119019e-01
-4.983573853969573975e-01
1.276846170425415039e+00
3.335665166378021240e-02
-1.097706854343414307e-01
-7.601880282163619995e-02
9.811109863221645355e-03
-3.287258744239807129e-01
-9.573902189731597900e-02
-3.905026316642761230e-01
-9.096171706914901733e-02
-1.214300990104675293e+00
-1.341899037361145020e-01
2.732284665107727051e-01
4.063310623168945312e-01
-1.392975356429815292e-02
7.261963188648223877e-02
-1.906013935804367065e-01
5.781211256980895996e-01
2.448442429304122925e-01
1.886821910738945007e-02
2.237234264612197876e-01
-1.643242686986923218e-01
-3.012206405401229858e-02
-4.204979538917541504e-01
-2.657360024750232697e-02
-2.525499463081359863e-01
-1.999482661485671997e-01
-1.397013291716575623e-02
-8.084540069103240967e-02
-2.329423427581787109e-01
1.566434502601623535e-01
1.386853605508804321e-01
1.154309213161468506e-01
1.715345308184623718e-02
-9.562832862138748169e-02
-2.639035880565643311e-01
-1.574792116880416870e-01
-8.396284282207489014e-02
2.039549201726913452e-01
2.235459089279174805e-01
2.257303297519683838e-01
5.106393247842788696e-02
4.852608740329742432e-01
2.427349388599395752e-01
-6.386213935911655426e-03
-3.554234206676483154e-01
-1.943803727626800537e-01
-3.676915764808654785e-01
-1.137761846184730530e-01
1.545221656560897827e-01
4.121077805757522583e-02
5.362132564187049866e-03
3.480987548828125000e-01
1.417260169982910156e-01
-3.637338578701019287e-01
-1.232460420578718185e-02
5.980913639068603516e-01
-5.264570116996765137e-01
-1.841847747564315796e-01
6.909925490617752075e-02
1.984752118587493896e-01
2.495455592870712280e-01
1.109137088060379028e-01
5.572391152381896973e-01
6.455746293067932129e-02
-2.260056585073471069e-01
-2.520043551921844482e-01
-3.605746030807495117e-01
-2.215824872255325317e-01
-2.735531926155090332e-01
-1.532132551074028015e-02
-2.643795683979988098e-02
3.133500814437866211e-01
2.182297259569168091e-01
2.806090377271175385e-02
-1.127711459994316101e-01
2.594639658927917480e-01
-4.874821603298187256e-01
-1.052556484937667847e-01
-1.359186768531799316e-01
-3.111908733844757080e-01
-1.782167330384254456e-02
3.778286874294281006e-01
5.101978778839111328e-01
-1.297174543142318726e-01
1.594594717025756836e-01
-2.567958831787109375e-01
1.315488368272781372e-01
1.647734791040420532e-01
-2.336737811565399170e-01
-1.347811073064804077e-01
-1.343076676130294800e-01
-5.875756144523620605e-01
-1.187612339854240417e-01
3.071527183055877686e-02
2.287531495094299316e-01
4.494037330150604248e-01
3.891410827636718750e-01
5.307536125183105469e-01
2.112002372741699219e-01
-4.256824553012847900e-01
3.378698229789733887e-01
4.181731641292572021e-01
6.258506327867507935e-02
-2.713242173194885254e-01
-6.593307852745056152e-01
-2.572959959506988525e-01
-3.791614174842834473e-01
-3.024375140666961670e-01
-1.929209828376770020e-01
2.802212834358215332e-01
3.765845298767089844e-01
6.780737894587218761e-04
-7.474753260612487793e-02
-6.799852252006530762e-01
-3.084735572338104248e-01
-1.423480659723281860e-01
-1.439176946878433228e-01
-5.018755197525024414e-01
-4.224144220352172852e-01
-3.912964090704917908e-02
-2.868144214153289795e-01
-4.075274467468261719e-01
2.620975971221923828e-01
5.305448174476623535e-01
6.614595055580139160e-01
5.106340050697326660e-01
4.611636698246002197e-01
4.310239255428314209e-01
1.368676275014877319e-01
-4.743952155113220215e-01
-4.792165756225585938e-01
-2.110558748245239258e-01
2.575945258140563965e-01
5.196740031242370605e-01
4.877712130546569824e-01
-8.874784409999847412e-02
2.228455841541290283e-01
-1.040361002087593079e-01
1.174933090806007385e-02
8.101134300231933594e-01
-1.431250810623168945e+00
8.593733608722686768e-02
-1.368135511875152588e-01
-2.199193276464939117e-02
9.734889119863510132e-02
3.788586854934692383e-01
3.411076664924621582e-01
-1.990731209516525269e-01
4.814073741436004639e-01
5.791801586747169495e-02
-1.125767827033996582e-01
2.022116780281066895e-01
-1.293043941259384155e-01
1.331704556941986084e-01
-4.670789837837219238e-02
1.447493769228458405e-02
-5.194722861051559448e-02
-2.207188308238983154e-01
-2.418134212493896484e-01
4.820649921894073486e-01
-4.668066203594207764e-01
-2.824083864688873291e-01
5.767675638198852539e-01
2.471553236246109009e-01
5.135781690478324890e-02
5.711301565170288086e-01
-1.996425837278366089e-01
4.894618391990661621e-01
2.396120578050613403e-01
1.159370303153991699e+00
2.134833335876464844e-01
1.306170374155044556e-01
-5.235359668731689453e-01
3.462655246257781982e-01
3.429933190345764160e-01
-1.699188798666000366e-01
7.235991358757019043e-01
1.878090575337409973e-02
-4.861383885145187378e-02
1.999882906675338745e-01
4.123627245426177979e-01
-4.050536453723907471e-01
-6.846857070922851562e-01
-3.771577179431915283e-01
-2.210979908704757690e-01
5.172232389450073242e-01
-1.482692360877990723e-01
5.961489304900169373e-02
-1.471351385116577148e-01
7.295126467943191528e-02
3.920326232910156250e-01
1.608268916606903076e-01
-2.995876669883728027e-01
3.810670971870422363e-02
-8.860544115304946899e-02
-2.162055522203445435e-01
-4.411200881004333496e-01
-3.235055208206176758e-01
-3.989271521568298340e-01
-3.657691180706024170e-02
-9.878920018672943115e-02
-1.637884527444839478e-01
4.649568498134613037e-01
5.335123538970947266e-01
1.610727794468402863e-02
2.813947945833206177e-02
6.693332791328430176e-01
1.427268087863922119e-01
-3.230869770050048828e-01
-1.597284823656082153e-01
-3.630990087985992432e-01
-4.701994359493255615e-02
7.371774315834045410e-01
3.664841651916503906e-01
2.489947825670242310e-01
3.714315965771675110e-02
-2.908523082733154297e-01
5.403772592544555664e-01
4.201719164848327637e-01
1.320847868919372559e-01
-4.686824977397918701e-02
3.000065982341766357e-01
-7.372593134641647339e-02
-4.344188570976257324e-01
-2.503403425216674805e-01
-4.114525020122528076e-01
-3.599689006805419922e-01
-3.456749320030212402e-01
-9.802789986133575439e-02
2.128485739231109619e-01
2.449413686990737915e-01
6.714317202568054199e-02
1.955621875822544098e-02
-3.666420578956604004e-01
-3.661998212337493896e-01
-1.481660604476928711e-01
-1.672402620315551758e-01
2.236392050981521606e-01
2.399115711450576782e-01
4.009454250335693359e-01
-6.757342815399169922e-01
-1.809349060058593750e-01
-3.609865307807922363e-01
-1.553252935409545898e-01
-1.274406164884567261e-01
-1.678205793723464012e-03
3.191814944148063660e-02
-4.967478513717651367e-01
1.631596833467483521e-01
-2.102315425872802734e-01
4.383271932601928711e-02
-1.311111599206924438e-01
2.715153694152832031e-01
-2.083317041397094727e-01
-1.503074467182159424e-01
-2.771905958652496338e-01
-4.219440817832946777e-01
3.292876183986663818e-01
3.791067600250244141e-01
2.260099798440933228e-01
-1.114562060683965683e-02
-1.505136862397193909e-02
-1.174022853374481201e-01
-4.846396744251251221e-01
-1.973011940717697144e-01
-7.870562672615051270e-01
-3.044084608554840088e-01
-1.855050474405288696e-01
-8.921741694211959839e-02
1.470904648303985596e-01
1.660453528165817261e-01
5.725343525409698486e-02
1.102985292673110962e-01
-3.947825133800506592e-01
8.872348815202713013e-03
-3.434590399265289307e-01
-2.158183604478836060e-01
-2.668699622154235840e-01
-2.589427530765533447e-01
-4.000471532344818115e-01
-3.224035203456878662e-01
2.155005186796188354e-01
2.792916633188724518e-02
2.591712772846221924e-01
1.352656334638595581e-01
5.561203137040138245e-02
5.291219055652618408e-02
2.926470637321472168e-01
-3.652929961681365967e-01
-8.277826011180877686e-02
1.756709665060043335e-01
2.881167829036712646e-01
-8.160789310932159424e-02
4.928429424762725830e-01
2.795747518539428711e-01
-9.302593767642974854e-03
-1.160651594400405884e-01
4.954188317060470581e-02
-1.797021739184856415e-02
-1.228400021791458130e-01
-6.325950473546981812e-02
1.959636658430099487e-01
-1.121913790702819824e+00
1.836271435022354126e-01
7.203683722764253616e-03
5.681723728775978088e-02
-1.569797843694686890e-01
-1.478358805179595947e-01
-9.791085124015808105e-02
1.060669064521789551e+00
7.260310053825378418e-01
1.879493519663810730e-02
-7.188996672630310059e-02
4.108045622706413269e-02
2.255888134241104126e-01
5.007113143801689148e-02
-2.837775647640228271e-01
-1.939666718244552612e-01
5.925896763801574707e-02
2.254591882228851318e-01
-4.763547331094741821e-02
-3.297935724258422852e-01
4.292026162147521973e-02
2.904834218497853726e-05
-4.815978407859802246e-01
-1.744616031646728516e-01
-1.047255587764084339e-03
1.459928303956985474e-01
-2.852697074413299561e-01
1.536841690540313721e-02
-1.057665422558784485e-01
2.266907878220081329e-02
1.084113866090774536e-01
2.189714908599853516e-01
3.115938901901245117e-01
3.724599629640579224e-02
-6.693655252456665039e-02
-1.024745851755142212e-01
1.670115143060684204e-01
-3.099915944039821625e-02
2.357664853334426880e-01
-3.861662447452545166e-01
-5.929511971771717072e-03
-1.108192056417465210e-01
-9.216292947530746460e-02
3.163197934627532959e-01
4.382276162505149841e-02
3.700134903192520142e-02
2.198361754417419434e-01
-1.114666163921356201e-01
-1.061204075813293457e-01
-4.522840082645416260e-01
2.090352922677993774e-01
1.982897669076919556e-01
2.926279008388519287e-01
1.409882754087448120e-01
-9.479908645153045654e-02
9.978631138801574707e-02
6.621027830988168716e-03
