6.141633391380310059e-01
-1.002323552966117859e-01
-1.624881476163864136e-01
-1.130990404635667801e-02
-3.603206574916839600e-01
1.136499762535095215e+00
-1.318193227052688599e-01
8.132378458976745605e-01
8.066792041063308716e-02
1.939206123352050781e-01
3.436185792088508606e-02
3.143199086189270020e-01
1.402368396520614624e-01
-4.726127386093139648e-01
-3.071266710758209229e-01
-6.490210294723510742e-01
1.284851729869842529e-01
7.136136293411254883e-01
4.707017242908477783e-01
6.759691238403320312e-01
-6.493514776229858398e-02
-2.715242207050323486e-01
-1.582814306020736694e-01
-6.555474400520324707e-01
-2.799430489540100098e-01
-7.515248060226440430e-01
4.167118072509765625e-01
6.448965072631835938e-01
-4.993664622306823730e-01
2.370230406522750854e-01
7.053706794977188110e-02
9.739502668380737305e-01
4.979906380176544189e-01
-1.011418342590332031e+00
-4.024074971675872803e-01
-7.834775447845458984e-01
6.607469320297241211e-01
1.700075902044773102e-02
4.298148155212402344e-01
-4.653236865997314453e-01
9.055247306823730469e-01
-7.583844661712646484e-01
3.888288438320159912e-01
-7.307206988334655762e-01
-5.408358573913574219e-01
3.184336125850677490e-01
-4.350243508815765381e-01
3.216671645641326904e-01
-3.455479741096496582e-01
7.536063343286514282e-02
-1.006546735763549805e+00
-1.686777770519256592e-01
5.374453663825988770e-01
-6.078439950942993164e-01
1.031054258346557617e+00
6.482530832290649414e-01
1.240255683660507202e-01
-5.808564424514770508e-01
7.993355989456176758e-01
5.896006822586059570e-01
-2.387115955352783203e-01
3.139666318893432617e-01
-7.738687098026275635e-02
-7.223656284622848034e-04
1.226180940866470337e-01
-2.177932858467102051e-01
2.737891972064971924e-01
2.699006199836730957e-01
-1.235814839601516724e-01
-4.734463691711425781e-01
4.143293797969818115e-01
6.626182794570922852e-02
-1.861060038208961487e-02
-2.265966236591339111e-01
-1.657365113496780396e-01
-2.340665161609649658e-01
1.399073600769042969e-01
4.063226282596588135e-01
-1.503501534461975098e-01
1.971462815999984741e-01
-2.790757417678833008e-01
8.603249676525592804e-03
-1.322067230939865112e-01
-2.250368595123291016e-01
3.240296244621276855e-01
-2.439345568418502808e-01
3.868289291858673096e-02
-1.376720368862152100e-01
2.558040022850036621e-01
9.464423358440399170e-02
3.223249614238739014e-01
-1.474555730819702148e-01
-2.698974609375000000e-01
2.130148261785507202e-01
-4.064099192619323730e-01
-2.399753481149673462e-01
2.744617760181427002e-01
2.062719464302062988e-01
-1.578266471624374390e-01
-2.006212994456291199e-02
1.311129033565521240e-01
-3.768407925963401794e-02
2.299713194370269775e-01
3.316013813018798828e-01
-2.044330388307571411e-01
-1.226137354969978333e-01
1.972396224737167358e-01
2.844024300575256348e-01
-2.323776111006736755e-02
-2.370825409889221191e-02
7.438346510753035545e-04
1.155913546681404114e-01
4.055618047714233398e-01
-3.963167667388916016e-01
-4.776582494378089905e-02
2.264804244041442871e-01
-2.335185706615447998e-01
5.269128456711769104e-02
-2.867502570152282715e-01
-3.801942765712738037e-01
-4.949179887771606445e-01
2.875283360481262207e-01
1.894901990890502930e-01
1.171951591968536377e-01
3.099274337291717529e-01
-2.670967578887939453e-01
-6.859088689088821411e-02
4.240946099162101746e-02
1.900431811809539795e-01
2.223792253062129021e-03
1.261215656995773315e-01
2.509225532412528992e-02
1.400986909866333008e-01
-2.095839381217956543e-01
6.201902776956558228e-02
-1.933920383453369141e-02
-1.477711945772171021e-01
1.556729376316070557e-01
-4.769216179847717285e-01
-5.942118167877197266e-01
-2.239789962768554688e-01
7.919817417860031128e-02
-1.813426613807678223e-01
9.086595177650451660e-01
1.107570007443428040e-01
-5.727922916412353516e-02
-4.156938754022121429e-03
-2.525532245635986328e-01
4.626014232635498047e-01
2.464569360017776489e-01
2.170650474727153778e-02
6.045162677764892578e-02
-3.681530356407165527e-01
4.182085692882537842e-01
-3.634910285472869873e-01
-1.637347638607025146e-01
-3.526053726673126221e-01
-6.358238309621810913e-02
6.931408494710922241e-02
-3.132434487342834473e-01
-3.735060989856719971e-02
-1.065025385469198227e-02
5.294563770294189453e-01
7.175292372703552246e-01
-1.646865606307983398e-01
2.091640532016754150e-01
-2.715950906276702881e-01
-2.312849462032318115e-01
3.086407184600830078e-01
1.639963686466217041e-01
-1.882631331682205200e-01
-2.292101383209228516e-01
-1.680697947740554810e-01
3.322776556015014648e-01
4.340640902519226074e-01
5.873996019363403320e-01
-2.778159677982330322e-01
-2.719240188598632812e-01
2.550633143982850015e-05
1.643716990947723389e-01
-4.047376662492752075e-02
-1.496248040348291397e-02
-4.444687962532043457e-01
-7.102417349815368652e-01
-2.040425091981887817e-01
9.513121098279953003e-02
-1.657737493515014648e-01
-5.450660735368728638e-02
-1.528469026088714600e-01
-2.829965353012084961e-01
1.679147332906723022e-01
1.523634493350982666e-01
-6.839920766651630402e-03
-1.369040906429290771e-01
2.552936375141143799e-01
-2.436435520648956299e-01
7.763163447380065918e-01
3.222374618053436279e-01
2.379231005907058716e-01
-2.879445627331733704e-02
3.105159103870391846e-01
-4.886729717254638672e-01
4.147400856018066406e-01
1.016716100275516510e-02
-3.343558013439178467e-01
2.651847898960113525e-01
-2.767640650272369385e-01
2.003639191389083862e-01
-1.663699448108673096e-01
-9.110623598098754883e-02
-3.423254191875457764e-01
-1.072406470775604248e-01
1.054849592037498951e-03
-1.969859153032302856e-01
4.334376752376556396e-01
4.744084179401397705e-01
-9.372028708457946777e-02
-3.991074562072753906e-01
9.067613631486892700e-02
2.780993878841400146e-01
1.956644803285598755e-01
-1.118290424346923828e-01
-5.457159504294395447e-02
-5.112006664276123047e-01
-8.571586757898330688e-02
-4.597380012273788452e-02
-1.932413130998611450e-01
3.772902488708496094e-01
-4.201896116137504578e-02
2.990002632141113281e-01
-2.758487761020660400e-01
-1.337798684835433960e-01
4.865673482418060303e-01
-1.403437275439500809e-02
8.980511873960494995e-02
2.136667668819427490e-01
7.816419005393981934e-02
8.926471322774887085e-02
4.271799027919769287e-01
2.904609739780426025e-01
7.929711788892745972e-02
-2.893407344818115234e-01
2.288690060377120972e-01
-2.401868849992752075e-01
-3.213963508605957031e-01
1.691391468048095703e-01
-3.462823927402496338e-01
9.681624919176101685e-02
-3.415151834487915039e-01
3.032768070697784424e-01
-9.338121861219406128e-02
-1.765255182981491089e-01
2.452048063278198242e-01
-5.505178868770599365e-02
2.119509726762771606e-01
1.211522445082664490e-01
3.403956592082977295e-01
-9.482941776514053345e-02
2.518317997455596924e-01
4.013338685035705566e-01
6.701988726854324341e-02
3.324063718318939209e-01
-4.628650248050689697e-01
1.356767117977142334e-01
2.346679568290710449e-01
-2.967031002044677734e-01
2.780056595802307129e-01
-3.920255303382873535e-01
3.831911683082580566e-01
-1.668361276388168335e-01
2.678350210189819336e-01
1.869823038578033447e-01
-1.842872500419616699e-01
3.875220119953155518e-01
-3.049235343933105469e-01
-2.923397719860076904e-01
9.854859113693237305e-02
1.665379703044891357e-01
-2.158490717411041260e-01
-2.788729593157768250e-02
-5.773075819015502930e-01
4.222715198993682861e-01
2.251053303480148315e-01
-6.934402883052825928e-02
3.112182207405567169e-02
-6.763737201690673828e-01
-1.365715712308883667e-01
6.656586527824401855e-01
-1.635792553424835205e-01
-5.257463455200195312e-01
2.682150602340698242e-01
2.694990038871765137e-01
2.671841382980346680e-01
-2.905183732509613037e-01
1.205000095069408417e-02
-2.356863468885421753e-01
-2.945590317249298096e-01
7.824917435646057129e-01
-9.370752573013305664e-01
-5.120475292205810547e-01
-9.361834265291690826e-03
-1.574727594852447510e-01
2.615615129470825195e-01
-6.311664730310440063e-02
-2.304198890924453735e-01
-3.725939989089965820e-02
-2.986027598381042480e-01
5.971135497093200684e-01
-2.538282871246337891e-01
-8.261594176292419434e-02
-1.705744862556457520e-01
-1.493596285581588745e-02
2.237592190504074097e-01
-7.722975611686706543e-01
4.049396514892578125e-01
-1.249947994947433472e-01
-2.745001912117004395e-01
6.797313690185546875e-02
4.544390365481376648e-02
-1.307975053787231445e-01
1.639716029167175293e-01
-1.771051138639450073e-01
5.112662911415100098e-01
2.907979786396026611e-01
-3.836195915937423706e-02
1.068324297666549683e-01
-3.890759646892547607e-01
3.560672327876091003e-02
3.086387878283858299e-03
1.763323843479156494e-01
-5.638509616255760193e-02
-1.939906626939773560e-01
2.144639492034912109e-01
-7.954919710755348206e-03
3.563146591186523438e-01
2.311499416828155518e-01
-4.122592210769653320e-01
-3.998143672943115234e-01
2.643491327762603760e-01
1.334588527679443359e-01
-4.714816808700561523e-01
5.648314952850341797e-02
1.089283302426338196e-01
1.398207664489746094e+00
8.988511562347412109e-02
-1.658075302839279175e-02
-2.513162195682525635e-01
-5.183730721473693848e-01
2.249929010868072510e-01
3.628430962562561035e-01
2.243114858865737915e-01
-3.297105431556701660e-01
-2.209531068801879883e-01
5.012552738189697266e-01
1.856499463319778442e-01
2.510575354099273682e-01
-4.220453202724456787e-01
-2.298503369092941284e-01
-6.593400985002517700e-02
-6.502233743667602539e-01
1.034269854426383972e-02
-4.586905539035797119e-01
6.911733150482177734e-01
4.164744317531585693e-01
-1.547756046056747437e-01
3.061953485012054443e-01
-4.991675615310668945e-01
-3.705566525459289551e-01
5.244985222816467285e-01
2.721427977085113525e-01
-6.830525398254394531e-01
-3.116713762283325195e-01
-2.780616581439971924e-01
3.645071387290954590e-01
3.217049241065979004e-01
6.750310659408569336e-01
-8.510959744453430176e-01
-1.475483477115631104e-01
2.279149591922760010e-01
-1.361016556620597839e-02
-2.560620009899139404e-01
-2.390336431562900543e-02
2.877190709114074707e-01
7.296876907348632812e-01
-4.093078896403312683e-02
1.087301075458526611e-01
3.828094899654388428e-02
-5.540205240249633789e-01
3.742093443870544434e-01
2.075299620628356934e-01
1.199331730604171753e-01
-9.466959536075592041e-02
-3.168949186801910400e-01
2.657571732997894287e-01
1.509830951690673828e-01
6.802359968423843384e-02
-2.426777929067611694e-01
6.783101707696914673e-04
-1.112072765827178955e-01
-3.577536046504974365e-01
1.581980586051940918e-01
1.623405516147613525e-02
-8.030400425195693970e-02
-6.488512754440307617e-01
5.635184049606323242e-02
-2.589357197284698486e-01
7.637820392847061157e-02
3.293291330337524414e-01
-2.940915524959564209e-02
-5.867727398872375488e-01
7.378556579351425171e-02
4.217534959316253662e-01
9.096331894397735596e-02
-3.501044213771820068e-01
7.633720524609088898e-03
-1.447350084781646729e-01
-1.361163407564163208e-01
4.633306562900543213e-01
2.808740176260471344e-02
2.546412050724029541e-01
-6.603510975837707520e-01
5.983774065971374512e-01
-2.828967571258544922e-01
1.300119876861572266e+00
2.479269951581954956e-01
-7.168465107679367065e-02
9.288275986909866333e-02
-7.696408629417419434e-01
4.728238284587860107e-01
3.299249112606048584e-01
2.499818354845046997e-01
-3.674760758876800537e-01
-3.169444799423217773e-01
8.328110575675964355e-01
-2.071886211633682251e-01
-3.713560998439788818e-01
-2.249603718519210815e-01
8.924049884080886841e-02
-2.760584950447082520e-01
-5.381519794464111328e-01
-4.372629821300506592e-01
4.670385122299194336e-01
-4.684518277645111084e-01
9.286466240882873535e-02
2.312532365322113037e-01
-1.285248845815658569e-01
1.078922152519226074e-01
1.458005607128143311e-01
5.882157012820243835e-03
-4.824071228504180908e-01
3.234810531139373779e-01
2.813639044761657715e-01
4.058368876576423645e-02
-2.446148991584777832e-01
-2.441859617829322815e-02
-9.669411927461624146e-02
1.807262934744358063e-02
1.025288105010986328e-01
1.214552950114011765e-02
-2.618464529514312744e-01
-1.674050539731979370e-01
-4.843264222145080566e-01
2.448744922876358032e-01
-1.872917562723159790e-01
-2.777541875839233398e-01
1.939106881618499756e-01
-1.901570111513137817e-01
3.795237839221954346e-01
2.727404534816741943e-01
1.661373376846313477e-01
-3.226500749588012695e-01
-3.155254125595092773e-01
4.175837337970733643e-01
3.633533120155334473e-01
-5.051965266466140747e-02
7.350558638572692871e-01
-4.461613297462463379e-01
4.848853871226310730e-02
-3.252848684787750244e-01
-4.212634563446044922e-01
7.216603159904479980e-01
8.671165257692337036e-02
6.763758510351181030e-02
5.969508886337280273e-01
5.014361441135406494e-02
-2.842951118946075439e-01
-1.991724669933319092e-01
3.684109076857566833e-02
-5.145711898803710938e-01
-4.327284097671508789e-01
2.547606825828552246e-01
3.519981205463409424e-01
1.554321199655532837e-01
-3.427860438823699951e-01
-3.100146353244781494e-01
7.860668934881687164e-03
3.509962856769561768e-01
-1.364556513726711273e-02
-9.310749173164367676e-02
6.221820116043090820e-01
-2.852028310298919678e-01
-1.148851811885833740e-01
-1.284911632537841797e-01
-3.618136346340179443e-01
-2.138531059026718140e-01
-2.094451934099197388e-01
5.704948306083679199e-02
-1.768117547035217285e-01
2.358932644128799438e-01
1.790585666894912720e-01
-9.883033484220504761e-02
-2.423956245183944702e-01
-2.357392460107803345e-01
1.179087162017822266e-01
-2.593926489353179932e-01
-4.174651205539703369e-01
-4.915434718132019043e-01
1.593951433897018433e-01
-6.054294705390930176e-01
3.288861364126205444e-02
-3.669405281543731689e-01
-1.652028560638427734e-01
3.029626309871673584e-01
-1.737366169691085815e-01
-5.135022401809692383e-01
-1.667431443929672241e-01
1.816681958734989166e-02
4.677354916930198669e-02
1.320521831512451172e-01
-8.227980881929397583e-02
5.924311652779579163e-02
-2.267316356301307678e-02
1.429446041584014893e-01
1.135597527027130127e-01
4.569759964942932129e-02
-1.674227416515350342e-01
7.511854916810989380e-02
3.076124787330627441e-01
-1.354861855506896973e+00
5.741400271654129028e-02
-2.965538799762725830e-01
-3.803793191909790039e-01
5.901559814810752869e-02
-5.731061697006225586e-01
-8.727920055389404297e-02
1.297295242547988892e-01
6.182311917655169964e-04
3.578401207923889160e-01
6.760188937187194824e-02
2.849943637847900391e-01
-1.848442405462265015e-01
-7.887107133865356445e-01
2.241642475128173828e-01
2.254003845155239105e-02
-1.706532388925552368e-01
1.070385277271270752e-01
1.473986357450485229e-01
-2.103078514337539673e-01
-3.494531512260437012e-01
-6.795091032981872559e-01
-2.898479998111724854e-01
9.578250348567962646e-02
-5.915917158126831055e-01
-2.123782038688659668e-01
3.278092145919799805e-01
-2.741615176200866699e-01
-2.169059356674551964e-03
-2.451606094837188721e-01
-1.737261712551116943e-01
-2.136703282594680786e-01
2.924779057502746582e-01
-2.321040630340576172e-02
-6.041099429130554199e-01
-4.200286865234375000e-01
-2.805780768394470215e-01
-3.506819903850555420e-01
3.805933892726898193e-01
-3.334911167621612549e-01
1.355888843536376953e+00
1.680527068674564362e-02
4.520357549190521240e-01
2.176156491041183472e-01
1.811633817851543427e-02
7.272872924804687500e-01
-1.062327995896339417e-01
-1.823346465826034546e-01
-6.385113298892974854e-02
-5.851854756474494934e-02
5.390652269124984741e-02
7.676730304956436157e-02
1.763775199651718140e-01
9.804502725601196289e-01
9.928896278142929077e-02
-3.456624969840049744e-02
-1.891218125820159912e-01
2.988519966602325439e-01
1.073893457651138306e-01
1.657246798276901245e-01
5.709323659539222717e-02
5.323891043663024902e-01
3.514654934406280518e-01
1.569307148456573486e-01
7.453414052724838257e-02
3.969431519508361816e-01
-1.215168759226799011e-01
-3.689917922019958496e-01
1.563097983598709106e-01
-2.851396426558494568e-02
-4.295416474342346191e-01
-2.177733331918716431e-01
1.556642651557922363e-01
9.941686689853668213e-02
-2.340489476919174194e-01
-1.239909604191780090e-01
-1.799860782921314240e-02
-3.246124684810638428e-01
1.972829550504684448e-01
1.419381052255630493e-01
6.473114490509033203e-01
2.568269073963165283e-01
7.624379545450210571e-02
-1.654628962278366089e-01
2.046818733215332031e-01
4.732891544699668884e-02
1.435501575469970703e-01
1.501150131225585938e-01
-1.291401684284210205e-01
2.291600257158279419e-01
4.483360797166824341e-02
5.996891856193542480e-02
7.685625553131103516e-02
1.934192376211285591e-03
1.337182670831680298e-01
3.326064720749855042e-02
1.169522553682327271e-01
-2.074312567710876465e-01
-1.351875625550746918e-02
3.597184419631958008e-01
-5.846506953239440918e-01
-1.471187472343444824e-01
1.991047859191894531e-01
-7.083617895841598511e-02
3.270678520202636719e-01
8.187323808670043945e-01
3.454264625906944275e-02
3.056796789169311523e-01
-3.082777261734008789e-01
1.753402799367904663e-01
-3.862583935260772705e-01
-2.628883123397827148e-01
-1.463571637868881226e-01
5.097656846046447754e-01
-1.177472546696662903e-01
-1.058738827705383301e-01
-1.636498980224132538e-02
1.715259253978729248e-01
6.750725209712982178e-02
4.049613773822784424e-01
2.809795737266540527e-01
3.184168040752410889e-01
-4.846800863742828369e-01
2.525145411491394043e-01
-4.166102707386016846e-01
-4.957947432994842529e-01
1.521391868591308594e-01
-1.015644986182451248e-02
3.057831525802612305e-01
-9.607151150703430176e-02
8.238013088703155518e-02
8.541011810302734375e-02
1.619113385677337646e-01
-1.762409806251525879e-01
-5.059451460838317871e-01
-5.162741988897323608e-03
1.193100586533546448e-01
1.246125772595405579e-01
-4.531551599502563477e-01
-4.452284574508666992e-01
7.339388597756624222e-03
-2.566851079463958740e-01
2.111324816942214966e-01
3.484451770782470703e-01
-8.500074148178100586e-01
-2.259820848703384399e-01
1.281260609626770020e+00
-2.534034848213195801e-01
5.036108940839767456e-02
-3.264579176902770996e-01
-6.205764785408973694e-02
-9.897851198911666870e-02
2.571848332881927490e-01
-3.378579765558242798e-02
-8.364353179931640625e-01
-3.763178884983062744e-01
-1.832787394523620605e-01
-1.958493888378143311e-01
5.900809764862060547e-01
-1.923698335886001587e-01
3.993824720382690430e-01
2.206276506185531616e-01
4.601185619831085205e-01
-5.103698372840881348e-02
1.204506605863571167e-01
5.258702635765075684e-01
-9.139923751354217529e-02
-6.103491783142089844e-01
2.665727138519287109e-01
8.998996019363403320e-02
-9.960053116083145142e-02
-4.993150234222412109e-01
-1.580282859504222870e-02
5.208456516265869141e-01
3.666473329067230225e-01
-2.008696347475051880e-01
-4.435161054134368896e-01
-3.346000611782073975e-01
-6.881848722696304321e-02
1.563647538423538208e-01
1.112800315022468567e-01
2.416208237409591675e-01
2.177958786487579346e-01
2.319367080926895142e-01
-3.711358457803726196e-02
-6.044093891978263855e-02
7.590442895889282227e-01
3.192227706313133240e-02
1.245719268918037415e-01
-1.605055034160614014e-01
-6.130671128630638123e-02
-3.150600194931030273e-01
3.085805177688598633e-01
4.190321564674377441e-01
2.800972759723663330e-02
-2.617729604244232178e-01
5.062092468142509460e-02
2.591394074261188507e-02
3.194284141063690186e-01
-7.352381944656372070e-01
1.269187211990356445e+00
-4.744867794215679169e-03
-1.824679523706436157e-01
1.296919286251068115e-01
-7.204665243625640869e-02
-3.573430776596069336e-01
-1.333122104406356812e-01
-2.777461707592010498e-01
6.324123740196228027e-01
-4.775075986981391907e-02
2.928964197635650635e-01
1.596762388944625854e-01
4.627836644649505615e-01
1.354813426733016968e-01
4.931152239441871643e-02
-4.733610749244689941e-01
-4.537481963634490967e-01
-1.040394425392150879e+00
-1.992139220237731934e-01
5.112730711698532104e-02
-9.251438379287719727e-01
3.296513855457305908e-02
-2.069287598133087158e-01
-2.715463936328887939e-01
6.658456325531005859e-01
-1.842246204614639282e-01
-1.716828793287277222e-01
5.237140133976936340e-02
-5.337892770767211914e-01
1.591526716947555542e-01
-4.961027950048446655e-02
-5.634782370179891586e-03
-2.953325212001800537e-01
-9.886773675680160522e-02
-4.295668005943298340e-02
2.852118909358978271e-01
4.036478102207183838e-01
-4.451935738325119019e-02
3.598073869943618774e-02
-1.263287663459777832e-01
-6.685259286314249039e-03
-4.560250043869018555e-02
-5.425828695297241211e-01
-2.621491253376007080e-01
1.342753469944000244e-01
3.129499256610870361e-01
-1.758909821510314941e-01
1.734889447689056396e-01
-1.054991960525512695e+00
1.295957714319229126e-01
1.491797268390655518e-01
-2.045201510190963745e-02
-4.875401556491851807e-01
1.171334385871887207e-01
2.639680206775665283e-01
3.966294825077056885e-01
7.538238763809204102e-01
1.413466811180114746e+00
3.929457962512969971e-01
-2.916396223008632660e-02
8.299922347068786621e-01
-4.083915948867797852e-01
5.668602585792541504e-01
2.554707229137420654e-01
2.106628380715847015e-02
-1.389410942792892456e-01
-2.553572952747344971e-01
-1.663224697113037109e-01
5.837060809135437012e-01
1.594639122486114502e-01
5.655641108751296997e-02
1.992339268326759338e-02
7.974264770746231079e-02
3.120458722114562988e-01
-1.813982054591178894e-02
-4.540601000189781189e-02
-9.282608628273010254e-01
6.920080631971359253e-03
-3.651353716850280762e-01
7.611448168754577637e-01
-3.424726799130439758e-02
2.174945920705795288e-01
1.487814038991928101e-01
3.565212488174438477e-01
-4.563810527324676514e-01
6.719295680522918701e-02
-3.813989832997322083e-02
6.565927062183618546e-03
4.048294574022293091e-02
-1.160960197448730469e-01
-1.209656372666358948e-01
5.713501200079917908e-02
1.772473007440567017e-01
-4.558659717440605164e-02
-3.979925513267517090e-01
-2.938874959945678711e-01
-9.873711504042148590e-03
-1.353643368929624557e-02
1.402978152036666870e-01
-2.012868821620941162e-01
-2.510136663913726807e-01
1.929733008146286011e-01
7.018116712570190430e-01
2.028846591711044312e-01
2.430235035717487335e-02
-3.684495761990547180e-02
-2.286771088838577271e-01
-8.893072605133056641e-01
1.428139358758926392e-01
-1.112727746367454529e-01
-1.421193927526473999e-01
9.440335631370544434e-02
7.801665365695953369e-02
4.186870455741882324e-01
-2.426021397113800049e-01
-3.873650133609771729e-01
-5.787539482116699219e-01
-1.328279614448547363e+00
-3.258933778852224350e-03
2.288022637367248535e-01
-1.037797629833221436e-01
1.022732928395271301e-01
2.861135900020599365e-01
2.512363716959953308e-02
7.364652305841445923e-02
3.851332664489746094e-01
-2.973093092441558838e-01
-6.949852406978607178e-02
-1.196348220109939575e-01
-2.920645773410797119e-01
-1.303404718637466431e-01
-7.620573043823242188e-02
-9.693917632102966309e-02
6.558208260685205460e-03
6.616566330194473267e-02
-1.788960546255111694e-01
-2.363433092832565308e-01
-3.713445961475372314e-01
-3.093288838863372803e-01
2.468400299549102783e-01
-1.018094539642333984e+00
-5.944838374853134155e-02
-2.322075366973876953e-01
-2.189601063728332520e-01
4.838318005204200745e-02
3.737751543521881104e-01
-7.378831971436738968e-03
-3.290952146053314209e-01
-3.559700679033994675e-03
2.720840275287628174e-01
-2.287592040374875069e-03
2.196727320551872253e-02
5.222238600254058838e-03
1.626146733760833740e-01
2.169630862772464752e-02
-2.305198013782501221e-01
2.162058465182781219e-02
1.552826166152954102e-01
-1.764046549797058105e-01
6.578758358955383301e-02
-3.648943901062011719e-01
-4.791063815355300903e-02
-2.477156072854995728e-01
3.272674977779388428e-01
-1.480950564146041870e-01
-2.415485382080078125e-01
6.194962859153747559e-01
-3.920190036296844482e-01
-2.079139836132526398e-02
-1.626594364643096924e-01
-4.080067276954650879e-01
6.282024383544921875e-01
8.132321387529373169e-02
-1.121938228607177734e-01
1.985449790954589844e-01
5.790817365050315857e-02
2.787192165851593018e-02
2.348082065582275391e-01
5.181423425674438477e-01
6.591553241014480591e-02
9.641946852207183838e-02
1.173418164253234863e-01
-2.459448724985122681e-01
6.272125244140625000e-01
6.767900288105010986e-02
2.807255685329437256e-01
3.863389492034912109e-01
-4.606424272060394287e-01
-3.023081421852111816e-01
1.543844938278198242e-01
-3.194938600063323975e-01
7.776462435722351074e-01
6.897175312042236328e-02
-1.037322822958230972e-02
2.301055341958999634e-01
1.876265853643417358e-01
-3.907758370041847229e-02
-5.875691771507263184e-02
1.506692171096801758e-02
-5.941030383110046387e-02
2.337314002215862274e-02
-1.629528589546680450e-02
-1.616261303424835205e-01
5.454947054386138916e-02
1.816121637821197510e-01
4.535890370607376099e-02
1.276551466435194016e-02
9.248686023056507111e-03
-2.698903083801269531e-01
-6.331548094749450684e-03
-2.579683661460876465e-01
1.669281274080276489e-01
2.714777886867523193e-01
-1.137892082333564758e-01
-1.711576282978057861e-01
-9.509007632732391357e-02
-2.286348640918731689e-01
2.828894369304180145e-02
5.282565951347351074e-01
1.468182057142257690e-01
1.374950408935546875e-01
-2.303755134344100952e-01
1.126447785645723343e-02
-1.857168823480606079e-01
-1.444465667009353638e-01
-3.182274103164672852e-01
3.538986444473266602e-01
9.799653291702270508e-01
-2.599505521357059479e-02
-3.656983375549316406e-01
6.039312481880187988e-01
-1.401694566011428833e-01
4.576930105686187744e-01
-2.897925972938537598e-01
-6.303557008504867554e-02
2.530782520771026611e-01
-3.356663584709167480e-01
-2.514354586601257324e-01
-2.537859836593270302e-03
2.324844896793365479e-01
3.443956673145294189e-01
-1.639327853918075562e-01
-2.607675269246101379e-02
1.435841321945190430e-01
-1.240766793489456177e-01
2.963746488094329834e-01
6.682123988866806030e-02
-1.817611455917358398e-01
2.104086130857467651e-01
-1.235520094633102417e-02
-9.452445805072784424e-02
-8.198332190513610840e-01
-1.665718257427215576e-01
5.110121369361877441e-01
1.321073621511459351e-01
-2.328588627278804779e-02
-7.165002077817916870e-02
3.836476802825927734e-01
-1.298213005065917969e-01
-1.924596428871154785e-01
-1.968656629323959351e-01
3.870658576488494873e-01
-2.960309386253356934e-01
-2.580749094486236572e-01
1.397176384925842285e-01
-2.182729393243789673e-01
-1.918448358774185181e-01
5.135057568550109863e-01
9.994694963097572327e-03
-2.280883193016052246e-01
2.812545299530029297e-01
-5.994554162025451660e-01
1.456417888402938843e-01
1.468828022480010986e-01
8.820986747741699219e-02
5.848811268806457520e-01
-1.016844436526298523e-01
2.824325859546661377e-01
4.277715384960174561e-01
-1.199659630656242371e-01
-6.899568438529968262e-02
-2.199878841638565063e-01
-5.206645131111145020e-01
-2.786623239517211914e-01
-1.351736765354871750e-02
4.323349595069885254e-01
6.330420374870300293e-01
-4.634210765361785889e-01
-8.127348870038986206e-02
-1.393603235483169556e-01
-9.603163599967956543e-01
2.922026813030242920e-01
-6.310361623764038086e-02
7.405859977006912231e-02
7.978755831718444824e-01
6.078027486801147461e-01
9.710787981748580933e-02
-6.745551228523254395e-01
-4.444812238216400146e-01
2.153948098421096802e-01
-6.519266963005065918e-02
-3.917634189128875732e-01
-7.942371070384979248e-02
2.248423397541046143e-01
-3.877814412117004395e-01
2.945553660392761230e-01
4.267094731330871582e-01
1.746316552162170410e-01
2.328387796878814697e-01
1.214264407753944397e-01
1.418050192296504974e-02
-5.317674949765205383e-02
-2.493528872728347778e-01
-1.876829713582992554e-01
6.022750735282897949e-01
3.003388047218322754e-01
2.892381250858306885e-01
3.822514116764068604e-01
-4.570961743593215942e-02
-2.406252920627593994e-01
-3.879675269126892090e-01
1.234395429491996765e-01
1.221823990345001221e-01
1.615635752677917480e-01
-3.506167531013488770e-01
-3.089717328548431396e-01
5.115569829940795898e-01
5.135061591863632202e-02
-1.564716733992099762e-02
-5.033371448516845703e-01
-1.007021144032478333e-01
2.424550801515579224e-01
5.502603650093078613e-01
9.057815372943878174e-02
-6.005629524588584900e-02
-1.906032115221023560e-01
-4.695751965045928955e-01
-1.331685930490493774e-01
1.150245144963264465e-01
4.749813079833984375e-01
2.172686308622360229e-01
1.746897026896476746e-02
-1.349208038300275803e-02
1.856512278318405151e-01
2.473295331001281738e-01
8.269578814506530762e-01
2.808188199996948242e-01
-6.300703287124633789e-01
-1.633363068103790283e-01
2.517018280923366547e-02
-6.678519845008850098e-01
1.107339039444923401e-01
-1.332264989614486694e-01
1.585782021284103394e-01
-7.370164990425109863e-01
-2.122927308082580566e-01
4.461309015750885010e-01
1.539668142795562744e-01
-4.156066477298736572e-01
-1.879866868257522583e-01
-2.710776329040527344e-01
-4.375862702727317810e-02
1.391895860433578491e-02
-2.630309015512466431e-02
-1.030055657029151917e-01
1.684283912181854248e-01
-4.059910774230957031e-01
-1.468337327241897583e-01
2.402092963457107544e-01
3.799933791160583496e-01
9.967485815286636353e-02
-2.496256306767463684e-02
-4.222245514392852783e-01
3.400803804397583008e-01
-9.641401469707489014e-02
4.507944285869598389e-01
2.100373059511184692e-01
-3.147011697292327881e-01
-1.183474063873291016e+00
-3.711713254451751709e-01
-3.319590687751770020e-01
-1.484551578760147095e-01
7.890710234642028809e-02
6.081636548042297363e-01
1.880236566066741943e-01
-9.911885857582092285e-02
8.029714226722717285e-02
1.055420413613319397e-01
-1.304517835378646851e-01
-8.288133144378662109e-02
-1.793380826711654663e-01
1.563957929611206055e-01
3.022383749485015869e-01
1.987347453832626343e-01
-7.417940497398376465e-01
-1.146683618426322937e-01
-2.984827458858489990e-01
-3.437169790267944336e-01
1.921703219413757324e-01
2.086758315563201904e-01
-2.099982276558876038e-02
1.309868574142456055e+00
-1.575838178396224976e-01
2.440202236175537109e-01
1.078212335705757141e-01
2.878675460815429688e-01
9.661988168954849243e-02
-7.381769418716430664e-01
-1.938328891992568970e-01
-2.099598199129104614e-02
-4.751500189304351807e-01
-1.758201271295547485e-01
-2.524094879627227783e-01
1.865341677330434322e-03
-6.475238204002380371e-01
-4.719384610652923584e-01
1.405361592769622803e-01
1.830589026212692261e-02
3.476909920573234558e-02
-2.619958221912384033e-01
-3.173805177211761475e-01
-1.001204997301101685e-01
-6.162422895431518555e-02
1.100471615791320801e-01
5.843652784824371338e-02
-3.868016600608825684e-01
2.696779668331146240e-01
2.423788160085678101e-01
-2.753958404064178467e-01
-2.420461922883987427e-01
-1.002695783972740173e-01
-3.607811871916055679e-03
2.752901017665863037e-01
-5.707753896713256836e-01
1.126029267907142639e-01
-1.893257051706314087e-01
-2.396102398633956909e-01
1.064490973949432373e-01
5.407978892326354980e-01
4.517131149768829346e-01
3.149228990077972412e-01
5.005455575883388519e-03
-1.292322576045989990e-01
3.385792970657348633e-01
6.702589988708496094e-01
2.534036710858345032e-02
-7.383586373180150986e-03
-1.043227035552263260e-02
-1.588524132966995239e-01
2.128785252571105957e-01
1.060357838869094849e-01
6.743051344528794289e-04
1.812848746776580811e-01
-1.075235009193420410e-01
-8.228919506072998047e-01
-2.486082017421722412e-01
-2.080749906599521637e-02
2.278032749891281128e-01
3.595872223377227783e-01
-1.438628435134887695e-01
-8.219496347010135651e-03
1.853710174560546875e+00
3.790292143821716309e-02
1.118956327438354492e+00
-2.631870210170745850e-01
1.110222637653350830e-01
3.821133077144622803e-01
-5.092818140983581543e-01
3.543383628129959106e-02
1.314680427312850952e-01
-2.843443155288696289e-01
4.688849300146102905e-02
8.881001919507980347e-02
1.664146631956100464e-01
-1.505613923072814941e-01
1.571703106164932251e-01
2.335351854562759399e-01
4.753769561648368835e-02
5.010978505015373230e-02
-1.221674084663391113e-01
6.389428675174713135e-02
7.465077042579650879e-01
-1.079507917165756226e-01
-8.095721155405044556e-02
1.110249981284141541e-01
5.428354144096374512e-01
-4.285576343536376953e-01
-2.454451024532318115e-01
-8.768635988235473633e-02
4.049960970878601074e-01
-2.496459782123565674e-01
-2.886457741260528564e-01
-2.514687776565551758e-01
2.298760563135147095e-01
1.009721830487251282e-01
-2.227347344160079956e-01
4.965521693229675293e-01
2.013038471341133118e-02
-1.860661357641220093e-01
-3.952338695526123047e-01
-2.626549601554870605e-01
2.378394603729248047e-01
-1.556357294321060181e-01
-3.694121241569519043e-01
9.920227527618408203e-02
-5.907530337572097778e-02
-6.423754096031188965e-01
9.172402205877006054e-04
3.663941323757171631e-01
1.534356921911239624e-01
-6.874257326126098633e-02
-1.000540256500244141e+00
-2.083042170852422714e-03
3.176836371421813965e-01
1.936430037021636963e-01
1.796554923057556152e-01
1.917808353900909424e-01
-6.396981328725814819e-02
-3.514133766293525696e-02
-1.001037061214447021e-01
2.742727100849151611e-02
-1.648669242858886719e-01
-1.231186538934707642e-01
1.993233114480972290e-01
-8.287299424409866333e-02
-1.049237623810768127e-01
2.294683642685413361e-02
-4.042548127472400665e-03
3.250468075275421143e-01
8.180533349514007568e-02
-4.945294931530952454e-02
3.509014472365379333e-02
-6.495327502489089966e-02
-8.693100884556770325e-03
2.378716617822647095e-01
1.598883390426635742e+00
-1.484917551279067993e-01
-6.257903575897216797e-01
-2.979015000164508820e-02
-9.350901842117309570e-02
1.214041858911514282e-01
7.452077418565750122e-02
-4.362507164478302002e-02
-3.941311240196228027e-01
4.973781481385231018e-02
9.517835080623626709e-02
2.889347374439239502e-01
-3.280471861362457275e-01
2.764359116554260254e-02
1.279851049184799194e-01
-3.179357349872589111e-01
2.443863153457641602e-01
1.008821502327919006e-01
-1.218463778495788574e-01
5.283254981040954590e-01
-9.810065031051635742e-01
7.495702803134918213e-02
3.612265288829803467e-01
-6.063826680183410645e-01
-8.763998746871948242e-02
3.953668475151062012e-02
-5.416841506958007812e-01
-1.762892305850982666e-01
-1.251308014616370201e-03
-3.891634522005915642e-03
-1.967341303825378418e-01
1.875246316194534302e-01
1.510186493396759033e-01
-1.239756420254707336e-01
2.272518426179885864e-01
-3.174587190151214600e-01
4.191533923149108887e-01
1.103438585996627808e-01
-3.647628128528594971e-01
2.894373424351215363e-02
-9.717356413602828979e-02
2.065897919237613678e-02
1.056617423892021179e-01
3.422105610370635986e-01
2.932958006858825684e-01
7.917381823062896729e-02
-1.935684829950332642e-01
-5.886015295982360840e-01
-3.900361061096191406e-01
-2.242715209722518921e-01
1.042789891362190247e-01
2.983686327934265137e-01
2.351604700088500977e-01
-4.709772765636444092e-01
1.572425961494445801e-01
-2.320431023836135864e-01
-3.398945629596710205e-01
5.282188206911087036e-02
2.307395339012145996e-01
-2.910300493240356445e-01
1.616036705672740936e-02
-1.119056195020675659e-01
3.073376119136810303e-01
2.905088365077972412e-01
5.788541436195373535e-01
-9.546095877885818481e-02
-2.179144173860549927e-01
-7.489071488380432129e-01
4.550107195973396301e-02
-5.292459577322006226e-02
-5.896349996328353882e-02
-4.553557559847831726e-02
4.533643275499343872e-02
2.508012577891349792e-02
-2.888016588985919952e-02
-3.663146868348121643e-02
7.185741513967514038e-02
1.156888008117675781e-01
-1.402784585952758789e+00
-2.946871519088745117e-01
-6.526542454957962036e-02
-3.537904322147369385e-01
-4.039215743541717529e-01
-1.953084170818328857e-01
4.830260276794433594e-01
5.582295060157775879e-01
7.624805569648742676e-01
-1.016259100288152695e-02
1.482676565647125244e-01
-4.373497366905212402e-01
-1.230096146464347839e-01
3.112593293190002441e-01
-4.382812418043613434e-03
1.401968747377395630e-01
2.801061272621154785e-01
-8.191800676286220551e-03
1.437130272388458252e-01
4.269611537456512451e-01
-3.365519344806671143e-01
-1.970011740922927856e-01
-2.566309273242950439e-01
5.752078071236610413e-02
1.836837679147720337e-01
3.853826522827148438e-01
-1.143025830388069153e-01
9.509721994400024414e-01
7.236437797546386719e-01
7.418438196182250977e-01
5.697543025016784668e-01
-9.656454622745513916e-02
-1.255926787853240967e-01
3.658227855339646339e-03
-4.257258176803588867e-01
4.186504185199737549e-01
2.496866434812545776e-01
2.455581873655319214e-01
1.250070482492446899e-01
1.804548548534512520e-03
9.023725055158138275e-03
9.562080353498458862e-02
1.557099670171737671e-01
1.526742130517959595e-01
4.749150574207305908e-01
-2.760845124721527100e-01
-5.194723606109619141e-01
-1.420586258172988892e-01
1.833155751228332520e-01
-8.259157538414001465e-01
-2.433811575174331665e-01
-3.768244087696075439e-01
-1.067294254899024963e-01
-1.747065484523773193e-01
-4.392223954200744629e-01
2.546374797821044922e-01
-1.135102212429046631e-01
-2.809334695339202881e-01
2.227475643157958984e-01
9.821661561727523804e-02
1.261333525180816650e-01
-3.047744929790496826e-01
-2.280545532703399658e-01
-3.975488245487213135e-01
-3.098727762699127197e-01
1.219829618930816650e-01
2.899163067340850830e-01
-5.018132328987121582e-01
-5.002766475081443787e-02
-1.824806034564971924e-01
-1.270851790904998779e-01
-1.340912748128175735e-02
-1.213647332042455673e-02
1.895603388547897339e-01
1.690556257963180542e-01
1.591684520244598389e-01
1.211869418621063232e-01
-1.520806103944778442e-01
3.118721246719360352e-01
6.842703372240066528e-02
-2.329913824796676636e-01
1.103959530591964722e-01
-9.574054926633834839e-02
-7.912884652614593506e-02
-1.481655091047286987e-01
4.103431999683380127e-01
1.786419749259948730e-01
4.046775102615356445e-01
-5.242342948913574219e-01
4.714743793010711670e-01
2.010827809572219849e-01
1.235262751579284668e-01
-5.660790577530860901e-02
-1.376090347766876221e-01
2.759375870227813721e-01
-1.973099559545516968e-01
-2.620972096920013428e-01
-3.731994926929473877e-01
9.099030494689941406e-02
5.385003611445426941e-02
-5.269892811775207520e-01
-4.324498586356639862e-03
-1.938140839338302612e-01
-4.422078430652618408e-01
-1.699038296937942505e-01
2.833997309207916260e-01
-1.209539920091629028e-01
-6.392336636781692505e-02
-4.793875217437744141e-01
1.672070026397705078e-01
-1.631498485803604126e-01
1.857927441596984863e-01
3.261673152446746826e-01
-5.203560590744018555e-01
-5.052785202860832214e-02
-1.282427273690700531e-02
1.554799638688564301e-02
1.597327888011932373e-01
-4.104840159416198730e-01
-3.084143102169036865e-01
-2.384658157825469971e-01
1.422198265790939331e-01
1.291304826736450195e-01
7.288055866956710815e-02
-3.892852663993835449e-01
-1.722413748502731323e-01
-3.407277166843414307e-01
-2.306345254182815552e-01
2.517751753330230713e-01
1.050677895545959473e-01
5.503135547041893005e-02
6.297091394662857056e-02
-2.207208126783370972e-01
-3.139573708176612854e-02
-1.967647075653076172e-01
-9.835157543420791626e-02
-4.496249854564666748e-01
-1.117647346109151840e-02
8.738406747579574585e-02
8.824119716882705688e-02
-2.921368181705474854e-02
1.029313281178474426e-01
8.232712000608444214e-02
7.628557682037353516e-01
1.641732156276702881e-01
-1.240300387144088745e-01
-3.563413918018341064e-01
-7.817109227180480957e-01
1.991243213415145874e-01
4.605532810091972351e-02
-1.386951655149459839e-01
-2.076182514429092407e-02
-1.317876130342483521e-01
-8.926949463784694672e-03
-1.385609209537506104e-01
4.433654993772506714e-02
-1.204975545406341553e-01
1.821139752864837646e-01
5.923746898770332336e-02
-1.169325560331344604e-01
-3.107574284076690674e-01
-4.120764322578907013e-03
8.756612986326217651e-02
1.306411385536193848e+00
3.576868772506713867e-02
4.736406728625297546e-02
1.844446063041687012e-01
-4.457345008850097656e-01
-6.634056568145751953e-01
1.779870390892028809e-01
-4.873555004596710205e-01
-1.618338935077190399e-02
8.217747323215007782e-03
-8.998391777276992798e-02
4.884187579154968262e-01
-4.265670776367187500e-01
2.187645137310028076e-01
1.999369412660598755e-01
-6.949974894523620605e-01
-2.004681676626205444e-01
-1.334691047668457031e-01
-2.868317961692810059e-01
7.638011127710342407e-02
1.354406774044036865e-01
7.786454260349273682e-02
-1.424180716276168823e-01
5.787755176424980164e-02
-3.078252673149108887e-01
-2.961951494216918945e-01
-1.171798631548881531e-01
-1.092362254858016968e-01
-5.564317107200622559e-02
-1.684929579496383667e-01
-3.094172477722167969e-01
-1.437079757452011108e-01
-4.212684035301208496e-01
-2.288963794708251953e-01
3.611598014831542969e-01
-6.599367409944534302e-02
-5.432857871055603027e-01
6.091411113739013672e-01
1.254945695400238037e-01
2.923893034458160400e-01
1.204906925559043884e-01
-9.125652909278869629e-02
-1.404267400503158569e-01
1.667988151311874390e-01
-6.859451532363891602e-01
3.475261032581329346e-01
-2.517097592353820801e-01
-6.435386836528778076e-02
2.487399131059646606e-01
3.050752282142639160e-01
-5.409221053123474121e-01
1.204634550958871841e-03
-5.107889301143586636e-04
-6.165978908538818359e-01
2.284505367279052734e-01
-1.846188604831695557e-01
-2.521812319755554199e-01
-4.883169531822204590e-01
6.446280330419540405e-02
-1.719047725200653076e-01
1.082138419151306152e-01
-2.548536360263824463e-01
-2.403127495199441910e-03
-1.339571475982666016e-01
-9.445409476757049561e-02
4.333387315273284912e-01
1.488552689552307129e-01
4.848677814006805420e-01
8.654959499835968018e-02
-6.700701117515563965e-01
-8.165333420038223267e-03
-1.292144060134887695e-01
3.413589894771575928e-01
-3.331038951873779297e-01
1.412473320960998535e-01
7.441917657852172852e-01
1.301837116479873657e-01
5.657379627227783203e-01
2.370989322662353516e-01
-3.115630475804209709e-03
-2.264259755611419678e-01
1.656306684017181396e-01
1.990893632173538208e-01
-3.507997468113899231e-02
1.548994034528732300e-01
3.058387041091918945e-01
-4.606259465217590332e-01
-2.373484820127487183e-01
-1.412527859210968018e-01
3.966802060604095459e-01
3.876972794532775879e-01
-1.608917117118835449e-02
1.620189696550369263e-01
6.962649524211883545e-02
-2.533330619335174561e-01
-9.945544600486755371e-02
1.990407258272171021e-01
-5.213240161538124084e-02
-1.081986650824546814e-01
-1.809859424829483032e-01
5.220136418938636780e-02
-1.689418277237564325e-04
2.028334438800811768e-01
7.682659029960632324e-01
-2.814203798770904541e-01
-3.348888754844665527e-01
-8.512534946203231812e-02
5.603220462799072266e-01
-1.440886259078979492e-01
1.109777390956878662e-01
-1.680234968662261963e-01
5.449479818344116211e-02
6.014820337295532227e-01
4.706296324729919434e-02
1.706921607255935669e-01
4.099944531917572021e-01
1.016336083412170410e-01
4.419548809528350830e-01
-1.085697859525680542e-01
6.760062277317047119e-02
-9.273132681846618652e-01
-1.583078205585479736e-01
-4.244788736104965210e-02
1.698374003171920776e-01
6.013339161872863770e-01
7.064386606216430664e-01
7.131890952587127686e-02
8.991383016109466553e-02
-1.759551018476486206e-01
1.086012497544288635e-01
8.950074762105941772e-02
-2.456728965044021606e-01
2.684837579727172852e-01
-3.697572946548461914e-01
-1.069271788001060486e-01
1.349290311336517334e-01
1.817605793476104736e-01
-4.306987393647432327e-03
-1.518184132874011993e-02
-3.888979256153106689e-01
-1.932627856731414795e-01
-2.360439300537109375e-01
2.506375610828399658e-01
-1.759445816278457642e-01
-6.082080006599426270e-01
-3.058996498584747314e-01
2.094157189130783081e-01
-1.132284700870513916e-01
2.797016203403472900e-01
1.441152989864349365e-01
-1.615464687347412109e-01
1.097833439707756042e-01
-2.053792923688888550e-01
-7.315389811992645264e-02
2.663466930389404297e-01
-1.419788133352994919e-02
-3.956961333751678467e-01
1.370304673910140991e-01
-2.104305624961853027e-01
1.065504178404808044e-01
7.279101610183715820e-01
-2.279114425182342529e-01
-4.843565076589584351e-02
2.886852622032165527e-01
-8.554370403289794922e-01
-2.313165217638015747e-01
8.582560718059539795e-02
1.170661672949790955e-01
6.519079208374023438e-03
7.831512689590454102e-01
-3.495569229125976562e-01
3.471046090126037598e-01
-4.001440703868865967e-01
-1.523450464010238647e-01
1.734860688447952271e-01
-7.500092685222625732e-02
2.593224495649337769e-02
-3.558283746242523193e-01
-2.858470678329467773e-01
-2.285354882478713989e-01
-1.314467340707778931e-01
-5.094428658485412598e-01
-1.056071221828460693e-01
-4.026506245136260986e-01
1.434305161237716675e-01
-5.147868022322654724e-02
-4.063160717487335205e-01
-2.589466609060764313e-02
-5.310404300689697266e-02
2.386943995952606201e-01
-7.413888722658157349e-02
5.141562819480895996e-01
3.580756783485412598e-01
-6.841296702623367310e-02
-2.671870030462741852e-02
-1.089529246091842651e-01
2.854589000344276428e-02
-1.994453787803649902e+00
-2.180391848087310791e-01
1.560257971286773682e-01
-9.339030981063842773e-01
-3.264888525009155273e-01
1.564010232686996460e-01
2.726787626743316650e-01
-5.892544984817504883e-02
4.194206595420837402e-01
3.588296473026275635e-01
1.264032274484634399e-01
4.209316372871398926e-01
-2.728004753589630127e-01
1.371436417102813721e-01
2.472265064716339111e-01
1.424316614866256714e-01
-2.501720488071441650e-01
-4.648786410689353943e-02
-2.613916993141174316e-01
-4.510879516601562500e-02
6.243373453617095947e-02
-1.315850913524627686e-01
-2.886012941598892212e-02
2.412988990545272827e-01
-1.979600787162780762e-01
9.667168557643890381e-02
-4.626482129096984863e-01
1.214426606893539429e-01
-2.586421966552734375e-01
8.199232816696166992e-02
-3.994667828083038330e-01
-6.211779117584228516e-01
1.486570388078689575e-01
-2.341825366020202637e-01
-1.982544660568237305e-01
-1.092935800552368164e-01
5.625796914100646973e-01
-1.512435916811227798e-02
2.525346577167510986e-01
2.178141027688980103e-01
1.834310740232467651e-01
5.571631193161010742e-01
-2.101099491119384766e-01
-1.045892387628555298e-01
-1.559728235006332397e-01
-4.061985909938812256e-01
2.749817073345184326e-01
5.111964419484138489e-02
3.158845007419586182e-01
3.488540053367614746e-01
-3.236518800258636475e-01
-5.564379096031188965e-01
1.754558384418487549e-01
-1.903313845396041870e-01
-3.517507314682006836e-01
-3.487173318862915039e-01
3.687993586063385010e-01
-1.943874917924404144e-02
2.708874642848968506e-01
3.625224232673645020e-01
3.267288208007812500e-01
3.666800260543823242e-01
2.074781060218811035e-02
-2.059839665889739990e-01
-8.701965212821960449e-02
-5.523504316806793213e-02
1.971907764673233032e-01
2.480616867542266846e-01
8.216226845979690552e-02
-5.543966293334960938e-01
-2.201119214296340942e-01
-4.386355578899383545e-01
5.720084309577941895e-01
-2.116620391607284546e-01
-4.865283668041229248e-01
-6.773862242698669434e-02
3.420306444168090820e-01
1.395889371633529663e-01
3.294717967510223389e-01
8.586487919092178345e-02
1.905114948749542236e-01
1.614246070384979248e-01
-1.860198378562927246e-02
-3.901529014110565186e-01
3.393705785274505615e-01
-1.063451841473579407e-01
7.554730772972106934e-02
3.803674280643463135e-01
-4.982409998774528503e-02
4.405530393123626709e-01
3.126057982444763184e-01
-8.618847280740737915e-02
3.540828824043273926e-01
-2.751094698905944824e-01
1.746277362108230591e-01
1.027780696749687195e-01
3.144325688481330872e-02
-1.951856762170791626e-01
7.922198176383972168e-01
5.317575931549072266e-01
-1.496712565422058105e-01
4.893717914819717407e-02
-6.066166758537292480e-01
2.296362072229385376e-01
-1.094517946243286133e+00
-2.372850105166435242e-02
2.629680335521697998e-01
2.765658497810363770e-01
7.177667021751403809e-01
6.039457023143768311e-02
1.869787089526653290e-02
-1.542803943157196045e-01
4.866483062505722046e-02
1.401351392269134521e-01
2.553012073040008545e-01
-1.427390128374099731e-01
1.107835695147514343e-01
9.115377813577651978e-02
5.251129716634750366e-02
1.036424711346626282e-01
-2.905540764331817627e-01
-5.467819422483444214e-02
1.660220772027969360e-01
-1.322099864482879639e-01
3.041502647101879120e-02
2.086538523435592651e-01
1.238190457224845886e-01
-5.710047110915184021e-02
8.935176581144332886e-02
5.142357945442199707e-01
-1.832491010427474976e-01
7.271065562963485718e-02
-3.844392895698547363e-01
8.800155669450759888e-02
1.632454395294189453e-01
-2.011817097663879395e-01
-1.690754145383834839e-01
-2.401656359434127808e-01
-2.908375561237335205e-01
8.606763184070587158e-02
6.271173059940338135e-02
1.099853068590164185e-01
2.467062622308731079e-01
-1.156612783670425415e-01
1.877034902572631836e-01
4.386594519019126892e-02
-8.671161532402038574e-02
1.350710093975067139e-01
-4.569563025142997503e-04
-1.506548523902893066e-01
6.577321887016296387e-02
-4.572257399559020996e-01
1.045715436339378357e-01
-1.571251302957534790e-01
-3.084218204021453857e-01
-1.405011024326086044e-02
1.639937311410903931e-01
1.529818773269653320e-01
1.277828663587570190e-01
4.000193178653717041e-01
-1.225311383605003357e-01
5.850179493427276611e-02
-4.471305906772613525e-01
-4.075912833213806152e-01
-1.883149296045303345e-01
-1.167813837528228760e-01
1.109469383955001831e-01
5.117127299308776855e-01
7.672123610973358154e-02
1.313476413488388062e-01
6.132070422172546387e-01
-9.083018451929092407e-02
-2.403415739536285400e-01
-1.542198956012725830e-01
-8.661799132823944092e-02
-3.980796337127685547e-01
-1.187777593731880188e-01
-4.014734029769897461e-01
-5.542914867401123047e-01
7.911279052495956421e-02
1.431262400001287460e-02
-5.709412321448326111e-02
1.216566115617752075e-01
1.602676697075366974e-02
8.472312986850738525e-02
-2.651276588439941406e-01
-5.808549523353576660e-01
-7.473547011613845825e-02
-1.019593238830566406e+00
-7.041054368019104004e-01
1.830989122390747070e-01
8.290708810091018677e-02
2.024589851498603821e-02
-1.265213191509246826e-01
1.253070980310440063e-01
1.645265519618988037e-01
1.844843178987503052e-01
-1.194705720990896225e-02
3.198515772819519043e-01
-5.254383012652397156e-02
-9.657146781682968140e-02
2.545821666717529297e-01
4.990719258785247803e-02
-3.003324866294860840e-01
2.182528674602508545e-01
-5.892099067568778992e-02
-2.525044083595275879e-01
3.003112077713012695e-01
2.047237604856491089e-01
-1.052392482757568359e+00
-3.088667690753936768e-01
1.488830056041479111e-02
3.287916183471679688e-01
-1.727470010519027710e-01
6.929069291800260544e-03
-1.462484002113342285e-01
1.854228228330612183e-01
-1.893280744552612305e-01
1.100420132279396057e-01
-2.042438685894012451e-01
-1.118636503815650940e-01
-7.582094054669141769e-03
1.058173850178718567e-01
-9.669609367847442627e-02
4.047945439815521240e-01
2.370492070913314819e-01
-5.642676353454589844e-02
-5.678753834217786789e-03
-2.789795696735382080e-01
-1.228048279881477356e-01
6.309847533702850342e-02
-2.245255559682846069e-02
-1.093800924718379974e-02
8.834818750619888306e-02
6.726787984371185303e-02
-1.574254482984542847e-01
-2.921602129936218262e-01
-2.529576420783996582e-01
-3.120065666735172272e-02
-3.630655631422996521e-02
-2.670200914144515991e-02
-3.863621354103088379e-01
-8.236073702573776245e-02
-6.915607303380966187e-02
-6.105094775557518005e-02
-1.728136986494064331e-01
1.891905814409255981e-01
2.457923144102096558e-01
2.436940670013427734e-01
4.342862963676452637e-02
1.084884926676750183e-01
-1.716109812259674072e-01
-1.728701442480087280e-01
1.264031976461410522e-01
5.741738528013229370e-02
-8.011715114116668701e-02
1.574335545301437378e-01
7.485620677471160889e-02
-2.772580385208129883e-01
-1.237490996718406677e-01
1.585810929536819458e-01
1.132572293281555176e-01
3.395230174064636230e-01
2.994090877473354340e-02
-1.443532202392816544e-02
-6.350644677877426147e-02
9.884733706712722778e-02
-6.737298518419265747e-02
-3.041808605194091797e-01
-8.720578253269195557e-02
4.785731062293052673e-02
-2.702898383140563965e-01
-5.277996659278869629e-01
-7.503367215394973755e-02
-3.175182640552520752e-01
6.343731656670570374e-03
4.868433773517608643e-01
2.020225860178470612e-02
-3.401144444942474365e-01
2.618334591388702393e-01
2.534288167953491211e-01
7.104259133338928223e-01
-3.487973809242248535e-01
-1.183665469288825989e-01
4.727537631988525391e-01
-1.841926723718643188e-01
2.282729297876358032e-01
1.763830184936523438e-01
3.032486140727996826e-01
1.207575201988220215e-01
-1.364207267761230469e-01
1.470299810171127319e-01
3.603540360927581787e-01
3.188688680529594421e-02
1.720823943614959717e-01
2.431119978427886963e-02
-1.177474856376647949e-02
-6.470515578985214233e-02
3.190073966979980469e-01
2.730746269226074219e-01
-4.013159871101379395e-01
-8.532340638339519501e-03
-1.640519499778747559e-01
-1.268899887800216675e-01
-1.726231873035430908e-01
9.790438413619995117e-02
4.558945447206497192e-02
8.583342656493186951e-03
5.714092254638671875e-01
1.380872279405593872e-01
-8.304248452186584473e-01
-1.771597713232040405e-01
3.206598460674285889e-01
2.408340424299240112e-01
-1.372479051351547241e-01
-4.197024106979370117e-01
-6.784791499376296997e-02
-1.038664802908897400e-01
-2.191270589828491211e-01
-1.334004551172256470e-01
4.191004037857055664e-01
6.827376782894134521e-02
4.018731415271759033e-02
2.587712407112121582e-01
1.704801470041275024e-01
-1.004094704985618591e-01
2.790134549140930176e-01
1.540649384260177612e-01
-8.135946989059448242e-01
-1.113619506359100342e-01
-6.016068458557128906e-01
-2.912803590297698975e-01
-1.940710246562957764e-01
2.091601490974426270e-02
-2.808130979537963867e-01
-2.315075248479843140e-01
-1.127187535166740417e-01
1.324197798967361450e-01
9.175333380699157715e-01
1.809656023979187012e-01
3.861378729343414307e-01
2.317679487168788910e-02
-1.862966269254684448e-01
2.520949542522430420e-01
-1.908182203769683838e-01
-1.207051202654838562e-01
7.095304727554321289e-01
-3.149689361453056335e-02
1.339835762977600098e+00
-4.855873584747314453e-01
-5.527831315994262695e-01
-4.078613221645355225e-01
2.284904122352600098e-01
-2.355872839689254761e-01
-6.875687241554260254e-01
5.966481752693653107e-03
5.494742989540100098e-01
7.849430292844772339e-02
1.670996844768524170e-02
4.838329851627349854e-01
2.267043292522430420e-01
1.492013484239578247e-01
-9.353639930486679077e-02
-4.443286955356597900e-01
2.186144888401031494e-01
-1.646839529275894165e-01
2.358313947916030884e-01
1.647508293390274048e-01
-4.176138713955879211e-02
-2.450565546751022339e-01
2.759997844696044922e-01
1.581812798976898193e-01
2.903987765312194824e-01
-7.545559853315353394e-02
1.949252933263778687e-01
1.251744106411933899e-02
-1.609969884157180786e-01
-1.164854019880294800e-01
-3.256395757198333740e-01
-1.301071494817733765e-01
-1.957102417945861816e-01
-2.400814294815063477e-01
-3.550376743078231812e-03
-9.781658649444580078e-02
-1.442839056253433228e-01
1.765321344137191772e-01
-1.432276517152786255e-01
-2.369259856641292572e-02
-2.560505568981170654e-01
4.772073030471801758e-01
-3.431029617786407471e-01
-5.751403048634529114e-02
2.120188027620315552e-01
-4.254383146762847900e-01
-2.499235719442367554e-01
1.634678691625595093e-01
1.111126616597175598e-01
3.749282360076904297e-01
2.784795165061950684e-01
5.424840450286865234e-01
-2.010791301727294922e-01
3.544611930847167969e-01
-6.626528501510620117e-01
-8.672364801168441772e-02
-4.271527230739593506e-01
4.217599704861640930e-02
6.998181343078613281e-02
4.918626248836517334e-01
2.037052810192108154e-01
-5.024225264787673950e-02
6.734115481376647949e-01
2.444615066051483154e-01
8.220995962619781494e-02
3.301765024662017822e-02
6.854452937841415405e-02
6.763777881860733032e-02
-9.605406224727630615e-02
-2.846585810184478760e-01
-8.221868276596069336e-01
-1.882659494876861572e-01
-7.516501098871231079e-02
-2.969246357679367065e-02
1.972714997828006744e-02
9.107582271099090576e-02
3.365829586982727051e-02
-7.364131510257720947e-02
-4.766600430011749268e-01
2.347114235162734985e-01
-7.742557525634765625e-01
-2.879372835159301758e-01
-2.485688775777816772e-01
-1.792118102312088013e-01
-1.443547010421752930e-01
-2.409408837556838989e-01
2.506844699382781982e-01
-2.778675258159637451e-01
2.416513711214065552e-01
-2.311426680535078049e-03
2.966943196952342987e-03
1.422337144613265991e-01
-4.912040010094642639e-02
-3.187071681022644043e-01
-1.027690432965755463e-02
2.482914626598358154e-01
5.266826227307319641e-02
-1.144017651677131653e-01
3.310928046703338623e-01
-5.126925185322761536e-02
-2.224620990455150604e-02
-9.925090707838535309e-03
1.273517310619354248e-01
-6.587846577167510986e-02
-4.633279144763946533e-01
-2.002507895231246948e-01
1.771266907453536987e-01
-3.189654648303985596e-02
7.912788391113281250e-01
-9.190829098224639893e-02
-1.207409128546714783e-01
-2.164498418569564819e-01
1.292874813079833984e-01
1.510611455887556076e-02
-2.151307910680770874e-01
2.592430114746093750e-01
-9.817494750022888184e-01
4.841013252735137939e-02
-2.552259340882301331e-02
-2.484495937824249268e-01
1.057571887969970703e+00
-1.923145800828933716e-01
-1.173612922430038452e-01
8.032908290624618530e-02
2.319532483816146851e-01
-3.063128702342510223e-02
-3.430176060646772385e-03
1.433400511741638184e-01
1.023248583078384399e-01
-2.553597465157508850e-02
6.072058528661727905e-02
5.722512304782867432e-02
-3.028618544340133667e-02
-2.031182944774627686e-01
3.762096166610717773e-02
-7.798233628273010254e-02
-4.983301460742950439e-02
1.239897385239601135e-01
1.303687393665313721e-01
3.004058301448822021e-01
1.020814254879951477e-01
-4.912939667701721191e-02
-9.074286371469497681e-02
1.094936877489089966e-01
-2.357625635340809822e-03
1.562247984111309052e-02
-1.660369783639907837e-01
2.359217703342437744e-01
-1.326610445976257324e-01
3.322652876377105713e-01
4.179095625877380371e-01
-1.470022499561309814e-01
-4.906422644853591919e-02
2.238527983427047729e-01
3.748741000890731812e-02
1.064804270863533020e-01
1.073523387312889099e-01
5.852251499891281128e-02
2.176462411880493164e-01
6.669235229492187500e-02
2.310249954462051392e-01
-1.909875869750976562e-01
2.923122420907020569e-02
-3.604751254897564650e-04
