7.839216589927673340e-01
1.724139750003814697e-01
-8.321319222450256348e-01
-1.373645812273025513e-01
-8.960260152816772461e-01
5.013359189033508301e-01
-6.801623702049255371e-01
-1.866557747125625610e-01
2.562483251094818115e-01
3.197963535785675049e-01
6.832356452941894531e-01
-4.348983988165855408e-02
4.765866100788116455e-01
1.780998557806015015e-01
-4.462770223617553711e-01
-2.029430121183395386e-01
4.061698019504547119e-01
1.809163838624954224e-01
9.504660964012145996e-01
1.027195155620574951e-01
-5.258587598800659180e-01
-5.269615054130554199e-01
-4.838909506797790527e-01
-5.654379725456237793e-01
-3.929746747016906738e-01
-1.953702867031097412e-01
-6.910338252782821655e-02
7.759244740009307861e-02
-5.976195931434631348e-01
1.614978313446044922e-01
-3.295545876026153564e-01
1.442616701126098633e+00
9.464127421379089355e-01
-1.203627467155456543e+00
-1.373145222663879395e+00
-1.880573928356170654e-01
1.408273458480834961e+00
2.530658245086669922e-01
8.957349061965942383e-01
1.920119225978851318e-01
9.204405546188354492e-01
-7.010231018066406250e-01
-7.618243694305419922e-01
-6.444755196571350098e-01
-1.396904289722442627e-01
7.709828615188598633e-01
4.995503425598144531e-01
-4.511808156967163086e-01
3.010111749172210693e-01
7.516592144966125488e-01
-9.492734670639038086e-01
-8.294056653976440430e-01
-3.664066493511199951e-01
4.096211493015289307e-01
-5.086902379989624023e-01
3.317187428474426270e-01
1.073731422424316406e+00
-8.792642951011657715e-01
9.213601350784301758e-01
6.880170702934265137e-01
-1.009993195533752441e+00
1.000381350517272949e+00
-7.467418164014816284e-02
9.004760384559631348e-01
1.029210463166236877e-01
-1.195455670356750488e+00
-6.581078767776489258e-01
1.070223212242126465e+00
-8.229169249534606934e-01
-1.244860291481018066e+00
9.819958209991455078e-01
1.042528867721557617e+00
1.013531208038330078e+00
-8.719646930694580078e-01
6.149222329258918762e-02
-8.657817244529724121e-01
3.611781597137451172e-01
1.174587726593017578e+00
-1.357450366020202637e+00
-6.914448738098144531e-01
6.288471072912216187e-02
-3.887658119201660156e-01
1.176237538456916809e-01
-9.556318521499633789e-01
4.255301654338836670e-01
-1.362072080373764038e-01
4.944069683551788330e-01
-2.404082119464874268e-01
6.156971454620361328e-01
3.957445323467254639e-01
9.370965510606765747e-02
-1.663937717676162720e-01
-4.861321449279785156e-01
-3.233825564384460449e-01
-1.156917586922645569e-01
-1.318210512399673462e-01
2.232634127140045166e-01
-4.252902865409851074e-01
7.000634670257568359e-01
5.811144709587097168e-01
-3.910900652408599854e-02
1.265688538551330566e-01
7.827240973711013794e-02
3.150393068790435791e-01
-5.769950747489929199e-01
-3.905696868896484375e-01
1.619112342596054077e-01
3.089229166507720947e-01
1.670321673154830933e-01
-3.567338287830352783e-01
3.684777915477752686e-01
2.790216505527496338e-01
1.752673983573913574e-01
1.410589832812547684e-02
-1.908094137907028198e-01
2.778244614601135254e-01
-6.411115527153015137e-01
6.994166970252990723e-01
-7.959828972816467285e-01
-4.006218612194061279e-01
-7.334277033805847168e-01
7.088249921798706055e-01
-4.071771800518035889e-01
1.949456930160522461e-01
3.608002662658691406e-01
-9.208550453186035156e-01
-5.012513399124145508e-01
7.670028209686279297e-01
-5.389732122421264648e-01
-3.553730845451354980e-01
5.720353722572326660e-01
8.277082443237304688e-01
8.427399396896362305e-01
-6.450723111629486084e-02
-4.116249680519104004e-01
-1.130710482597351074e+00
7.069873213768005371e-01
7.256913781166076660e-01
-7.679989933967590332e-01
-8.333068490028381348e-01
3.133759498596191406e-01
-6.255062222480773926e-01
2.869132757186889648e-01
-1.034871414303779602e-01
1.333758831024169922e-01
5.427097082138061523e-01
-9.271892718970775604e-03
1.977275013923645020e-01
1.963404119014739990e-01
1.006778359413146973e+00
-2.326287776231765747e-01
-5.077339336276054382e-02
-5.808999389410018921e-02
-2.929117083549499512e-01
-3.898085653781890869e-01
-1.326807737350463867e+00
-1.507706284523010254e+00
-1.427508115768432617e+00
1.276431560516357422e+00
6.518701314926147461e-01
-2.603019177913665771e-01
9.879241138696670532e-02
2.745324969291687012e-01
1.856753826141357422e-01
3.958980366587638855e-02
-7.161901146173477173e-02
-6.631163954734802246e-01
6.264461874961853027e-01
-1.132142618298530579e-01
-3.082158267498016357e-01
1.384774148464202881e-01
2.345879971981048584e-01
6.145706176757812500e-01
-1.731719821691513062e-02
3.697668612003326416e-01
-1.568807959556579590e-01
1.368576288223266602e-01
2.700891196727752686e-01
-5.325264334678649902e-01
2.145593911409378052e-01
9.341470599174499512e-01
-8.116834759712219238e-01
-5.296680331230163574e-01
-9.947561025619506836e-01
-7.425572276115417480e-01
1.058097600936889648e+00
7.060273885726928711e-01
-1.049241781234741211e+00
3.410121798515319824e-01
6.988903880119323730e-01
-6.684603691101074219e-01
-7.652277946472167969e-01
-8.045330643653869629e-01
7.389253973960876465e-01
-3.738298267126083374e-02
6.882787942886352539e-01
5.418002009391784668e-01
-2.757895588874816895e-01
1.162393569946289062e+00
7.493432760238647461e-01
6.962346378713846207e-03
2.817958295345306396e-01
7.170714139938354492e-01
2.082350552082061768e-01
-9.784578680992126465e-01
-2.650083303451538086e-01
-1.390561163425445557e-01
3.694568872451782227e-01
-3.046728074550628662e-01
-7.047564387321472168e-01
-1.472371220588684082e-01
-3.092203736305236816e-01
-1.573556959629058838e-01
8.971239924430847168e-01
5.168474912643432617e-01
7.716746330261230469e-01
-1.288098335266113281e+00
1.087352037429809570e+00
-1.595786213874816895e+00
-5.765996575355529785e-01
-2.487400174140930176e-01
2.326967269182205200e-01
4.048469066619873047e-01
5.700253248214721680e-01
-5.125571489334106445e-01
-6.014317274093627930e-02
-5.645967721939086914e-01
5.166701078414916992e-01
-6.184540987014770508e-01
-3.912238031625747681e-02
-1.132827773690223694e-01
-1.767004877328872681e-01
6.882629990577697754e-01
1.578655987977981567e-01
1.930169016122817993e-01
3.598952293395996094e-01
-1.516368985176086426e+00
4.262675642967224121e-01
-4.608106017112731934e-01
-5.851061940193176270e-01
-1.202314615249633789e+00
1.077767014503479004e+00
5.881011486053466797e-01
1.192833781242370605e+00
2.280352711677551270e-01
-1.008981823921203613e+00
-1.102995872497558594e+00
7.853302359580993652e-01
-1.084655761718750000e+00
-9.443072676658630371e-01
1.289975404739379883e+00
7.011418938636779785e-01
7.548968791961669922e-01
-4.137583673000335693e-01
9.117550849914550781e-01
-3.512125015258789062e-01
-4.569921195507049561e-01
1.154834032058715820e+00
-1.237255096435546875e+00
-1.071678280830383301e+00
9.610297679901123047e-01
-6.701186895370483398e-01
-3.831028938293457031e-01
-4.261705577373504639e-01
-5.336856245994567871e-01
6.823820471763610840e-01
8.127104043960571289e-01
-1.001112937927246094e+00
5.694795250892639160e-01
7.845315933227539062e-01
-5.551770925521850586e-01
-4.469829797744750977e-01
-6.052159070968627930e-01
4.103828072547912598e-01
-4.072896838188171387e-01
3.300321102142333984e-01
-2.322407811880111694e-01
-7.120888233184814453e-01
8.922662734985351562e-01
9.753289818763732910e-01
-8.573266863822937012e-01
7.066367864608764648e-01
4.803593456745147705e-01
5.642084479331970215e-01
3.907132446765899658e-01
-1.001054883003234863e+00
-5.770190954208374023e-01
9.309220910072326660e-01
-5.738680362701416016e-01
-4.806083738803863525e-01
6.871449947357177734e-01
4.117675423622131348e-01
5.369036793708801270e-01
-4.751188158988952637e-01
1.605584174394607544e-01
-6.472591161727905273e-01
-6.929459571838378906e-01
6.587650775909423828e-01
-6.139180064201354980e-01
-5.189515948295593262e-01
-3.753357529640197754e-01
3.012938797473907471e-01
-5.888996124267578125e-01
1.963547766208648682e-01
-1.754661053419113159e-01
-4.437513053417205811e-01
-3.649321198463439941e-01
5.403342247009277344e-01
-1.430850028991699219e-01
-3.301164507865905762e-01
2.793944776058197021e-01
2.393860667943954468e-01
3.060803003609180450e-02
1.418388634920120239e-01
-2.422292530536651611e-01
-2.303007245063781738e-01
7.878856658935546875e-01
5.250540375709533691e-01
-5.398544073104858398e-01
-4.621599614620208740e-01
-6.095108985900878906e-01
3.683407604694366455e-01
-1.656488701701164246e-02
4.336628615856170654e-01
4.598566293716430664e-01
-3.220947384834289551e-01
-4.753326475620269775e-01
4.486722946166992188e-01
-2.090726345777511597e-01
-9.281214326620101929e-02
4.307655096054077148e-01
2.442080974578857422e-01
2.896594703197479248e-01
3.144894838333129883e-01
-8.874858915805816650e-02
-7.510658502578735352e-01
-1.485034376382827759e-01
-3.394338861107826233e-02
-5.844208002090454102e-01
-3.852308690547943115e-01
-4.140273928642272949e-01
5.563060566782951355e-02
1.005159020423889160e-01
9.455347061157226562e-01
-5.624344348907470703e-01
-2.235521003603935242e-02
-5.496246814727783203e-01
9.271696954965591431e-02
-5.590932369232177734e-01
-2.848390042781829834e-01
1.441043317317962646e-01
-1.645194925367832184e-02
1.730378717184066772e-01
4.350689053535461426e-01
1.898717731237411499e-01
2.314015924930572510e-01
-5.969040989875793457e-01
3.412981033325195312e-01
-6.693408489227294922e-01
-6.167955994606018066e-01
-7.071990370750427246e-01
2.540040910243988037e-01
2.568778693675994873e-01
2.491793781518936157e-01
1.042124554514884949e-01
-4.826358556747436523e-01
-2.347926199436187744e-01
3.341879546642303467e-01
2.580852806568145752e-01
-5.179609060287475586e-01
2.252507060766220093e-01
5.296441912651062012e-01
1.118095964193344116e-01
-2.327001243829727173e-01
3.538316860795021057e-02
-2.134438753128051758e-01
-1.041026353836059570e+00
8.636103868484497070e-01
-7.094210386276245117e-01
-5.074645876884460449e-01
-9.347239136695861816e-02
-4.916660115122795105e-02
-2.675872743129730225e-01
-3.147600591182708740e-01
2.479739189147949219e-01
-1.144475117325782776e-02
4.629400968551635742e-01
-3.597744107246398926e-01
6.025530099868774414e-01
5.881541594862937927e-02
9.771127253770828247e-02
1.090460047125816345e-01
-4.295447766780853271e-01
-1.542354747653007507e-02
-1.976992785930633545e-01
-2.116898745298385620e-01
1.577763855457305908e-01
-1.237538009881973267e-01
4.250256717205047607e-01
1.266638189554214478e-01
-3.675744831562042236e-01
6.698663830757141113e-01
-7.763682603836059570e-01
2.196340411901473999e-01
-5.060905218124389648e-01
-8.247497677803039551e-01
-1.824467629194259644e-01
7.869769334793090820e-01
-7.373661398887634277e-01
-1.260808229446411133e+00
3.854668438434600830e-01
1.068232178688049316e+00
5.646613240242004395e-01
-6.071417927742004395e-01
-4.245682060718536377e-01
-8.566345572471618652e-01
5.999614000320434570e-01
1.775390982627868652e+00
-9.596177339553833008e-01
-3.953209221363067627e-01
-6.198571920394897461e-01
5.601922869682312012e-01
2.265862673521041870e-01
5.891192555427551270e-01
-3.737903833389282227e-01
-9.745647199451923370e-03
-1.230315044522285461e-01
7.152824848890304565e-02
2.382636070251464844e-01
-3.891737163066864014e-01
6.539441645145416260e-02
-7.213900238275527954e-02
-1.288938894867897034e-02
3.770259320735931396e-01
-5.260871350765228271e-02
-3.683122247457504272e-02
-2.466605603694915771e-01
4.455825090408325195e-01
-7.835274934768676758e-01
-4.182883203029632568e-01
-8.507376313209533691e-01
8.561560511589050293e-01
1.390229821205139160e+00
7.414010167121887207e-01
1.069433808326721191e+00
-4.187853932380676270e-01
-3.931560218334197998e-01
4.274439215660095215e-01
-4.764502942562103271e-01
-6.406509280204772949e-01
6.811652779579162598e-01
3.017690479755401611e-01
3.524763286113739014e-01
-4.918683171272277832e-01
8.878719210624694824e-01
1.176661178469657898e-01
-2.302500009536743164e+00
5.791698694229125977e-01
-5.820814967155456543e-01
-7.748748660087585449e-01
-4.359782040119171143e-01
-2.628834545612335205e-01
6.030790507793426514e-02
-4.919730126857757568e-01
-1.339769363403320312e-01
-1.163940653204917908e-01
6.641262173652648926e-01
-1.222656592726707458e-01
2.041307538747787476e-01
-6.003382802009582520e-01
5.805742740631103516e-01
-7.668635249137878418e-01
1.192513182759284973e-01
-2.179366797208786011e-01
2.279323041439056396e-01
-2.625342905521392822e-01
-4.083950817584991455e-01
1.732798069715499878e-01
7.133648544549942017e-02
-9.002344608306884766e-01
-8.403620682656764984e-03
2.599425241351127625e-02
-3.653090596199035645e-01
-2.262120991945266724e-01
2.631281316280364990e-01
-3.609110116958618164e-01
4.831732511520385742e-01
-3.628053069114685059e-01
-1.993887424468994141e-01
-3.789297938346862793e-01
3.806001543998718262e-01
-3.705643415451049805e-01
-1.965615749359130859e-01
-6.469221711158752441e-01
-3.871386349201202393e-01
-2.935217618942260742e-01
-5.801599845290184021e-02
-1.507802605628967285e-01
-5.739303827285766602e-01
-3.052093386650085449e-01
-6.290971301496028900e-03
-6.889756321907043457e-01
1.720072031021118164e-01
1.126582920551300049e-02
-1.249272003769874573e-01
5.578804016113281250e-01
-2.763614058494567871e-01
1.360921263694763184e-01
7.892670035362243652e-01
3.679915070533752441e-01
-3.805747330188751221e-01
2.475068122148513794e-01
1.688328832387924194e-01
3.620996773242950439e-01
7.834085822105407715e-01
9.913361817598342896e-02
-1.419999480247497559e+00
-3.858618065714836121e-02
2.836648523807525635e-01
-4.110729321837425232e-03
-4.946542680263519287e-01
-4.063017070293426514e-01
2.507003843784332275e-01
-3.070508539676666260e-01
-6.059778332710266113e-01
-5.617147311568260193e-02
1.431978940963745117e-01
3.082601428031921387e-01
8.063625693321228027e-01
1.092493608593940735e-01
-2.960877865552902222e-02
-5.784616246819496155e-02
1.144545152783393860e-01
1.081476658582687378e-01
2.667199075222015381e-01
-1.235852390527725220e-01
-8.160492777824401855e-01
-1.472003459930419922e-01
8.130822330713272095e-02
1.032362058758735657e-01
-5.950248986482620239e-02
2.115437835454940796e-01
-7.221026420593261719e-01
-2.623575031757354736e-01
-9.632643461227416992e-01
-3.523350358009338379e-01
-1.222619935870170593e-01
-6.274995207786560059e-02
-1.049815773963928223e+00
1.419074982404708862e-01
8.935841172933578491e-02
-2.301040887832641602e-01
-1.134301796555519104e-01
-1.560533493757247925e-01
-5.885857343673706055e-01
-5.924360156059265137e-01
1.329216241836547852e+00
-3.290349543094635010e-01
-4.485913515090942383e-01
-7.740591168403625488e-01
-7.646275311708450317e-02
1.493078917264938354e-01
7.327914936468005180e-04
3.717764914035797119e-01
-2.777360677719116211e+00
-1.681176573038101196e-01
-3.941016495227813721e-01
6.864466667175292969e-01
1.028986833989620209e-02
1.476433575153350830e-01
-7.244152426719665527e-01
-3.451285883784294128e-02
1.521240919828414917e-02
-1.394587755203247070e-02
-1.569596827030181885e-01
-4.675604775547981262e-02
-1.828742861747741699e+00
-2.242055982351303101e-01
3.355364203453063965e-01
-3.085888326168060303e-01
1.670197001658380032e-03
8.772531747817993164e-01
-4.646105468273162842e-01
-2.462207339704036713e-02
3.044617772102355957e-01
-1.001582860946655273e+00
4.130695462226867676e-01
-4.068561494350433350e-01
-4.333439841866493225e-02
-1.737265139818191528e-01
4.691239893436431885e-01
-4.914562404155731201e-02
-2.139809280633926392e-01
-3.251953423023223877e-01
-1.056803226470947266e+00
-2.263635396957397461e-01
-3.147118911147117615e-02
-1.976441144943237305e-01
-5.445384383201599121e-01
1.936872601509094238e-01
4.220283925533294678e-01
1.323317587375640869e-01
2.295113205909729004e-01
2.824410200119018555e-01
9.199870228767395020e-01
-2.588643729686737061e-01
3.122503682971000671e-02
4.662353172898292542e-02
-4.323841929435729980e-01
-9.598475694656372070e-02
-1.708755968138575554e-03
6.808873265981674194e-02
-3.220180571079254150e-01
2.029956504702568054e-02
-7.247017323970794678e-02
1.645311117172241211e-01
1.421706438064575195e+00
2.083966135978698730e-01
-1.641177758574485779e-02
5.852888524532318115e-02
2.858851253986358643e-01
7.166098803281784058e-02
-2.139759063720703125e-01
2.501548230648040771e-01
2.814204990863800049e-01
4.222613200545310974e-02
-3.084346055984497070e-01
-6.370291113853454590e-02
-6.439417600631713867e-01
4.030933678150177002e-01
-1.426612436771392822e-01
8.105280250310897827e-02
2.460501194000244141e-01
7.665564119815826416e-02
-4.340311586856842041e-01
-2.351035773754119873e-01
1.808102726936340332e+00
-3.498908504843711853e-02
-2.770444750785827637e-01
-4.955024644732475281e-02
-2.586401700973510742e-01
-1.510141417384147644e-02
-2.715592086315155029e-01
-1.437915116548538208e-01
4.721764028072357178e-01
-5.978011339902877808e-02
4.317996501922607422e-01
-5.580784082412719727e-01
-1.916768550872802734e-01
-5.761225223541259766e-01
4.443603754043579102e-01
-1.826250702142715454e-01
-6.963732838630676270e-01
-6.234926581382751465e-01
-1.030936092138290405e-01
-6.828394532203674316e-01
-1.846895962953567505e-01
2.783047594130039215e-02
-7.716528773307800293e-01
7.403571624308824539e-03
-1.927830427885055542e-01
-3.737523853778839111e-01
3.218970000743865967e-01
-8.211414515972137451e-02
-1.065154746174812317e-01
6.779743432998657227e-01
-2.538939416408538818e-01
4.056925475597381592e-01
3.298865854740142822e-01
3.821731805801391602e-01
-2.933292388916015625e-01
-1.970149576663970947e-02
1.299642622470855713e-01
4.729236960411071777e-01
7.395676970481872559e-01
5.077545046806335449e-01
-3.975964784622192383e-01
-1.732878983020782471e-01
6.903232932090759277e-01
-2.765694260597229004e-01
1.897622793912887573e-01
7.346003055572509766e-01
-8.367100954055786133e-01
-2.412720322608947754e-01
1.758463978767395020e-01
-1.387400746345520020e+00
3.580626845359802246e-01
-5.246934890747070312e-01
-1.058636158704757690e-01
-4.390485882759094238e-01
4.723438918590545654e-01
-7.934254407882690430e-02
-4.888939559459686279e-01
-3.629703819751739502e-01
-7.193053364753723145e-01
-6.913604140281677246e-01
2.258479893207550049e-01
-7.586389780044555664e-02
-5.825476646423339844e-01
2.792797088623046875e-01
-1.152010932564735413e-01
1.492065191268920898e-01
-3.569592833518981934e-01
2.115314155817031860e-01
1.782006472349166870e-01
-4.853400886058807373e-01
1.383383423089981079e-01
-5.449146032333374023e-02
-4.486307501792907715e-01
-3.525439202785491943e-01
6.808613985776901245e-02
-1.371920853853225708e-01
4.868300259113311768e-02
-2.142469733953475952e-01
-4.959391653537750244e-01
-2.969194948673248291e-01
1.129833698272705078e+00
-3.192121163010597229e-02
-2.603024542331695557e-01
-3.540850579738616943e-01
3.865365087985992432e-01
1.899814307689666748e-01
1.070003360509872437e-01
-2.134363725781440735e-02
-1.108059585094451904e-01
1.762671172618865967e-01
-1.870531886816024780e-01
2.740957438945770264e-01
-4.956558644771575928e-01
-8.482932299375534058e-02
-1.452279388904571533e-01
3.182134032249450684e-01
5.224282667040824890e-02
-1.265311613678932190e-02
-7.029924541711807251e-02
2.935133576393127441e-01
1.071005821228027344e+00
-1.739504337310791016e-01
3.245162218809127808e-02
-7.212698459625244141e-02
-5.814921855926513672e-01
-1.580552905797958374e-01
7.328335661441087723e-03
-2.606500387191772461e-01
1.510497182607650757e-01
1.472650766372680664e-01
7.139577865600585938e-01
-6.341557949781417847e-02
5.105097293853759766e-01
1.110497564077377319e-01
2.055950015783309937e-01
-5.804927274584770203e-02
-8.704711198806762695e-01
-2.311963587999343872e-01
9.473513811826705933e-02
1.515266448259353638e-01
2.980903685092926025e-01
-1.378279924392700195e-01
-2.661613933742046356e-02
-8.753179013729095459e-02
-3.093163371086120605e-01
4.800869822502136230e-01
-4.207972884178161621e-01
-1.334783732891082764e-01
-1.001990139484405518e-01
-5.252167582511901855e-01
1.021331846714019775e-01
-1.453766822814941406e-01
-7.584758400917053223e-01
-1.222072765231132507e-01
-1.264869421720504761e-01
-2.291606739163398743e-03
-3.116611242294311523e-01
-2.289979904890060425e-02
-5.028631091117858887e-01
-4.721677005290985107e-01
1.512363195419311523e+00
-4.177919924259185791e-01
-5.628067851066589355e-01
-4.673455357551574707e-01
-7.957506924867630005e-02
3.397512435913085938e-01
-2.899142503738403320e-01
2.385967075824737549e-01
-2.046144306659698486e-01
-3.941112756729125977e-01
-2.258915156126022339e-01
-3.389897644519805908e-01
-3.438048958778381348e-01
-3.133392930030822754e-01
-1.520065665245056152e-01
-6.055316701531410217e-02
2.505380660295486450e-02
1.612604707479476929e-01
-1.616283804178237915e-01
-1.081096976995468140e-01
1.988505005836486816e+00
-1.153213456273078918e-01
-1.121448799967765808e-01
-7.361752390861511230e-01
-1.470387727022171021e-01
2.252021133899688721e-01
-2.703378796577453613e-01
-1.163151487708091736e-01
1.742405444383621216e-01
-1.640813499689102173e-01
5.815246701240539551e-01
-3.185960948467254639e-01
-1.348733454942703247e-01
-3.294630348682403564e-01
5.337768793106079102e-01
-3.628908395767211914e-01
-3.053651750087738037e-01
-5.265756249427795410e-01
-1.770523935556411743e-01
-3.326168358325958252e-01
2.474136650562286377e-02
2.503152191638946533e-01
-3.537386059761047363e-01
-1.391797065734863281e-01
-2.790352404117584229e-01
6.683711707592010498e-02
1.365906596183776855e-01
-3.539386689662933350e-01
5.383781790733337402e-01
2.969116531312465668e-02
4.440948963165283203e-01
-4.569325745105743408e-01
1.248102039098739624e-01
-6.030957698822021484e-01
6.857519149780273438e-01
-1.978990584611892700e-01
-3.463921248912811279e-01
-7.602182626724243164e-01
2.059181183576583862e-01
-1.677504628896713257e-01
-2.555187232792377472e-02
-4.774622023105621338e-01
-4.735295176506042480e-01
-1.021803170442581177e-01
-7.636351138353347778e-02
1.890163752250373363e-03
-5.981297492980957031e-01
-2.865456342697143555e-01
1.941779255867004395e-01
-1.898799538612365723e-01
3.537373244762420654e-01
-6.201803684234619141e-01
-6.171601265668869019e-02
-3.546900153160095215e-01
3.432079851627349854e-01
-2.222877442836761475e-01
-5.936524868011474609e-01
-5.090925693511962891e-01
-9.854621440172195435e-02
-3.446916639804840088e-01
-2.217516452074050903e-01
-2.736041247844696045e-01
-7.066317796707153320e-01
-2.360686212778091431e-01
4.360684156417846680e-01
6.769194453954696655e-02
-2.820228040218353271e-01
4.002768695354461670e-01
3.113757967948913574e-01
-7.401262968778610229e-02
-4.058762192726135254e-01
-3.769296705722808838e-01
-4.965746700763702393e-01
1.337372511625289917e-01
-2.434088438749313354e-01
7.320771366357803345e-02
8.645070344209671021e-02
1.890939660370349884e-02
-2.630847096443176270e-01
-7.853991538286209106e-02
2.109374523162841797e+00
1.929419636726379395e-01
-2.554518282413482666e-01
-1.649382561445236206e-01
3.801885843276977539e-01
-2.438357472419738770e-01
5.679017305374145508e-02
3.794948756694793701e-01
2.604941725730895996e-01
-9.169649332761764526e-02
2.105411738157272339e-01
1.574912518262863159e-01
1.339480429887771606e-01
9.338415414094924927e-02
9.891586005687713623e-02
3.143887221813201904e-01
2.151719480752944946e-01
-8.758616447448730469e-02
2.691805958747863770e-01
7.845635712146759033e-02
-6.814102828502655029e-02
4.032181203365325928e-01
3.940056264400482178e-02
2.204818464815616608e-02
-4.278554022312164307e-02
-7.164318114519119263e-02
-2.737446725368499756e-01
2.363568395376205444e-01
4.388277828693389893e-01
-4.949528872966766357e-01
9.861946851015090942e-02
1.354458332061767578e+00
-3.981266021728515625e-01
3.674461841583251953e-01
-2.732066214084625244e-01
4.236698746681213379e-01
1.226410456001758575e-02
2.534878551959991455e-01
4.182139039039611816e-01
5.122331380844116211e-01
2.574923448264598846e-02
-1.184012740850448608e-01
-1.571300067007541656e-02
8.307928442955017090e-01
-2.752418816089630127e-01
5.337784886360168457e-01
3.797096014022827148e-01
-4.545797705650329590e-01
3.495189845561981201e-01
-4.890684485435485840e-01
-5.947113037109375000e-01
-9.092899970710277557e-03
-1.239288970828056335e-01
9.930103421211242676e-01
-1.685424298048019409e-01
-3.735181987285614014e-01
-4.081183969974517822e-01
2.643691003322601318e-01
-1.465116441249847412e-01
8.244231343269348145e-02
-1.647027879953384399e-01
2.062243409454822540e-02
-6.842810660600662231e-02
-3.300684317946434021e-02
-5.239942669868469238e-01
5.333714485168457031e-01
-5.384910479187965393e-02
4.605944752693176270e-01
4.157972335815429688e-01
-2.244952768087387085e-01
-3.820467293262481689e-01
5.638426542282104492e-01
-3.965459167957305908e-01
5.702819228172302246e-01
1.274724900722503662e-01
2.958087623119354248e-01
1.906957507133483887e+00
7.467527389526367188e-01
1.828695982694625854e-01
3.646863400936126709e-01
7.908769696950912476e-02
4.866138100624084473e-03
-6.819275766611099243e-02
-8.634056895971298218e-02
-1.931982934474945068e-01
-2.696717679500579834e-01
-1.408986151218414307e-01
-1.694777607917785645e-01
3.745895922183990479e-01
4.315333068370819092e-01
-9.932342171669006348e-02
-1.635250210762023926e+00
1.609566956758499146e-01
-2.972256839275360107e-01
3.495446443557739258e-01
-1.527215838432312012e-01
-3.726104646921157837e-02
-2.619709074497222900e-01
-2.676933407783508301e-01
-4.217954874038696289e-01
1.215852051973342896e-01
-1.213095486164093018e-01
7.226838171482086182e-02
-6.744948029518127441e-01
3.298123776912689209e-01
-3.208363652229309082e-01
-3.334068953990936279e-01
8.198809027671813965e-01
-6.073043122887611389e-02
1.643854677677154541e-01
4.341896772384643555e-01
4.456074535846710205e-01
-7.586724162101745605e-01
-3.993822634220123291e-01
2.125311493873596191e-01
1.188049197196960449e+00
5.762034654617309570e-01
4.522104933857917786e-02
8.448582887649536133e-01
7.579092979431152344e-01
-2.175191044807434082e-01
-4.104832708835601807e-01
-5.260059237480163574e-01
1.264611840248107910e+00
-2.693525850772857666e-01
-7.090637460350990295e-03
2.082222253084182739e-01
-4.144198000431060791e-01
3.686202690005302429e-02
1.876851767301559448e-01
-2.283929437398910522e-01
-4.475977718830108643e-01
2.660598158836364746e-01
-1.894924044609069824e-01
1.810613125562667847e-01
-6.400330066680908203e-01
1.185836084187030792e-02
3.461597561836242676e-01
-6.849924568086862564e-03
-4.246551096439361572e-01
2.524350285530090332e-01
1.509677618741989136e-01
7.690393179655075073e-02
-1.575123548507690430e+00
1.458865869790315628e-02
-3.132848441600799561e-01
-4.339963197708129883e-01
2.448509633541107178e-01
-7.415963709354400635e-02
7.192097604274749756e-02
5.346919298171997070e-01
7.584132719784975052e-03
-4.232309162616729736e-01
-2.448392808437347412e-01
-1.265399716794490814e-02
1.176577329635620117e+00
3.242002725601196289e-01
1.027398183941841125e-01
2.325429618358612061e-01
4.745977520942687988e-01
-1.874604374170303345e-01
-9.950695186853408813e-02
3.022816032171249390e-02
3.912555873394012451e-01
-6.049902439117431641e-01
1.394536852836608887e+00
1.082367524504661560e-01
3.609315454959869385e-01
3.528311550617218018e-01
-3.612037003040313721e-01
7.831725291907787323e-03
7.528335601091384888e-02
-5.082746222615242004e-02
1.515232324600219727e+00
-7.733209729194641113e-01
-2.816006243228912354e-01
-1.328298449516296387e-01
5.646849870681762695e-01
2.743055522441864014e-01
5.701174587011337280e-02
-3.378227353096008301e-01
-1.761516779661178589e-01
-6.422263979911804199e-01
-1.403858959674835205e-01
-5.392878651618957520e-01
8.296150565147399902e-01
4.904659986495971680e-01
-1.553337574005126953e+00
4.656085968017578125e-01
-7.529276609420776367e-01
-8.466738462448120117e-02
-2.764972150325775146e-01
-6.109798550605773926e-01
5.772529244422912598e-01
-3.056042194366455078e-01
-5.941196084022521973e-01
-6.144018843770027161e-02
-1.923533827066421509e-01
-3.286768198013305664e-01
-2.295813858509063721e-01
-5.625706911087036133e-01
3.164322078227996826e-01
-6.274843215942382812e-01
-8.051215857267379761e-02
1.168376952409744263e-01
4.821299016475677490e-01
5.104233622550964355e-01
-2.879174947738647461e-01
3.307103216648101807e-01
-5.728424191474914551e-01
-2.149658799171447754e-01
-7.906334102153778076e-02
-2.691669762134552002e-01
9.928058385848999023e-01
-5.063472390174865723e-01
-6.504859775304794312e-02
-5.930642783641815186e-02
2.112338086590170860e-03
2.348316758871078491e-01
-1.288930047303438187e-02
-4.670476615428924561e-01
-7.246079295873641968e-02
-1.727548241615295410e-01
-1.266786735504865646e-02
-2.416367977857589722e-01
-1.656328514218330383e-02
-1.756291091442108154e-01
3.141320049762725830e-01
2.929542660713195801e-01
-3.571016192436218262e-01
3.362051844596862793e-01
5.658599138259887695e-01
-6.746402382850646973e-02
3.642510473728179932e-01
-1.173348188400268555e+00
2.596383988857269287e-01
9.891691803932189941e-01
2.455426305532455444e-01
3.380715250968933105e-01
4.208852052688598633e-01
-6.627904772758483887e-01
-3.138108253479003906e-01
-5.917774438858032227e-01
1.985231041908264160e-01
2.320865243673324585e-01
2.259558290243148804e-01
2.080566436052322388e-01
-2.865887582302093506e-01
-2.804877460002899170e-01
4.528029859066009521e-01
-1.978639811277389526e-01
-1.288969755172729492e+00
-4.503924865275621414e-03
-8.051019906997680664e-02
6.902751326560974121e-01
-7.535663992166519165e-02
-3.813718259334564209e-01
-2.385974973440170288e-01
-4.875352978706359863e-01
-2.653943896293640137e-01
4.625645875930786133e-01
1.452524662017822266e-01
9.190281480550765991e-02
-2.357021272182464600e-01
-2.733557224273681641e-01
3.485507071018218994e-01
5.947920083999633789e-01
-4.020155668258666992e-01
2.539778053760528564e-01
-2.699013352394104004e-01
-9.524717330932617188e-01
-2.993380129337310791e-01
-1.540366709232330322e-01
3.158877789974212646e-01
-1.267903596162796021e-01
4.240803793072700500e-02
-5.125309824943542480e-01
1.006826832890510559e-01
-1.418198365718126297e-02
2.718830108642578125e-02
1.736756861209869385e-01
-6.568913161754608154e-02
-1.120162382721900940e-01
-1.179726794362068176e-01
-4.042417109012603760e-01
5.373770594596862793e-01
8.662845492362976074e-01
-2.001596242189407349e-01
1.433575004339218140e-01
-9.321866929531097412e-02
-4.233411550521850586e-01
6.776841729879379272e-02
-4.772013723850250244e-01
2.421801686286926270e-01
-3.359746560454368591e-02
-3.679365813732147217e-01
8.945047855377197266e-02
-1.841380842961370945e-03
5.161779932677745819e-03
-7.515785843133926392e-02
-7.422404363751411438e-03
1.023757234215736389e-01
-1.031341701745986938e-01
-2.272489368915557861e-01
-2.865967452526092529e-01
5.851657390594482422e-01
2.139100879430770874e-01
1.164315268397331238e-01
-5.708745867013931274e-02
1.880727410316467285e-01
1.544414609670639038e-01
-1.951481699943542480e-01
1.411924064159393311e-01
-1.830681040883064270e-02
3.703353703022003174e-01
-1.097270846366882324e-01
-3.704083263874053955e-01
-2.880065739154815674e-01
4.137922823429107666e-01
2.476539313793182373e-01
2.254268229007720947e-01
-2.105427235364913940e-01
5.967270955443382263e-02
2.297065258026123047e+00
-1.115505024790763855e-01
4.142684340476989746e-01
5.889320373535156250e-01
-3.511088788509368896e-01
9.587302207946777344e-01
-3.603649139404296875e-01
-6.965997219085693359e-01
-7.452182471752166748e-02
-2.541912496089935303e-01
4.086205959320068359e-01
6.825911253690719604e-02
1.833841577172279358e-02
-2.494990080595016479e-01
5.042479038238525391e-01
2.942157983779907227e-01
3.255944252014160156e-01
1.107581481337547302e-01
-8.597178757190704346e-02
1.131592318415641785e-01
-1.592864155769348145e+00
-2.737877964973449707e-01
8.600852638483047485e-02
4.739186763763427734e-01
1.770275831222534180e-02
4.386796057224273682e-01
-1.384401321411132812e-01
-4.399996697902679443e-01
-2.443494349718093872e-01
8.909533917903900146e-02
7.313629239797592163e-02
6.073383241891860962e-02
2.705836296081542969e-01
1.104171648621559143e-01
3.756099343299865723e-01
3.267620205879211426e-01
-1.280159801244735718e-01
-2.486100234091281891e-02
8.312948048114776611e-02
2.210150472819805145e-02
-9.695014357566833496e-01
3.954071104526519775e-01
-9.879152774810791016e-01
-5.233149975538253784e-02
-3.250800967216491699e-01
-4.416376352310180664e-01
3.801324963569641113e-01
3.928719162940979004e-01
1.441349238157272339e-01
1.713649779558181763e-01
-8.483685255050659180e-01
3.120975792407989502e-01
7.888587564229965210e-02
1.706633567810058594e-01
-4.122516810894012451e-01
2.284893579781055450e-02
1.963567547500133514e-02
1.433360427618026733e-01
1.842785626649856567e-01
3.223082721233367920e-01
2.331231236457824707e-01
2.959096431732177734e-01
-2.897569239139556885e-01
-4.291334748268127441e-01
1.378209441900253296e-01
1.864105276763439178e-02
1.113091409206390381e-01
9.706817269325256348e-01
4.697360694408416748e-01
-2.852185368537902832e-01
-4.749385714530944824e-01
-3.240255638957023621e-02
1.198349952697753906e+00
5.973254442214965820e-01
-9.145765006542205811e-02
4.063111171126365662e-02
4.210435748100280762e-01
-1.407993733882904053e-01
-4.824989140033721924e-01
2.227958589792251587e-01
4.220321774482727051e-01
9.056264162063598633e-02
-1.044737473130226135e-01
-3.007164299488067627e-01
1.841178983449935913e-01
8.068452775478363037e-02
8.611062169075012207e-02
6.718228459358215332e-01
-2.074187546968460083e-01
-2.189731597900390625e-01
-9.108167141675949097e-02
2.593042552471160889e-01
1.052318334579467773e+00
4.537785798311233521e-02
-3.266702890396118164e-01
2.337978780269622803e-02
1.252104640007019043e+00
-2.464307993650436401e-01
-1.909990459680557251e-01
6.076030060648918152e-02
8.346550166606903076e-02
2.751992046833038330e-01
-1.948003172874450684e-01
6.023755297064781189e-02
-3.183524906635284424e-01
2.458202093839645386e-01
5.659875273704528809e-02
9.078004956245422363e-02
4.266810715198516846e-01
-3.111782670021057129e-01
4.869498610496520996e-01
2.614885196089744568e-02
-5.517185330390930176e-01
-2.278968691825866699e-01
-1.389314681291580200e-01
6.792865693569183350e-02
-1.492787338793277740e-02
1.141502112150192261e-01
2.942450940608978271e-01
5.838506389409303665e-03
-2.858124673366546631e-01
-1.840214729309082031e-01
-2.986545562744140625e-01
4.462062567472457886e-02
2.579441070556640625e-01
-4.436680115759372711e-03
9.910042583942413330e-02
-6.544061750173568726e-02
-5.486437678337097168e-01
-2.627467513084411621e-01
-8.771147727966308594e-01
-4.081169664859771729e-01
3.577406406402587891e-01
-2.772379815578460693e-01
7.296925038099288940e-02
1.664537340402603149e-01
-1.334625482559204102e-01
-2.397371083498001099e-01
2.053212821483612061e-01
-3.749478980898857117e-02
3.273582458496093750e-01
4.722991883754730225e-01
7.470230460166931152e-01
1.178868293762207031e+00
-9.489169716835021973e-01
2.658400237560272217e-01
-6.576718091964721680e-01
1.435254514217376709e-01
1.131697818636894226e-01
-1.379151046276092529e-01
5.840315222740173340e-01
4.176358878612518311e-02
-2.229501247406005859e+00
1.002573817968368530e-01
5.268611013889312744e-02
6.301834583282470703e-01
-7.957454770803451538e-02
-6.097279787063598633e-01
8.530683070421218872e-02
2.857073843479156494e-01
6.180545687675476074e-02
-3.117535412311553955e-01
1.640089601278305054e-01
-2.517007887363433838e-01
3.748987317085266113e-01
-1.084131121635437012e+00
1.769360184669494629e+00
-2.814750969409942627e-01
2.285513468086719513e-02
6.614289712160825729e-03
-9.504787623882293701e-02
-3.158260583877563477e-01
1.633129119873046875e-01
-1.605298966169357300e-01
-2.381932288408279419e-01
-5.390589833259582520e-01
4.902580678462982178e-01
5.305952429771423340e-01
2.689956128597259521e-01
-3.761942386627197266e-01
-3.205951452255249023e-01
1.200315117835998535e+00
1.152867823839187622e-01
3.299070894718170166e-01
-2.827306032180786133e+00
1.717520803213119507e-01
-5.708220005035400391e-01
2.435308843851089478e-01
2.881122231483459473e-01
-2.467414364218711853e-02
7.759411931037902832e-01
-9.828230738639831543e-02
-1.639298498630523682e-01
-1.606587767601013184e-01
5.730877071619033813e-02
-1.497858297079801559e-02
2.004432380199432373e-01
-4.302998483180999756e-01
-5.561015605926513672e-01
1.888020336627960205e-01
1.625105887651443481e-01
1.256560087203979492e-01
-5.837324261665344238e-01
-1.007666885852813721e-01
-4.406421780586242676e-01
2.057802677154541016e-01
-2.603783309459686279e-01
4.110347628593444824e-01
1.621455103158950806e-01
-5.053784847259521484e-01
3.272695243358612061e-01
3.001815080642700195e-01
-1.129537448287010193e-01
-4.041973352432250977e-01
-2.336048185825347900e-01
-1.204805076122283936e-01
-5.239302515983581543e-01
-2.108926326036453247e-01
1.074279248714447021e-01
1.400779128074645996e+00
3.791941106319427490e-01
4.553166925907135010e-01
-1.863780766725540161e-01
1.747727990150451660e-01
-1.866562843322753906e+00
3.867949843406677246e-01
-1.469133496284484863e-01
1.579835563898086548e-01
1.053413987159729004e+00
-2.879519164562225342e-01
8.402085304260253906e-01
1.892270892858505249e-01
-6.550188064575195312e-01
3.299640864133834839e-02
-2.040042877197265625e-01
2.720341086387634277e-01
-2.193662524223327637e-01
1.050673127174377441e-01
-4.071881473064422607e-01
4.027486443519592285e-01
-6.412578374147415161e-02
9.941406548023223877e-03
-1.131018847227096558e-01
1.579601168632507324e-01
1.355417817831039429e-01
-9.365828633308410645e-01
4.339274466037750244e-01
-5.856016278266906738e-01
-1.176788192242383957e-02
-5.398901104927062988e-01
-6.012650132179260254e-01
-1.001928001642227173e-01
1.511705964803695679e-01
1.603136956691741943e-01
-2.147090137004852295e-01
-2.327163219451904297e+00
5.987278744578361511e-02
2.728746831417083740e-01
-1.046549454331398010e-01
-8.817661553621292114e-02
-3.833587765693664551e-01
-4.018735587596893311e-01
-2.740197181701660156e-01
-5.793197751045227051e-01
7.836344838142395020e-01
-1.213232278823852539e+00
6.308103799819946289e-01
-2.070592194795608521e-01
-6.638683676719665527e-01
-3.449670672416687012e-01
-8.274762630462646484e-01
-7.108710408210754395e-01
6.191248297691345215e-01
-1.481114476919174194e-01
-3.061797618865966797e-01
2.170379161834716797e-01
-2.656897902488708496e-01
-2.750507593154907227e-01
2.095649987459182739e-01
-5.862348079681396484e-01
-5.065900832414627075e-02
-6.630700230598449707e-01
5.558999776840209961e-01
3.310671448707580566e-01
9.731336236000061035e-01
-7.374176755547523499e-03
-5.260375142097473145e-02
8.048575371503829956e-02
-1.154213547706604004e-01
-8.550442755222320557e-03
-9.140097349882125854e-02
-2.329406589269638062e-01
6.961737871170043945e-01
2.921947538852691650e-01
1.090717539191246033e-01
5.528435111045837402e-01
2.820289507508277893e-02
-2.523706853389739990e-01
-5.110671520233154297e-01
5.133937001228332520e-01
1.204849556088447571e-01
-1.408622860908508301e-01
-6.947845816612243652e-01
-2.999953031539916992e-01
3.927917778491973877e-02
-2.621097303926944733e-02
-1.625151187181472778e-01
1.598032712936401367e-01
-1.987392902374267578e-01
1.656816899776458740e-02
-6.943267583847045898e-01
-2.529034018516540527e-01
2.544251978397369385e-01
-6.894640326499938965e-01
-7.165316957980394363e-03
1.093430146574974060e-01
-4.083008170127868652e-01
-2.992036342620849609e-01
3.352346122264862061e-01
1.109722480177879333e-01
2.019381225109100342e-01
1.480503380298614502e-01
-4.090772867202758789e-01
-4.501156806945800781e-01
-1.607295274734497070e-01
2.081915140151977539e-01
-3.952606767416000366e-02
1.609904319047927856e-01
4.614533782005310059e-01
7.965791970491409302e-03
-2.966643869876861572e-02
2.821142077445983887e-01
-3.589149713516235352e-01
-8.031347393989562988e-01
-1.075753383338451385e-02
-8.410649001598358154e-02
-2.051511406898498535e-01
-1.872493773698806763e-01
3.797700405120849609e-01
1.185233831405639648e+00
1.442675113677978516e+00
5.371490716934204102e-01
1.514537483453750610e-01
-5.535408258438110352e-01
-6.389762163162231445e-01
4.358723014593124390e-02
-1.686936914920806885e-01
2.162644863128662109e-01
9.901911020278930664e-02
5.304689407348632812e-01
1.227900147438049316e+00
1.029597669839859009e-01
1.440446078777313232e-01
-1.671796105802059174e-02
1.900561600923538208e-01
-8.425103127956390381e-02
6.408821046352386475e-02
6.105387583374977112e-02
-6.365982443094253540e-02
1.893658041954040527e-01
-1.392692886292934418e-02
-3.536621928215026855e-01
-4.543781280517578125e-02
-1.372783035039901733e-01
6.406628489494323730e-01
-4.507905840873718262e-01
1.310191769152879715e-02
-4.319330677390098572e-02
-3.852291405200958252e-01
4.106385409832000732e-01
-1.111393094062805176e+00
-4.154610633850097656e-01
1.967603266239166260e-01
-2.813729941844940186e-01
-3.019199967384338379e-01
2.728624343872070312e-01
3.563313484191894531e-01
-1.675201803445816040e-01
1.647803336381912231e-01
5.579498410224914551e-02
2.940447926521301270e-01
-1.373376101255416870e-01
4.151856303215026855e-01
-1.751158200204372406e-02
1.344446986913681030e-01
-2.869240641593933105e-01
5.068467855453491211e-01
-3.044986426830291748e-01
-8.746494054794311523e-01
2.204199135303497314e-02
-7.842648774385452271e-02
-4.870263040065765381e-01
6.435792446136474609e-01
3.510278165340423584e-01
-2.907462716102600098e-01
1.414258778095245361e-01
3.232789933681488037e-01
-3.901102114468812943e-03
1.227573901414871216e-01
-6.744076609611511230e-01
-4.920537471771240234e-01
-7.611098699271678925e-04
-6.667786836624145508e-01
-2.953171432018280029e-01
1.391952037811279297e-01
4.558349847793579102e-01
-2.484084069728851318e-01
5.799508094787597656e-01
3.999118208885192871e-01
-1.042569875717163086e-01
-8.816651254892349243e-02
3.532955646514892578e-01
-3.384407758712768555e-01
-5.836339592933654785e-01
-1.601124405860900879e-01
-4.191030561923980713e-02
-4.773382246494293213e-01
-1.159189119935035706e-01
3.105653822422027588e-01
1.198632001876831055e+00
5.858642458915710449e-01
4.341168329119682312e-02
9.962180256843566895e-01
2.469964027404785156e-01
5.858097970485687256e-02
-1.678536981344223022e-01
1.063466370105743408e-01
8.818238973617553711e-02
-1.182390004396438599e-02
3.478433489799499512e-01
5.430850386619567871e-01
1.243577077984809875e-01
2.691659703850746155e-02
6.005786657333374023e-01
2.620630562305450439e-01
1.313429921865463257e-01
4.517538249492645264e-01
2.468070089817047119e-01
-2.499726265668869019e-01
-2.345644831657409668e-01
-1.104767341166734695e-02
-6.345174312591552734e-01
-8.958323299884796143e-02
8.672807365655899048e-02
4.022221863269805908e-01
-4.168183505535125732e-01
1.403728485107421875e+00
7.957785390317440033e-03
1.486819516867399216e-02
-9.037591516971588135e-02
-7.308043837547302246e-01
-1.380355805158615112e-01
8.692912757396697998e-02
8.738875389099121094e-02
-3.223207592964172363e-01
-1.322189092636108398e+00
-2.376315444707870483e-01
1.295989900827407837e-01
1.248279213905334473e-01
-1.511279940605163574e-01
-1.175438240170478821e-01
-1.726774722337722778e-01
-4.490508139133453369e-01
-9.851834923028945923e-02
1.545363962650299072e-01
-2.338211797177791595e-02
-1.482957452535629272e-01
6.810975074768066406e-02
-4.368095993995666504e-01
-1.823861300945281982e-01
-6.853830814361572266e-01
-3.611244261264801025e-01
9.801355749368667603e-02
-5.880607962608337402e-01
-2.510887086391448975e-01
-1.971526443958282471e-01
-3.262850940227508545e-01
-1.716031134128570557e-01
4.320080578327178955e-01
9.024292975664138794e-02
2.111238241195678711e-01
-4.707794487476348877e-01
4.670996591448783875e-02
2.040597647428512573e-01
5.281692743301391602e-01
-7.267770171165466309e-01
1.579422235488891602e+00
-5.579986572265625000e-01
-2.058609127998352051e-01
2.825522124767303467e-01
-2.972647249698638916e-01
-5.879414081573486328e-01
1.936684101819992065e-01
4.147415235638618469e-02
-4.345858842134475708e-02
-3.168320953845977783e-01
1.137142628431320190e-01
-1.467569470405578613e-01
-2.499693930149078369e-01
-4.713749289512634277e-01
1.459701806306838989e-01
-9.776918292045593262e-01
9.157969616353511810e-03
2.012627869844436646e-01
3.247344493865966797e-01
-2.272541522979736328e-01
8.293123245239257812e-01
1.001184508204460144e-01
1.205598786473274231e-01
-9.176328778266906738e-02
-9.918994307518005371e-01
-9.949969500303268433e-02
-9.412331134080886841e-02
1.877393722534179688e-01
2.344518899917602539e-01
-4.291964769363403320e-01
9.502691775560379028e-02
5.033223032951354980e-01
1.890065222978591919e-01
1.733184009790420532e-01
-1.413060873746871948e-01
1.105223298072814941e-01
6.569433808326721191e-01
8.751814961433410645e-01
-2.302933186292648315e-01
-8.862721920013427734e-02
4.209549129009246826e-01
-3.226608037948608398e-01
5.135600566864013672e-01
-1.561812907457351685e-01
-5.776002407073974609e-01
1.321539133787155151e-01
4.216026961803436279e-01
-2.812873125076293945e-01
6.460515409708023071e-02
8.284971117973327637e-02
-3.121097683906555176e-01
-1.542604714632034302e-01
-5.415776968002319336e-01
1.753473728895187378e-01
-2.223255187273025513e-01
-1.371476173400878906e+00
3.705779314041137695e-01
-7.861776947975158691e-01
7.064252495765686035e-01
-6.731601953506469727e-01
3.820253014564514160e-01
-4.179214835166931152e-01
6.696808338165283203e-02
-3.180085122585296631e-01
-8.280295729637145996e-01
-3.433847725391387939e-01
1.476372003555297852e+00
-4.929763078689575195e-01
3.965764045715332031e-01
-4.757561385631561279e-01
5.511553287506103516e-01
-8.107751011848449707e-01
-4.460657835006713867e-01
-2.939116954803466797e-01
-2.995798289775848389e-01
-6.303190588951110840e-01
-5.735702440142631531e-02
-1.240182399749755859e+00
1.853987693786621094e+00
-2.922074310481548309e-02
2.467500865459442139e-01
-7.780753374099731445e-01
-6.547283530235290527e-01
-5.335788130760192871e-01
-3.753274977207183838e-01
3.185802996158599854e-01
8.700218796730041504e-01
-2.581570744514465332e-01
-2.653949894011020660e-02
7.420326769351959229e-02
1.692885532975196838e-02
-7.858774662017822266e-01
-1.574810147285461426e-01
-4.186788201332092285e-01
-9.004146456718444824e-01
4.519584178924560547e-01
-4.277593493461608887e-01
-3.398254215717315674e-01
-8.573118597269058228e-02
-1.534786447882652283e-02
-9.535953998565673828e-01
6.684815287590026855e-01
3.642210960388183594e-01
7.261143326759338379e-01
3.843692839145660400e-01
-1.917158067226409912e-02
-3.437434434890747070e-01
3.538922071456909180e-01
3.408177196979522705e-01
-1.491277366876602173e-01
1.574392765760421753e-01
2.249386161565780640e-01
3.308716416358947754e-01
4.083454310894012451e-01
3.900591731071472168e-01
-4.892975389957427979e-01
8.273748755455017090e-01
4.072113931179046631e-01
3.480885624885559082e-01
-3.267605006694793701e-01
2.335538387298583984e+00
-2.798055708408355713e-01
-1.941799879074096680e+00
-4.183634221553802490e-01
-5.166620016098022461e-01
-1.990772038698196411e-01
1.070114016532897949e+00
-6.246980428695678711e-01
-1.168148517608642578e-01
-6.756684929132461548e-02
1.585915982723236084e-01
-2.629247605800628662e-01
-5.006436705589294434e-01
1.042784526944160461e-01
-1.713908910751342773e-01
1.836518198251724243e-01
1.932262256741523743e-02
4.849113523960113525e-02
-1.854213513433933258e-02
-1.532996147871017456e-01
-1.682113707065582275e-01
3.952983617782592773e-01
-8.373411744832992554e-02
5.733403936028480530e-02
1.900138109922409058e-01
9.960642457008361816e-02
-9.507228732109069824e-01
1.090309694409370422e-01
2.159530073404312134e-01
-4.004566669464111328e-01
1.243526414036750793e-01
4.291620850563049316e-01
4.167778044939041138e-02
4.739968478679656982e-01
7.866126298904418945e-01
-3.069838881492614746e-01
-1.885426402091979980e+00
1.663389056921005249e-01
-3.308206498622894287e-01
-6.203302741050720215e-01
-3.276868164539337158e-02
-7.596243619918823242e-01
1.141189932823181152e+00
9.422934055328369141e-02
1.023025274276733398e+00
-2.261921912431716919e-01
8.649719953536987305e-01
7.861758470535278320e-01
5.246824622154235840e-01
-4.477245807647705078e-01
1.194129586219787598e-01
6.005363464355468750e-01
6.550208926200866699e-01
4.470192492008209229e-01
6.981031596660614014e-02
-3.594440221786499023e-01
1.593523770570755005e-01
-9.455421566963195801e-01
5.329068303108215332e-01
-3.910201489925384521e-01
3.006794154644012451e-01
-7.918814420700073242e-01
5.640814900398254395e-01
-3.108871281147003174e-01
-4.532099664211273193e-01
2.503230608999729156e-02
3.146361112594604492e-01
-2.260139733552932739e-01
-4.196781665086746216e-02
-1.961840391159057617e-01
3.229207396507263184e-01
-5.298309922218322754e-01
3.456551115959882736e-03
9.905685484409332275e-02
-7.352042198181152344e-01
-3.662427067756652832e-01
1.880201697349548340e+00
3.496120870113372803e-01
2.796757817268371582e-01
-2.130208313465118408e-01
2.703501284122467041e-01
-3.767278790473937988e-01
5.621848106384277344e-01
-5.073480010032653809e-01
-6.081839278340339661e-02
-3.115444779396057129e-01
1.299762606620788574e+00
-3.590424358844757080e-01
2.799910604953765869e-01
-1.591655015945434570e-01
3.980971574783325195e-01
-2.343452870845794678e-01
-2.921367883682250977e-01
-5.759223178029060364e-02
-4.567570686340332031e-01
5.100824832916259766e-01
-1.757226884365081787e-01
8.631013631820678711e-01
-2.893209159374237061e-01
2.437950521707534790e-01
-1.498678565025329590e+00
3.590769469738006592e-01
5.718851089477539062e-01
1.877582669258117676e+00
5.435903668403625488e-01
-4.103268384933471680e-01
-4.930194616317749023e-01
7.678517699241638184e-01
4.972993135452270508e-01
-9.655757993459701538e-02
4.974127560853958130e-02
3.249258100986480713e-01
7.361626625061035156e-02
3.200519382953643799e-01
5.526250004768371582e-01
3.233528733253479004e-01
-5.121573805809020996e-01
5.117195248603820801e-01
1.806553006172180176e-01
-1.282658427953720093e-01
-4.064167439937591553e-01
4.758718907833099365e-01
-6.415553092956542969e-01
1.998732388019561768e-01
3.078373968601226807e-01
-3.224415481090545654e-01
-5.517270565032958984e-01
2.836103141307830811e-01
2.659741342067718506e-01
-2.371607273817062378e-01
1.558454036712646484e-01
1.056836724281311035e+00
2.889998555183410645e-01
2.138817310333251953e-01
7.628418207168579102e-01
2.185932397842407227e-01
-1.839033663272857666e-01
3.040208816528320312e-01
-3.251405358314514160e-01
3.113533370196819305e-02
-1.543324887752532959e-01
7.253615260124206543e-01
9.475701451301574707e-01
1.039708703756332397e-01
1.350043565034866333e-01
-3.273930251598358154e-01
-2.533203065395355225e-01
4.502955079078674316e-02
7.702855467796325684e-01
-1.129189133644104004e-01
-1.747424453496932983e-01
1.218681216239929199e+00
2.681916058063507080e-01
5.230768322944641113e-01
1.332092523574829102e+00
1.846711486577987671e-01
7.430198788642883301e-02
-3.833719342947006226e-02
-6.717246174812316895e-01
9.657181799411773682e-02
-3.744542300701141357e-01
-2.823404967784881592e-01
6.261662244796752930e-01
5.447717905044555664e-01
4.108103364706039429e-02
-3.090677857398986816e-01
-6.860386729240417480e-01
5.721457004547119141e-01
4.524565637111663818e-01
-9.225089102983474731e-02
6.271295994520187378e-02
5.219370126724243164e-01
2.199679166078567505e-01
1.208770349621772766e-01
6.773471236228942871e-01
-8.829089999198913574e-01
-1.287989318370819092e-01
-1.172876238822937012e+00
2.598833143711090088e-01
-1.755845919251441956e-02
1.737235188484191895e-01
-8.424075245857238770e-01
1.891702860593795776e-01
-1.409974098205566406e-01
-7.578512281179428101e-02
3.894207477569580078e-01
8.270215392112731934e-01
4.001803323626518250e-02
-4.852657914161682129e-01
8.078910410404205322e-02
4.634175077080726624e-02
-1.444344401359558105e+00
2.149772942066192627e-01
-8.821291327476501465e-01
-1.083853006362915039e+00
-4.764392375946044922e-01
1.491601616144180298e-01
-5.335757136344909668e-02
2.174077510833740234e+00
2.702834904193878174e-01
9.950315356254577637e-01
-1.989890336990356445e-01
-1.026101231575012207e+00
-2.949622273445129395e-01
-3.225371539592742920e-01
2.313480228185653687e-01
-3.506969511508941650e-01
-5.110733509063720703e-01
-1.329574286937713623e-01
-7.072780281305313110e-02
1.374598033726215363e-02
-1.009454607963562012e+00
-2.534875869750976562e-01
-7.070565223693847656e-01
-1.188212156295776367e+00
6.671187281608581543e-01
-5.815364718437194824e-01
5.274019241333007812e-01
-4.876999557018280029e-01
2.995574846863746643e-02
-1.228055596351623535e+00
5.733596533536911011e-02
1.716797113418579102e+00
3.425504863262176514e-01
7.857353091239929199e-01
-1.095313951373100281e-01
2.578041143715381622e-02
9.397580027580261230e-01
5.515866279602050781e-01
-1.809407211840152740e-02
-4.654632136225700378e-02
4.799083173274993896e-01
7.517775297164916992e-01
2.029891610145568848e-01
1.304619200527667999e-02
-9.258050471544265747e-02
7.210534531623125076e-03
-3.904660642147064209e-01
-4.027772843837738037e-01
9.206295758485794067e-02
-7.411618530750274658e-02
-7.533490657806396484e-01
3.535951673984527588e-01
-1.564347594976425171e-01
-1.643708497285842896e-01
3.595986962318420410e-01
5.140457749366760254e-01
-4.540845751762390137e-01
-3.573832213878631592e-01
1.226775497198104858e-01
-4.349773526191711426e-01
-5.881043672561645508e-01
-1.521512717008590698e-01
-4.273896515369415283e-01
-1.057655334472656250e+00
5.474025756120681763e-02
-4.892809987068176270e-01
2.279657423496246338e-01
-6.675760746002197266e-01
-3.027168512344360352e-01
-1.196561813354492188e+00
1.124310612678527832e+00
1.165135622024536133e+00
1.340971350669860840e+00
2.731110751628875732e-01
2.768434882164001465e-01
-3.043769896030426025e-01
4.442923963069915771e-01
4.374436736106872559e-01
-5.567144751548767090e-01
6.983220577239990234e-02
1.077939152717590332e+00
4.716882407665252686e-01
1.704131215810775757e-01
6.827538609504699707e-01
9.748747348785400391e-01
-2.182130515575408936e-01
5.163713097572326660e-01
-1.993209421634674072e-01
6.096745133399963379e-01
-1.471992284059524536e-01
-9.448094666004180908e-02
2.342232316732406616e-01
1.517284214496612549e-01
9.564698338508605957e-01
3.551701009273529053e-01
-9.830231070518493652e-01
5.629162192344665527e-01
-5.713418126106262207e-01
4.736003577709197998e-01
-8.040598034858703613e-01
4.659175872802734375e-01
5.777091979980468750e-01
-6.274934858083724976e-02
-7.121293991804122925e-02
-3.714396655559539795e-01
1.150887832045555115e-01
-8.030760884284973145e-01
5.229451656341552734e-01
2.563602924346923828e-01
1.578396260738372803e-01
-6.657702922821044922e-01
-1.217319250106811523e+00
2.311136573553085327e-02
-1.674824357032775879e-01
5.062466263771057129e-01
1.349688768386840820e-01
4.217813536524772644e-02
-6.624774336814880371e-01
2.665725350379943848e-01
-3.683449327945709229e-01
-1.017045259475708008e+00
6.006300821900367737e-02
-5.322352647781372070e-01
-4.052559733390808105e-01
2.611144781112670898e-01
3.515225648880004883e-01
1.123713254928588867e+00
-2.490333914756774902e-01
-5.170273780822753906e-01
-2.559321522712707520e-01
3.724732100963592529e-01
6.749309897422790527e-01
1.291307657957077026e-01
-4.258385598659515381e-01
-7.225183248519897461e-01
-1.876661479473114014e-01
7.717514783143997192e-02
7.545757889747619629e-01
-3.643074631690979004e-01
-1.783101409673690796e-01
3.423113524913787842e-01
9.441640973091125488e-02
6.017993092536926270e-01
1.259761601686477661e-01
-1.293506622314453125e+00
-1.229990124702453613e+00
-1.349074393510818481e-01
3.019356727600097656e-02
-3.839841187000274658e-01
-1.095979586243629456e-01
-8.766478300094604492e-01
5.143482089042663574e-01
5.115234255790710449e-01
3.539499640464782715e-01
4.655097424983978271e-01
-2.036447972059249878e-01
-9.472239613533020020e-01
-1.823486685752868652e-01
1.651828765869140625e+00
3.781266808509826660e-01
6.097290515899658203e-01
1.702840328216552734e+00
-4.099902808666229248e-01
5.136269330978393555e-01
3.430530428886413574e-01
2.161261141300201416e-01
-4.195948541164398193e-01
-1.418814808130264282e-01
1.745401620864868164e-01
-2.935122549533843994e-01
5.015612244606018066e-01
7.064692974090576172e-01
-3.638930916786193848e-01
1.466064155101776123e-02
1.042654830962419510e-02
-1.218382716178894043e-01
-8.466807752847671509e-02
1.671375483274459839e-01
5.522214770317077637e-01
-3.412416875362396240e-01
-4.313349425792694092e-01
-3.760167956352233887e-01
2.187359482049942017e-01
-1.415752172470092773e-01
-1.514452099800109863e+00
-8.822116255760192871e-01
4.240497946739196777e-01
2.071693837642669678e-01
-5.641256570816040039e-01
5.892075896263122559e-01
-7.389622926712036133e-01
-5.067000389099121094e-01
3.993923366069793701e-01
2.571395970880985260e-02
-1.039833128452301025e-01
4.381684958934783936e-02
-5.527324676513671875e-01
-1.069859042763710022e-01
-2.648426890373229980e-01
3.429773151874542236e-01
7.251698970794677734e-01
1.403090238571166992e+00
-2.989237308502197266e-01
4.266940951347351074e-01
2.350859344005584717e-02
-1.413187086582183838e-01
1.352557539939880371e-01
-2.642227336764335632e-02
1.397397965192794800e-01
-5.644406080245971680e-01
-1.235559284687042236e-01
-4.827467799186706543e-01
-8.609367161989212036e-02
2.576936483383178711e-01
-9.005300700664520264e-02
-3.318571150302886963e-01
3.554879426956176758e-01
2.303915768861770630e-01
-1.134433627128601074e+00
-2.659420482814311981e-02
-2.297250740230083466e-02
8.490771800279617310e-02
2.747200131416320801e-01
5.095101594924926758e-01
-5.577487945556640625e-01
1.426126360893249512e+00
-6.564963608980178833e-02
