4.732532799243927002e-01
-6.737025827169418335e-02
-2.183488905429840088e-01
5.595524907112121582e-01
-4.732457697391510010e-01
7.449154853820800781e-01
-3.489027619361877441e-01
2.071509510278701782e-01
1.527968347072601318e-01
3.288485854864120483e-02
2.130754142999649048e-01
-1.684271842241287231e-01
2.578218877315521240e-01
4.573907330632209778e-02
-1.588613092899322510e-01
-2.264624238014221191e-01
6.637698411941528320e-02
-5.149976816028356552e-03
3.869131505489349365e-01
5.585145205259323120e-02
-2.604210376739501953e-01
1.826155781745910645e-01
-2.457846999168395996e-01
2.908553183078765869e-02
-3.514139950275421143e-01
-5.288418531417846680e-01
3.007997870445251465e-01
7.560476064682006836e-01
-3.413657844066619873e-01
3.397026658058166504e-01
1.751458197832107544e-01
-1.840198785066604614e-01
6.096271425485610962e-02
-1.330487370491027832e+00
-6.382938623428344727e-01
-5.120583176612854004e-01
6.970724463462829590e-01
-2.682239515706896782e-03
3.632257878780364990e-01
-4.825441241264343262e-01
1.123173832893371582e+00
-8.484528660774230957e-01
-5.549305677413940430e-01
-6.155300736427307129e-01
-5.281404852867126465e-01
6.544878482818603516e-01
5.118795037269592285e-01
-2.424531280994415283e-01
1.108062714338302612e-01
5.732539296150207520e-01
-1.188258886337280273e+00
-5.961709022521972656e-01
-9.917499497532844543e-03
-1.522938758134841919e-01
-6.326855719089508057e-02
8.646275997161865234e-01
1.067652583122253418e+00
-9.166989326477050781e-01
1.022885918617248535e+00
8.260561227798461914e-01
-6.173902750015258789e-01
3.901042640209197998e-01
5.581460893154144287e-02
3.790095448493957520e-01
1.461165100336074829e-01
-6.353089809417724609e-01
-1.469163894653320312e-01
3.479694724082946777e-01
-2.621843218803405762e-01
-6.062385439872741699e-01
5.931106209754943848e-01
4.493045508861541748e-01
8.396813273429870605e-02
-1.523484885692596436e-01
-6.645983550697565079e-03
-2.986526787281036377e-01
-4.129034653306007385e-02
9.197707176208496094e-01
-9.726015329360961914e-01
-3.562052175402641296e-02
-1.788373291492462158e-01
-2.165282070636749268e-01
-1.348051667213439941e+00
-5.107576251029968262e-01
5.159262418746948242e-01
-6.637658476829528809e-01
3.316878154873847961e-02
7.441461086273193359e-01
8.166282624006271362e-02
-7.036364078521728516e-01
5.797324776649475098e-01
4.351019263267517090e-01
1.964333206415176392e-01
-4.572187662124633789e-01
-9.305600523948669434e-01
-4.908704161643981934e-01
1.542516589164733887e+00
6.874036788940429688e-01
-1.853125356137752533e-02
4.088227450847625732e-01
7.119182944297790527e-01
-9.106286764144897461e-01
1.483056247234344482e-01
-4.618790149688720703e-01
-5.851138830184936523e-01
-8.373382687568664551e-02
2.466387003660202026e-01
5.046222209930419922e-01
-1.773105002939701080e-03
-1.985956728458404541e-01
-1.664932370185852051e-01
1.555249243974685669e-01
9.305231571197509766e-01
-1.114221453666687012e+00
1.703709512948989868e-01
3.805668354034423828e-01
5.375537276268005371e-01
6.034497916698455811e-02
1.430767774581909180e-01
7.032199501991271973e-01
-6.032515764236450195e-01
2.080406546592712402e-01
9.912341088056564331e-02
-8.750167489051818848e-02
4.408435821533203125e-01
-7.292176485061645508e-01
-2.622105181217193604e-01
2.576683461666107178e-01
7.920639961957931519e-02
-2.863754332065582275e-01
3.554483354091644287e-01
5.842224359512329102e-01
1.819394826889038086e-01
-1.005410403013229370e-01
5.412819329649209976e-03
-2.627726495265960693e-01
1.079886481165885925e-01
8.101931810379028320e-01
-9.380592703819274902e-01
-2.719700038433074951e-01
-8.244521617889404297e-01
1.814435571432113647e-01
-6.744226813316345215e-02
8.090503215789794922e-01
1.795834302902221680e-01
-4.140149056911468506e-01
-1.995481401681900024e-01
1.504361480474472046e-01
-5.307939648628234863e-02
-8.304610848426818848e-02
2.889217734336853027e-01
5.173636078834533691e-01
3.723402693867683411e-02
-9.239573776721954346e-02
-1.958376467227935791e-01
-4.391228854656219482e-01
-1.383529603481292725e-01
3.090475201606750488e-01
-6.993952393531799316e-01
-8.534440994262695312e-01
-1.454189270734786987e-01
-6.058612838387489319e-02
2.020996063947677612e-01
6.143206730484962463e-02
-2.412016987800598145e-01
-3.568385913968086243e-02
-4.213855564594268799e-01
3.053881824016571045e-01
-1.078823059797286987e-01
-1.333713680505752563e-01
-2.632179483771324158e-02
1.432100534439086914e-01
1.885717958211898804e-01
5.103548243641853333e-02
3.441575467586517334e-01
1.545088738203048706e-01
1.249778922647237778e-02
5.749806761741638184e-02
-2.411443889141082764e-01
2.352170050144195557e-01
4.222491383552551270e-01
-2.599538862705230713e-01
-3.163293302059173584e-01
-2.093375921249389648e-01
-4.689402282238006592e-01
6.372003555297851562e-01
-8.095290511846542358e-03
-5.067331790924072266e-01
8.710819482803344727e-02
3.275044858455657959e-01
-3.670883178710937500e-01
-4.077784717082977295e-01
-9.971907734870910645e-02
1.620227247476577759e-01
2.059188485145568848e-01
2.073225080966949463e-01
5.922301411628723145e-01
-2.931462824344635010e-01
8.328230977058410645e-01
6.664348300546407700e-03
-3.983694687485694885e-02
6.142629384994506836e-01
3.501866459846496582e-01
3.823045268654823303e-02
4.198296070098876953e-01
-5.153521150350570679e-02
2.052005529403686523e-01
-1.225266903638839722e-01
2.374139726161956787e-01
1.888320446014404297e-01
2.651210129261016846e-01
-6.301189772784709930e-03
-8.361521363258361816e-01
7.116315364837646484e-01
1.089581623673439026e-01
-1.264222562313079834e-01
-9.275707602500915527e-01
-2.555026412010192871e-01
-6.791464239358901978e-02
-2.309209108352661133e-01
-6.401527673006057739e-02
-1.200610280036926270e+00
-5.804249048233032227e-01
-2.983386814594268799e-01
-5.740676820278167725e-02
-1.443391889333724976e-01
-3.182246088981628418e-01
7.874844074249267578e-01
6.516096740961074829e-02
-2.773340344429016113e-01
-1.331003457307815552e-01
8.024641871452331543e-02
1.304536700248718262e+00
-9.677784442901611328e-01
-2.087664157152175903e-01
2.458085119724273682e-01
1.076939225196838379e+00
5.661000609397888184e-01
-1.285744905471801758e-01
4.797191619873046875e-01
-5.509048700332641602e-01
2.236471623182296753e-01
1.988366693258285522e-01
4.735342562198638916e-01
-5.279068648815155029e-02
-2.774298489093780518e-01
-6.671109199523925781e-01
1.746877133846282959e-01
-2.938073277473449707e-01
1.508317142724990845e-02
3.857721388339996338e-01
1.923411339521408081e-01
2.106124311685562134e-01
5.798478797078132629e-02
1.883160620927810669e-01
-4.061996042728424072e-01
3.313460201025009155e-02
2.894548475742340088e-01
-3.249759972095489502e-01
-2.362815588712692261e-01
4.881167411804199219e-01
-5.451749637722969055e-02
-4.344328641891479492e-01
7.742091268301010132e-02
-1.240774840116500854e-01
2.012465707957744598e-02
-9.724012017250061035e-02
-2.821285724639892578e-01
-1.331079155206680298e-01
-1.533722579479217529e-01
-1.202159076929092407e-01
5.834351480007171631e-02
1.461780667304992676e-01
1.517395526170730591e-01
-1.969712376594543457e-01
5.525977164506912231e-02
2.172488160431385040e-02
2.569229714572429657e-02
1.210295557975769043e-01
2.009604126214981079e-01
-4.293304085731506348e-01
2.176176160573959351e-01
1.002271398901939392e-01
1.296854913234710693e-01
1.512680202722549438e-01
-5.861237049102783203e-01
-2.822009623050689697e-01
4.208238720893859863e-01
-1.669680774211883545e-01
-3.007443547248840332e-01
3.822208046913146973e-01
2.274869233369827271e-01
9.781461954116821289e-02
2.526174299418926239e-03
-8.753787726163864136e-02
-3.792735934257507324e-01
-2.495186328887939453e-01
6.037434935569763184e-01
-6.887713670730590820e-01
-1.602490246295928955e-01
-4.737117588520050049e-01
2.330000251531600952e-01
-1.614552140235900879e-01
7.337129116058349609e-02
4.167347550392150879e-01
-6.061466336250305176e-01
-1.201388835906982422e-01
3.365384340286254883e-01
1.847316771745681763e-01
-7.492268085479736328e-02
4.941853284835815430e-01
2.537209093570709229e-01
-4.155668318271636963e-01
-5.199949070811271667e-02
-1.446264833211898804e-01
-6.950848698616027832e-01
-2.165596038103103638e-01
4.847859144210815430e-01
-2.483714967966079712e-01
-1.579962521791458130e-01
-3.562420010566711426e-01
6.947531551122665405e-02
6.876910328865051270e-01
4.143896698951721191e-01
-1.360343098640441895e-01
-4.651261959224939346e-03
-3.232911527156829834e-01
-1.301156282424926758e-01
1.013568192720413208e-01
2.931430637836456299e-01
-4.424699116498231888e-03
-1.161020100116729736e-01
1.054969429969787598e-01
3.509860634803771973e-01
4.451639950275421143e-01
3.616487979888916016e-02
-1.166183590888977051e+00
-2.578183710575103760e-01
-6.052713990211486816e-01
-3.243463039398193359e-01
-3.808864951133728027e-01
7.018405199050903320e-02
2.215276658535003662e-02
6.392295360565185547e-01
-1.608255505561828613e-01
-1.706081330776214600e-01
-4.461247920989990234e-01
2.031265385448932648e-02
-2.077108174562454224e-01
-1.090083867311477661e-01
1.696716547012329102e-01
1.645131558179855347e-01
2.645503580570220947e-01
-6.373412907123565674e-02
3.569618165493011475e-01
3.744154796004295349e-02
5.341880768537521362e-02
1.577873975038528442e-01
-3.084694147109985352e-01
-5.431985259056091309e-01
-4.536263942718505859e-01
1.710251905024051666e-02
2.297186255455017090e-01
3.770683407783508301e-01
2.321657240390777588e-01
-3.400105535984039307e-01
-6.166126132011413574e-01
4.079584181308746338e-01
-2.875247299671173096e-01
-5.657970905303955078e-01
1.151227504014968872e-01
4.670480489730834961e-01
2.152145802974700928e-01
-1.583650857210159302e-01
1.173224672675132751e-01
-2.372611016035079956e-01
-5.054450035095214844e-01
6.273779273033142090e-01
-3.919630944728851318e-01
-2.665949165821075439e-01
6.560125201940536499e-02
-4.105448424816131592e-01
-7.056143879890441895e-01
-5.086149573326110840e-01
-7.536828517913818359e-02
-3.120094239711761475e-01
2.217656970024108887e-01
5.730323195457458496e-01
2.115027010440826416e-01
-5.789417028427124023e-01
2.523651421070098877e-01
5.194987058639526367e-01
4.007615447044372559e-01
-8.741385340690612793e-01
-2.219120115041732788e-01
-1.422930359840393066e-01
1.574462652206420898e+00
5.027834773063659668e-01
2.716619968414306641e-01
5.738002061843872070e-01
-5.505862832069396973e-01
3.677688241004943848e-01
-1.046973187476396561e-02
8.366545662283897400e-04
2.506657838821411133e-01
-9.363549947738647461e-01
-1.512079834938049316e-01
3.257235288619995117e-01
6.927300244569778442e-02
-5.064768195152282715e-01
4.485667943954467773e-01
7.918873429298400879e-01
2.436566352844238281e-02
-3.314408063888549805e-01
1.859471760690212250e-02
-2.867033779621124268e-01
-3.387817740440368652e-01
1.050915956497192383e+00
-7.387570738792419434e-01
-1.702167689800262451e-01
-7.067781686782836914e-01
5.403994917869567871e-01
3.515623509883880615e-01
6.650945544242858887e-01
6.159519404172897339e-02
-1.443629562854766846e-01
-1.185584515333175659e-01
5.136417225003242493e-02
1.185562983155250549e-01
-3.452504575252532959e-01
1.699121445417404175e-01
8.105336129665374756e-02
3.113518357276916504e-01
-2.474954724311828613e-01
2.311928868293762207e-01
-3.776966929435729980e-01
7.357010990381240845e-02
2.936600148677825928e-01
-7.177275419235229492e-01
-4.395837187767028809e-01
-6.827656626701354980e-01
6.349827647209167480e-01
-3.387861847877502441e-01
2.830150425434112549e-01
3.708249032497406006e-01
-4.570010602474212646e-01
-7.447044830769300461e-03
2.528790235519409180e-01
-5.922001600265502930e-02
-4.554808735847473145e-01
4.765085279941558838e-01
5.472568273544311523e-01
6.021029548719525337e-04
-1.145012155175209045e-01
6.626158952713012695e-02
-2.028819471597671509e-01
-2.359174937009811401e-01
2.256260812282562256e-01
-2.039849162101745605e-01
-4.033579528331756592e-01
-2.592491805553436279e-01
-6.530648469924926758e-01
7.823823690414428711e-01
-3.207397758960723877e-01
-3.400696814060211182e-01
1.549869328737258911e-01
2.616411745548248291e-01
-4.075096249580383301e-01
3.186465203762054443e-01
-2.365305721759796143e-01
1.614526659250259399e-01
-4.267229735851287842e-01
-2.995602190494537354e-01
3.297315239906311035e-01
2.458594590425491333e-01
-1.157511696219444275e-01
-4.771408736705780029e-01
-2.607683241367340088e-01
-3.821630775928497314e-02
-5.087121129035949707e-01
2.237212359905242920e-01
-6.014643586240708828e-04
-1.877380907535552979e-01
2.654834091663360596e-01
-7.387890946120023727e-03
-9.799391627311706543e-01
-1.189380139112472534e-01
3.931974470615386963e-01
-3.003003895282745361e-01
-5.334101244807243347e-02
2.259602248668670654e-01
8.447852730751037598e-02
1.751419603824615479e-01
-3.046829104423522949e-01
-2.658054530620574951e-01
-5.410403013229370117e-02
1.090982437133789062e+00
1.691270470619201660e-01
-2.958716750144958496e-01
3.116709291934967041e-01
-3.362203240394592285e-01
1.459329575300216675e-01
-4.206312894821166992e-01
-3.023982644081115723e-01
-1.809781491756439209e-01
1.198809072375297546e-01
2.043127268552780151e-02
-2.233857661485671997e-01
9.950130581855773926e-01
1.413107961416244507e-01
-6.070203706622123718e-02
-3.283946716692298651e-05
-2.285548299551010132e-01
1.277566105127334595e-01
2.214074134826660156e-01
-1.653397083282470703e-01
-5.276997685432434082e-01
-5.333976745605468750e-01
-8.046557754278182983e-02
-1.887189000844955444e-01
-6.720282435417175293e-01
-4.453838467597961426e-01
-2.262712642550468445e-02
-4.691788256168365479e-01
3.720236420631408691e-01
-2.875731587409973145e-01
1.615806072950363159e-01
-2.101601958274841309e-01
3.703270852565765381e-01
-1.969639807939529419e-01
1.567612290382385254e-01
-1.467352360486984253e-01
-2.119045406579971313e-01
2.702993154525756836e-01
-2.504151761531829834e-01
-8.956920504570007324e-01
-5.031285881996154785e-01
-4.154247045516967773e-01
-2.920917570590972900e-01
-1.385051757097244263e-01
-5.944726988673210144e-02
-1.890023201704025269e-01
1.487620472908020020e+00
-2.447036802768707275e-01
-9.295859336853027344e-01
3.184593021869659424e-01
-6.289692968130111694e-02
-3.302316665649414062e-01
2.600877881050109863e-01
2.105510681867599487e-01
7.172171771526336670e-02
-3.160496652126312256e-01
1.564861088991165161e-01
-1.011117696762084961e+00
1.219596415758132935e-01
3.703241646289825439e-01
1.714871972799301147e-01
-1.964291334152221680e-01
-4.590567350387573242e-01
-2.018813639879226685e-01
-1.234692633152008057e-01
-1.092085167765617371e-01
-2.232416868209838867e-01
-1.433171778917312622e-01
1.963742077350616455e-01
1.379259228706359863e+00
-3.059301674365997314e-01
4.652025699615478516e-01
-9.894987195730209351e-02
3.556936383247375488e-01
-4.690323397517204285e-02
-8.670464158058166504e-02
-4.760836809873580933e-02
1.422374397516250610e-01
5.283616185188293457e-01
3.012869656085968018e-01
2.570051550865173340e-01
-2.123402059078216553e-01
4.675932228565216064e-01
-2.507059872150421143e-01
2.219443470239639282e-01
4.724888801574707031e-01
-5.719576030969619751e-02
2.386797219514846802e-01
-2.479894757270812988e-01
-9.150886535644531250e-01
9.662416577339172363e-02
-2.537879943847656250e-01
-4.136564433574676514e-01
-3.276635333895683289e-02
2.141049653291702271e-01
2.561337351799011230e-01
-2.216642955318093300e-03
-1.353796571493148804e-01
-4.480913281440734863e-01
4.054549150168895721e-03
2.492567896842956543e-01
6.284494698047637939e-02
-2.799441218376159668e-01
3.277677595615386963e-01
2.336426973342895508e-01
-7.952685952186584473e-01
5.717639923095703125e-01
2.237445563077926636e-01
-5.296141505241394043e-01
3.913542255759239197e-02
1.339407712221145630e-01
3.698348402976989746e-01
-6.908169984817504883e-01
1.378362774848937988e-01
6.968603283166885376e-02
2.009461820125579834e-02
-9.481419622898101807e-02
1.330129206180572510e-01
2.012329921126365662e-02
3.165907263755798340e-01
1.139797210693359375e+00
1.707525402307510376e-01
-2.172482013702392578e-02
1.831423342227935791e-01
1.810654550790786743e-01
-6.809931397438049316e-01
6.941212415695190430e-01
1.987066119909286499e-01
-1.681266352534294128e-02
3.598693609237670898e-01
-2.098359167575836182e-01
-2.611453533172607422e-01
-5.718470811843872070e-01
-5.178958643227815628e-03
5.112087726593017578e-02
-3.662913665175437927e-02
1.229555979371070862e-01
2.264830470085144043e-01
-1.614804118871688843e-01
1.481265667825937271e-02
1.095949411392211914e+00
-8.776715397834777832e-02
-9.193023294210433960e-02
-6.309852749109268188e-02
2.051680348813533783e-02
-1.804160594940185547e+00
3.965117931365966797e-01
7.532104104757308960e-02
-3.394455909729003906e-01
1.390584707260131836e-01
-5.525225028395652771e-02
5.208694189786911011e-02
-1.692086309194564819e-01
-1.913994848728179932e-01
-6.732910871505737305e-02
5.387237668037414551e-02
-3.084210455417633057e-01
-2.474688291549682617e-01
3.801900148391723633e-02
-1.109596341848373413e-01
-3.896313607692718506e-01
2.380063980817794800e-01
-1.726159155368804932e-01
5.375161767005920410e-02
-3.707412779331207275e-01
7.346223592758178711e-01
6.582438945770263672e-02
-2.310027927160263062e-01
3.476480245590209961e-01
1.212901592254638672e+00
-3.900404646992683411e-02
-3.394739627838134766e-01
1.791701018810272217e-01
2.796617448329925537e-01
-8.375255763530731201e-02
-1.365547925233840942e-01
-1.556345224380493164e-01
2.411978989839553833e-01
5.813352465629577637e-01
3.542742431163787842e-01
-6.119235605001449585e-02
-3.549565672874450684e-01
4.522957801818847656e-01
-2.785690426826477051e-01
2.342154681682586670e-01
1.521063596010208130e-01
-1.448613405227661133e+00
-2.276349067687988281e-01
6.138111352920532227e-01
-6.115674972534179688e-01
2.130324095487594604e-01
-1.362960934638977051e-01
6.040717363357543945e-01
-1.963883936405181885e-01
1.808121204376220703e-01
-1.185896713286638260e-02
-4.651018977165222168e-01
2.581278085708618164e-01
-3.607425391674041748e-01
-5.129299163818359375e-01
-3.527355492115020752e-01
-4.017092287540435791e-02
1.097751334309577942e-01
3.174885511398315430e-01
5.037323832511901855e-01
-2.812491357326507568e-01
-1.003225222229957581e-01
8.059149980545043945e-01
-1.460701376199722290e-01
-2.378551810979843140e-01
-3.517152369022369385e-01
5.467881560325622559e-01
-4.082869589328765869e-01
6.420778483152389526e-02
-5.821696519851684570e-01
4.608435332775115967e-01
8.106796145439147949e-01
2.143660187721252441e-02
-2.059987187385559082e-01
1.480317711830139160e-01
1.777331233024597168e-01
6.223576068878173828e-01
6.551450490951538086e-01
3.646199107170104980e-01
6.313631534576416016e-01
-2.301761880517005920e-02
1.586573421955108643e-01
2.589704692363739014e-01
-1.786167323589324951e-01
4.064384400844573975e-01
-3.999698758125305176e-01
3.454197049140930176e-01
-4.390777647495269775e-01
4.035380855202674866e-02
-1.409017015248537064e-02
5.391040444374084473e-01
3.292973637580871582e-01
1.455196887254714966e-01
6.107159852981567383e-01
9.481862187385559082e-01
5.460736751556396484e-01
2.105060666799545288e-01
2.055494338274002075e-01
2.510888278484344482e-01
-3.223950564861297607e-01
-6.153411269187927246e-01
-3.757974505424499512e-01
-1.927845925092697144e-01
1.215617135167121887e-01
2.130147814750671387e-01
9.354751557111740112e-02
7.087824344635009766e-01
8.650337457656860352e-01
3.639214336872100830e-01
-7.645480334758758545e-02
-2.531979000195860863e-03
2.232351601123809814e-01
-1.878627985715866089e-01
1.027131378650665283e-01
3.837148547172546387e-01
-9.550026059150695801e-02
-1.777037382125854492e-01
9.952793270349502563e-02
-2.002872526645660400e-01
1.188599169254302979e-01
-3.890242576599121094e-01
1.444614958018064499e-02
2.860525846481323242e-01
2.194304764270782471e-01
2.724380493164062500e-01
-7.168721556663513184e-01
2.641929090023040771e-01
-3.653750941157341003e-02
9.220753312110900879e-01
-7.856485247611999512e-01
4.025356769561767578e-01
2.534887790679931641e-01
7.261467576026916504e-01
3.586252927780151367e-01
4.003449976444244385e-01
8.957776427268981934e-02
-2.708924002945423126e-02
4.446544647216796875e-01
-7.190733216702938080e-03
7.612401992082595825e-02
-8.091710507869720459e-02
-6.514330208301544189e-02
4.058662652969360352e-01
-1.235931273549795151e-02
-4.361593350768089294e-02
-6.068211793899536133e-01
7.929478585720062256e-02
-1.714548021554946899e-01
-1.311156451702117920e-01
-5.580071210861206055e-01
2.340040355920791626e-01
3.839865028858184814e-01
3.593274354934692383e-01
1.417674869298934937e-01
2.222046256065368652e-01
2.236304134130477905e-01
4.839307442307472229e-02
2.667011022567749023e-01
1.990874297916889191e-02
-2.298058420419692993e-01
5.715150833129882812e-01
5.716054700314998627e-03
-1.855982840061187744e-01
-9.916787594556808472e-02
-5.389325022697448730e-01
5.538434982299804688e-01
-1.216592639684677124e-01
7.363337278366088867e-02
-1.054003685712814331e-01
5.247343778610229492e-01
-4.690521955490112305e-01
-2.645184397697448730e-01
-4.899731576442718506e-01
-1.619783341884613037e-01
-4.099754095077514648e-01
-1.628352329134941101e-02
2.146018445491790771e-01
-4.311759471893310547e-01
-1.973830610513687134e-01
-3.423969447612762451e-01
2.423086315393447876e-01
-1.682029366493225098e-01
-4.007552862167358398e-01
-6.909322738647460938e-02
-2.813222706317901611e-01
5.177450776100158691e-01
-2.306333631277084351e-01
9.442575275897979736e-02
1.114320531487464905e-01
6.363291740417480469e-01
-2.035012245178222656e-01
-5.062362551689147949e-01
-4.610960185527801514e-01
1.574233919382095337e-01
-5.748329162597656250e-01
-4.594700783491134644e-02
-4.909632503986358643e-01
-6.246930360794067383e-01
-1.207023188471794128e-01
1.187157854437828064e-01
4.329156279563903809e-01
-3.235102295875549316e-01
-1.387931406497955322e-01
1.606436967849731445e-01
-3.914130926132202148e-01
9.637486189603805542e-02
-4.610786736011505127e-01
2.292823195457458496e-01
-2.182998657226562500e-01
3.101043030619621277e-02
-1.086396910250186920e-02
-4.354546964168548584e-01
-2.442940622568130493e-01
-1.891459524631500244e-01
-2.964451313018798828e-01
-6.611833572387695312e-01
-2.041592299938201904e-01
-2.995804250240325928e-01
-1.407160758972167969e-01
4.591122865676879883e-01
-3.856107592582702637e-01
1.240848600864410400e-01
4.063319563865661621e-01
-2.833038382232189178e-02
3.546501696109771729e-01
-3.978179693222045898e-01
-1.053580641746520996e+00
1.097548231482505798e-01
1.529225558042526245e-01
-7.397619485855102539e-01
1.536931246519088745e-01
2.880632132291793823e-02
5.771872401237487793e-01
-2.866903133690357208e-02
-9.013949893414974213e-03
-4.129702150821685791e-01
7.381394505500793457e-02
5.260918736457824707e-01
-2.188116461038589478e-01
-1.335396468639373779e-01
-1.600365042686462402e-01
1.520464867353439331e-01
2.285280525684356689e-01
2.697409987449645996e-01
-2.034558057785034180e-01
1.960240006446838379e-01
2.056543976068496704e-01
-2.145645581185817719e-02
2.328982055187225342e-01
-5.813037510961294174e-03
-9.052519500255584717e-02
2.853849902749061584e-02
4.542143642902374268e-02
-1.636788100004196167e-01
-1.092623695731163025e-01
-8.523260056972503662e-02
3.581921160221099854e-01
-1.450989693403244019e-01
1.451510041952133179e-01
-3.404153585433959961e-01
2.036066502332687378e-01
-1.176691949367523193e-01
-8.592310547828674316e-02
2.962685525417327881e-01
-6.916620135307312012e-01
-3.704552948474884033e-01
-2.458935379981994629e-01
-4.943101704120635986e-01
3.851307928562164307e-01
2.619353532791137695e-01
-1.706439885310828686e-03
4.319331049919128418e-02
2.817818522453308105e-01
1.316007524728775024e-01
1.331560909748077393e-01
5.088785290718078613e-01
-3.029524115845561028e-03
1.539189927279949188e-02
-7.544859498739242554e-02
-3.538918793201446533e-01
4.779411256313323975e-01
-1.484088301658630371e-01
9.855940192937850952e-02
6.104050278663635254e-01
-1.068893671035766602e+00
3.678571581840515137e-01
5.836913585662841797e-01
-5.907276272773742676e-02
5.050048232078552246e-01
6.580619513988494873e-02
-2.176320850849151611e-01
-6.142207235097885132e-02
4.134670197963714600e-01
-4.142748191952705383e-03
1.345225274562835693e-01
-1.959078907966613770e-01
-6.925501674413681030e-02
-3.179432749748229980e-01
-5.998677387833595276e-02
-4.908679723739624023e-01
9.374414086341857910e-01
1.010074138641357422e+00
4.660778343677520752e-01
5.216858386993408203e-01
-1.768095046281814575e-01
-2.843554615974426270e-01
3.160035610198974609e-01
-1.315338760614395142e-01
1.560537219047546387e-01
4.492560774087905884e-02
-3.843404352664947510e-01
-5.999892354011535645e-01
2.930795550346374512e-01
-3.816789686679840088e-01
-2.298291027545928955e-01
-2.580050006508827209e-02
3.315207362174987793e-01
-1.516939699649810791e-02
-3.981865942478179932e-01
-2.564837634563446045e-01
-2.924420535564422607e-01
-3.122252523899078369e-01
1.246974840760231018e-01
2.826513051986694336e-01
-6.140479445457458496e-01
6.477143168449401855e-01
3.549644351005554199e-01
1.119449377059936523e+00
3.397656604647636414e-02
-5.988368988037109375e-01
-1.603849977254867554e-02
-1.195545587688684464e-02
6.097757220268249512e-01
-4.191275537014007568e-01
-2.008001357316970825e-01
2.593348026275634766e-01
9.134637564420700073e-02
6.643846631050109863e-02
-3.551122844219207764e-01
-2.139168354915454984e-04
1.838091462850570679e-01
1.345532387495040894e-01
4.294918775558471680e-01
-2.523001730442047119e-01
-8.906450122594833374e-02
-2.721722424030303955e-01
3.295234441757202148e-01
-4.323211610317230225e-01
-5.590530112385749817e-02
-1.410594433546066284e-01
3.132286071777343750e-01
1.518602371215820312e-01
-3.246857523918151855e-01
4.573802947998046875e-01
4.616180062294006348e-01
-2.847537398338317871e-01
-4.900277256965637207e-01
-1.539363712072372437e-01
3.045704364776611328e-01
8.882698602974414825e-03
-1.270617693662643433e-01
-1.262995600700378418e-01
2.729778289794921875e-01
3.764311969280242920e-02
2.147140353918075562e-01
6.834635734558105469e-01
4.129905104637145996e-01
7.191950678825378418e-01
-7.357018589973449707e-01
-1.116248816251754761e-01
1.915363371372222900e-01
3.864084184169769287e-01
4.249320328235626221e-01
-3.468672633171081543e-01
-1.409895867109298706e-01
2.755991518497467041e-01
1.502476185560226440e-01
-4.404469579458236694e-02
-4.794767498970031738e-01
-4.166134074330329895e-02
-2.888787090778350830e-01
-1.429275423288345337e-01
-2.655594944953918457e-01
-1.244374271482229233e-02
-5.533704999834299088e-03
2.412639707326889038e-01
1.005481779575347900e-01
-2.351548373699188232e-01
1.936661079525947571e-02
1.123905833810567856e-02
3.064476549625396729e-01
3.213363587856292725e-01
-1.045203357934951782e-01
2.494643330574035645e-01
2.020891457796096802e-01
-7.195962667465209961e-01
-3.079107999801635742e-01
-3.956161066889762878e-02
5.873001217842102051e-01
-5.306333303451538086e-01
2.270390540361404419e-01
8.914528787136077881e-02
4.655552506446838379e-01
6.114632487297058105e-01
-3.226108551025390625e-01
8.841423392295837402e-01
5.278898477554321289e-01
-1.426163464784622192e-01
1.588607132434844971e-01
-3.724848926067352295e-01
-2.763193845748901367e-01
2.583841420710086823e-02
3.831324875354766846e-01
5.598185062408447266e-01
4.395369812846183777e-02
-3.242785632610321045e-01
-1.881560385227203369e-01
-1.181965231895446777e+00
5.705374479293823242e-02
9.457892924547195435e-02
1.674325317144393921e-01
-1.918441504240036011e-01
-5.441237688064575195e-01
-4.741229712963104248e-01
2.678108513355255127e-01
-4.535357952117919922e-01
-7.393761277198791504e-01
-5.138830542564392090e-01
-1.181735843420028687e-01
8.266198635101318359e-01
1.337258368730545044e-01
-2.339096069335937500e-01
1.684757173061370850e-01
-6.267699003219604492e-01
-3.100891113281250000e-01
4.732986092567443848e-01
4.754829704761505127e-01
3.789752125740051270e-01
-6.726934760808944702e-02
5.936173200607299805e-01
2.337835729122161865e-01
4.970024228096008301e-01
-5.811832845211029053e-02
2.395436316728591919e-01
-2.781587541103363037e-01
1.069365963339805603e-01
5.185104534029960632e-02
-1.679839938879013062e-01
9.808077216148376465e-01
1.821818202733993530e-01
-4.750193282961845398e-02
-3.536754548549652100e-01
-4.774531722068786621e-01
2.742862105369567871e-01
-1.615676581859588623e-01
-2.916580140590667725e-01
5.710361897945404053e-02
2.348470687866210938e-02
1.638731211423873901e-01
5.461489781737327576e-02
8.747020363807678223e-02
-1.132671833038330078e-01
2.270733118057250977e-01
3.094467520713806152e-01
-1.851636320352554321e-01
2.899563908576965332e-01
3.081786036491394043e-01
8.392791450023651123e-02
5.549848675727844238e-01
-8.788150548934936523e-02
1.509388983249664307e-01
1.727216877043247223e-02
1.717722266912460327e-01
5.456417202949523926e-01
3.651097118854522705e-01
-6.689659953117370605e-01
-3.566969633102416992e-01
-7.811985611915588379e-01
4.250181093811988831e-02
8.804418891668319702e-02
1.685595214366912842e-01
2.155182361602783203e-01
-6.712505966424942017e-02
-1.657065391540527344e+00
2.478483319282531738e-01
-1.950767338275909424e-01
-4.661333858966827393e-01
3.845426440238952637e-01
-3.515685796737670898e-01
1.047682240605354309e-01
4.428918659687042236e-02
-2.765042781829833984e-01
6.077793240547180176e-02
-7.363148331642150879e-01
-2.828403413295745850e-01
7.189210653305053711e-01
3.955006897449493408e-01
1.432572841644287109e+00
8.321814239025115967e-02
-4.566938877105712891e-01
6.481338143348693848e-01
2.893261313438415527e-01
4.034860432147979736e-01
4.843098223209381104e-01
-5.892980098724365234e-01
-4.195005893707275391e-01
3.309866786003112793e-01
-5.327643156051635742e-01
2.030994147062301636e-01
-7.679851651191711426e-01
-1.357192844152450562e-01
-1.077837198972702026e-01
2.057277560234069824e-01
-2.729854732751846313e-02
-1.388480216264724731e-01
1.140815690159797668e-01
-6.306449323892593384e-02
-3.167083859443664551e-01
-2.783763408660888672e-01
-2.675147354602813721e-01
5.659849569201469421e-02
1.179629713296890259e-01
-2.849550247192382812e-01
-2.373775690793991089e-01
6.084170192480087280e-02
-1.356158614158630371e+00
-6.142614483833312988e-01
-3.943482935428619385e-01
-5.219614505767822266e-01
7.266204953193664551e-01
-8.942498266696929932e-02
2.990465424954891205e-02
1.083769835531711578e-02
-2.829020321369171143e-01
-4.607876762747764587e-02
3.505251407623291016e-01
1.587607562541961670e-01
6.015760898590087891e-01
-5.700989365577697754e-01
-3.300928175449371338e-01
6.957837939262390137e-01
1.202531903982162476e-01
7.027749717235565186e-02
2.282603979110717773e-01
2.725072391331195831e-02
-5.350777506828308105e-01
-7.677786350250244141e-01
-1.120987087488174438e-01
9.146488308906555176e-01
-3.477057516574859619e-01
-3.223884105682373047e-02
-1.704207807779312134e-01
-8.553265929222106934e-01
1.914752870798110962e-01
2.002501934766769409e-01
2.597485184669494629e-01
-1.628109514713287354e-01
-1.446799933910369873e-01
1.156651750206947327e-01
-1.801241934299468994e-01
4.301705062389373779e-01
2.921981811523437500e-01
5.362994670867919922e-01
3.069141209125518799e-01
-4.288410842418670654e-01
-2.047986239194869995e-01
-2.522047162055969238e-01
-2.572793513536453247e-02
-2.637025155127048492e-02
2.347951531410217285e-01
-3.846932053565979004e-01
-5.898604989051818848e-01
4.830552339553833008e-01
-1.040077805519104004e-01
-3.882347345352172852e-01
3.835600912570953369e-01
7.053944468498229980e-01
1.725216209888458252e-01
-5.142229199409484863e-01
-1.483693569898605347e-01
-3.226264566183090210e-02
2.857568562030792236e-01
1.677940130233764648e+00
7.060095667839050293e-03
2.440452203154563904e-02
-7.003449648618698120e-02
9.916255623102188110e-02
-6.051407754421234131e-02
-2.710438072681427002e-01
-6.158451437950134277e-01
8.273014426231384277e-02
9.074788540601730347e-02
-2.523862421512603760e-01
2.854629456996917725e-01
-4.679062366485595703e-01
-7.460171729326248169e-02
5.329095125198364258e-01
-9.853971004486083984e-02
-3.619375228881835938e-01
1.337257474660873413e-01
-3.750288486480712891e-01
-4.232231974601745605e-01
-2.594313323497772217e-01
-2.452034950256347656e-01
7.347351312637329102e-02
9.897632151842117310e-02
2.566687464714050293e-01
-2.725918889045715332e-01
-7.608073949813842773e-02
3.550425544381141663e-02
3.418297767639160156e-01
5.950996279716491699e-01
-1.895392537117004395e-01
3.921876549720764160e-01
3.424454331398010254e-01
-1.143874749541282654e-01
-2.353606969118118286e-01
-5.908058956265449524e-02
5.698848962783813477e-01
4.678311645984649658e-01
-1.189490109682083130e-01
-6.234706640243530273e-01
-2.598914690315723419e-02
9.245229512453079224e-02
1.215427219867706299e-01
1.180459141731262207e+00
3.472794294357299805e-01
2.338238209486007690e-01
2.594526112079620361e-01
-4.103698134422302246e-01
3.112120032310485840e-01
7.906936407089233398e-01
-2.763309888541698456e-02
-3.399944007396697998e-01
6.456086039543151855e-02
1.002706289291381836e-01
-5.636600777506828308e-02
-5.579720064997673035e-02
8.600974828004837036e-02
1.236164867877960205e-01
-1.054824963212013245e-01
-3.171376287937164307e-01
-5.940886139869689941e-01
1.466963589191436768e-01
3.830438852310180664e-02
2.078826874494552612e-01
3.850821256637573242e-01
-2.667390406131744385e-01
2.333932071924209595e-01
1.794687658548355103e-02
3.455492556095123291e-01
5.146279931068420410e-01
-2.389496117830276489e-01
1.066468581557273865e-01
5.630326867103576660e-01
-3.700224757194519043e-01
-4.891468286514282227e-01
4.108609631657600403e-03
1.120370849967002869e-01
2.172750234603881836e-01
1.211383044719696045e-01
3.185845911502838135e-01
-8.481581509113311768e-02
1.385683417320251465e-01
1.538657248020172119e-01
-3.609244152903556824e-02
3.855398893356323242e-01
-2.766738533973693848e-01
6.357198953628540039e-01
2.409114688634872437e-02
-3.220255672931671143e-01
2.361127734184265137e-01
-1.283138692378997803e-01
5.935045331716537476e-02
1.436980217695236206e-01
2.521028518676757812e-01
1.614950150251388550e-01
2.536251544952392578e-01
-3.210600912570953369e-01
-3.315857648849487305e-01
-2.091099619865417480e-01
-9.018459171056747437e-02
2.198660373687744141e-01
-1.411422640085220337e-01
-2.601053193211555481e-02
-2.850222885608673096e-01
-6.944566965103149414e-01
-5.813307166099548340e-01
-1.446705609560012817e-01
3.452293947339057922e-02
-5.280545726418495178e-02
-2.200733125209808350e-01
2.367974966764450073e-01
3.296296894550323486e-01
4.482867568731307983e-02
1.222985312342643738e-01
-1.273380219936370850e-02
-3.546500504016876221e-01
2.062843739986419678e-02
2.579484283924102783e-01
3.486316204071044922e-01
-4.571135938167572021e-01
-5.029939413070678711e-01
3.110794126987457275e-01
-6.704323887825012207e-01
1.856893599033355713e-01
3.571693301200866699e-01
3.313388302922248840e-02
3.081150054931640625e-01
3.077946901321411133e-01
-4.656839072704315186e-01
-3.641686737537384033e-01
-1.194972842931747437e-01
-1.707006618380546570e-02
-3.192971646785736084e-01
-4.698591828346252441e-01
4.411528706550598145e-01
2.355836182832717896e-01
2.280229330062866211e-01
2.149151265621185303e-01
3.744409978389739990e-01
2.218169569969177246e-01
3.179912865161895752e-01
4.551701620221138000e-02
3.614675020799040794e-03
-1.163516715168952942e-01
4.587894976139068604e-01
9.393707662820816040e-02
-1.005253009498119354e-02
-5.227841064333915710e-02
-2.861019372940063477e-01
-2.216923087835311890e-01
-1.162947416305541992e-01
8.510264158248901367e-01
6.152695417404174805e-01
5.782653093338012695e-01
-2.770804464817047119e-01
-2.012670934200286865e-01
-3.315758109092712402e-01
-2.521642148494720459e-01
1.055221483111381531e-01
-3.758965432643890381e-02
4.650778174400329590e-01
-4.206553995609283447e-01
3.216645717620849609e-01
-9.434948861598968506e-02
-3.291970863938331604e-02
5.688307285308837891e-01
-4.139282703399658203e-01
1.410297024995088577e-02
-7.679973542690277100e-02
9.442280977964401245e-02
1.563576906919479370e-01
-3.180108964443206787e-01
6.836581826210021973e-01
-3.182307183742523193e-01
-1.288036257028579712e-01
3.477689344435930252e-03
-6.868526805192232132e-03
-7.019287347793579102e-02
-2.775991857051849365e-01
-2.449977844953536987e-01
-4.367817342281341553e-01
8.950103074312210083e-02
-2.007148116827011108e-01
3.232507407665252686e-01
-1.451216079294681549e-02
-2.386771738529205322e-01
3.475368916988372803e-01
1.336501687765121460e-01
9.634694457054138184e-02
-5.110014081001281738e-01
-4.844429492950439453e-01
-2.089287489652633667e-01
-6.572012305259704590e-01
-7.334995269775390625e-01
3.178586661815643311e-01
4.683548808097839355e-01
2.003422826528549194e-01
3.932056725025177002e-01
4.224359095096588135e-01
-2.004749923944473267e-01
-3.315282166004180908e-01
4.430201351642608643e-01
-2.923829555511474609e-01
2.851072251796722412e-01
4.821590185165405273e-01
-1.817043423652648926e-01
4.236651659011840820e-01
8.776062726974487305e-01
-8.204036951065063477e-01
1.703330576419830322e-01
-7.892625331878662109e-01
8.368970751762390137e-01
-3.159096240997314453e-01
6.371799856424331665e-02
1.965072602033615112e-01
4.011519849300384521e-01
-1.122308224439620972e-01
-1.739208102226257324e-01
1.848326809704303741e-02
2.838141620159149170e-01
1.306040864437818527e-02
-2.231874167919158936e-01
3.124457895755767822e-01
-4.602416157722473145e-01
4.988964274525642395e-02
-1.614112854003906250e-01
-1.057038530707359314e-01
-4.968529567122459412e-02
1.701374799013137817e-01
1.963511705398559570e-01
1.880275160074234009e-01
-9.608238935470581055e-02
4.425583779811859131e-01
9.341505765914916992e-01
-3.380328714847564697e-01
-3.443517982959747314e-01
-7.867885828018188477e-01
3.024464547634124756e-01
-1.249645575881004333e-01
-8.217346668243408203e-02
2.045463770627975464e-01
-1.811162680387496948e-01
-1.746025532484054565e-01
2.439641207456588745e-01
-2.621202170848846436e-01
3.000010550022125244e-01
6.898479163646697998e-02
-2.408851534128189087e-01
3.774208724498748779e-01
6.014277040958404541e-02
6.718197464942932129e-01
1.682016551494598389e-01
-3.095391392707824707e-01
-4.154243469238281250e-01
5.113236978650093079e-02
-2.112771570682525635e-01
4.570655226707458496e-01
-8.334645032882690430e-01
2.386874109506607056e-01
2.933260798454284668e-01
-3.344268798828125000e-01
-2.161711454391479492e-01
-3.711666464805603027e-01
-9.478045254945755005e-02
-1.281130760908126831e-01
-9.218048453330993652e-01
2.168455570936203003e-01
1.227958947420120239e-01
4.427705705165863037e-02
-1.221745163202285767e-01
9.642634540796279907e-02
8.779431879520416260e-02
3.256373405456542969e-01
6.809842772781848907e-03
-3.375218510627746582e-01
-2.076394259929656982e-01
-2.595581710338592529e-01
7.542255520820617676e-01
4.370566606521606445e-01
-1.578295230865478516e-01
-6.601748615503311157e-02
-1.139668449759483337e-01
7.993410527706146240e-02
-4.537209495902061462e-02
5.343219041824340820e-01
3.513222932815551758e-01
-6.337321996688842773e-01
-1.414652764797210693e-01
5.319259762763977051e-01
-2.740106284618377686e-01
5.252175927162170410e-01
-1.428826093673706055e+00
-1.816010177135467529e-01
-1.030580550432205200e-01
3.060507774353027344e-01
-1.449160724878311157e-01
2.126310318708419800e-01
9.277882575988769531e-01
-4.342071413993835449e-01
-6.837307214736938477e-01
1.581684350967407227e-01
-8.237592130899429321e-02
2.805336713790893555e-01
-3.434510156512260437e-02
-2.954339087009429932e-01
4.541452527046203613e-01
-5.208784937858581543e-01
-2.578445971012115479e-01
3.350792229175567627e-01
-1.031880497932434082e+00
2.030456438660621643e-02
-9.474041461944580078e-01
-5.579706430435180664e-01
-3.330306112766265869e-01
6.160225272178649902e-01
7.539626955986022949e-02
2.446260154247283936e-01
6.659226417541503906e-01
3.325130343437194824e-01
-1.338528394699096680e-01
-1.792162507772445679e-01
7.230452448129653931e-02
9.905304759740829468e-02
6.874636560678482056e-02
-3.595629706978797913e-02
-1.914891153573989868e-01
-3.260366246104240417e-02
2.857854068279266357e-01
-5.260033011436462402e-01
1.206419989466667175e-01
-3.865848183631896973e-01
3.436586856842041016e-01
-8.234612643718719482e-02
1.822420805692672729e-01
1.316221803426742554e-01
5.074793696403503418e-01
-5.642969533801078796e-02
-4.900595247745513916e-01
-3.268040716648101807e-01
-1.043779924511909485e-01
-4.475691914558410645e-01
-1.774357557296752930e-01
-5.857958197593688965e-01
2.245478630065917969e-01
-6.883442401885986328e-01
2.419137805700302124e-01
-1.641184836626052856e-01
-3.894066214561462402e-01
4.448772668838500977e-01
5.348580479621887207e-01
-1.767146885395050049e-01
3.806764483451843262e-01
2.724832110106945038e-02
-3.923540711402893066e-01
1.203824505209922791e-01
1.903065145015716553e-01
5.924565792083740234e-01
3.025999367237091064e-01
1.048867583274841309e+00
5.827826261520385742e-01
-3.376369476318359375e-01
-2.294174395501613617e-02
-9.758359938859939575e-02
-1.012677177786827087e-01
2.736705355346202850e-02
-2.870978228747844696e-02
3.946279883384704590e-01
4.321137368679046631e-01
-2.423686683177947998e-01
5.222133994102478027e-01
-2.222144156694412231e-01
3.866147100925445557e-01
6.648044586181640625e-01
1.083955764770507812e-01
-5.892997980117797852e-01
1.673323214054107666e-01
-8.206994831562042236e-02
7.281520217657089233e-02
3.317606151103973389e-01
-3.427127003669738770e-01
1.319663133472204208e-02
6.122717261314392090e-01
-4.226537644863128662e-01
3.931874632835388184e-01
3.076604008674621582e-01
8.808282017707824707e-02
1.218467429280281067e-01
7.646665573120117188e-01
-8.399562835693359375e-01
-1.950248181819915771e-01
-5.525953769683837891e-01
3.458180725574493408e-01
-2.371902018785476685e-01
4.513113573193550110e-02
3.114748299121856689e-01
2.173816859722137451e-01
-1.895550489425659180e-01
6.496112942695617676e-01
6.764152050018310547e-01
2.186957895755767822e-01
-1.141193881630897522e-01
1.072347760200500488e-01
-2.517329752445220947e-01
2.462625056505203247e-01
2.548531889915466309e-01
-2.175791859626770020e-01
8.665801286697387695e-01
5.752648115158081055e-01
-5.439170002937316895e-01
3.297066986560821533e-01
8.667385578155517578e-02
8.881535381078720093e-03
2.613263130187988281e-01
3.720906972885131836e-01
6.388189643621444702e-02
-1.467996686697006226e-01
1.271180361509323120e-01
-4.630362689495086670e-01
4.297676309943199158e-02
3.265628218650817871e-01
3.117274045944213867e-01
-2.905001342296600342e-01
4.333157539367675781e-01
-9.830746650695800781e-01
-3.846551850438117981e-02
-7.580170780420303345e-02
-4.551770985126495361e-01
-2.044372409582138062e-01
2.136702090501785278e-01
3.981432914733886719e-01
2.187799513339996338e-01
2.131392247974872589e-02
2.879180014133453369e-01
3.600006997585296631e-01
-4.882988929748535156e-01
-4.656622111797332764e-01
-3.775344789028167725e-01
-2.869172096252441406e-01
-4.984479248523712158e-01
1.346706449985504150e-01
1.688643693923950195e-01
-1.034902483224868774e-01
2.419407814741134644e-01
-7.162228971719741821e-02
-9.592705965042114258e-02
-2.189303487539291382e-01
-9.636124223470687866e-02
-4.116052389144897461e-01
2.723774611949920654e-01
-3.156502842903137207e-01
-7.151988148689270020e-02
-3.646566867828369141e-01
-1.981547176837921143e-01
-6.787165999412536621e-02
2.014679163694381714e-01
-6.869871914386749268e-02
2.655750811100006104e-01
1.080720946192741394e-01
-3.848257660865783691e-01
-3.256007432937622070e-01
4.987432807683944702e-02
-1.721703074872493744e-02
-1.228146851062774658e-01
1.268459260463714600e-01
-6.627222299575805664e-01
8.470744639635086060e-02
2.947590649127960205e-01
-4.002108052372932434e-02
3.826031088829040527e-01
8.875246345996856689e-02
-1.535616666078567505e-01
1.680743843317031860e-01
-4.977100193500518799e-01
-4.362026154994964600e-01
2.536221742630004883e-01
2.021785676479339600e-01
6.031694412231445312e-01
-5.029333233833312988e-01
5.827488750219345093e-02
1.155042797327041626e-01
2.091680765151977539e-01
-2.273476123809814453e-01
1.712425053119659424e-01
2.128255218267440796e-01
3.289028704166412354e-01
-5.778028368949890137e-01
1.107291057705879211e-01
2.923965752124786377e-01
-2.823818325996398926e-01
8.939701318740844727e-02
-8.471359610557556152e-01
-1.380451619625091553e-01
-2.250392585992813110e-01
4.317936003208160400e-01
1.723191142082214355e-01
4.020773768424987793e-01
1.806239336729049683e-01
1.877376288175582886e-01
-3.379820287227630615e-02
6.999465823173522949e-01
-4.990430176258087158e-01
1.257968693971633911e-01
5.711179599165916443e-02
1.094795912504196167e-01
-5.368371009826660156e-01
-1.459943410009145737e-02
-5.171396732330322266e-01
-2.557180225849151611e-01
2.843985259532928467e-01
-4.010525047779083252e-01
1.907579153776168823e-01
1.280768364667892456e-01
8.939680457115173340e-02
7.043131440877914429e-02
-5.327541232109069824e-01
-3.241606950759887695e-01
-1.485273148864507675e-02
-3.249143958091735840e-01
-4.110016673803329468e-02
-8.407930731773376465e-01
-2.582993507385253906e-01
3.305338323116302490e-01
-2.220366150140762329e-01
-4.268978834152221680e-01
-1.162703633308410645e-01
-9.047541022300720215e-02
5.292381644248962402e-01
5.000279545783996582e-01
3.122482001781463623e-01
9.298303723335266113e-01
-2.509567439556121826e-01
-1.114377230405807495e-01
2.830405905842781067e-02
-4.780644774436950684e-01
3.571437001228332520e-01
4.076652526855468750e-01
5.868182778358459473e-01
1.142890974879264832e-01
-2.169931083917617798e-01
-4.546995162963867188e-01
9.941146522760391235e-02
-1.613310910761356354e-02
-6.620632410049438477e-01
-1.776632219552993774e-01
-1.059710502624511719e+00
-6.048519536852836609e-02
6.656494140625000000e-01
2.014149874448776245e-01
3.151189386844635010e-01
4.305687546730041504e-01
2.440414130687713623e-01
-5.699764490127563477e-01
4.204980432987213135e-01
1.676678359508514404e-01
1.915765739977359772e-02
1.420239359140396118e-01
6.871590614318847656e-01
1.473890691995620728e-01
8.024723269045352936e-03
-4.433068931102752686e-01
9.504465013742446899e-02
3.997813165187835693e-02
-2.411698549985885620e-02
3.626878559589385986e-01
-4.780017733573913574e-01
8.473029136657714844e-01
-6.651752591133117676e-01
-2.960062026977539062e-01
1.025626510381698608e-01
3.995016813278198242e-01
9.541693925857543945e-01
1.043368428945541382e-01
-8.708744496107101440e-02
3.648732900619506836e-01
3.194541931152343750e-01
3.390274047851562500e-01
5.143599510192871094e-01
-2.395902574062347412e-01
3.302102088928222656e-01
-1.981049627065658569e-01
-1.889048218727111816e-01
1.767266839742660522e-01
2.962013334035873413e-02
-9.925657510757446289e-02
-1.682347506284713745e-01
-3.167098760604858398e-01
-1.523833274841308594e-01
4.955048859119415283e-01
2.268837541341781616e-01
1.926844120025634766e-01
-5.541527271270751953e-01
7.032515108585357666e-02
-3.328529372811317444e-02
-3.319462835788726807e-01
1.528817713260650635e-01
2.668389976024627686e-01
1.108457446098327637e-01
1.955928802490234375e-01
-3.691360354423522949e-01
-3.362082839012145996e-01
3.597840964794158936e-01
-1.949020028114318848e-01
-1.758316606283187866e-01
1.061925143003463745e-01
2.661526575684547424e-02
3.532139360904693604e-01
1.012011431157588959e-02
2.681230306625366211e-01
-1.272066712379455566e+00
2.681862711906433105e-01
1.680143773555755615e-01
-4.853494763374328613e-01
-7.611155509948730469e-01
3.205640614032745361e-01
4.997768104076385498e-01
-3.107368573546409607e-02
4.601459503173828125e-01
-3.434426486492156982e-01
-5.542794242501258850e-02
4.435470700263977051e-01
-2.670686841011047363e-01
-1.100541427731513977e-01
7.120866179466247559e-01
-4.085641503334045410e-01
-3.140021860599517822e-01
6.411463022232055664e-02
-1.039409860968589783e-01
-2.862548828125000000e-01
8.251391053199768066e-01
-3.764526247978210449e-01
6.225532889366149902e-01
6.138459593057632446e-02
1.095029830932617188e+00
-6.771337240934371948e-02
-4.307169914245605469e-01
-4.084938764572143555e-01
-2.904953360557556152e-01
-1.693338900804519653e-01
-4.504884034395217896e-02
-4.433599766343832016e-03
-6.463521718978881836e-01
4.211560189723968506e-01
3.182522654533386230e-01
-3.743876516819000244e-01
-7.586300969123840332e-01
5.445854067802429199e-01
-8.029715418815612793e-01
-3.335612416267395020e-01
1.029041171073913574e+00
-5.363185405731201172e-01
2.613350450992584229e-01
1.328437179327011108e-01
-2.678374946117401123e-01
-7.573798298835754395e-02
-2.397616356611251831e-01
-2.434497624635696411e-01
3.335753083229064941e-02
3.070891834795475006e-03
2.855881452560424805e-01
5.729381367564201355e-02
9.861971437931060791e-02
-3.081216216087341309e-01
2.212722003459930420e-01
-1.285481750965118408e-01
7.484245300292968750e-02
1.336596757173538208e-01
-3.679822981357574463e-01
-3.274417817592620850e-01
3.696688264608383179e-02
-5.323524475097656250e-01
-4.346542656421661377e-01
3.016915917396545410e-01
2.489339858293533325e-01
-1.084134578704833984e-01
-4.710926711559295654e-01
-4.003348946571350098e-01
1.674206107854843140e-01
-2.165332203730940819e-03
3.190625458955764771e-02
-1.893808096647262573e-01
2.032102644443511963e-01
-9.155073203146457672e-03
-3.272715806961059570e-01
-9.400915354490280151e-02
-7.015703916549682617e-01
-1.360220313072204590e-01
1.654812879860401154e-02
2.047385126352310181e-01
-8.889234811067581177e-02
6.150913834571838379e-01
6.917169690132141113e-02
-5.402833223342895508e-01
-2.585451304912567139e-01
-8.370968699455261230e-02
-1.535352412611246109e-02
4.318447113037109375e-01
1.854791641235351562e+00
1.805892586708068848e-01
-4.356319010257720947e-01
-2.997541427612304688e-01
-7.546284049749374390e-02
-2.630633115768432617e-01
-6.682180762290954590e-01
5.741865634918212891e-01
2.590638995170593262e-01
-1.909274756908416748e-01
2.187531143426895142e-01
-4.712924361228942871e-02
-3.083266913890838623e-01
3.300673365592956543e-01
-5.398146063089370728e-02
-4.879609942436218262e-01
-1.490396559238433838e-01
4.032645523548126221e-01
6.771325469017028809e-01
2.437320351600646973e-01
2.978533506393432617e-01
6.808470934629440308e-02
1.993461512029170990e-02
5.288112908601760864e-03
8.983901888132095337e-02
-1.013354212045669556e-02
1.624202877283096313e-01
2.269604355096817017e-01
-1.242954254150390625e+00
1.354898810386657715e+00
-1.066938281059265137e+00
-4.184986650943756104e-01
-7.760652899742126465e-02
-1.310091018676757812e-01
1.593846268951892853e-02
-1.575608924031257629e-02
1.877299994230270386e-01
2.411349415779113770e-01
-1.096708029508590698e-01
2.340152412652969360e-01
1.030733063817024231e-01
3.228006362915039062e-01
-2.474248968064785004e-02
1.423405390232801437e-02
2.572990953922271729e-01
-1.153843030333518982e-01
1.052931621670722961e-01
2.756434381008148193e-01
6.370094418525695801e-01
9.450706094503402710e-02
4.375112950801849365e-01
-2.440680116415023804e-01
-2.631651163101196289e-01
1.118072792887687683e-01
1.203862905502319336e+00
8.077653497457504272e-02
-1.254590302705764771e-01
5.354267954826354980e-01
-3.894105255603790283e-01
-3.564947098493576050e-02
-2.452216297388076782e-01
-2.275734096765518188e-01
1.803444698452949524e-02
-4.264164268970489502e-01
-5.097950100898742676e-01
1.755393594503402710e-01
-5.794835090637207031e-01
-3.784706583246588707e-03
1.723551154136657715e-01
2.502880096435546875e-01
7.757633179426193237e-02
4.299378097057342529e-01
1.507294923067092896e-01
1.202911138534545898e+00
6.670869886875152588e-02
-3.875073790550231934e-01
5.340851545333862305e-01
4.332916438579559326e-02
-2.933932840824127197e-01
2.903533577919006348e-01
-2.395004183053970337e-01
-1.611265689134597778e-01
2.089891955256462097e-02
-5.453139171004295349e-02
6.412616968154907227e-01
2.830077894032001495e-02
-5.606649816036224365e-02
-1.988253295421600342e-01
5.035060048103332520e-01
-5.642385482788085938e-01
2.239379882812500000e-01
1.718140691518783569e-01
-1.550499796867370605e-01
1.618708670139312744e-01
-6.358974147588014603e-03
-5.008527636528015137e-01
5.062257871031761169e-02
-4.478583112359046936e-02
1.386464834213256836e-01
2.230432778596878052e-01
-6.384634971618652344e-01
-8.534989506006240845e-02
6.898641120642423630e-03
-4.004263877868652344e-01
3.544613122940063477e-01
1.578771173954010010e-01
-3.429445624351501465e-01
-7.404585480690002441e-01
3.125752508640289307e-01
5.765929352492094040e-03
1.809582859277725220e-01
-1.731837540864944458e-01
4.863510429859161377e-01
3.203490078449249268e-01
-2.647266164422035217e-02
-6.580411922186613083e-03
3.390958011150360107e-01
-4.509625136852264404e-01
6.276879459619522095e-02
-9.511233656667172909e-04
-4.746755659580230713e-01
-1.940254271030426025e-01
7.575754821300506592e-02
-2.133263945579528809e-01
-1.120431780815124512e+00
4.294221401214599609e-01
-9.062612801790237427e-02
-5.628066658973693848e-01
-4.359929859638214111e-01
-5.503486990928649902e-01
1.459559649229049683e-01
4.305254817008972168e-01
2.767516374588012695e-01
-1.120604053139686584e-01
-5.005657672882080078e-01
3.313197493553161621e-01
-2.062910944223403931e-01
-2.522104382514953613e-01
-1.773609779775142670e-02
2.774585783481597900e-01
2.988629415631294250e-02
-3.917580246925354004e-01
-4.210832715034484863e-01
-5.604041218757629395e-01
3.395963832736015320e-02
-3.675058856606483459e-02
-7.988588213920593262e-01
3.824599683284759521e-01
-3.456345796585083008e-01
-1.338039040565490723e-01
3.479886651039123535e-01
3.392791450023651123e-01
-1.463434696197509766e-01
2.940788567066192627e-01
-4.292533993721008301e-01
-5.611554384231567383e-01
3.226508572697639465e-02
2.066039741039276123e-01
8.395707011222839355e-01
4.033555462956428528e-02
5.181976556777954102e-01
-8.120087534189224243e-02
3.723019361495971680e-02
4.238525331020355225e-01
1.891317665576934814e-01
-9.039275348186492920e-02
4.242449998855590820e-01
8.866277337074279785e-02
6.632375121116638184e-01
-5.521383881568908691e-01
-4.943416118621826172e-01
-1.144259274005889893e-01
-1.675146669149398804e-01
-6.514965891838073730e-01
-3.851807862520217896e-02
1.303558200597763062e-01
-1.908042281866073608e-01
1.436030268669128418e-01
-7.532802224159240723e-01
-1.789881885051727295e-01
-4.023162722587585449e-01
-6.415554136037826538e-02
-1.330274492502212524e-01
-3.062911033630371094e-01
2.498491853475570679e-01
-1.139366328716278076e-01
-5.653882622718811035e-01
-5.968307703733444214e-02
1.345147490501403809e-01
-3.530291095376014709e-02
2.108220905065536499e-01
3.772723078727722168e-01
-1.280849277973175049e-01
6.224704980850219727e-01
-3.166311085224151611e-01
-3.505310118198394775e-01
-2.835621535778045654e-01
-4.738098010420799255e-02
4.168483912944793701e-01
5.017125010490417480e-01
-1.419654190540313721e-01
2.608292363584041595e-02
1.906916201114654541e-01
3.832283243536949158e-02
1.081384494900703430e-01
8.325847983360290527e-02
-9.801809489727020264e-02
-1.056845411658287048e-01
5.884984731674194336e-01
-2.059411555528640747e-01
-1.003489792346954346e-01
-3.261879086494445801e-01
6.165102869272232056e-02
-1.102367192506790161e-01
1.781607419252395630e-01
3.867572844028472900e-01
7.124585658311843872e-02
-1.663478910923004150e-01
-1.735047250986099243e-01
2.823703885078430176e-01
-1.051293253898620605e+00
-4.350035488605499268e-01
-2.482876777648925781e-01
-2.347380816936492920e-01
-2.681061029434204102e-01
-4.369286596775054932e-01
6.109378337860107422e-01
1.861104965209960938e-01
4.728031754493713379e-01
-3.011112809181213379e-01
-1.668955534696578979e-01
9.917061775922775269e-02
-6.448049098253250122e-03
-3.355403840541839600e-01
-1.538873165845870972e-01
5.076545756310224533e-03
2.081934064626693726e-01
-1.834108978509902954e-01
5.813357234001159668e-01
-2.653841078281402588e-01
-2.228776924312114716e-02
-2.071754485368728638e-01
-2.366028428077697754e-01
-1.829814463853836060e-01
-1.926099807024002075e-01
-1.557857990264892578e-01
3.002665042877197266e-01
-4.759819805622100830e-01
2.325496524572372437e-01
-8.998712301254272461e-01
-2.921171858906745911e-02
9.316097199916839600e-02
1.534790545701980591e-01
-1.925170570611953735e-01
4.139073193073272705e-01
2.233224362134933472e-01
1.391333490610122681e-01
-2.724809050559997559e-01
1.646244525909423828e-01
-3.902871534228324890e-02
1.559598088264465332e+00
-4.548427760601043701e-01
-3.084099888801574707e-01
-7.405598461627960205e-02
2.036761194467544556e-01
-2.570898234844207764e-01
-1.368972659111022949e-02
5.018224716186523438e-01
5.264582112431526184e-02
3.257249668240547180e-02
-2.429782152175903320e-01
-1.915298104286193848e-01
-4.049999415874481201e-01
-4.665684103965759277e-01
3.850529342889785767e-02
-1.519260108470916748e-01
2.016876190900802612e-01
-3.650447726249694824e-02
3.433232903480529785e-01
2.736105024814605713e-02
-1.201602071523666382e-01
2.690868973731994629e-01
-8.257735520601272583e-02
1.652353703975677490e-01
1.556224077939987183e-01
1.349858641624450684e-01
-9.310181140899658203e-01
-1.816844008862972260e-02
-5.698002576828002930e-01
-6.224691867828369141e-02
2.620315849781036377e-01
3.093459308147430420e-01
-9.732904285192489624e-02
5.328046679496765137e-01
1.635168790817260742e-01
1.303998082876205444e-01
-1.357064098119735718e-01
3.160053193569183350e-01
-5.396873503923416138e-02
2.016571611166000366e-01
8.776004612445831299e-02
3.117565996944904327e-03
3.206734657287597656e-01
-3.417816460132598877e-01
