1.229842305183410645e+00
9.634350985288619995e-02
-8.567259907722473145e-01
-6.655409187078475952e-02
-5.143555402755737305e-01
6.724143028259277344e-01
-7.374309897422790527e-01
-7.014190405607223511e-02
3.879234790802001953e-01
3.063941299915313721e-01
6.582234501838684082e-01
1.532391011714935303e-01
6.091220378875732422e-01
3.293110430240631104e-01
-4.850951433181762695e-01
-8.436158299446105957e-02
-3.504162728786468506e-01
-1.880134791135787964e-01
1.110483050346374512e+00
1.275213599205017090e+00
-1.029939651489257812e+00
-6.363980006426572800e-03
-8.481432199478149414e-01
-8.118468523025512695e-02
-4.072700142860412598e-01
-2.870827615261077881e-01
-4.049024283885955811e-01
1.645150899887084961e+00
-7.803024053573608398e-01
-9.246619790792465210e-02
-1.565498858690261841e-01
-5.986924516037106514e-04
8.211382627487182617e-01
-9.254176169633865356e-02
-1.034827709197998047e+00
-1.927469074726104736e-01
1.571370482444763184e+00
8.912153542041778564e-02
9.802142977714538574e-01
1.002239510416984558e-01
9.843425750732421875e-01
-8.522747755050659180e-01
-1.727350205183029175e-01
-6.205485463142395020e-01
-4.134067595005035400e-01
7.586796879768371582e-01
2.149655371904373169e-01
-2.323272377252578735e-01
-5.291758775711059570e-01
-7.856647670269012451e-02
-8.724763393402099609e-01
-7.731873393058776855e-01
-2.808133661746978760e-01
-1.053330183029174805e+00
2.252396792173385620e-01
-3.337935209274291992e-01
6.986532211303710938e-01
-7.278488874435424805e-01
9.999077320098876953e-01
8.423607349395751953e-01
-7.563756704330444336e-01
6.370642185211181641e-01
7.099307328462600708e-02
3.235229551792144775e-01
3.082709908485412598e-01
-5.927045345306396484e-01
3.202524185180664062e-01
2.629798054695129395e-01
1.902130395174026489e-01
-6.678702831268310547e-01
6.504502296447753906e-01
5.620956420898437500e-01
-7.621619850397109985e-02
-2.463530004024505615e-02
-2.412555813789367676e-01
-4.306428879499435425e-02
-7.896796613931655884e-02
8.428839445114135742e-01
-9.353290200233459473e-01
-2.384022325277328491e-01
3.911608457565307617e-01
-6.072483658790588379e-01
-8.011728525161743164e-01
-8.530004620552062988e-01
-3.303285688161849976e-02
2.063062191009521484e-01
1.152619272470474243e-01
-2.078421860933303833e-01
3.508942425251007080e-01
2.848581075668334961e-01
-2.917718291282653809e-01
-5.783713459968566895e-01
8.784090727567672729e-02
1.685654073953628540e-01
-3.936429619789123535e-01
1.392644792795181274e-01
1.121428608894348145e+00
-3.652031123638153076e-01
8.310998082160949707e-01
6.387245655059814453e-01
-2.297039777040481567e-01
2.762501835823059082e-01
5.049513578414916992e-01
4.090726375579833984e-01
-1.384012997150421143e-01
-3.537158071994781494e-01
4.847679138183593750e-01
4.244033396244049072e-01
1.508173197507858276e-01
-2.129732370376586914e-01
4.304800629615783691e-01
3.716906607151031494e-01
-2.293197512626647949e-01
-9.135608375072479248e-02
7.715167850255966187e-02
-1.441190242767333984e-01
-1.053666472434997559e-01
4.764292836189270020e-01
-5.149889588356018066e-01
-2.676281929016113281e-01
-8.247812390327453613e-01
5.541543364524841309e-01
-1.237162202596664429e-02
-2.179901599884033203e-01
5.291551351547241211e-01
-7.312554717063903809e-01
2.004160284996032715e-01
1.814703345298767090e-01
4.182716906070709229e-01
-3.959142267704010010e-01
3.583613336086273193e-01
6.784478425979614258e-01
-7.696390151977539062e-02
-2.652858793735504150e-01
-2.216886579990386963e-01
-5.551506206393241882e-02
1.402458846569061279e-01
7.305402159690856934e-01
-7.639126181602478027e-01
-4.355143904685974121e-01
2.762479186058044434e-01
-2.295993268489837646e-01
-7.209867984056472778e-02
2.841354608535766602e-01
4.650552570819854736e-02
2.173790782690048218e-01
-1.027678325772285461e-01
-3.750557899475097656e-01
1.618653163313865662e-02
6.877309679985046387e-01
-4.499784409999847412e-01
-7.733526825904846191e-02
1.844192296266555786e-01
3.039841055870056152e-01
-3.150402605533599854e-01
2.049143314361572266e-01
-2.207812666893005371e-01
-6.405298709869384766e-01
4.376386702060699463e-01
-1.691396534442901611e-01
-6.274598836898803711e-01
4.583904147148132324e-01
1.063962221145629883e+00
6.205324530601501465e-01
-1.537424512207508087e-02
-1.899673640727996826e-01
-2.731499969959259033e-01
4.505448341369628906e-01
-1.363639235496520996e-01
-6.590104103088378906e-01
2.542328238487243652e-01
4.293316304683685303e-01
2.099758982658386230e-01
-5.356079936027526855e-01
5.835092663764953613e-01
-7.427386194467544556e-02
-6.141442656517028809e-01
4.054397046566009521e-01
-1.002237915992736816e+00
-3.992158174514770508e-01
3.869766891002655029e-01
-4.614597260951995850e-01
-7.180154323577880859e-01
-8.579356074333190918e-01
-3.562434613704681396e-01
5.826170444488525391e-01
9.073092341423034668e-01
-5.459372401237487793e-01
-4.851471781730651855e-01
-1.010505557060241699e-01
-2.790681123733520508e-01
-5.553240776062011719e-01
-7.321600317955017090e-01
-5.860921740531921387e-01
-1.698129296302795410e+00
-4.484222233295440674e-01
1.095448493957519531e+00
-2.175207287073135376e-01
8.122048377990722656e-01
3.888866305351257324e-01
-4.220712482929229736e-01
1.452558636665344238e-01
4.891345202922821045e-01
2.394335120916366577e-01
1.693121194839477539e-01
-2.283090800046920776e-01
1.270010787993669510e-02
4.031503498554229736e-01
-2.057169973850250244e-01
-6.921688914299011230e-01
4.167923331260681152e-01
3.113589286804199219e-01
-1.187701225280761719e-01
-5.569014549255371094e-01
6.250482797622680664e-02
-7.652550935745239258e-02
-1.722734421491622925e-01
2.817270159721374512e-01
-8.006089925765991211e-01
-1.330781728029251099e-01
-3.864931464195251465e-01
1.408033519983291626e-01
4.342718124389648438e-01
4.749229848384857178e-01
-4.949525296688079834e-01
-1.542595028877258301e-01
-8.583968877792358398e-01
6.854059100151062012e-01
-2.182278484106063843e-01
1.177994385361671448e-01
8.934805169701576233e-03
1.949072256684303284e-02
4.975945353507995605e-01
4.629532098770141602e-01
6.777000427246093750e-01
-1.129139959812164307e-01
-9.030870199203491211e-01
3.776867389678955078e-01
-6.267629861831665039e-01
-4.312536418437957764e-01
-5.675547122955322266e-01
1.691539287567138672e-01
3.308795988559722900e-01
4.530926346778869629e-01
-1.529445797204971313e-01
-3.082688450813293457e-01
-5.872874855995178223e-01
3.874489665031433105e-01
-4.311351478099822998e-01
-8.650287985801696777e-02
4.299333989620208740e-01
2.481864988803863525e-01
2.750457823276519775e-01
-5.282199382781982422e-02
1.299325972795486450e-01
-8.325321227312088013e-02
-5.168216824531555176e-01
5.311695933341979980e-01
-6.031889915466308594e-01
-2.565172314643859863e-01
-1.716344268061220646e-04
3.011974096298217773e-01
-4.698026478290557861e-01
-9.942586719989776611e-02
7.893998175859451294e-03
-2.717372775077819824e-01
7.077752351760864258e-01
-2.787429988384246826e-01
-4.690265282988548279e-02
-1.219117492437362671e-01
3.208252787590026855e-01
1.961470395326614380e-01
-7.866027206182479858e-02
6.377429515123367310e-02
-2.461405277252197266e+00
-1.021842360496520996e-01
1.955706477165222168e-01
2.176072895526885986e-01
-2.724925577640533447e-01
3.412798792123794556e-02
-8.252054452896118164e-01
6.648570895195007324e-01
7.883127033710479736e-02
1.205376684665679932e-01
2.754191458225250244e-01
-8.942287564277648926e-01
4.074981808662414551e-02
8.670253753662109375e-01
2.466882616281509399e-01
-6.543267369270324707e-01
4.988552629947662354e-01
5.257067084312438965e-01
7.666326314210891724e-02
-4.361321330070495605e-01
-2.540731430053710938e-01
-2.100443542003631592e-01
-1.639952957630157471e-01
9.738745689392089844e-01
-1.083959102630615234e+00
-5.630965828895568848e-01
9.686388373374938965e-01
-6.437339186668395996e-01
-2.089720666408538818e-01
-1.104398846626281738e+00
8.799962401390075684e-01
1.647195070981979370e-01
5.074541568756103516e-01
6.634412407875061035e-01
-3.014646470546722412e-01
-3.476033508777618408e-01
-2.096293717622756958e-01
-5.103901624679565430e-01
1.623476445674896240e-01
-1.785844922065734863e+00
-5.127617344260215759e-02
1.760647445917129517e-01
8.055217266082763672e-01
-2.353321164846420288e-01
1.985329151153564453e+00
1.499000191688537598e+00
-3.975004553794860840e-01
2.793166935443878174e-01
6.501552462577819824e-01
2.953447401523590088e-01
1.362881213426589966e-01
-2.782241404056549072e-01
-7.942356914281845093e-02
2.064742594957351685e-01
-3.232156336307525635e-01
-7.083397358655929565e-02
3.321772217750549316e-01
3.274455964565277100e-01
-1.178672760725021362e-01
-1.495803743600845337e-01
3.811641633510589600e-01
-3.501845598220825195e-01
-7.406730651855468750e-01
1.085528954863548279e-01
-4.662366211414337158e-01
-4.288211166858673096e-01
5.674585103988647461e-01
-6.390555500984191895e-01
-1.564246296882629395e+00
-5.902087688446044922e-01
-1.853630244731903076e-01
5.393710136413574219e-01
4.863979294896125793e-02
-6.551767587661743164e-01
-4.998063445091247559e-01
1.117681384086608887e+00
-3.819707930088043213e-01
-5.826294422149658203e-01
1.901167035102844238e-01
1.203011512756347656e+00
5.996055528521537781e-02
1.164566725492477417e-01
7.626203894615173340e-01
-7.986191511154174805e-01
1.167858958244323730e+00
4.446629583835601807e-01
-6.449993252754211426e-01
1.832395344972610474e-01
7.781072258949279785e-01
6.344900727272033691e-01
1.866774708032608032e-01
-3.001545667648315430e-01
-3.592502176761627197e-01
2.768859565258026123e-01
-6.516269594430923462e-02
-3.517950475215911865e-01
1.518069803714752197e-01
4.374512434005737305e-01
1.829474419355392456e-01
-4.320986866950988770e-01
3.164438903331756592e-01
-1.698373258113861084e-01
-1.035752296447753906e+00
6.202381253242492676e-01
-7.539331316947937012e-01
-5.348615646362304688e-01
-8.176625967025756836e-01
3.903054594993591309e-01
-2.415811568498611450e-01
3.709466159343719482e-01
1.897883974015712738e-02
-6.288532018661499023e-01
-2.201529592275619507e-02
4.782332479953765869e-01
2.109090387821197510e-01
-1.169614553451538086e+00
4.444283843040466309e-01
9.304760694503784180e-01
2.899050414562225342e-01
-6.490921974182128906e-01
3.545425236225128174e-01
-2.971529662609100342e-01
8.655469864606857300e-03
1.465364575386047363e+00
-8.944950699806213379e-01
-3.704222738742828369e-01
-8.529084920883178711e-01
7.257215380668640137e-01
-1.154393628239631653e-01
-1.851350963115692139e-01
4.386934638023376465e-01
-8.843388557434082031e-01
3.524915575981140137e-01
-2.552232444286346436e-01
5.737372040748596191e-01
-3.264213800430297852e-01
5.489141941070556641e-01
8.432858586311340332e-01
-2.968143820762634277e-01
-2.700670361518859863e-01
-3.618766665458679199e-01
4.372099414467811584e-02
-1.081654056906700134e-01
9.477350115776062012e-01
-9.218809604644775391e-01
-3.858085274696350098e-01
-1.410992741584777832e+00
1.036276102066040039e+00
4.264554008841514587e-02
8.319155573844909668e-01
7.904798537492752075e-02
-3.347704410552978516e-01
2.222076803445816040e-01
-8.497253656387329102e-01
4.950993657112121582e-01
6.590763330459594727e-01
5.480783581733703613e-01
4.485699534416198730e-01
-5.669419169425964355e-01
1.539307713508605957e+00
8.321050554513931274e-02
-1.420756876468658447e-01
-1.038131952285766602e+00
4.706130325794219971e-01
-1.876592278480529785e+00
-1.581193566322326660e+00
-1.176695704460144043e+00
8.760782480239868164e-01
-3.155768811702728271e-01
5.183200240135192871e-01
1.635003834962844849e-01
-7.839617729187011719e-01
-1.842031329870223999e-01
9.685053229331970215e-01
3.873705565929412842e-01
-1.367197632789611816e+00
6.360237002372741699e-01
9.420696496963500977e-01
6.729689836502075195e-01
-6.134658455848693848e-01
2.737218886613845825e-02
1.014748495072126389e-02
-2.704608738422393799e-01
1.434100151062011719e+00
-1.454782724380493164e+00
-7.887690067291259766e-01
-3.906054198741912842e-01
3.870775923132896423e-02
-1.599332094192504883e-01
-4.350564479827880859e-01
2.517355978488922119e-01
-1.499524805694818497e-02
9.421575814485549927e-02
-3.435320258140563965e-01
3.049319386482238770e-01
-3.002728819847106934e-01
-4.063988327980041504e-01
-5.734457969665527344e-01
4.965887591242790222e-02
4.259465634822845459e-02
5.574821829795837402e-01
-9.262906014919281006e-02
-4.770574867725372314e-01
-4.765110909938812256e-01
-2.930145263671875000e-01
-5.696466565132141113e-01
2.362385541200637817e-01
-6.149604320526123047e-01
3.084340095520019531e-01
2.387701272964477539e-01
-1.560878241434693336e-03
2.268445044755935669e-01
-1.871358275413513184e+00
4.539358913898468018e-01
8.625925779342651367e-01
5.466668605804443359e-01
-2.981733381748199463e-01
-4.443437606096267700e-02
-4.751729965209960938e-01
1.868670433759689331e-01
9.919084608554840088e-02
7.764555215835571289e-01
8.446031063795089722e-02
-1.136381849646568298e-01
1.079708784818649292e-01
-3.715783730149269104e-02
-1.580876260995864868e-01
-6.401034593582153320e-01
1.125913932919502258e-01
-1.755215674638748169e-01
-2.200345881283283234e-02
2.979696691036224365e-01
-6.567414849996566772e-02
2.056172490119934082e-01
1.689457774162292480e+00
8.948296904563903809e-01
-2.919487655162811279e-01
3.895480558276176453e-02
-5.149666666984558105e-01
6.306394338607788086e-01
1.034630089998245239e-02
3.614417910575866699e-01
-2.187940031290054321e-01
1.168231293559074402e-01
1.701790988445281982e-01
-1.350416839122772217e-01
-2.295956388115882874e-02
-4.356377422809600830e-01
1.112914383411407471e-01
-4.558957815170288086e-01
1.278350353240966797e-01
5.597015842795372009e-02
-3.376771509647369385e-02
7.980648428201675415e-03
1.065746843814849854e-01
4.875110387802124023e-01
6.732301414012908936e-02
-1.999550610780715942e-01
1.706382513046264648e+00
2.435890883207321167e-01
7.867659628391265869e-02
1.661545131355524063e-03
-6.068282946944236755e-02
-2.202735655009746552e-02
-1.589699506759643555e+00
-8.526941388845443726e-02
2.512255012989044189e-01
-6.222788691520690918e-01
2.004124820232391357e-01
-2.140119671821594238e-01
-5.322156548500061035e-01
7.962821125984191895e-01
-4.260212481021881104e-01
6.492964029312133789e-01
-2.303598821163177490e-01
3.999387472867965698e-02
-4.352360218763351440e-02
-5.433807969093322754e-01
-3.080253899097442627e-01
2.335090190172195435e-01
-1.168069466948509216e-01
8.621100783348083496e-01
3.754355311393737793e-01
3.526003286242485046e-02
-5.016414076089859009e-02
-1.379767507314682007e-01
-1.081707105040550232e-01
-9.309120774269104004e-01
2.993626296520233154e-01
-1.829896718263626099e-01
1.322328299283981323e-01
4.747133851051330566e-01
-6.171772480010986328e-01
3.767092823982238770e-01
-1.076624840497970581e-01
8.651288747787475586e-01
5.746956169605255127e-02
-1.007906049489974976e-01
-4.015413820743560791e-01
5.814170837402343750e-01
-1.604932993650436401e-01
8.821876049041748047e-01
1.983576118946075439e-01
1.817422956228256226e-01
5.261940956115722656e-01
-8.304876834154129028e-02
7.478701472282409668e-01
4.790067672729492188e-01
-1.603939831256866455e-01
5.520970821380615234e-01
-1.564554274082183838e-01
-7.637578845024108887e-01
6.035447120666503906e-01
-1.281895935535430908e-01
-1.459756970405578613e+00
-3.144674897193908691e-01
-3.911153599619865417e-02
3.795967400074005127e-01
9.814550876617431641e-01
-6.338416934013366699e-01
-2.383954636752605438e-02
-1.973052322864532471e-01
2.588657140731811523e-01
3.520393669605255127e-01
-3.262244537472724915e-02
8.214089274406433105e-01
-5.052080750465393066e-02
4.515760540962219238e-01
8.595523424446582794e-03
2.328635156154632568e-01
-2.657099068164825439e-02
-6.367619633674621582e-01
1.076717302203178406e-01
-1.923267990350723267e-01
-1.594732403755187988e+00
-6.831448078155517578e-01
2.202759683132171631e-01
1.144204437732696533e-01
4.366098046302795410e-01
-4.015712440013885498e-01
8.053044974803924561e-02
-3.726308941841125488e-01
4.589304700493812561e-02
-2.540572881698608398e-01
7.507327944040298462e-02
1.305941641330718994e-01
3.171758949756622314e-01
-1.703422069549560547e-01
6.347130537033081055e-01
3.719460070133209229e-01
-9.538675844669342041e-02
1.690607905387878418e+00
-2.182286381721496582e-01
9.121255278587341309e-01
-1.881600022315979004e-01
9.583421051502227783e-03
1.148230284452438354e-01
7.788830250501632690e-02
-2.773236483335494995e-02
6.395441889762878418e-01
-1.569160372018814087e-01
2.559081912040710449e-01
1.214571744203567505e-01
1.940244995057582855e-02
1.826457828283309937e-01
1.771518029272556305e-02
1.481704860925674438e-01
1.799952089786529541e-01
-3.379171341657638550e-02
2.980117797851562500e-01
-1.301707923412322998e-01
-1.767517328262329102e-01
-1.478035748004913330e-01
-6.402528285980224609e-02
-2.175422571599483490e-02
-6.122057437896728516e-01
-3.547822535037994385e-01
2.872492074966430664e-01
1.022975221276283264e-01
-3.437795639038085938e-01
-3.667272925376892090e-01
-5.951060652732849121e-01
5.907632876187562943e-03
1.814915835857391357e-01
-1.637260466814041138e-01
2.803665101528167725e-01
-2.190642952919006348e-01
-2.476167678833007812e-01
2.829903066158294678e-01
-3.436107635498046875e-01
1.189819052815437317e-01
3.234796524047851562e-01
1.661330014467239380e-01
2.621273398399353027e-01
6.928308606147766113e-01
7.591741681098937988e-01
1.010084226727485657e-01
-8.700174093246459961e-02
-1.282438933849334717e-01
4.662890732288360596e-01
-1.812301725149154663e-01
6.262477040290832520e-01
-1.415380686521530151e-01
3.690033778548240662e-02
4.158544838428497314e-01
-1.481885761022567749e-01
8.449371159076690674e-02
4.698780775070190430e-01
-5.324961543083190918e-01
-3.353279829025268555e-01
3.226487934589385986e-01
-9.493712782859802246e-01
5.589071512222290039e-01
-5.290871858596801758e-01
-3.652958944439888000e-02
-1.000434458255767822e-01
-8.883258700370788574e-02
-1.609723865985870361e-01
6.624622941017150879e-01
-9.001285433769226074e-01
-6.237130984663963318e-02
-9.873441457748413086e-01
8.859182149171829224e-02
-1.391796767711639404e-01
-1.328698694705963135e-01
9.229782223701477051e-02
-3.136939406394958496e-01
3.610133826732635498e-01
-3.056192994117736816e-01
3.807318210601806641e-01
6.204376220703125000e-01
-8.141542077064514160e-01
2.345483154058456421e-01
-5.705479979515075684e-01
1.314014643430709839e-01
-3.243709504604339600e-01
5.240567773580551147e-02
1.981967091560363770e-01
3.559470474720001221e-01
-2.129198610782623291e-01
5.081719532608985901e-02
-8.469456434249877930e-01
1.118941511958837509e-02
-2.431822568178176880e-01
-5.363601446151733398e-02
-1.552077680826187134e-01
8.044858276844024658e-02
5.755993127822875977e-01
-1.993644088506698608e-01
-6.699074059724807739e-02
9.873671829700469971e-02
-1.555359512567520142e-01
-2.064904943108558655e-02
-3.660580217838287354e-01
-3.736241161823272705e-01
-1.294107556343078613e+00
-2.265722677111625671e-02
4.227445125579833984e-01
5.092286467552185059e-01
-5.428503155708312988e-01
2.798554301261901855e-01
-5.304882526397705078e-01
1.294105947017669678e-01
-4.667934477329254150e-01
-1.034279391169548035e-01
2.829252369701862335e-02
2.687503583729267120e-02
2.563534080982208252e-01
-1.352096945047378540e-01
2.688984386622905731e-02
-1.493776217103004456e-02
-3.542602360248565674e-01
-2.549108117818832397e-02
-1.716882884502410889e-01
-1.335820794105529785e+00
-3.599832057952880859e-01
4.314237236976623535e-01
5.640127062797546387e-01
4.938219487667083740e-01
-5.589305758476257324e-01
-1.649548262357711792e-01
-3.613447248935699463e-01
3.132399618625640869e-01
3.442795574665069580e-01
-3.748109340667724609e-01
2.538423240184783936e-01
-4.092214703559875488e-01
-6.732136011123657227e-01
2.201694697141647339e-01
-2.057246565818786621e-01
-3.971505537629127502e-02
1.969298720359802246e-01
-2.470547437667846680e+00
1.055186241865158081e-01
3.078627213835716248e-02
2.029358148574829102e-01
-9.600454568862915039e-01
-2.080428749322891235e-01
-1.829651594161987305e-01
3.375680744647979736e-01
4.567356109619140625e-01
3.365472555160522461e-01
-1.193025335669517517e-01
-3.611126542091369629e-01
-7.644920796155929565e-02
-2.732564210891723633e-01
-3.391420841217041016e-01
-3.280209898948669434e-01
1.455585956573486328e-01
9.469725936651229858e-02
-1.430863022804260254e+00
8.974363803863525391e-01
-3.046677708625793457e-01
7.021535634994506836e-01
-2.332809120416641235e-01
3.137450814247131348e-01
-2.142616063356399536e-01
-1.533849686384201050e-01
-2.173087894916534424e-01
1.625545173883438110e-01
-8.966723084449768066e-02
7.311439514160156250e-01
1.159603074193000793e-01
-2.107741534709930420e-01
1.523484438657760620e-01
4.789007455110549927e-02
-1.393963992595672607e-01
6.730087995529174805e-01
-3.101849555969238281e-01
-7.574038207530975342e-02
3.954052925109863281e-01
-6.585554480552673340e-01
2.042784541845321655e-01
-2.874957025051116943e-01
2.127164602279663086e-02
4.712127894163131714e-02
1.851012930274009705e-02
-2.114852666854858398e-01
6.261080503463745117e-02
-6.301633119583129883e-01
1.646681725978851318e-01
-2.344163507223129272e-01
2.461303584277629852e-02
1.173384711146354675e-01
-3.273697495460510254e-01
-1.751381605863571167e-01
4.376846924424171448e-02
3.286318182945251465e-01
-4.839860200881958008e-01
-1.617412120103836060e-01
2.694087028503417969e-01
-1.830959200859069824e+00
8.985726162791252136e-03
-7.218003273010253906e-01
1.296072453260421753e-01
1.440853029489517212e-01
3.251481354236602783e-01
-7.459677755832672119e-03
-4.573822394013404846e-02
-7.189590930938720703e-01
2.138390094041824341e-01
-4.382104873657226562e-01
1.804053038358688354e-01
-1.390174180269241333e-01
-1.573453992605209351e-01
1.369852721691131592e-01
4.625395536422729492e-01
-5.916441679000854492e-01
2.269841432571411133e-01
1.463974714279174805e-01
-7.178606092929840088e-02
2.233024537563323975e-01
-4.404318705201148987e-02
3.549373745918273926e-01
8.211737871170043945e-02
8.112717270851135254e-01
-2.339282929897308350e-01
2.327324897050857544e-01
-5.403670668601989746e-01
4.614904522895812988e-01
-2.768715023994445801e-01
3.805787265300750732e-01
1.223358139395713806e-02
2.628989517688751221e-01
2.621875107288360596e-01
-8.556455373764038086e-02
3.745123744010925293e-02
2.271580044180154800e-03
3.158101737499237061e-01
2.732972800731658936e-01
3.660109639167785645e-01
2.706163883209228516e+00
1.333854198455810547e-01
8.967255949974060059e-01
5.962259173393249512e-01
-2.054061591625213623e-01
-3.439696431159973145e-01
-4.719039052724838257e-02
-3.651655018329620361e-01
7.064340710639953613e-01
-7.212840914726257324e-01
4.219168126583099365e-01
-2.312557399272918701e-01
-1.039355322718620300e-01
-8.628402650356292725e-02
-6.730853766202926636e-02
3.333904594182968140e-02
-2.905987203121185303e-01
1.988270282745361328e-01
2.603260874748229980e-01
1.940064132213592529e-01
-1.006522774696350098e-01
2.079974859952926636e-01
1.939227730035781860e-01
-1.280681882053613663e-02
1.300239376723766327e-02
1.588515490293502808e-01
2.015013098716735840e-01
2.887712419033050537e-01
-3.886659443378448486e-02
2.066386491060256958e-01
1.926673389971256256e-02
-8.746654540300369263e-02
3.383479267358779907e-02
-3.330643475055694580e-01
1.808353066444396973e-01
-6.819203495979309082e-01
3.449920117855072021e-01
2.244980037212371826e-01
-1.533085256814956665e-01
4.548420608043670654e-01
-7.582629919052124023e-01
-5.804381966590881348e-01
-3.959501981735229492e-01
-5.612919330596923828e-01
4.168458878993988037e-01
-5.023298785090446472e-03
-1.697381287813186646e-01
-1.271764934062957764e-01
-3.590540885925292969e-01
-1.280440926551818848e+00
1.876807808876037598e-01
9.108198434114456177e-02
6.471323966979980469e-01
1.459210216999053955e-01
-5.417308211326599121e-01
-1.435565650463104248e-01
-5.572003871202468872e-02
-3.442470431327819824e-01
5.923102498054504395e-01
4.180581569671630859e-01
-4.483653306961059570e-01
2.647050619125366211e-01
3.239768445491790771e-01
-1.290540695190429688e-01
1.066964194178581238e-01
-1.195864081382751465e+00
-3.292171657085418701e-01
4.569827765226364136e-02
1.684552133083343506e-01
3.232147395610809326e-01
3.963098526000976562e-01
-2.276094555854797363e-01
-3.225611746311187744e-01
2.561085522174835205e-01
1.953089684247970581e-01
-5.693261628039181232e-04
-3.320992588996887207e-01
-6.245704293251037598e-01
4.282075166702270508e-01
3.128195554018020630e-02
2.123317480087280273e+00
5.149747729301452637e-01
5.686110258102416992e-01
8.059927076101303101e-02
-4.581814110279083252e-01
-1.950876116752624512e-01
-2.348171174526214600e-01
3.341023325920104980e-01
9.438340067863464355e-01
-1.059784054756164551e+00
1.388828605413436890e-01
1.389450430870056152e-01
-3.176743090152740479e-01
-9.099134057760238647e-02
5.205679535865783691e-01
3.955204188823699951e-01
-8.921955227851867676e-01
-7.637823820114135742e-01
-3.072403371334075928e-01
-3.130846470594406128e-02
1.340675592422485352e+00
7.762446999549865723e-02
7.236220990307629108e-04
4.087339341640472412e-01
-2.677279710769653320e-01
1.546017229557037354e-01
1.727914661169052124e-01
3.210695087909698486e-02
1.398478746414184570e-01
3.644998371601104736e-01
-2.198659330606460571e-01
5.511981248855590820e-02
-1.845544427633285522e-01
7.909526675939559937e-02
1.138287484645843506e-01
-1.493416309356689453e+00
-1.647027730941772461e-01
5.502755641937255859e-01
9.204508364200592041e-02
1.939862668514251709e-01
-3.012732863426208496e-01
2.891607284545898438e-01
1.407727748155593872e-01
-5.939257144927978516e-02
-3.941276073455810547e-01
3.880434930324554443e-01
3.788279294967651367e-01
3.127972483634948730e-01
-8.257914334535598755e-03
2.750340402126312256e-01
-7.256542891263961792e-02
-2.707131505012512207e-01
2.467900142073631287e-02
1.433177888393402100e-01
1.761728823184967041e-01
2.677028067409992218e-02
-3.365778326988220215e-01
1.238421201705932617e-01
-4.818382263183593750e-01
-8.310073018074035645e-01
2.330229878425598145e-01
2.085204422473907471e-02
-3.063248693943023682e-01
6.764308214187622070e-01
-4.505023658275604248e-01
3.602464199066162109e-01
3.928511440753936768e-01
1.206727981567382812e+00
3.199945390224456787e-01
-6.221254914999008179e-02
-3.241278827190399170e-01
4.021554887294769287e-01
9.795568138360977173e-02
-5.721118450164794922e-01
-3.459155559539794922e-01
6.235697865486145020e-01
3.305805623531341553e-01
-8.429459482431411743e-02
-1.036097556352615356e-01
8.307149410247802734e-01
-9.920923113822937012e-01
-5.019173622131347656e-01
2.128369233105331659e-04
-5.591911673545837402e-01
2.265128344297409058e-01
-5.518956780433654785e-01
8.864236623048782349e-02
1.755956746637821198e-02
-4.982352852821350098e-01
6.508923172950744629e-01
2.060638964176177979e-01
-3.081031143665313721e-01
-1.328904777765274048e-01
-9.021645039319992065e-02
1.833901554346084595e-01
7.535599917173385620e-02
7.937484234571456909e-02
-4.601030945777893066e-01
9.741187691688537598e-01
3.421905040740966797e-01
-6.886833310127258301e-01
-2.499005943536758423e-02
5.809603929519653320e-01
8.016136288642883301e-02
-1.299081891775131226e-01
-6.642686724662780762e-01
-8.434950709342956543e-01
1.780640184879302979e-01
-4.082147404551506042e-02
2.133966684341430664e-01
2.860793769359588623e-01
-3.257449269294738770e-01
-1.119338035583496094e+00
-1.488478779792785645e-01
7.940119504928588867e-01
-2.106802910566329956e-01
3.387833535671234131e-01
-2.164469510316848755e-01
-6.216123700141906738e-02
-2.107201367616653442e-01
-5.913139581680297852e-01
-2.097100168466567993e-01
-8.545762300491333008e-01
-4.837105572223663330e-01
2.253080308437347412e-01
2.477073818445205688e-01
5.341549590229988098e-02
-3.577688336372375488e-01
-2.055602818727493286e-01
-1.008179634809494019e-01
-1.999651640653610229e-01
-3.093237988650798798e-02
1.175208449363708496e+00
1.110156700015068054e-01
-2.124954760074615479e-01
-2.034283801913261414e-02
2.520224452018737793e-02
6.859264522790908813e-02
6.247475147247314453e-01
9.619265794754028320e-01
-2.019487023353576660e-01
-3.615359589457511902e-02
1.701306365430355072e-02
-1.424265205860137939e-01
1.799366176128387451e-01
-3.430684804916381836e-01
-1.476444955915212631e-02
-4.158535301685333252e-01
3.560902178287506104e-02
1.060329675674438477e-01
2.379858493804931641e-01
-4.041778743267059326e-01
-1.504679620265960693e-01
6.362179666757583618e-02
1.169131100177764893e-01
7.855259776115417480e-01
-1.253494322299957275e-01
1.502003669738769531e-01
3.199898600578308105e-01
-1.326193958520889282e-01
-6.965336799621582031e-01
2.413602918386459351e-01
5.384650826454162598e-01
4.499657750129699707e-01
-1.474578529596328735e-01
-4.818750023841857910e-01
-1.899594962596893311e-01
1.090303510427474976e-01
2.264907360076904297e-01
2.266324520111083984e+00
2.125144451856613159e-01
-3.618648052215576172e-01
-6.075128912925720215e-01
-2.908579707145690918e-01
2.872215509414672852e-01
7.968734502792358398e-01
3.913941234350204468e-02
1.580995917320251465e-01
-3.309318125247955322e-01
-5.885226726531982422e-01
3.799622133374214172e-02
4.463924560695886612e-03
-2.558675110340118408e-01
-3.572434931993484497e-02
-4.497625399380922318e-03
8.188091516494750977e-01
6.014378070831298828e-01
-4.862803965806961060e-02
2.812690138816833496e-01
-6.533012986183166504e-01
-4.407722949981689453e-01
7.091281414031982422e-01
3.067474961280822754e-01
-4.312891960144042969e-01
-1.550598740577697754e-01
-9.366897344589233398e-01
-3.576242327690124512e-01
-1.539967209100723267e-01
-1.558466851711273193e-01
-4.474268257617950439e-01
-6.639193296432495117e-01
7.812293171882629395e-01
-1.691378802061080933e-01
4.079898893833160400e-01
-6.059416532516479492e-01
3.940554335713386536e-02
1.317515783011913300e-02
3.089766204357147217e-01
5.027186274528503418e-01
-6.493031978607177734e-01
-4.505434334278106689e-01
3.786289095878601074e-01
-2.180826365947723389e-01
-3.529686331748962402e-01
-1.213756501674652100e-01
-5.590866804122924805e-01
1.082788035273551941e-01
-8.731965720653533936e-02
-1.356894224882125854e-01
2.568772733211517334e-01
1.840187907218933105e+00
-4.243975877761840820e-02
1.912539750337600708e-01
-3.722711205482482910e-01
2.152801603078842163e-01
-1.121954098343849182e-01
-2.307530343532562256e-01
-2.269070446491241455e-01
8.308385312557220459e-02
-5.823670029640197754e-01
9.927372448146343231e-03
-7.699275761842727661e-02
6.946228444576263428e-02
3.778585493564605713e-01
3.296123072504997253e-02
-1.333162784576416016e+00
6.488804221153259277e-01
-3.025173395872116089e-02
-5.300541520118713379e-01
-1.343705505132675171e-01
6.455757617950439453e-01
-1.638754829764366150e-02
-7.535499930381774902e-01
-3.914373519364744425e-05
4.665100276470184326e-01
5.548673272132873535e-01
1.991829425096511841e-01
-1.810358017683029175e-01
-1.354950666427612305e-01
-6.447882652282714844e-01
-5.405956506729125977e-02
3.919875919818878174e-01
7.676329016685485840e-01
1.086013391613960266e-01
-5.387257337570190430e-01
-1.236226260662078857e-01
1.337744742631912231e-01
-4.711026698350906372e-02
3.897254765033721924e-01
1.586113095283508301e+00
-3.959621191024780273e-01
6.846567988395690918e-02
5.191651582717895508e-01
-4.155203104019165039e-01
-2.364634722471237183e-01
-3.521791100502014160e-01
-1.278792228549718857e-02
-7.034976035356521606e-02
-1.603153645992279053e-01
2.985866963863372803e-01
5.826895236968994141e-01
-3.395039141178131104e-01
-6.200916171073913574e-01
3.378106951713562012e-01
2.452678233385086060e-01
-1.682673245668411255e-01
-4.588201045989990234e-01
-8.764833807945251465e-01
1.298035740852355957e+00
6.070467233657836914e-01
2.015649527311325073e-01
5.686440691351890564e-02
5.687110424041748047e-01
1.484598070383071899e-01
-4.881377220153808594e-01
-4.764249026775360107e-01
-6.714623570442199707e-01
-5.483018979430198669e-02
2.721977233886718750e-01
-2.077034562826156616e-01
4.521707892417907715e-01
-6.025500893592834473e-01
-5.689123868942260742e-01
2.858813703060150146e-01
5.345787405967712402e-01
5.365103483200073242e-01
-2.839240431785583496e-01
6.952194124460220337e-02
-3.123038411140441895e-01
-3.417067825794219971e-01
-5.293455123901367188e-01
6.917216181755065918e-01
1.134307757019996643e-01
9.326959401369094849e-02
-4.546013772487640381e-01
2.604492008686065674e-01
5.468166470527648926e-01
1.045904278755187988e+00
-3.580205440521240234e-01
3.956648409366607666e-01
-1.904204860329627991e-02
9.771529585123062134e-02
9.539898484945297241e-02
-1.831239908933639526e-01
1.650226488709449768e-02
3.076082766056060791e-01
-2.310326695442199707e-01
-3.260060548782348633e-01
4.481283426284790039e-01
1.631963849067687988e-01
-6.450963020324707031e-01
8.154226541519165039e-01
2.696250975131988525e-01
2.189060486853122711e-02
-1.664532870054244995e-01
-3.409372270107269287e-01
-2.283066362142562866e-01
1.804025471210479736e-01
2.436372935771942139e-01
1.519200444221496582e+00
-1.177064254879951477e-01
-5.825018286705017090e-01
-4.668816626071929932e-01
-2.132088132202625275e-02
-5.541528109461069107e-03
1.190479695796966553e-01
-4.529860243201255798e-02
-1.903726100921630859e+00
-2.931933999061584473e-01
9.140314161777496338e-02
6.122643351554870605e-01
2.916584014892578125e-01
1.449854820966720581e-01
-1.772507652640342712e-02
3.654493018984794617e-02
3.310961425304412842e-01
2.854881286621093750e-01
4.452625811100006104e-01
-4.942518770694732666e-01
-2.730483710765838623e-01
6.502078846096992493e-03
-3.490365110337734222e-03
-3.540966212749481201e-01
-2.294532768428325653e-02
1.194223463535308838e-01
-2.227219939231872559e-01
1.135779172182083130e-01
-5.319550633430480957e-01
-1.739915162324905396e-01
4.178264439105987549e-01
2.423135340213775635e-01
2.782316207885742188e-01
6.648565083742141724e-02
-2.995925545692443848e-01
2.338491678237915039e-01
1.579493582248687744e-01
-2.820327579975128174e-01
-3.997759222984313965e-01
-2.477131411433219910e-02
-5.223088338971138000e-02
2.242424786090850830e-01
-5.930948853492736816e-01
1.819303035736083984e-01
1.285750716924667358e-01
-3.439137041568756104e-01
-1.088531494140625000e+00
-3.294490510597825050e-03
1.310371458530426025e-01
5.975326895713806152e-01
1.417689770460128784e-01
1.638649590313434601e-02
-1.462244428694248199e-02
5.111964344978332520e-01
-1.062178015708923340e+00
9.836525470018386841e-02
2.682831287384033203e-01
-3.289596438407897949e-01
-7.908313274383544922e-01
8.956895768642425537e-02
-2.308986186981201172e+00
2.557651400566101074e-01
5.234360098838806152e-01
-9.644667804241180420e-02
-2.897818386554718018e-01
-3.355588912963867188e-01
1.116880416870117188e+00
-1.003681495785713196e-01
-8.749107718467712402e-01
-9.383466839790344238e-01
-3.566297888755798340e-01
-4.732380807399749756e-01
2.986535727977752686e-01
-3.229171037673950195e-01
2.469391226768493652e-01
3.468606173992156982e-01
-9.135799407958984375e-01
-7.889360189437866211e-02
-1.653593033552169800e-01
2.156568132340908051e-02
1.014789566397666931e-01
1.407273858785629272e-01
-7.543916106224060059e-01
4.132954776287078857e-02
-1.307105779647827148e+00
-4.069356024265289307e-01
8.812963366508483887e-01
2.465981692075729370e-01
-3.217120468616485596e-01
-1.785219907760620117e-01
6.528409123420715332e-01
-8.949704766273498535e-01
-9.763375520706176758e-01
1.878466904163360596e-01
9.466793388128280640e-02
4.453668892383575439e-01
-1.343330264091491699e+00
-4.440023303031921387e-01
4.312020838260650635e-01
-5.193904787302017212e-02
1.987052321434020996e+00
7.360592484474182129e-01
-1.558196847327053547e-03
-8.086969852447509766e-01
-7.749108076095581055e-01
3.986369445919990540e-02
9.839147925376892090e-01
1.726984232664108276e-01
4.751092791557312012e-01
-1.297384381294250488e+00
6.045312620699405670e-03
-2.725410461425781250e-01
-2.100505828857421875e-01
-5.715715140104293823e-02
1.996086388826370239e-01
-7.421575486660003662e-02
-5.844731628894805908e-02
-2.925697527825832367e-02
9.096664190292358398e-02
8.768573403358459473e-01
-3.096702136099338531e-02
3.280780315399169922e-01
-3.587592840194702148e-01
-7.251560091972351074e-01
-3.422897160053253174e-01
-7.691037654876708984e-02
1.183171987533569336e+00
1.254994720220565796e-01
-7.898687124252319336e-01
-7.911142706871032715e-01
3.182031512260437012e-01
-8.752410411834716797e-01
-5.716429948806762695e-01
-3.825218677520751953e-01
-5.169700086116790771e-02
5.625042319297790527e-01
-1.634334206581115723e+00
-1.250512059777975082e-02
7.989113032817840576e-02
-1.299605220556259155e-01
7.641969919204711914e-01
1.737111508846282959e-01
-4.827584028244018555e-01
-2.979721724987030029e-01
-4.950115084648132324e-01
-2.589827775955200195e-01
-3.676228225231170654e-02
1.796269565820693970e-01
-3.522363603115081787e-01
-2.474069148302078247e-01
1.272695660591125488e-01
-1.222509704530239105e-02
4.455502927303314209e-01
2.455120906233787537e-02
-9.117292165756225586e-01
3.810239136219024658e-01
-6.025302410125732422e-01
-2.448660135269165039e-01
-4.121789634227752686e-01
1.160847187042236328e+00
8.338385820388793945e-01
5.060113221406936646e-02
-1.465883404016494751e-01
-3.597120642662048340e-01
-2.295843791216611862e-03
-2.503594756126403809e-01
-6.486305594444274902e-01
2.290798425674438477e-01
1.200995892286300659e-01
-4.289154335856437683e-02
-5.526477470993995667e-02
3.020744621753692627e-01
-1.185030937194824219e-01
4.446165859699249268e-01
-5.263673663139343262e-01
-2.033178955316543579e-01
2.347687482833862305e+00
-2.029214799404144287e-01
5.310844779014587402e-01
-1.728154420852661133e-01
-1.410600066184997559e+00
-3.887276053428649902e-01
4.113409817218780518e-01
1.414881795644760132e-01
4.950982630252838135e-01
-8.275183290243148804e-02
-6.648112833499908447e-02
3.255661427974700928e-01
1.282068848609924316e+00
5.522609949111938477e-01
1.606765985488891602e-01
-1.732243746519088745e-01
-2.465284317731857300e-01
4.078024327754974365e-01
-7.293639779090881348e-01
-1.460900604724884033e-01
3.359188139438629150e-01
-9.015114605426788330e-02
-3.223202750086784363e-02
4.502249956130981445e-01
-9.140440076589584351e-02
1.887804083526134491e-02
6.658387780189514160e-01
-2.593376636505126953e-01
-4.388163983821868896e-02
4.615148901939392090e-01
2.549769878387451172e-01
-4.351324439048767090e-01
-1.167249456048011780e-01
-1.513586044311523438e-01
-2.764030694961547852e-01
1.975675225257873535e-01
-2.450539022684097290e-01
-1.319257497787475586e+00
3.741357326507568359e-01
-3.443630337715148926e-01
-8.502416610717773438e-01
4.858774244785308838e-01
-1.092011928558349609e-01
-9.421691298484802246e-02
2.711347341537475586e-01
-3.473576307296752930e-01
-1.069835647940635681e-01
-9.396117180585861206e-02
-2.178037613630294800e-01
-4.115514755249023438e-01
2.078086614608764648e+00
4.548884462565183640e-03
2.213352769613265991e-01
-1.802310645580291748e-01
-1.769231408834457397e-01
-1.727707982063293457e-01
1.632976531982421875e-01
6.326745748519897461e-01
5.427138209342956543e-01
1.110040247440338135e-01
-1.224446203559637070e-02
1.991349905729293823e-01
-8.613599538803100586e-01
3.564648926258087158e-01
1.725174784660339355e-01
2.515240572392940521e-02
3.867985904216766357e-01
6.536061316728591919e-02
-1.635353565216064453e+00
-1.452118009328842163e-01
-1.661062717437744141e+00
-3.680162727832794189e-01
1.269965052604675293e+00
7.462270855903625488e-01
-1.422013938426971436e-01
6.316542029380798340e-01
-1.166996121406555176e+00
-4.799484834074974060e-02
9.076701104640960693e-02
-1.519980132579803467e-01
2.449079751968383789e-01
-1.847163736820220947e-01
6.528983712196350098e-01
9.478424787521362305e-01
-1.029030457139015198e-01
-2.060891389846801758e-01
3.420344889163970947e-01
9.847856312990188599e-02
8.208511471748352051e-01
8.701853752136230469e-01
-1.664053350687026978e-01
-1.771922558546066284e-01
-8.500053286552429199e-01
-5.457817018032073975e-02
-4.181722104549407959e-01
1.268152892589569092e-01
8.016577363014221191e-02
-4.992592334747314453e-01
7.741997241973876953e-01
-5.989596992731094360e-02
-4.876180887222290039e-01
4.020259976387023926e-01
-4.060302972793579102e-01
-1.011019572615623474e-01
3.878416717052459717e-01
-1.486730277538299561e-01
-6.916688680648803711e-01
-3.523474633693695068e-01
-9.369052946567535400e-03
-1.154826283454895020e+00
-4.611237347126007080e-01
5.155568718910217285e-01
8.217484951019287109e-01
3.385203480720520020e-01
-1.400390416383743286e-01
-2.367996722459793091e-01
2.005506753921508789e-01
5.095247626304626465e-01
-2.562045454978942871e-01
7.084055244922637939e-02
4.103384912014007568e-01
-4.481319487094879150e-01
-3.655795753002166748e-01
-1.326962709426879883e-01
-2.052644193172454834e-01
3.144971430301666260e-01
7.852454185485839844e-01
-3.831050693988800049e-01
5.889707803726196289e-01
7.348636388778686523e-01
9.440602064132690430e-01
4.742926955223083496e-01
5.645345151424407959e-02
-9.455080628395080566e-01
1.209072843194007874e-01
-6.365914642810821533e-02
-1.386803109198808670e-02
-1.662750840187072754e-01
2.793237864971160889e-01
3.268139660358428955e-01
-4.804494082927703857e-01
1.366069912910461426e-01
2.675611674785614014e-01
3.515104353427886963e-01
2.723281681537628174e-01
1.277207136154174805e-01
-1.260366439819335938e-01
-1.973479054868221283e-02
-4.377140104770660400e-01
-2.371415048837661743e-01
-2.316439151763916016e+00
-2.304803766310214996e-02
-2.138832509517669678e-01
5.663231611251831055e-01
2.499506473541259766e-01
-1.135171577334403992e-01
3.669986426830291748e-01
6.210896372795104980e-01
-4.701910316944122314e-01
2.141810804605484009e-01
1.906739115715026855e+00
-5.546133518218994141e-01
-4.143044650554656982e-01
-2.082418799400329590e-01
-4.118420779705047607e-01
1.360650211572647095e-01
1.683347225189208984e-01
2.535113394260406494e-01
4.921987950801849365e-01
-2.825410068035125732e-01
4.300585761666297913e-02
3.587182760238647461e-01
4.121389985084533691e-02
-4.360672533512115479e-01
-2.239022171124815941e-03
-1.110823526978492737e-01
7.436830997467041016e-01
8.308495283126831055e-01
-2.262100577354431152e-01
3.944261670112609863e-01
1.302789598703384399e-01
-2.409160882234573364e-01
-1.658781170845031738e-01
-7.005798071622848511e-02
-2.564549744129180908e-01
8.901832103729248047e-01
-1.544012036174535751e-02
2.227703630924224854e-01
-1.059377938508987427e-01
-2.536498941481113434e-02
-3.482299745082855225e-01
5.259387493133544922e-01
5.561477541923522949e-01
-9.587199985980987549e-02
1.682265102863311768e-01
-1.683777570724487305e-01
-5.290095806121826172e-01
5.298339128494262695e-01
-4.353227019309997559e-01
2.511153519153594971e-01
2.752460837364196777e-01
-3.066610693931579590e-01
1.047126576304435730e-01
-6.644422560930252075e-02
9.476413950324058533e-03
1.461910903453826904e-01
7.176176905632019043e-01
-6.597437709569931030e-02
4.091564416885375977e-01
1.257735490798950195e+00
2.302834510803222656e+00
1.105529889464378357e-01
-7.023847103118896484e-01
-3.325746059417724609e-01
-1.383650302886962891e-01
-1.018235459923744202e-01
5.673149228096008301e-01
1.997608393430709839e-01
6.899730563163757324e-01
1.381513476371765137e-01
-1.563638448715209961e-01
1.244508177042007446e-01
-8.461176156997680664e-01
-3.596748709678649902e-01
-2.245762646198272705e-01
-2.605462912470102310e-03
1.064741387963294983e-01
2.016101591289043427e-02
-9.289311170578002930e-01
-3.777858912944793701e-01
7.232350856065750122e-02
-1.832313686609268188e-01
-3.133153617382049561e-01
1.621234565973281860e-01
-5.149112343788146973e-01
1.252305150032043457e+00
1.561942994594573975e-01
-3.111103177070617676e-01
3.719197511672973633e-01
-3.710114955902099609e-01
3.612561225891113281e-01
2.389963269233703613e-01
-4.163388013839721680e-01
-1.025533199310302734e+00
-6.596897840499877930e-01
-4.770108759403228760e-01
5.425511002540588379e-01
4.171825051307678223e-01
3.394128978252410889e-01
-1.163854524493217468e-01
-1.547476291656494141e+00
1.595461666584014893e-01
4.276467263698577881e-01
1.479072719812393188e-01
3.102174699306488037e-01
1.874873340129852295e-01
-5.818595886230468750e-01
2.590015828609466553e-01
-2.248462140560150146e-01
2.138843834400177002e-01
6.800578236579895020e-01
-2.516997754573822021e-01
1.633067280054092407e-01
-1.478474289178848267e-01
6.262626647949218750e-01
-1.425326764583587646e-01
6.771401166915893555e-01
1.758899986743927002e-01
1.417633295059204102e+00
5.438290238380432129e-01
-9.436024725437164307e-02
5.507003664970397949e-01
3.970769047737121582e-01
-2.997063994407653809e-01
5.230687260627746582e-01
5.154007673263549805e-01
-1.643704064190387726e-02
-3.661782443523406982e-01
1.894346810877323151e-02
-5.371818542480468750e-01
-4.929055273532867432e-01
5.571311116218566895e-01
-7.360647916793823242e-01
1.546899974346160889e-01
1.544353216886520386e-01
7.861435413360595703e-02
-5.327620506286621094e-01
-3.135352432727813721e-01
-6.283713132143020630e-02
-4.667760431766510010e-01
2.690107524394989014e-01
-6.834736466407775879e-01
-3.511406481266021729e-01
3.645095229148864746e-01
-6.755632907152175903e-02
4.256890416145324707e-01
3.159727156162261963e-01
9.130648374557495117e-01
-5.853657722473144531e-01
3.539394736289978027e-01
1.189921423792839050e-01
-8.814643025398254395e-01
1.050536274909973145e+00
4.053892567753791809e-02
1.473690122365951538e-01
4.432424604892730713e-01
6.329805850982666016e-01
1.572940871119499207e-02
-2.357205003499984741e-01
5.271590352058410645e-01
4.022457301616668701e-01
-5.458090305328369141e-01
-3.636477887630462646e-01
3.596046268939971924e-01
-7.903947681188583374e-02
3.303113281726837158e-01
9.430352598428726196e-03
9.216089844703674316e-01
-5.344540476799011230e-01
2.972441911697387695e-01
1.214948594570159912e-01
-6.871262788772583008e-01
1.086328625679016113e+00
2.227549254894256592e-01
8.235061913728713989e-02
3.820388317108154297e-01
1.031716346740722656e+00
-2.036271095275878906e-01
-8.386606723070144653e-02
2.822916209697723389e-01
-6.059198975563049316e-01
-4.763141572475433350e-01
2.814083546400070190e-02
1.945198178291320801e-01
1.300730556249618530e-02
9.865707159042358398e-02
6.603595018386840820e-01
5.835132002830505371e-01
-1.134394034743309021e-01
1.085310503840446472e-01
2.979292273521423340e-01
-4.215185344219207764e-01
5.322475433349609375e-01
7.747973799705505371e-01
-1.039516553282737732e-01
1.005625799298286438e-01
7.098006606101989746e-01
7.533866912126541138e-02
4.277958869934082031e-01
4.526098072528839111e-01
1.113071143627166748e-01
-7.304045557975769043e-01
-6.533735990524291992e-01
-2.269952744245529175e-01
-8.748261332511901855e-01
-1.755291013978421688e-03
6.303225159645080566e-01
5.083456039428710938e-01
-2.947445511817932129e-01
8.840803056955337524e-02
6.648321747779846191e-01
-2.608648538589477539e-01
5.153733491897583008e-01
-4.464311897754669189e-01
8.364907503128051758e-01
1.815252453088760376e-01
2.022228837013244629e-01
1.127549558877944946e-01
3.166214525699615479e-01
6.595374345779418945e-01
-1.207065820693969727e+00
6.646051406860351562e-01
8.879852890968322754e-01
2.873044312000274658e-01
8.295269608497619629e-01
-6.519218534231185913e-02
-6.022318005561828613e-01
1.139444187283515930e-01
3.734434843063354492e-01
2.166800945997238159e-01
-3.554418683052062988e-01
-1.437223106622695923e-01
-1.474985852837562561e-02
2.155981957912445068e-01
-8.446055650711059570e-01
-2.856523990631103516e-01
4.119912087917327881e-01
4.339313805103302002e-01
-1.191768124699592590e-01
2.393045276403427124e-01
3.502077162265777588e-01
-2.669322192668914795e-01
3.250859677791595459e-02
-1.817886531352996826e-01
3.218124061822891235e-02
-6.748855113983154297e-01
-7.435939311981201172e-01
-4.604202508926391602e-01
-1.385740339756011963e-01
-1.070861697196960449e+00
-1.577056765556335449e+00
1.243696361780166626e-01
-1.802186220884323120e-01
4.398899972438812256e-01
-1.192286536097526550e-01
1.385649442672729492e-01
-1.942554414272308350e-01
1.171161010861396790e-01
-8.117442578077316284e-02
-7.303642034530639648e-01
-1.833865791559219360e-01
-7.297173738479614258e-01
-1.853289484977722168e+00
-4.314606189727783203e-01
-6.027427911758422852e-01
-6.917452812194824219e-02
5.183973908424377441e-01
3.029179871082305908e-01
-5.784231424331665039e-02
-5.432590376585721970e-03
5.607739090919494629e-01
-2.655602097511291504e-01
2.310209125280380249e-01
-4.231027066707611084e-01
2.736140787601470947e-01
4.193547666072845459e-01
2.929024994373321533e-01
-2.123329341411590576e-01
2.432249784469604492e-01
3.053334057331085205e-01
3.097419440746307373e-01
-1.508440971374511719e-01
-1.309770345687866211e+00
6.674204766750335693e-02
-1.053479194641113281e+00
-1.830380856990814209e-01
-1.194589063525199890e-01
-4.061429500579833984e-01
2.985589206218719482e-02
-1.194855496287345886e-01
-2.885606288909912109e-01
2.494842857122421265e-01
-4.258152544498443604e-01
-3.646988049149513245e-02
4.757816791534423828e-01
-1.401753276586532593e-01
-3.251989185810089111e-01
-4.344924166798591614e-02
-2.753628492355346680e-01
6.002740859985351562e-01
7.898283749818801880e-02
2.706359885632991791e-02
1.822215020656585693e-01
4.172240942716598511e-02
-2.806516289710998535e-01
-6.067466363310813904e-02
2.098029553890228271e-01
4.493633210659027100e-01
-1.854726970195770264e-01
5.682262778282165527e-01
2.416707426309585571e-01
-4.262971878051757812e-01
5.959824919700622559e-01
1.245516166090965271e-01
-1.957729458808898926e-01
4.568073451519012451e-01
3.903693556785583496e-01
-8.071058988571166992e-02
3.541106581687927246e-01
1.241938620805740356e-01
-4.429609179496765137e-01
-2.289807349443435669e-01
4.814704656600952148e-01
-3.556569516658782959e-01
1.672365814447402954e-01
1.248218351975083351e-03
1.923198401927947998e-01
2.209515124559402466e-01
-1.816817969083786011e-01
2.089041173458099365e-01
7.625198364257812500e-01
-3.786312639713287354e-01
2.228073924779891968e-01
4.462260901927947998e-01
-3.247510492801666260e-01
3.091156184673309326e-01
4.327248334884643555e-01
-4.727798104286193848e-01
6.198271736502647400e-02
-1.834965199232101440e-01
-7.057166695594787598e-01
1.750791221857070923e-01
4.915938377380371094e-01
-3.305104374885559082e-01
3.168108463287353516e-01
3.087418377399444580e-01
1.971270889043807983e-01
1.418633013963699341e-02
-3.274196386337280273e-01
1.220291107892990112e-01
1.408963561058044434e+00
-5.475688576698303223e-01
-1.223684009164571762e-02
1.407197117805480957e-01
-3.881820440292358398e-01
-1.842237114906311035e-01
4.813953042030334473e-01
-6.651401519775390625e-01
-1.735392063856124878e-01
3.661150336265563965e-01
7.672789096832275391e-01
4.709126651287078857e-01
-1.730799376964569092e-01
7.297436594963073730e-01
5.359075665473937988e-01
6.687501668930053711e-01
1.188992857933044434e-01
-1.377068012952804565e-01
-3.973161280155181885e-01
1.227150559425354004e+00
-2.281614094972610474e-01
-2.491682022809982300e-01
-1.080366745591163635e-01
7.429611682891845703e-01
5.315400958061218262e-01
1.516339629888534546e-01
-5.552097037434577942e-02
1.672171801328659058e-01
-4.435320198535919189e-01
-4.075781106948852539e-01
1.894174367189407349e-01
-5.061486363410949707e-01
-5.276078358292579651e-02
2.500438876450061798e-02
-9.954465925693511963e-02
3.524849712848663330e-01
5.444383621215820312e-01
1.036713123321533203e+00
-3.836894929409027100e-01
4.294840693473815918e-01
1.963203698396682739e-01
-8.834654092788696289e-01
1.121202707290649414e+00
-1.696230620145797729e-01
4.449943453073501587e-02
6.087759733200073242e-01
1.286643624305725098e+00
-5.990064144134521484e-02
-2.305882871150970459e-01
2.935135960578918457e-01
1.872004419565200806e-01
-2.566450536251068115e-01
-1.308525204658508301e-01
2.490302473306655884e-01
-1.072399914264678955e-01
5.048137903213500977e-01
6.261643022298812866e-02
5.439922213554382324e-01
-7.142267227172851562e-01
3.563812077045440674e-01
6.532427668571472168e-02
-5.950052738189697266e-01
6.317633390426635742e-01
-2.402125746011734009e-01
-1.863843351602554321e-01
2.544842064380645752e-01
4.452908337116241455e-01
-6.111390143632888794e-02
-1.283324211835861206e-01
2.370322868227958679e-02
-9.231467247009277344e-01
-3.938875496387481689e-01
-1.060828328132629395e+00
1.012212261557579041e-01
-4.197210073471069336e-01
-6.848329305648803711e-01
3.983584642410278320e-01
1.063452363014221191e-01
6.520652174949645996e-01
-2.183239221572875977e+00
1.215019702911376953e+00
1.216510012745857239e-01
2.758450806140899658e-01
-7.389746606349945068e-02
-2.896617166697978973e-02
-7.046272754669189453e-01
3.186469897627830505e-02
-1.516866207122802734e+00
7.522832751274108887e-01
9.592707753181457520e-01
-6.606994271278381348e-01
-1.595492213964462280e-01
-2.653618454933166504e-01
2.010558545589447021e-01
1.055093109607696533e-01
-7.522761821746826172e-02
-7.778527736663818359e-01
-1.530135571956634521e-01
1.281633824110031128e-01
3.598161935806274414e-01
-1.639980375766754150e-01
3.564073741436004639e-01
-6.527406629174947739e-03
-1.784747093915939331e-01
-1.583183854818344116e-01
1.455908566713333130e-01
1.132502332329750061e-01
4.494706094264984131e-01
-1.924379020929336548e-01
4.331700503826141357e-02
-1.118823051452636719e+00
-1.582929193973541260e-01
-2.281588502228260040e-02
8.280252814292907715e-01
1.113791763782501221e-01
2.319806098937988281e+00
1.941015422344207764e-01
5.255327224731445312e-01
-6.874495148658752441e-01
7.714859843254089355e-01
3.097268342971801758e-01
-1.682792305946350098e-01
-1.640335619449615479e-01
9.100174903869628906e-01
-3.374802768230438232e-01
9.080592989921569824e-01
1.814944744110107422e-01
4.920911192893981934e-01
-5.434768199920654297e-01
-1.037229131907224655e-02
-2.639722228050231934e-01
3.424175679683685303e-01
2.103541642427444458e-01
-7.806246727705001831e-02
-1.094382330775260925e-01
-2.663464546203613281e-01
-3.597939014434814453e-02
-7.948183417320251465e-01
5.329940915107727051e-01
-1.663938760757446289e-01
-2.002941071987152100e-01
5.035582184791564941e-01
-9.775837659835815430e-01
-1.130882203578948975e-01
-7.195815443992614746e-02
-4.078009426593780518e-01
-4.875487983226776123e-01
2.276348471641540527e-01
1.464404910802841187e-01
-1.084497198462486267e-01
-2.341395318508148193e-01
-1.544232517480850220e-01
-1.682727187871932983e-01
-5.760220065712928772e-02
6.537297368049621582e-02
-1.474884618073701859e-02
6.601946800947189331e-02
1.914034336805343628e-01
-1.326985061168670654e-01
-5.154970288276672363e-01
1.062377572059631348e+00
-4.584211409091949463e-01
4.030316472053527832e-01
-7.940333485603332520e-01
-2.338630557060241699e-01
-2.644420862197875977e-01
2.881627678871154785e-01
-6.422721147537231445e-01
2.473665326833724976e-01
1.571938157081604004e+00
-1.670850515365600586e-01
3.589354455471038818e-01
3.673278391361236572e-01
-3.389432281255722046e-02
-7.585554569959640503e-02
-3.788694143295288086e-01
-1.744388043880462646e-01
-6.718679666519165039e-01
4.525661468505859375e-01
-2.316139340400695801e-01
-2.763465344905853271e-01
5.729952454566955566e-01
-7.485312223434448242e-01
-1.306476816534996033e-02
8.885730057954788208e-03
-4.133096337318420410e-01
-7.359028458595275879e-01
-1.474042087793350220e-01
3.084324896335601807e-01
-3.441992998123168945e-01
-4.353361725807189941e-01
-7.109270095825195312e-01
-5.543161630630493164e-01
-5.867295265197753906e-01
-2.501482069492340088e-01
4.772590398788452148e-01
-4.864847362041473389e-01
3.723997473716735840e-01
-2.355383783578872681e-01
-9.213577955961227417e-02
-1.144102737307548523e-01
2.737825736403465271e-02
-6.565423011779785156e-01
-4.856134653091430664e-01
7.194037735462188721e-02
1.730175763368606567e-01
1.432535052299499512e-01
8.059693574905395508e-01
-7.949688285589218140e-02
3.526207506656646729e-01
1.563069596886634827e-02
1.843024790287017822e-01
1.419640481472015381e-01
-1.834018528461456299e-01
3.429955542087554932e-01
1.925785839557647705e-01
-3.219509422779083252e-01
-2.815015055239200592e-02
1.352487355470657349e-01
1.275234073400497437e-01
2.467530369758605957e-01
-1.199701130390167236e-01
3.927907347679138184e-02
-7.182431221008300781e-02
7.083703875541687012e-01
-5.173811316490173340e-02
-3.438889682292938232e-01
-1.149136349558830261e-01
-3.175975084304809570e-01
-1.541933715343475342e-01
-5.312005877494812012e-01
-4.418719410896301270e-01
-2.028344422578811646e-01
3.689190149307250977e-01
-3.036441504955291748e-01
1.495406478643417358e-01
4.117097854614257812e-01
2.604292035102844238e-01
-3.514093756675720215e-01
-1.900257766246795654e-01
-7.591561079025268555e-01
3.381480276584625244e-01
-5.265139937400817871e-01
-1.651599854230880737e-01
-4.554989933967590332e-01
-1.489164680242538452e-01
3.275683820247650146e-01
4.467242062091827393e-01
4.156143367290496826e-01
2.356154471635818481e-01
-2.343626469373703003e-01
-2.734883725643157959e-01
1.793854832649230957e-01
2.237235009670257568e-01
-8.579696714878082275e-02
-2.372648268938064575e-01
-7.712114136666059494e-03
-8.236578851938247681e-02
1.388820111751556396e-01
2.410284578800201416e-01
1.514886170625686646e-01
2.105434983968734741e-01
5.730533599853515625e-02
-2.627510726451873779e-01
-6.365398168563842773e-01
-2.084485441446304321e-01
3.931896984577178955e-01
3.506778180599212646e-01
9.353996254503726959e-03
2.264382988214492798e-01
-2.058740258216857910e-01
3.584407866001129150e-01
1.831845343112945557e-01
