4.354570806026458740e-01
1.417699158191680908e-01
-1.102034375071525574e-01
-7.841136306524276733e-02
-4.278410971164703369e-01
1.486209750175476074e+00
-1.337672472000122070e-01
-1.332742124795913696e-01
2.328785955905914307e-01
-3.122704029083251953e-01
1.695076674222946167e-01
2.738570570945739746e-01
4.532214999198913574e-01
2.293049842119216919e-01
-1.692622452974319458e-01
-6.815186738967895508e-01
-6.692128628492355347e-02
6.437433958053588867e-01
4.675928056240081787e-01
9.080862998962402344e-01
-3.227273225784301758e-01
-5.238001346588134766e-01
-1.839612871408462524e-01
-6.276031136512756348e-01
-2.533968389034271240e-01
-3.348461091518402100e-01
1.980134695768356323e-01
9.999604821205139160e-01
-2.289721071720123291e-01
5.747011303901672363e-01
5.512290596961975098e-01
1.712640643119812012e+00
5.705986022949218750e-01
-1.220847964286804199e+00
-8.080757856369018555e-01
-5.163717269897460938e-01
7.497012615203857422e-01
-7.913183420896530151e-02
4.548292756080627441e-01
-1.333010345697402954e-01
9.635300636291503906e-01
-7.806071639060974121e-01
4.262265563011169434e-01
-5.033048987388610840e-01
-2.930926382541656494e-01
5.283299088478088379e-01
2.619950771331787109e-01
2.046888172626495361e-01
-7.382180094718933105e-01
2.368846386671066284e-01
-8.595451116561889648e-01
-1.573226749897003174e-01
-1.113713681697845459e-01
-3.573572337627410889e-01
1.178152680397033691e+00
3.750289380550384521e-01
4.779131412506103516e-01
-7.408674359321594238e-01
8.440570235252380371e-01
7.046959400177001953e-01
-3.219114243984222412e-01
3.570373952388763428e-01
-3.071540296077728271e-01
2.115753740072250366e-01
2.273446619510650635e-01
-1.841965019702911377e-01
2.909566760063171387e-01
2.612905800342559814e-01
-3.454232215881347656e-01
-5.120714902877807617e-01
3.528935313224792480e-01
1.735669374465942383e-01
-1.153736636042594910e-01
-1.522374004125595093e-01
-1.924653947353363037e-01
-3.537340760231018066e-01
3.386297821998596191e-01
3.419404327869415283e-01
-1.209063008427619934e-01
3.140721619129180908e-01
1.528623327612876892e-02
-3.235566914081573486e-01
-2.289538383483886719e-01
-4.185371696949005127e-01
1.190401613712310791e-01
6.342925131320953369e-02
2.530436813831329346e-01
-4.407535865902900696e-02
-1.968373507261276245e-01
1.441376749426126480e-02
6.431053578853607178e-02
-2.459537088871002197e-01
-3.191847801208496094e-01
-1.662812381982803345e-01
-3.697389066219329834e-01
-2.795717120170593262e-01
2.856093049049377441e-01
-6.992775946855545044e-02
3.325833082199096680e-01
3.171927034854888916e-01
2.354331016540527344e-01
1.015513166785240173e-01
1.795713305473327637e-01
3.170308172702789307e-01
-2.233331464231014252e-02
-2.732519209384918213e-01
2.912194132804870605e-01
5.691940784454345703e-01
-3.200806677341461182e-01
-3.255928456783294678e-01
1.989897489547729492e-01
4.607707262039184570e-01
2.877778410911560059e-01
-5.602074265480041504e-01
5.290530249476432800e-02
-4.030083119869232178e-01
4.108826816082000732e-01
4.187536239624023438e-02
1.523021459579467773e-01
-8.725550770759582520e-02
-6.134711503982543945e-01
2.760162055492401123e-01
2.415898740291595459e-01
-1.926912814378738403e-01
2.721955478191375732e-01
-4.712469577789306641e-01
-1.370932757854461670e-01
2.080120295286178589e-01
-1.703021973371505737e-01
-3.073226511478424072e-01
1.638257950544357300e-01
3.356285989284515381e-01
3.102627396583557129e-01
-2.689265608787536621e-01
8.837868273258209229e-02
1.072465535253286362e-02
-1.401300877332687378e-01
6.938897371292114258e-01
-1.028879642486572266e+00
-6.022436022758483887e-01
-7.880963087081909180e-01
4.277524948120117188e-01
2.699667774140834808e-02
7.599550485610961914e-01
8.840556442737579346e-02
-5.291263461112976074e-01
2.748256735503673553e-02
-7.780595868825912476e-02
-1.686300151050090790e-02
-2.106313109397888184e-01
2.578127086162567139e-01
4.683243334293365479e-01
1.995647400617599487e-01
8.850707858800888062e-02
-3.925520777702331543e-01
-1.710380315780639648e-01
-9.425030946731567383e-01
6.811701059341430664e-01
-1.622643470764160156e+00
-8.902161717414855957e-01
-4.721860289573669434e-01
5.204201340675354004e-01
2.884425818920135498e-01
5.870370268821716309e-01
2.832959890365600586e-01
-3.888797461986541748e-01
-4.569479823112487793e-02
2.740086615085601807e-01
-1.854895055294036865e-01
-2.217937558889389038e-01
2.688528299331665039e-01
3.798884749412536621e-01
4.390090703964233398e-01
-8.416517637670040131e-03
1.394453644752502441e-01
4.214309155941009521e-01
-1.133282110095024109e-01
1.696829050779342651e-01
-2.097696214914321899e-01
-6.737826764583587646e-02
5.557667016983032227e-01
-4.560529589653015137e-01
-4.432255625724792480e-01
-4.668436050415039062e-01
-2.700025439262390137e-01
6.778545379638671875e-01
-2.222570823505520821e-03
-6.591715216636657715e-01
3.414282798767089844e-01
4.548924565315246582e-01
-3.179977238178253174e-01
-5.128991603851318359e-01
-5.847283005714416504e-01
4.080355465412139893e-01
1.772387772798538208e-01
2.426743274554610252e-03
6.839630603790283203e-01
-6.774699687957763672e-01
1.720370769500732422e+00
5.064242482185363770e-01
2.122983336448669434e-01
-2.886373102664947510e-01
2.818631827831268311e-01
-5.224250629544258118e-02
2.584413588047027588e-01
2.298130467534065247e-02
1.152501162141561508e-02
9.990294575691223145e-01
-1.488346338272094727e+00
-9.900343418121337891e-01
3.240754082798957825e-02
4.893779158592224121e-01
1.656562536954879761e-01
-1.102213382720947266e+00
2.730376422405242920e-01
-2.761722207069396973e-01
8.089364767074584961e-01
1.391034871339797974e-01
2.487968206405639648e-01
5.643612742424011230e-01
1.066359132528305054e-01
-9.463044255971908569e-02
3.345138728618621826e-01
-1.734985262155532837e-01
-2.779719233512878418e-01
9.885568916797637939e-02
-3.347608745098114014e-01
1.774217933416366577e-01
2.646151781082153320e-01
4.989649355411529541e-01
-2.877451181411743164e-01
-4.227410256862640381e-01
4.330634772777557373e-01
1.118532195687294006e-01
2.879154980182647705e-01
4.421637356281280518e-01
-4.478596448898315430e-01
-1.039848551154136658e-01
2.213364988565444946e-01
-8.426910638809204102e-02
4.131159186363220215e-01
-5.842124223709106445e-01
2.626407742500305176e-01
-2.565424442291259766e-01
-4.893578886985778809e-01
5.069295167922973633e-01
-4.511169195175170898e-01
-5.812934413552284241e-02
-1.924854665994644165e-01
4.514811933040618896e-01
-2.447604089975357056e-01
-4.772335290908813477e-01
1.773103624582290649e-01
1.940931309945881367e-03
3.559240400791168213e-01
1.827604323625564575e-01
1.631931215524673462e-01
-3.892048895359039307e-01
4.419609606266021729e-01
4.511084854602813721e-01
1.979199796915054321e-01
1.546607613563537598e-01
-5.397616624832153320e-01
-5.316194612532854080e-03
-7.973648607730865479e-03
-1.006905660033226013e-01
7.567207217216491699e-01
-3.692017793655395508e-01
-2.102812677621841431e-01
-1.319731622934341431e-01
1.610693484544754028e-01
2.021576091647148132e-02
-4.007267057895660400e-01
2.180107831954956055e-01
-9.219598770141601562e-01
-2.940431237220764160e-01
5.859186127781867981e-02
9.596128016710281372e-02
-3.395526483654975891e-02
1.893208026885986328e-01
-7.023013830184936523e-01
6.442211270332336426e-01
-1.530836056917905807e-02
3.884950280189514160e-01
3.102345466613769531e-01
-8.927914500236511230e-01
1.298639327287673950e-01
3.230142891407012939e-01
1.296070069074630737e-01
-2.675758898258209229e-01
4.591694772243499756e-01
3.421644866466522217e-01
2.282015793025493622e-02
6.108135730028152466e-02
-1.782982200384140015e-01
-4.918968081474304199e-01
-1.480348687618970871e-02
5.726843476295471191e-01
-5.270993709564208984e-01
-5.126344561576843262e-01
7.113292813301086426e-02
-1.645278930664062500e-01
9.376297593116760254e-01
-2.830456756055355072e-02
-7.684697210788726807e-02
-1.040579155087471008e-01
-3.833536505699157715e-01
8.191919922828674316e-01
-1.322210431098937988e+00
-2.352535575628280640e-01
-5.372576788067817688e-02
1.535238921642303467e-01
4.151417315006256104e-01
-1.396843791007995605e+00
4.613562822341918945e-01
2.491472363471984863e-01
2.332394123077392578e-01
3.416798114776611328e-01
3.959876000881195068e-01
4.582351148128509521e-01
1.199267953634262085e-01
-1.218493431806564331e-01
2.728581130504608154e-01
9.174096584320068359e-02
-3.887270689010620117e-01
-5.229888856410980225e-02
-9.052285552024841309e-01
5.101192593574523926e-01
-1.942341178655624390e-01
-1.152157187461853027e-01
-1.078267991542816162e-01
1.285092383623123169e-01
8.647593259811401367e-01
-8.058390617370605469e-01
1.833733081817626953e+00
1.319646388292312622e-01
-5.032303184270858765e-02
-2.790242135524749756e-01
1.676468998193740845e-01
5.048566684126853943e-02
-4.140655323863029480e-02
-2.761839330196380615e-01
6.903229951858520508e-01
1.480452716350555420e-01
-5.859872102737426758e-01
2.694177925586700439e-01
-5.018325448036193848e-01
-4.307299852371215820e-01
1.711194217205047607e-01
5.176990032196044922e-01
-1.605445146560668945e-01
-6.118642091751098633e-01
8.571913093328475952e-02
1.506234854459762573e-01
7.047078609466552734e-01
7.208703756332397461e-01
-4.330796599388122559e-01
-4.165790975093841553e-01
-1.483813524246215820e-01
-4.610833227634429932e-01
-7.035346627235412598e-01
3.853815197944641113e-01
1.224134303629398346e-02
6.440989375114440918e-01
6.044295430183410645e-01
-5.129383206367492676e-01
1.217176839709281921e-01
-6.055818405002355576e-03
4.187040627002716064e-01
-1.740401089191436768e-01
2.867191433906555176e-01
2.762985229492187500e-01
-1.069650799036026001e-01
8.473113924264907837e-02
-2.910102307796478271e-01
-2.007192522287368774e-01
-2.462252229452133179e-01
5.557966828346252441e-01
-3.842722475528717041e-01
-5.156647562980651855e-01
3.731635808944702148e-01
-5.746262073516845703e-01
-2.363818138837814331e-01
-4.246588647365570068e-01
-3.596527874469757080e-01
3.705180883407592773e-01
8.048558980226516724e-02
7.630789279937744141e-01
-1.159450888633728027e+00
-7.653982639312744141e-01
-1.894131302833557129e-01
6.350498199462890625e-01
7.812100648880004883e-02
-1.593124270439147949e+00
5.271700024604797363e-01
-7.145468592643737793e-01
6.497159600257873535e-02
2.834214866161346436e-01
5.942736268043518066e-01
9.232504367828369141e-01
-7.764722108840942383e-01
5.939072966575622559e-01
2.167509496212005615e-02
-4.566682875156402588e-02
1.840289533138275146e-01
-7.404925823211669922e-01
-6.722255051136016846e-02
4.718557745218276978e-02
-6.325608491897583008e-02
-3.655940890312194824e-01
2.798040509223937988e-01
3.681279122829437256e-01
1.772253066301345825e-01
-4.464272856712341309e-01
-3.140594065189361572e-02
2.156261205673217773e-01
-3.294750452041625977e-01
8.076799511909484863e-01
-8.280955553054809570e-01
-5.344079732894897461e-01
-7.643702626228332520e-01
6.174535155296325684e-01
3.737613260746002197e-01
5.661595463752746582e-01
2.410953864455223083e-02
-2.033066749572753906e-01
-1.465402692556381226e-01
-4.379810988903045654e-01
8.319679498672485352e-01
6.090628728270530701e-02
1.708579063415527344e-01
-1.451693773269653320e-01
7.689288817346096039e-03
5.427987575531005859e-01
2.010813951492309570e-01
-2.179199606180191040e-01
-7.817311882972717285e-01
3.879468739032745361e-01
-1.406837940216064453e+00
-7.317314743995666504e-01
-1.584404520690441132e-02
1.355208605527877808e-01
-5.957444906234741211e-01
3.151157498359680176e-02
1.174843087792396545e-01
-2.785663492977619171e-02
2.016720175743103027e-01
5.211167931556701660e-01
-5.008946061134338379e-01
-8.403202891349792480e-01
1.795770227909088135e-01
6.921470761299133301e-01
9.192289412021636963e-02
-4.493148922920227051e-01
-7.029514014720916748e-02
-3.894901573657989502e-01
4.865969419479370117e-01
2.598534226417541504e-01
7.166736125946044922e-01
6.746249198913574219e-01
-2.030254751443862915e-01
-1.954222321510314941e-01
7.184028159826993942e-03
-1.587975174188613892e-01
-2.700698077678680420e-01
-2.657698988914489746e-01
1.548094451427459717e-01
9.046546369791030884e-02
3.686637878417968750e-01
3.054056763648986816e-01
-2.399112433195114136e-01
-4.945549666881561279e-01
4.856895506381988525e-01
5.508587360382080078e-01
5.926246047019958496e-01
-3.620271980762481689e-01
2.504287958145141602e-01
-1.823725402355194092e-01
-9.449732303619384766e-02
-2.783958315849304199e-01
5.168771147727966309e-01
3.818991482257843018e-01
2.682917118072509766e-01
-4.205477237701416016e-02
9.453745484352111816e-01
-2.735909223556518555e-01
-3.260102272033691406e-01
1.393169164657592773e-01
-5.215708017349243164e-01
3.984198719263076782e-02
1.122458875179290771e-01
-2.026451081037521362e-01
9.666814655065536499e-02
-1.951187700033187866e-01
-6.736294627189636230e-01
1.829461455345153809e-01
1.092957854270935059e+00
-4.431647360324859619e-01
-2.211168557405471802e-01
4.976538717746734619e-01
-4.663896262645721436e-01
-5.621752142906188965e-01
-9.377496689558029175e-02
-1.861234158277511597e-01
-2.632642537355422974e-02
1.046864464879035950e-01
-2.537605762481689453e-01
3.520975112915039062e-01
1.856918931007385254e-01
1.694780141115188599e-01
-2.257749587297439575e-01
-1.832251250743865967e-01
-1.021549329161643982e-01
3.189073503017425537e-01
2.963269948959350586e-01
-7.428579032421112061e-02
-6.626401543617248535e-01
-1.477473229169845581e-01
7.235810905694961548e-02
-5.612465739250183105e-01
-8.560519814491271973e-01
-3.067722320556640625e-01
1.617907434701919556e-01
-4.874056279659271240e-01
-2.180948555469512939e-01
4.562898725271224976e-02
1.487107947468757629e-02
-6.102151423692703247e-02
3.758364021778106689e-01
1.582118868827819824e-01
-1.047695651650428772e-01
-3.729534447193145752e-01
8.818686753511428833e-02
1.655791848897933960e-01
5.651022791862487793e-01
5.846183001995086670e-02
-3.229033052921295166e-01
-1.561380773782730103e-01
6.950382888317108154e-02
-2.704135775566101074e-01
3.736469894647598267e-03
-5.097452402114868164e-01
1.170182451605796814e-01
-1.903715580701828003e-01
3.511359542608261108e-02
8.040961027145385742e-01
-2.992992997169494629e-01
3.522787690162658691e-01
-9.874459356069564819e-02
9.904600679874420166e-02
-2.845883667469024658e-01
-6.381402611732482910e-01
-6.517021059989929199e-01
3.743794858455657959e-01
-2.305823415517807007e-01
2.384538799524307251e-01
4.544268846511840820e-01
-2.281396836042404175e-01
2.795785963535308838e-01
-2.127299308776855469e-01
-2.992275636643171310e-03
3.594352602958679199e-01
-8.197400569915771484e-01
-7.176721841096878052e-02
4.593308568000793457e-01
-2.869305908679962158e-01
-1.167082116007804871e-01
-2.023078203201293945e-01
-1.457442194223403931e-01
-4.505826234817504883e-01
7.786618471145629883e-01
2.391452789306640625e-01
-2.494856357574462891e+00
-9.671843051910400391e-01
-4.728140830993652344e-01
-2.020318955183029175e-01
-4.471594840288162231e-02
5.793786048889160156e-02
4.184463620185852051e-01
-1.591161340475082397e-01
6.298867464065551758e-01
8.386669307947158813e-02
-9.113246202468872070e-02
7.095415592193603516e-01
4.871354401111602783e-01
-1.596820652484893799e-01
-2.252493947744369507e-01
-2.274003624916076660e-01
-5.757054090499877930e-01
-2.904039323329925537e-01
1.569124907255172729e-01
8.429824709892272949e-01
-9.131468832492828369e-02
-2.502477169036865234e-01
-4.377457797527313232e-01
3.412967026233673096e-01
2.144068032503128052e-01
3.893103301525115967e-01
8.123977459035813808e-04
6.229470372200012207e-01
1.974711418151855469e-01
6.541731953620910645e-02
1.679634302854537964e-01
1.421624869108200073e-01
-1.050683557987213135e-01
-2.669611275196075439e-01
2.815380394458770752e-01
1.445574611425399780e-01
-1.320511251688003540e-01
1.932645887136459351e-01
-9.431595355272293091e-02
-2.313787341117858887e-01
6.085942983627319336e-01
2.438764274120330811e-01
-1.289089210331439972e-02
-4.211654886603355408e-02
1.136423707008361816e+00
-1.588041633367538452e-01
9.836617112159729004e-02
5.705896019935607910e-01
5.193355083465576172e-01
1.037234812974929810e-01
5.991457104682922363e-01
4.779206514358520508e-01
4.968863129615783691e-01
1.247066408395767212e-01
-5.924044251441955566e-01
6.335154175758361816e-01
-4.002170860767364502e-01
-1.984628587961196899e-01
5.951972007751464844e-01
1.882584095001220703e-01
2.405987679958343506e-02
-2.554512321949005127e-01
-3.158398270606994629e-01
1.664134114980697632e-01
9.655173122882843018e-02
1.890155225992202759e-01
1.537833064794540405e-01
-6.678926944732666016e-02
4.110259115695953369e-01
5.742559581995010376e-02
1.498874649405479431e-02
5.373609662055969238e-01
3.434501588344573975e-01
-6.481807678937911987e-02
-1.973913162946701050e-01
-9.862032718956470490e-03
-4.492067396640777588e-01
-3.326256275177001953e-01
-2.143403701484203339e-02
7.673417925834655762e-01
-3.740617632865905762e-01
-3.130935728549957275e-01
-3.754515051841735840e-01
-2.454111576080322266e-01
1.630334742367267609e-02
5.618525743484497070e-01
-8.857058733701705933e-02
3.486203551292419434e-01
-5.103464722633361816e-01
-1.752720922231674194e-01
8.421592414379119873e-02
-3.494925796985626221e-01
2.659499645233154297e-01
1.761266440153121948e-01
-1.925236172974109650e-02
6.786109209060668945e-01
1.973849162459373474e-02
-1.563317887485027313e-02
-7.748508453369140625e-02
-2.804147005081176758e-01
-3.535016179084777832e-01
1.238155439496040344e-01
4.575879573822021484e-01
2.705741226673126221e-01
-9.938541650772094727e-01
-1.875644624233245850e-01
4.440068006515502930e-01
-5.453721880912780762e-01
7.009804248809814453e-02
9.230869263410568237e-02
1.664430648088455200e-02
-1.137735843658447266e+00
-5.061728954315185547e-01
-3.129449784755706787e-01
1.038110852241516113e+00
-4.182619154453277588e-01
1.324276328086853027e-01
2.305966615676879883e-01
-1.734124124050140381e-01
-3.007776439189910889e-01
-7.150367647409439087e-02
2.634614706039428711e-01
-6.198146939277648926e-02
-5.123812556266784668e-01
2.237253785133361816e-01
-3.789837062358856201e-01
-1.025769472122192383e+00
3.523137569427490234e-01
7.163021564483642578e-01
-2.134201861917972565e-02
1.286471039056777954e-01
4.830749332904815674e-01
1.205720826983451843e-01
-6.868920475244522095e-02
8.892682939767837524e-02
2.068876177072525024e-01
-1.178528591990470886e-01
-5.871866941452026367e-01
-1.254939436912536621e-01
2.295100092887878418e-01
-3.470985218882560730e-02
-2.783051729202270508e-01
-7.462115883827209473e-01
1.624482916668057442e-03
2.674874365329742432e-01
1.613653749227523804e-01
5.501246824860572815e-02
4.307958781719207764e-01
5.593156814575195312e-01
-6.875797361135482788e-02
6.589282751083374023e-01
-2.483686208724975586e-01
6.036764979362487793e-01
-2.656259238719940186e-01
-1.300233304500579834e-01
1.120386719703674316e+00
-2.527583241462707520e-01
-2.328779250383377075e-01
1.226816102862358093e-01
3.753976821899414062e-01
-1.869793795049190521e-02
-2.669104039669036865e-01
1.508513092994689941e-01
4.363165497779846191e-01
9.658203721046447754e-01
-1.923921406269073486e-01
-1.966664344072341919e-01
2.452451139688491821e-01
-3.866202533245086670e-01
-1.257480680942535400e-01
-6.982205510139465332e-01
-5.055220723152160645e-01
-7.531318664550781250e-01
-5.882434844970703125e-01
9.289401769638061523e-01
-6.902595162391662598e-01
6.682379245758056641e-01
5.158284902572631836e-01
2.513567358255386353e-02
1.186975613236427307e-01
-1.377377361059188843e-01
-2.322254627943038940e-01
6.959800422191619873e-02
-7.467682957649230957e-01
-6.569005548954010010e-02
-6.728444993495941162e-02
-8.570667505264282227e-01
-1.053171753883361816e-01
-9.881796687841415405e-02
-9.749308228492736816e-02
6.099944710731506348e-01
2.103011459112167358e-01
2.345766425132751465e-01
2.369383573532104492e-01
-5.996678471565246582e-01
6.970738768577575684e-01
-3.374673128128051758e-01
-4.900694489479064941e-01
2.642246782779693604e-01
3.073377907276153564e-01
-1.241792812943458557e-01
-1.835908740758895874e-01
1.399528086185455322e-01
4.526750147342681885e-01
2.133822441101074219e-01
1.461547911167144775e-01
1.908962279558181763e-01
-6.153960525989532471e-02
2.614203654229640961e-02
-8.680392801761627197e-02
2.667863368988037109e-01
3.204472959041595459e-01
3.867940604686737061e-01
9.725923836231231689e-02
-6.744199395179748535e-01
7.448043823242187500e-01
-2.038146108388900757e-01
-4.993580877780914307e-01
6.334163993597030640e-02
2.029290795326232910e-01
-1.166646853089332581e-01
-1.597838550806045532e-01
1.347881108522415161e-01
5.849091410636901855e-01
3.595676422119140625e-01
1.859840899705886841e-01
3.893342614173889160e-01
-2.156732417643070221e-02
1.084496378898620605e-01
1.864025443792343140e-01
-2.587617039680480957e-01
-4.356167465448379517e-02
-1.963522285223007202e-01
-1.045010209083557129e+00
3.125586807727813721e-01
5.082165002822875977e-01
-6.509119272232055664e-02
1.339379549026489258e-01
4.864757657051086426e-01
-1.482968777418136597e-02
-7.813410758972167969e-01
-5.053302049636840820e-01
-3.425428643822669983e-02
-2.597807347774505615e-01
4.644724130630493164e-01
2.664390504360198975e-01
-2.554872930049896240e-01
-4.856617748737335205e-02
-1.592719405889511108e-01
2.657866105437278748e-03
-4.132260084152221680e-01
-1.960102915763854980e-01
-4.836934208869934082e-01
-2.483572065830230713e-01
4.871962666511535645e-01
-7.181510329246520996e-01
2.224012315273284912e-01
3.350717723369598389e-01
-1.534168720245361328e-01
-1.257924437522888184e-01
1.586683690547943115e-01
-1.279500126838684082e-01
3.171087503433227539e-01
-5.035073757171630859e-01
-2.637708373367786407e-02
-4.064343571662902832e-01
-4.958045482635498047e-01
-5.727598071098327637e-02
3.457901179790496826e-01
6.281332671642303467e-02
-4.915467202663421631e-01
-6.491478681564331055e-01
-5.152505040168762207e-01
-5.875453352928161621e-01
4.272587895393371582e-01
-6.726295351982116699e-01
-2.276792228221893311e-01
4.999286532402038574e-01
-1.695665866136550903e-01
4.498172178864479065e-02
-5.995664000511169434e-01
-1.599878817796707153e-01
-1.395625919103622437e-01
-9.163234382867813110e-02
-4.135171696543693542e-02
-3.922080695629119873e-01
-5.247408747673034668e-01
3.779402077198028564e-01
3.206705451011657715e-01
4.527583718299865723e-02
-1.839645579457283020e-02
1.440205335617065430e+00
1.086065888404846191e+00
2.628054022789001465e-01
-1.590637207031250000e+00
-9.661254473030567169e-03
-2.032279074192047119e-01
-3.225778341293334961e-01
-8.092343062162399292e-02
2.561475634574890137e-01
1.689294874668121338e-01
-8.124226331710815430e-02
-1.431252360343933105e-01
4.581677317619323730e-01
-2.810696065425872803e-01
5.292694568634033203e-01
1.258196234703063965e+00
-2.574228644371032715e-01
3.881508857011795044e-02
-6.154018640518188477e-02
1.623593717813491821e-01
3.427930176258087158e-01
-3.571054339408874512e-01
-5.412286520004272461e-01
3.143590688705444336e-01
3.390467539429664612e-02
-2.007902562618255615e-01
1.175489798188209534e-01
3.041464090347290039e-01
-1.000066753476858139e-02
4.867175221443176270e-02
1.662507504224777222e-01
-3.253405392169952393e-01
-3.611179590225219727e-01
-2.357812374830245972e-01
3.033773303031921387e-01
-3.281154483556747437e-02
-1.993165761232376099e-01
-6.826123595237731934e-01
3.500992655754089355e-01
2.085496038198471069e-01
4.242876544594764709e-02
2.783745825290679932e-01
-5.837091207504272461e-01
-5.156000256538391113e-01
-1.119840890169143677e-03
-4.925183653831481934e-01
2.341394573450088501e-01
-9.822750836610794067e-02
-1.436620801687240601e-01
7.840753346681594849e-02
9.136884659528732300e-02
9.713004529476165771e-02
1.676678955554962158e-01
-9.475752711296081543e-02
-5.853232368826866150e-02
-3.693479299545288086e-02
-1.542486250400543213e-01
-2.089729607105255127e-01
1.018694117665290833e-01
-2.826388180255889893e-01
-3.047338724136352539e-01
-3.225511312484741211e-01
-5.650598406791687012e-01
-3.003161251544952393e-01
2.346821576356887817e-01
-1.549526900053024292e-01
3.013231754302978516e-01
-1.977514475584030151e-01
-4.119196534156799316e-02
-9.424923360347747803e-02
-1.547006666660308838e-01
2.603535652160644531e-01
3.177731931209564209e-01
-6.881662011146545410e-01
-2.261018306016921997e-01
-2.108714431524276733e-01
1.510285437107086182e-01
-1.998382061719894409e-01
-5.501617118716239929e-02
-9.524058550596237183e-02
-5.456187129020690918e-01
2.512341141700744629e-01
2.833423912525177002e-01
-6.365231871604919434e-01
3.047841191291809082e-01
1.474218964576721191e-01
2.781070172786712646e-01
-6.547173112630844116e-02
2.392610460519790649e-01
-4.055483043193817139e-01
-2.305923402309417725e-01
8.770789951086044312e-03
9.554734826087951660e-02
-1.557437926530838013e-01
-1.769445687532424927e-01
-2.030896693468093872e-01
8.541657775640487671e-02
-1.092052757740020752e-01
-9.626375883817672729e-02
-1.342039406299591064e-01
-1.081687331199645996e+00
6.860078573226928711e-01
8.203725218772888184e-01
-3.277338668704032898e-02
-1.626234650611877441e-01
3.958664834499359131e-01
-3.357566893100738525e-02
2.660172581672668457e-01
-7.838551700115203857e-02
-1.432332396507263184e-01
3.144446015357971191e-01
-2.213727533817291260e-01
-3.859347999095916748e-01
7.387630939483642578e-01
2.675358019769191742e-02
4.354490935802459717e-01
-3.769487887620925903e-02
-9.348891675472259521e-02
-3.448973223567008972e-02
-3.080131709575653076e-01
8.050804585218429565e-02
3.366080522537231445e-01
6.777204573154449463e-02
1.127733066678047180e-01
7.444387078285217285e-01
1.077858731150627136e-01
-2.095678001642227173e-01
-1.131812781095504761e-01
3.473115861415863037e-01
2.814477384090423584e-01
-9.328880906105041504e-02
-8.571775257587432861e-02
2.974160611629486084e-01
1.219517365097999573e-02
-8.603910803794860840e-01
-2.365842610597610474e-01
5.451884269714355469e-01
-6.476760655641555786e-02
-2.474307417869567871e-01
2.235644459724426270e-01
-2.952342331409454346e-01
-3.693906664848327637e-01
5.735701918601989746e-01
-1.642941385507583618e-01
-4.757362902164459229e-01
4.145347476005554199e-01
-4.628406167030334473e-01
3.693077862262725830e-01
8.376991003751754761e-02
-2.532757818698883057e-01
1.932153940200805664e+00
-5.352097153663635254e-01
-5.082085132598876953e-01
4.729140996932983398e-01
2.775429785251617432e-01
5.003142356872558594e-01
-5.037754774093627930e-01
-6.122444868087768555e-01
-4.941603541374206543e-02
-1.580802798271179199e-01
4.754297435283660889e-02
2.393427491188049316e-01
-1.987503468990325928e-01
4.730536788702011108e-02
1.457173675298690796e-01
-1.503261327743530273e-01
1.138570997864007950e-02
-4.106076657772064209e-01
1.654704213142395020e-01
6.087949275970458984e-01
-1.378815770149230957e-01
3.866480588912963867e-01
1.848731487989425659e-01
-2.513377666473388672e-01
-1.428199559450149536e-01
-9.105439782142639160e-01
3.241651356220245361e-01
-9.992708452045917511e-03
-4.385979473590850830e-02
-2.305715829133987427e-01
4.108957052230834961e-01
3.997749984264373779e-01
3.288198709487915039e-01
3.960942625999450684e-01
3.979382812976837158e-01
9.067389369010925293e-02
-2.157815396785736084e-01
-4.331476986408233643e-01
-1.363624036312103271e-01
6.859517693519592285e-01
1.590084731578826904e-01
1.317281872034072876e-01
4.979703128337860107e-01
7.082547992467880249e-03
-4.387795329093933105e-01
-4.177143871784210205e-01
7.496393322944641113e-01
1.012838855385780334e-01
2.016621828079223633e-01
-2.760021388530731201e-02
-2.673998177051544189e-01
-8.078768104314804077e-02
-2.166674137115478516e-01
-1.622941493988037109e-01
-6.123397350311279297e-01
-5.173603296279907227e-01
8.405768126249313354e-02
4.385144412517547607e-01
1.676152944564819336e-01
-7.438257336616516113e-01
-1.223735883831977844e-01
-3.688609004020690918e-01
-4.563718438148498535e-01
1.180965453386306763e-01
3.650836348533630371e-01
1.168648600578308105e-01
-7.563763260841369629e-01
1.209651231765747070e-01
3.970411419868469238e-01
9.699738025665283203e-01
1.306387931108474731e-01
2.622053027153015137e-01
-5.725660324096679688e-01
-1.000709980726242065e-01
-1.840462684631347656e-01
-8.985496163368225098e-01
3.363621234893798828e-01
7.653017342090606689e-02
-3.093305826187133789e-01
-9.475653618574142456e-02
-3.622409328818321228e-02
2.608991861343383789e-01
-1.316817384213209152e-02
-3.063738942146301270e-01
3.497544676065444946e-02
3.838261216878890991e-02
-2.126717418432235718e-01
1.157384589314460754e-01
-1.218829862773418427e-02
-1.372290849685668945e-01
2.307297475636005402e-02
-2.650717198848724365e-01
-1.690717339515686035e-01
5.193234682083129883e-01
2.151381075382232666e-01
1.292557120323181152e-01
-1.824526041746139526e-01
-3.049018979072570801e-02
2.192668914794921875e-01
4.273725748062133789e-01
3.438063859939575195e-01
-7.503919303417205811e-02
1.061252430081367493e-01
-9.263043999671936035e-01
-4.689020514488220215e-01
7.730744779109954834e-02
2.798045575618743896e-01
-2.596428394317626953e-01
1.074087738990783691e+00
3.260378837585449219e-01
1.408425718545913696e-01
-3.572843968868255615e-01
6.301685422658920288e-02
-4.842580556869506836e-01
-4.980420768260955811e-01
-2.946619987487792969e-01
6.508147120475769043e-01
2.941936552524566650e-01
-3.494910895824432373e-01
-5.723739266395568848e-01
4.774573259055614471e-03
-1.238709092140197754e-01
1.143097318708896637e-02
2.298988029360771179e-02
5.666390061378479004e-01
-7.052107155323028564e-02
-1.349783390760421753e-01
-5.031043887138366699e-01
3.397770524024963379e-01
-9.644608199596405029e-02
-4.273735582828521729e-01
2.206143587827682495e-01
-1.963881999254226685e-01
-6.861686110496520996e-01
3.674611151218414307e-01
-4.413605481386184692e-02
2.936114668846130371e-01
-6.332414746284484863e-01
2.034313827753067017e-01
6.284822821617126465e-01
-7.443321347236633301e-01
4.560593068599700928e-01
3.937651216983795166e-01
-1.339420583099126816e-02
-6.379508972167968750e-01
-6.088661551475524902e-01
3.890601694583892822e-01
-2.790695726871490479e-01
3.752738237380981445e-01
3.300949037075042725e-01
-2.975470423698425293e-01
-8.470177650451660156e-02
3.221600651741027832e-01
-4.255589246749877930e-01
-4.286097288131713867e-01
-1.928045600652694702e-01
-1.845023967325687408e-02
1.385056227445602417e-01
-1.179494261741638184e-01
-9.323958158493041992e-01
-1.405744701623916626e-01
-1.538580656051635742e-01
-4.028243720531463623e-01
3.093510270118713379e-01
4.804841876029968262e-01
1.347657889127731323e-01
-9.784516692161560059e-01
-3.039247691631317139e-01
4.037749171257019043e-01
3.616454899311065674e-01
7.234723865985870361e-02
-3.902990603819489479e-03
1.550853848457336426e-01
-2.010126560926437378e-01
-4.316354691982269287e-01
-1.312601496465504169e-03
1.771444976329803467e-01
9.099882245063781738e-01
-1.301959902048110962e-01
-4.296079874038696289e-01
-7.813250273466110229e-02
-9.392185211181640625e-01
-5.217412710189819336e-01
2.322124242782592773e-01
4.651325643062591553e-01
5.687170028686523438e-01
-3.199513554573059082e-01
-1.025363653898239136e-01
7.147429585456848145e-01
5.901195406913757324e-01
5.186202935874462128e-03
-2.501068636775016785e-02
-5.444569587707519531e-01
-1.219060048460960388e-01
-4.137474298477172852e-02
-7.071179747581481934e-01
3.117156922817230225e-01
1.919772922992706299e-01
-3.063758313655853271e-01
-1.634093225002288818e-01
1.031897515058517456e-01
1.418737471103668213e-01
4.112153872847557068e-02
5.344863235950469971e-02
6.416969746351242065e-02
1.428272128105163574e-01
-3.710363507270812988e-01
-3.831487149000167847e-02
-4.306471645832061768e-01
-3.151145875453948975e-01
4.002398848533630371e-01
-4.424896538257598877e-01
2.765613049268722534e-02
1.749981194734573364e-01
3.182488679885864258e-01
1.319377422332763672e-01
-3.976005613803863525e-01
-2.612566053867340088e-01
3.850541412830352783e-01
4.591076374053955078e-01
-7.885900884866714478e-02
3.239110410213470459e-01
1.919845044612884521e-01
-1.950799524784088135e-01
-3.407648205757141113e-01
-3.876155018806457520e-01
7.041436433792114258e-01
-7.037094980478286743e-02
-4.047994688153266907e-02
1.937875449657440186e-01
-3.263906836509704590e-01
-9.889146685600280762e-01
-1.900302469730377197e-01
3.297424018383026123e-01
2.170462608337402344e-01
-2.282663583755493164e-01
-6.449913382530212402e-01
-3.498573321849107742e-03
-7.619408518075942993e-02
1.972026377916336060e-02
-4.254177510738372803e-01
2.746479511260986328e-01
1.765345036983489990e-01
-8.101091384887695312e-01
1.339805126190185547e-02
-9.885906241834163666e-03
4.754510223865509033e-01
4.231835305690765381e-01
-3.574583828449249268e-01
-1.207842752337455750e-01
-1.842736452817916870e-01
-2.262524068355560303e-01
-1.379711329936981201e-01
1.593703031539916992e-01
9.723150171339511871e-03
-7.971860468387603760e-02
-6.197305321693420410e-01
5.260092392563819885e-02
1.110741645097732544e-01
-5.432898998260498047e-01
4.748050272464752197e-01
-3.040481209754943848e-01
-2.787749171257019043e-01
-5.063590779900550842e-02
2.222281135618686676e-02
2.466784715652465820e-01
-1.155417859554290771e-01
3.887629881501197815e-02
4.522039294242858887e-01
2.101418077945709229e-01
-8.600594997406005859e-01
3.238537907600402832e-01
-2.270176261663436890e-01
3.625136315822601318e-01
1.063682958483695984e-01
-4.960044622421264648e-01
3.847942054271697998e-01
1.783112436532974243e-01
-1.970892250537872314e-01
1.083297610282897949e+00
-3.353989422321319580e-01
1.596293449401855469e-01
4.041210412979125977e-01
-2.356962412595748901e-01
-8.416174352169036865e-02
4.935684800148010254e-01
-1.674437820911407471e-01
5.048484727740287781e-02
7.749945670366287231e-02
-3.066538572311401367e-01
4.073346778750419617e-02
-7.440105080604553223e-02
1.605923622846603394e-01
-1.477461308240890503e-01
1.810237020254135132e-01
-1.389115303754806519e-01
5.682370066642761230e-01
1.515988260507583618e-01
-3.050391077995300293e-01
-3.224323093891143799e-01
-8.554358780384063721e-02
3.667100146412849426e-02
2.802296876907348633e-01
5.261053517460823059e-02
4.476336538791656494e-01
1.606213599443435669e-01
-2.050399929285049438e-01
-4.245688617229461670e-01
-1.439933478832244873e-01
2.429959326982498169e-01
2.021294683218002319e-01
-1.165335625410079956e-01
5.033262968063354492e-01
-4.434134066104888916e-01
-2.676683068275451660e-01
4.103002604097127914e-03
-5.181564092636108398e-01
-2.379944771528244019e-01
6.522081047296524048e-02
-3.757930397987365723e-01
2.308163046836853027e-01
-1.577813029289245605e-01
-8.960648626089096069e-02
2.710492014884948730e-01
1.262342464178800583e-02
1.092184856534004211e-01
-5.328911542892456055e-01
2.647279798984527588e-01
5.278033018112182617e-01
2.189813554286956787e-02
-1.092547029256820679e-01
-2.593266367912292480e-01
-2.382721900939941406e-01
-4.457344114780426025e-02
3.863975033164024353e-02
1.264354735612869263e-01
5.939325094223022461e-01
6.818448659032583237e-03
9.495782107114791870e-02
2.219643443822860718e-01
1.639488339424133301e-01
-4.908609017729759216e-02
4.285288751125335693e-01
-3.609537780284881592e-01
2.299518585205078125e-01
-1.443115323781967163e-01
9.537454247474670410e-01
-8.951394259929656982e-02
2.396524250507354736e-01
8.658757060766220093e-02
2.378921359777450562e-01
1.888378411531448364e-01
-2.198304682970046997e-01
2.520399987697601318e-01
1.866645067930221558e-01
2.393674105405807495e-01
3.096457421779632568e-01
-7.437331229448318481e-02
5.002988502383232117e-02
1.707856357097625732e-02
3.872089087963104248e-02
1.131236902438104153e-03
5.778505802154541016e-01
2.694047689437866211e-01
6.644474864006042480e-01
-5.509321391582489014e-02
1.344481945037841797e+00
5.515072345733642578e-01
-1.466688960790634155e-01
7.079476714134216309e-01
1.046427965164184570e+00
-2.590806782245635986e-01
-3.863951563835144043e-01
-2.591125369071960449e-01
-7.840447360649704933e-04
5.900811553001403809e-01
2.543731331825256348e-01
-2.704296112060546875e-01
2.848275005817413330e-01
-8.904717862606048584e-02
6.028400063514709473e-01
1.359650772064924240e-02
1.609808355569839478e-01
-5.111798644065856934e-01
-9.870398640632629395e-01
-2.562783062458038330e-01
1.753978729248046875e-01
2.595558203756809235e-02
5.744506046175956726e-02
-2.452844008803367615e-02
-1.146485567092895508e+00
-2.106363326311111450e-01
-4.964648485183715820e-01
1.287245303392410278e-01
-1.548688262701034546e-01
-2.063119560480117798e-01
4.949094653129577637e-01
-4.057057201862335205e-02
4.173859953880310059e-01
-2.158642113208770752e-01
-1.211917921900749207e-01
-4.043178260326385498e-01
1.981646567583084106e-01
6.210219860076904297e-01
8.630603551864624023e-01
3.116064071655273438e-01
-1.151183322072029114e-01
-2.733358182013034821e-02
-6.310348957777023315e-02
-1.950660943984985352e-01
-9.969655424356460571e-02
3.533232212066650391e-01
1.007905527949333191e-01
6.122453510761260986e-02
8.443779349327087402e-01
-6.715868115425109863e-01
3.853837028145790100e-02
5.478332042694091797e-01
-3.819343745708465576e-01
8.230800181627273560e-02
-6.390896439552307129e-01
1.478427089750766754e-02
-3.145451247692108154e-01
5.256609320640563965e-01
2.491100281476974487e-01
3.929682374000549316e-01
-4.191347956657409668e-01
3.101715445518493652e-01
3.374322652816772461e-01
-3.200035542249679565e-02
-4.854491353034973145e-01
1.245976760983467102e-01
-9.594812989234924316e-01
6.051604151725769043e-01
5.556615591049194336e-01
-2.922389805316925049e-01
2.599911093711853027e-01
3.039205074310302734e-01
-2.112466394901275635e-01
2.324259132146835327e-01
-2.050753086805343628e-01
-6.581388115882873535e-01
-5.117990821599960327e-02
7.178007960319519043e-01
5.414801836013793945e-01
-3.881406411528587341e-02
1.135100498795509338e-01
-3.506444990634918213e-01
4.146034363657236099e-03
3.238286375999450684e-01
9.758030772209167480e-01
-4.351735711097717285e-01
-1.612059324979782104e-01
-2.410859316587448120e-01
-4.459259510040283203e-01
2.074137181043624878e-01
-3.295888900756835938e-01
-3.572599589824676514e-01
-2.944567240774631500e-02
1.763273030519485474e-01
1.242230236530303955e-01
8.420382738113403320e-01
-2.417622804641723633e-01
-2.604186236858367920e-01
-8.415460586547851562e-01
-4.986681342124938965e-01
2.946151196956634521e-01
-2.476515918970108032e-01
1.824351376853883266e-03
7.674936205148696899e-02
3.113186918199062347e-02
-3.391607105731964111e-01
1.340654939413070679e-01
-3.654321432113647461e-01
-7.184666395187377930e-01
4.563929736614227295e-01
1.580556780099868774e-01
-2.762813270092010498e-01
3.957671225070953369e-01
-2.089398205280303955e-01
5.674341320991516113e-01
3.803994059562683105e-01
1.416402906179428101e-01
-5.338578224182128906e-01
-7.040191292762756348e-01
8.286856859922409058e-02
1.182188615202903748e-01
-2.146437466144561768e-01
-2.287340313196182251e-01
5.210548266768455505e-02
1.145608723163604736e-02
-2.201641350984573364e-01
1.223379671573638916e-01
-3.419709205627441406e-01
-3.718487322330474854e-01
4.096806049346923828e-01
6.303328275680541992e-02
-2.121397405862808228e-01
3.585529327392578125e-01
-1.770903617143630981e-01
3.707197606563568115e-01
8.565714359283447266e-01
-4.176664166152477264e-03
-5.887025222182273865e-02
-7.652055472135543823e-02
-1.278063803911209106e-01
-2.454576343297958374e-01
-4.752849936485290527e-01
-5.736353993415832520e-01
-1.117455959320068359e-01
3.890741467475891113e-01
-1.828281581401824951e-01
5.240200161933898926e-01
-2.814053297042846680e-01
7.176711410284042358e-02
1.916594356298446655e-01
-5.810080170631408691e-01
-7.902031391859054565e-02
-5.972805432975292206e-03
-5.235072374343872070e-01
1.546580642461776733e-01
7.925227284431457520e-02
-2.685790657997131348e-01
-2.238998264074325562e-01
-2.098772823810577393e-01
3.948616981506347656e-01
-1.176753044128417969e+00
2.085436582565307617e-01
1.066771596670150757e-01
1.784877926111221313e-01
-4.156501591205596924e-01
-6.465541124343872070e-01
-1.102724894881248474e-01
-8.381462842226028442e-02
-3.557757139205932617e-01
3.280273079872131348e-01
-1.313863694667816162e-01
-5.709343552589416504e-01
8.766757845878601074e-01
1.882254928350448608e-01
3.029841780662536621e-01
-1.811956614255905151e-02
-9.361626952886581421e-02
3.515217825770378113e-02
2.625697851181030273e-01
-1.454700678586959839e-01
-6.500832736492156982e-02
-4.154137074947357178e-01
-6.137282252311706543e-01
-4.831496253609657288e-02
3.041165471076965332e-01
-5.030177161097526550e-02
7.390908151865005493e-02
-1.338425725698471069e-01
-9.925755113363265991e-02
2.762791514396667480e-02
-5.355837941169738770e-01
-4.457574337720870972e-02
-2.590946853160858154e-01
-3.342341184616088867e-01
-2.590624094009399414e-01
1.065174341201782227e-01
-3.555349707603454590e-01
2.276557683944702148e-01
5.842303484678268433e-02
6.213952898979187012e-01
-7.435889244079589844e-01
-1.620567142963409424e-01
1.014119759202003479e-01
3.521241247653961182e-02
-2.021211862564086914e+00
-1.342388838529586792e-01
2.392751425504684448e-01
-9.364224970340728760e-02
-4.676208198070526123e-01
3.358200490474700928e-01
4.839484095573425293e-01
1.449163705110549927e-01
8.619032055139541626e-02
-9.182554483413696289e-02
1.942575126886367798e-01
9.085649624466896057e-03
2.136038541793823242e-01
2.497521936893463135e-01
1.539243310689926147e-01
1.311034709215164185e-01
-4.376843273639678955e-01
-3.940349519252777100e-01
-4.209612309932708740e-01
-3.743790388107299805e-01
3.467811048030853271e-01
3.435284197330474854e-01
1.502650976181030273e-01
-1.155082061886787415e-01
1.817453205585479736e-01
-4.023491144180297852e-01
-1.864148825407028198e-01
2.652178406715393066e-01
-1.593155562877655029e-01
-3.024371862411499023e-01
-4.558133780956268311e-01
2.215312719345092773e-01
-1.099856272339820862e-01
6.784863770008087158e-02
1.389815330505371094e+00
3.778531253337860107e-01
-1.036662101745605469e+00
-6.308106333017349243e-02
2.889381647109985352e-01
1.639302819967269897e-01
-8.355978876352310181e-02
-1.001601442694664001e-01
-7.636934518814086914e-01
-5.131199359893798828e-01
4.012260958552360535e-02
1.084325313568115234e-01
5.858924984931945801e-01
9.018866717815399170e-02
-1.258014142513275146e-01
7.673893123865127563e-02
-4.535610228776931763e-02
-1.789509654045104980e-01
4.594925940036773682e-01
2.622579038143157959e-01
6.640846729278564453e-01
1.880972534418106079e-01
9.197489619255065918e-01
-6.534034758806228638e-02
7.357461452484130859e-01
1.009566634893417358e-01
-1.080538511276245117e+00
-3.283204883337020874e-02
2.158709466457366943e-01
-1.826149970293045044e-01
2.455558255314826965e-02
7.348745316267013550e-02
2.827276885509490967e-01
-1.808601319789886475e-01
-4.531827569007873535e-02
6.999112665653228760e-02
7.773263007402420044e-02
-5.215424671769142151e-02
-2.403669245541095734e-02
3.063611686229705811e-01
-2.700993716716766357e-01
-1.547380089759826660e-01
-3.519835174083709717e-01
-4.468052089214324951e-01
1.266833543777465820e-01
2.981348037719726562e-01
8.486235886812210083e-02
-2.419411838054656982e-01
5.230938196182250977e-01
-6.147045493125915527e-01
-4.233904778957366943e-01
2.306024879217147827e-01
2.995323203504085541e-02
-4.121882021427154541e-01
2.199527621269226074e-01
-4.652523398399353027e-01
1.329979598522186279e-01
5.843839049339294434e-01
-1.614931672811508179e-01
-1.610026210546493530e-01
3.024876117706298828e-01
7.309044152498245239e-02
-7.633687853813171387e-01
-4.904491305351257324e-01
-1.355409249663352966e-02
-1.705824881792068481e-01
6.397944092750549316e-01
1.181123629212379456e-01
2.339076399803161621e-01
-2.737917751073837280e-02
1.785571128129959106e-01
-3.259526193141937256e-01
-3.416778743267059326e-01
2.870428264141082764e-01
-4.262573421001434326e-01
-1.919115185737609863e-01
-5.086376667022705078e-01
-3.948996067047119141e-01
-4.487091898918151855e-01
2.603283226490020752e-01
-1.181010901927947998e-02
-2.030563205480575562e-01
-1.968547105789184570e-01
-1.827175468206405640e-01
2.280312329530715942e-01
7.412628084421157837e-02
-6.011623144149780273e-02
2.465450316667556763e-01
8.066417276859283447e-02
6.300610303878784180e-01
6.065685749053955078e-01
-3.984304070472717285e-01
3.529392927885055542e-02
4.346864521503448486e-01
-2.877324223518371582e-01
1.437556892633438110e-01
-2.539904415607452393e-01
-5.559459328651428223e-01
-3.047172427177429199e-01
5.244910120964050293e-01
4.627928435802459717e-01
9.855104237794876099e-02
-1.216017827391624451e-01
2.672672569751739502e-01
5.071984529495239258e-01
5.794332623481750488e-01
-4.991826117038726807e-01
3.763351738452911377e-01
2.088505178689956665e-01
1.788769960403442383e-01
-1.439235806465148926e-01
-9.643609821796417236e-02
-2.723858058452606201e-01
-3.539757430553436279e-02
-3.645730018615722656e-02
-3.214905560016632080e-01
1.737045496702194214e-01
2.103805392980575562e-01
3.248097002506256104e-02
4.385908842086791992e-01
-3.173756897449493408e-01
1.717815995216369629e-01
-8.351737260818481445e-02
2.649752236902713776e-02
-8.579773902893066406e-01
-1.103858232498168945e+00
-3.989107161760330200e-02
-6.103035062551498413e-02
3.125866875052452087e-02
-2.169394493103027344e-02
3.522146642208099365e-01
-3.212594091892242432e-01
1.484463661909103394e-01
2.467548400163650513e-01
-2.337342500686645508e-01
8.655989766120910645e-01
-1.635290235280990601e-01
3.294361829757690430e-01
-3.462289571762084961e-01
-3.216870874166488647e-02
3.012318909168243408e-01
4.570248126983642578e-01
4.525973498821258545e-01
6.920364499092102051e-02
-6.535567045211791992e-01
-9.120265841484069824e-01
2.555260360240936279e-01
2.673162221908569336e-01
1.684782952070236206e-01
4.969458281993865967e-02
-9.010405279695987701e-03
-4.109669029712677002e-01
1.093503236770629883e-01
3.350379467010498047e-01
-2.829286456108093262e-01
9.293975681066513062e-02
6.021649111062288284e-03
-1.002922058105468750e-01
-8.729060739278793335e-02
1.143715977668762207e+00
1.977966427803039551e-01
6.154118776321411133e-01
4.549451768398284912e-01
-1.180669665336608887e-01
-6.941971182823181152e-01
-6.852927803993225098e-01
7.752383500337600708e-02
-4.935349225997924805e-01
1.039474979043006897e-01
-2.687647566199302673e-02
-4.333973303437232971e-02
-1.852927654981613159e-01
-1.512719243764877319e-01
1.870239526033401489e-01
-2.595354020595550537e-01
1.463857442140579224e-01
-6.336818337440490723e-01
3.122907280921936035e-01
-7.331807911396026611e-02
2.721130847930908203e-01
1.536339968442916870e-01
9.434159994125366211e-01
1.229013875126838684e-01
6.693689525127410889e-02
6.570315957069396973e-01
5.284132957458496094e-01
1.782907992601394653e-01
8.702463507652282715e-01
3.677232265472412109e-01
7.330263853073120117e-01
-4.144427478313446045e-01
-4.085768461227416992e-01
-3.251995146274566650e-01
-4.134259521961212158e-01
-7.142242789268493652e-02
-4.422110319137573242e-01
2.959377691149711609e-02
1.979134529829025269e-01
3.642114102840423584e-01
-5.580703169107437134e-02
-4.342881441116333008e-01
-1.434376090764999390e-01
4.720189869403839111e-01
-1.504616141319274902e-01
-5.152763798832893372e-02
-1.539761871099472046e-01
1.500402092933654785e-01
-2.416184842586517334e-01
2.515047043561935425e-02
-2.874449789524078369e-01
3.858982026576995850e-01
1.133386418223381042e-01
-1.439101435244083405e-02
-5.862886905670166016e-01
-9.417482465505599976e-02
-1.498453468084335327e-01
4.422015324234962463e-02
3.070472776889801025e-01
5.633557215332984924e-02
4.105497151613235474e-02
4.340485036373138428e-01
1.433366984128952026e-01
-1.226831227540969849e-01
5.082668736577033997e-02
1.332680284976959229e-01
3.195030093193054199e-01
-4.956604242324829102e-01
4.233430922031402588e-01
3.196792304515838623e-01
2.488187402486801147e-01
-4.642792642116546631e-01
-4.126342535018920898e-01
-2.164220511913299561e-01
-2.019289322197437286e-02
3.572306782007217407e-02
-3.144217133522033691e-01
8.667374849319458008e-01
-2.241439819335937500e-01
-4.895931780338287354e-01
5.624452233314514160e-01
-2.588759362697601318e-01
-2.506789863109588623e-01
2.218277007341384888e-01
-6.747235655784606934e-01
5.409801006317138672e-01
1.509273201227188110e-01
2.135098427534103394e-01
1.349727362394332886e-01
-8.706693351268768311e-02
3.209236264228820801e-01
2.340567111968994141e-02
1.720982342958450317e-01
-2.184442430734634399e-01
-7.335255742073059082e-01
-6.285341829061508179e-02
-6.809675693511962891e-01
-1.862395852804183960e-01
-1.710912436246871948e-01
6.655151247978210449e-01
-3.169524297118186951e-02
-7.619623541831970215e-01
-1.286356151103973389e-01
-1.505131423473358154e-01
1.862774491310119629e-01
5.561760663986206055e-01
2.647939622402191162e-01
-4.479895532131195068e-02
5.062811374664306641e-01
-1.871722787618637085e-01
-2.800386250019073486e-01
-1.547785252332687378e-01
9.038801491260528564e-02
7.742055691778659821e-03
-2.364582270383834839e-01
1.683800518512725830e-01
-2.051647752523422241e-01
7.224112153053283691e-01
-1.436254382133483887e-01
3.565224111080169678e-01
-2.678920626640319824e-01
-1.543428450822830200e-01
-5.963253974914550781e-01
3.547578305006027222e-02
-2.429489791393280029e-01
1.738134324550628662e-01
2.910639345645904541e-01
4.437247514724731445e-01
-3.159618675708770752e-01
-7.821524143218994141e-02
2.401178516447544098e-02
4.271703064441680908e-01
1.174422577023506165e-01
8.616267144680023193e-02
-1.345222890377044678e-01
-1.405794173479080200e-01
8.255907148122787476e-02
-2.313445806503295898e-01
-6.584042310714721680e-01
4.636525809764862061e-01
-1.492678076028823853e-01
-2.336502671241760254e-01
2.954825460910797119e-01
1.263271272182464600e-01
-3.392295539379119873e-01
-7.428694367408752441e-01
-4.728047549724578857e-01
-5.565987154841423035e-02
-7.184121012687683105e-01
9.339463710784912109e-02
-9.729599952697753906e-02
1.268260478973388672e-01
-2.596404552459716797e-01
-1.141024455428123474e-01
1.703440845012664795e-01
-4.143433570861816406e-01
2.893716692924499512e-01
-6.637921929359436035e-01
1.032457128167152405e-01
-3.808966651558876038e-02
4.530816674232482910e-01
1.798108369112014771e-01
6.095110177993774414e-01
-1.507522817701101303e-02
-6.621060967445373535e-01
-2.775006368756294250e-02
-3.766911104321479797e-02
-7.138112932443618774e-02
-1.132282242178916931e-01
2.678893208503723145e-01
9.484937787055969238e-02
-4.239562451839447021e-01
-4.042487218976020813e-02
-4.394443035125732422e-01
-1.917999535799026489e-01
-1.680242866277694702e-01
-2.637193799018859863e-01
2.413315512239933014e-02
1.544031053781509399e-01
-9.585044533014297485e-02
-2.423942983150482178e-01
-4.794089794158935547e-01
3.519494533538818359e-01
2.104402035474777222e-01
-3.557511372491717339e-03
1.013433858752250671e-01
-2.789412438869476318e-01
-4.717099070549011230e-01
1.926832497119903564e-01
3.163503706455230713e-01
-3.165683448314666748e-01
3.180938959121704102e-01
5.337619781494140625e-01
2.878596186637878418e-01
-1.919774413108825684e-01
-9.157644957304000854e-02
3.363507390022277832e-01
5.301839113235473633e-01
-2.949056029319763184e-02
-3.833944201469421387e-01
3.569439947605133057e-01
1.536778658628463745e-01
-2.099877744913101196e-01
-4.522147774696350098e-01
1.562014501541852951e-02
-7.853925824165344238e-01
-5.778673291206359863e-01
-2.002058029174804688e-01
-1.569876223802566528e-01
2.211833149194717407e-01
1.858889460563659668e-01
3.874818384647369385e-01
-4.007859230041503906e-01
1.584513485431671143e-01
6.183497905731201172e-01
-2.863209843635559082e-01
1.709888100624084473e+00
-5.199225544929504395e-01
4.306472837924957275e-01
1.547309011220932007e-02
-3.011690974235534668e-01
4.241717159748077393e-01
7.793521881103515625e-01
4.732075929641723633e-01
3.365374803543090820e-01
-3.774154186248779297e-01
-6.881199479103088379e-01
5.160145089030265808e-02
-8.199729919433593750e-01
3.555286824703216553e-01
8.943303674459457397e-02
1.112793944776058197e-02
-3.739025294780731201e-01
-1.010713726282119751e-01
7.359269857406616211e-01
-4.552703797817230225e-01
2.498472630977630615e-01
-3.864673674106597900e-01
-1.530246138572692871e-01
-1.427524447441101074e+00
7.332813143730163574e-01
-6.819671392440795898e-02
4.909724295139312744e-01
3.424559533596038818e-02
3.587428331375122070e-01
-2.724671550095081329e-02
-9.454363584518432617e-02
3.059000372886657715e-01
1.857216209173202515e-01
-3.930899202823638916e-01
-5.894339680671691895e-01
3.346403241157531738e-01
2.756119072437286377e-01
4.438042938709259033e-01
-1.917491257190704346e-01
5.000000000000000000e-01
3.785683214664459229e-02
2.600941359996795654e-01
9.800954908132553101e-02
-1.796460747718811035e-01
2.358274348080158234e-02
9.927315711975097656e-01
-5.215078964829444885e-02
-3.829360902309417725e-01
-3.176826536655426025e-01
5.598407387733459473e-01
5.194758772850036621e-01
4.144985973834991455e-01
1.206927895545959473e+00
-1.388216018676757812e-01
2.859722077846527100e-01
-4.036463797092437744e-01
-2.117111682891845703e-01
-1.512634754180908203e-01
-4.438357651233673096e-01
3.219047784805297852e-01
-1.014732956886291504e+00
8.159953355789184570e-01
-7.202809303998947144e-02
-6.220378354191780090e-02
-2.215067110955715179e-02
-3.336518108844757080e-01
-5.269394516944885254e-01
4.312796592712402344e-01
-1.171071827411651611e-02
-4.623487889766693115e-01
-7.653669714927673340e-01
5.241045951843261719e-01
-4.287394285202026367e-01
6.165841221809387207e-02
8.675174415111541748e-02
1.932331621646881104e-01
-3.050373494625091553e-01
-1.096357181668281555e-01
9.880926609039306641e-01
-2.669292688369750977e-02
6.463731825351715088e-02
-8.690866082906723022e-02
2.389488071203231812e-01
-6.331359148025512695e-01
2.655490040779113770e-01
4.345996379852294922e-01
3.963576853275299072e-01
2.375264652073383331e-02
-6.191082298755645752e-02
7.766352891921997070e-01
6.950386762619018555e-01
1.829840689897537231e-01
2.752771973609924316e-01
-4.441232979297637939e-02
9.010464884340763092e-03
-1.225750446319580078e-01
3.788319230079650879e-01
-4.411984607577323914e-02
-3.730228841304779053e-01
2.047414481639862061e-01
-9.655058979988098145e-01
2.546078264713287354e-01
-3.466863632202148438e-01
-9.191466867923736572e-02
2.684086859226226807e-01
-2.283354401588439941e-01
-4.207622110843658447e-01
-4.005543291568756104e-01
8.134927600622177124e-03
-1.567524671554565430e-01
-1.895585060119628906e-01
8.959718048572540283e-02
-3.046831190586090088e-01
2.205597311258316040e-01
3.703789412975311279e-01
-2.470582276582717896e-01
-2.040890008211135864e-01
-1.691967248916625977e-01
4.860168099403381348e-01
-5.418477654457092285e-01
2.988924980163574219e-01
-6.549991965293884277e-01
2.325118780136108398e-01
-4.346927106380462646e-01
3.206853866577148438e-01
-2.425526268780231476e-02
6.300345063209533691e-01
1.381659060716629028e-01
6.063452363014221191e-02
4.373038411140441895e-01
7.240637540817260742e-01
-1.769621670246124268e-02
2.534281313419342041e-01
1.270862966775894165e-01
3.641704022884368896e-01
-3.207657635211944580e-01
-1.636622250080108643e-01
-4.877207875251770020e-01
-1.166263699531555176e+00
-2.655021548271179199e-01
-5.769006013870239258e-01
1.344057321548461914e-01
-3.109045028686523438e-01
7.634477615356445312e-01
2.634606659412384033e-01
-8.168171644210815430e-01
8.179432712495326996e-03
-7.120712101459503174e-02
-6.784179806709289551e-01
-7.075957059860229492e-01
-4.961682558059692383e-01
3.710518181324005127e-01
-3.318754136562347412e-01
6.171415448188781738e-01
3.943127393722534180e-01
5.817354321479797363e-01
1.335438489913940430e-01
-3.517716228961944580e-01
7.520399987697601318e-02
-3.518861532211303711e-02
-5.047430992126464844e-01
-3.565948009490966797e-01
3.349449336528778076e-01
7.068182229995727539e-01
-2.188169360160827637e-01
7.183772325515747070e-01
-1.093130931258201599e-01
1.076385378837585449e-01
1.145734935998916626e-01
1.997544765472412109e-01
9.337001293897628784e-02
-6.257442235946655273e-01
-1.992189139127731323e-01
3.184821307659149170e-01
-1.025493741035461426e+00
-3.905568271875381470e-02
-4.000531136989593506e-01
-4.260555282235145569e-02
-9.109193831682205200e-02
1.768771857023239136e-01
2.900153957307338715e-02
-1.221012920141220093e-01
2.664662599563598633e-01
3.198940157890319824e-01
1.850945353507995605e-01
-9.452830255031585693e-02
-4.845907166600227356e-02
-9.255839586257934570e-01
-2.503454089164733887e-01
-1.840185523033142090e-01
7.155086845159530640e-02
3.229045271873474121e-01
1.535110920667648315e-01
-6.519190222024917603e-02
-5.988358706235885620e-02
-7.694679498672485352e-02
-1.561491042375564575e-01
1.250374317169189453e-01
-1.464489102363586426e-01
-3.068515360355377197e-01
-3.267346620559692383e-01
1.892529428005218506e-01
-3.457095846533775330e-02
5.936050321906805038e-03
3.977613896131515503e-02
2.130438387393951416e-01
3.365430831909179688e-01
-5.983273312449455261e-02
-7.373619824647903442e-02
-1.376411020755767822e-01
1.670613586902618408e-01
-2.169212885200977325e-02
4.894911870360374451e-02
-7.097271084785461426e-01
-1.831181049346923828e-01
-3.006861507892608643e-01
2.963448762893676758e-01
2.289827913045883179e-01
5.213394016027450562e-02
-2.086871266365051270e-01
4.298178106546401978e-02
-9.054634720087051392e-02
-3.845100104808807373e-02
-3.352050110697746277e-02
-6.867892295122146606e-02
2.591428160667419434e-01
1.964231580495834351e-01
5.176320672035217285e-03
-2.489272207021713257e-01
1.689417511224746704e-01
7.159221917390823364e-02
