1.371024608612060547e+00
2.037954330444335938e-01
-9.850497245788574219e-01
-2.229413539171218872e-01
-1.321110844612121582e+00
1.287067770957946777e+00
-7.817901372909545898e-01
-2.640504539012908936e-01
8.262017369270324707e-02
-2.623668313026428223e-01
9.750607013702392578e-01
2.146170288324356079e-01
5.116645693778991699e-01
2.063854485750198364e-01
-3.319220840930938721e-01
-8.943064510822296143e-02
-3.191817551851272583e-02
2.265966385602951050e-01
1.013690590858459473e+00
1.450862586498260498e-01
-1.229650735855102539e+00
-2.829060256481170654e-01
-9.672095179557800293e-01
-2.354954034090042114e-01
-3.388288319110870361e-01
-1.878100633621215820e-01
2.545214295387268066e-01
-1.518047153949737549e-01
-5.914404988288879395e-01
2.181804776191711426e-01
8.142797350883483887e-01
3.900626659393310547e+00
1.090337157249450684e+00
-1.090813159942626953e+00
-1.438091158866882324e+00
-2.305226922035217285e-01
1.455453634262084961e+00
2.408141046762466431e-01
9.967441558837890625e-01
3.322372436523437500e-01
8.303079605102539062e-01
-6.614812016487121582e-01
-4.805822074413299561e-01
-6.296519041061401367e-01
-3.983456194400787354e-01
6.688718199729919434e-01
4.436883628368377686e-01
-4.234291017055511475e-01
-2.985841631889343262e-01
6.296716332435607910e-01
-9.121694564819335938e-01
-7.399600744247436523e-01
-3.010672628879547119e-01
1.159633025527000427e-01
-1.495607942342758179e-01
-1.167755722999572754e+00
8.300663828849792480e-01
-8.828840255737304688e-01
8.218021988868713379e-01
6.657071113586425781e-01
-1.100711226463317871e+00
7.103254199028015137e-01
6.768649220466613770e-01
4.827471673488616943e-01
-1.623781472444534302e-01
-8.351331353187561035e-01
-3.525920510292053223e-01
3.163990974426269531e-01
-1.343396902084350586e-01
-1.344808101654052734e+00
7.354424595832824707e-01
5.887896418571472168e-01
3.460458815097808838e-01
-4.489820003509521484e-01
3.831117451190948486e-01
-2.998520135879516602e-01
1.098821014165878296e-01
1.274141550064086914e+00
-1.501940011978149414e+00
-3.674139976501464844e-01
1.110215544700622559e+00
-1.212990641593933105e+00
-1.830731272697448730e+00
-1.964529633522033691e+00
1.398326158523559570e-01
7.827119231224060059e-01
8.835243582725524902e-01
-8.526356518268585205e-02
-4.126740097999572754e-01
3.183473646640777588e-01
-5.425404310226440430e-01
-1.532885313034057617e+00
-3.379580974578857422e-01
-6.135845780372619629e-01
-7.799896597862243652e-01
-7.507899999618530273e-01
3.206595182418823242e+00
-1.466915607452392578e+00
2.617103576660156250e+00
1.712991476058959961e+00
-1.924657523632049561e-01
1.930499821901321411e-01
7.019690871238708496e-01
2.420547455549240112e-01
-3.432577848434448242e-02
-4.514028131961822510e-01
3.165355026721954346e-01
1.699416339397430420e-01
4.443687796592712402e-01
-1.513311862945556641e-01
3.909732997417449951e-01
3.011766970157623291e-01
9.324666112661361694e-02
-1.835493594408035278e-01
2.306136637926101685e-01
-2.008842527866363525e-01
-8.161703944206237793e-01
4.705995917320251465e-01
-8.273770213127136230e-01
-4.566639363765716553e-01
-9.115571379661560059e-01
4.791084825992584229e-01
6.109938025474548340e-01
6.125776469707489014e-02
2.282506972551345825e-01
-7.755600810050964355e-01
-3.706147372722625732e-01
9.217882156372070312e-02
9.844300150871276855e-02
-5.203822851181030273e-01
4.588352441787719727e-01
5.336620807647705078e-01
3.907341361045837402e-01
9.829812496900558472e-02
1.834377199411392212e-01
-8.492364883422851562e-01
-3.913477361202239990e-01
1.053724169731140137e+00
-1.606638431549072266e+00
-8.285377025604248047e-01
5.518857240676879883e-01
-3.959926068782806396e-01
-5.645210742950439453e-01
1.370076090097427368e-01
-1.771054416894912720e-02
3.895865976810455322e-01
1.760776340961456299e-01
2.060366719961166382e-01
3.171379864215850830e-01
3.319691121578216553e-01
-4.923693835735321045e-01
-9.840718656778335571e-02
-5.417287349700927734e-02
1.239494234323501587e-02
-2.986883521080017090e-01
3.177164494991302490e-01
6.691020727157592773e-01
-7.065861225128173828e-01
1.530814647674560547e+00
2.962986528873443604e-01
-1.536526381969451904e-01
2.405430749058723450e-02
-4.644688218832015991e-03
5.104465037584304810e-02
-4.464691579341888428e-01
7.923375070095062256e-02
-4.388320147991180420e-01
3.746027648448944092e-01
-4.899809956550598145e-01
-4.450116306543350220e-02
-1.470793783664703369e-01
4.704418405890464783e-02
5.668249726295471191e-01
-2.860900163650512695e-01
5.843051671981811523e-01
3.721487300936132669e-04
3.514552954584360123e-03
-1.695683458819985390e-03
-1.497290879487991333e-01
2.804771363735198975e-01
6.193022131919860840e-01
-5.097935199737548828e-01
-5.771926045417785645e-01
-2.890580594539642334e-01
-3.631645441055297852e-01
7.295460104942321777e-01
-4.673274606466293335e-02
-4.538927078247070312e-01
-1.810734858736395836e-03
5.723303556442260742e-01
-4.731811583042144775e-01
-5.530889630317687988e-01
-2.206677943468093872e-01
1.376076638698577881e-01
1.999568641185760498e-01
4.522073566913604736e-01
1.056062221527099609e+00
-6.907414197921752930e-01
1.368673682212829590e+00
3.749539256095886230e-01
-5.835341811180114746e-01
2.257041782140731812e-01
6.042308211326599121e-01
2.016904950141906738e-01
2.365677207708358765e-01
-4.017822444438934326e-01
-5.225465893745422363e-01
2.334597706794738770e-01
-2.045811414718627930e-01
-6.016797423362731934e-01
4.197494387626647949e-01
4.008277058601379395e-01
1.896768808364868164e-01
-9.912185370922088623e-02
4.174288809299468994e-01
-5.374175906181335449e-01
-6.185165643692016602e-01
4.908581972122192383e-01
-1.614729642868041992e+00
-3.974958360195159912e-01
8.392980098724365234e-01
-8.613442182540893555e-01
-1.812559664249420166e-01
-1.033585309982299805e+00
-7.990184426307678223e-01
1.148871660232543945e+00
6.342315673828125000e-01
-1.305475473403930664e+00
-3.694700896739959717e-01
1.244966387748718262e+00
-1.102960586547851562e+00
-2.042886972427368164e+00
-1.188017204403877258e-01
8.351524174213409424e-02
5.222450494766235352e-01
2.481518089771270752e-01
5.299970507621765137e-01
-1.833424448966979980e+00
1.024324417114257812e+00
9.047330021858215332e-01
3.910426497459411621e-01
-4.587423205375671387e-01
-2.173795364797115326e-02
-8.181113749742507935e-02
-1.344628930091857910e-01
4.290675520896911621e-01
-1.671421974897384644e-01
7.192159444093704224e-02
7.410122454166412354e-02
4.715818166732788086e-01
-1.702904552221298218e-01
-4.460139572620391846e-01
3.880386799573898315e-02
1.340954098850488663e-02
-7.863303273916244507e-02
4.747600853443145752e-01
5.725465416908264160e-01
-5.152183175086975098e-01
1.282716751098632812e+00
5.497168898582458496e-01
-3.551967442035675049e-01
6.148425340652465820e-01
1.340992301702499390e-01
6.525390744209289551e-01
3.381407260894775391e-01
-3.685454130172729492e-01
4.330871999263763428e-01
-7.559442520141601562e-01
1.540710449218750000e+00
2.823058664798736572e-01
5.446938276290893555e-01
2.230387367308139801e-02
-9.398759603500366211e-01
1.132685184478759766e+00
-4.784713685512542725e-01
-8.710190653800964355e-01
-9.198244810104370117e-01
3.664643689990043640e-02
-1.089373230934143066e+00
-6.567010879516601562e-01
-1.647592186927795410e+00
9.156020283699035645e-01
2.121614694595336914e+00
9.785409569740295410e-01
-6.078323721885681152e-01
-1.492122292518615723e+00
-1.110172867774963379e+00
1.091188430786132812e+00
-5.798287391662597656e-01
-2.196232080459594727e+00
1.087443828582763672e+00
1.539726972579956055e+00
1.062282800674438477e+00
-9.761419892311096191e-01
1.149085402488708496e+00
-1.967085957527160645e+00
-8.800559043884277344e-01
2.647342205047607422e+00
-2.632156848907470703e+00
-1.182327866554260254e+00
-7.327615618705749512e-01
3.840542435646057129e-01
7.820115089416503906e-01
2.764889001846313477e-01
1.211436465382575989e-01
-5.468497872352600098e-01
-4.681813418865203857e-01
3.552789092063903809e-01
1.016907319426536560e-01
-3.428191244602203369e-01
4.287215173244476318e-01
2.970523834228515625e-01
-1.087930169887840748e-03
-2.358280271291732788e-01
3.205177783966064453e-01
-7.139603495597839355e-01
-1.056806206703186035e+00
8.083266019821166992e-01
-1.420973658561706543e+00
-5.765203237533569336e-01
-5.128350257873535156e-01
3.901964724063873291e-01
3.173734247684478760e-01
3.443396687507629395e-01
1.898885965347290039e-01
-4.807561039924621582e-01
-5.489687919616699219e-01
4.313864707946777344e-01
-2.478221207857131958e-01
-5.434191823005676270e-01
4.458421468734741211e-01
5.119825601577758789e-01
4.722379148006439209e-01
-1.480136960744857788e-01
1.018303353339433670e-02
-1.430401653051376343e-01
-7.150023579597473145e-01
4.541956782341003418e-01
-4.793154001235961914e-01
-4.008169472217559814e-01
-6.404137015342712402e-01
2.750830352306365967e-01
2.474036365747451782e-01
9.285210967063903809e-01
1.642231270670890808e-02
-5.369445681571960449e-01
-8.346510529518127441e-01
4.622250497341156006e-01
-1.691642552614212036e-01
-9.909495115280151367e-01
4.621117711067199707e-01
4.948115944862365723e-01
7.340505123138427734e-01
-6.073410063982009888e-02
3.630704581737518311e-01
-5.809721946716308594e-01
-2.742483615875244141e-01
6.879752278327941895e-01
-4.861282110214233398e-01
-8.576436638832092285e-01
-7.443297505378723145e-01
2.140190899372100830e-01
9.092478156089782715e-01
1.625979691743850708e-01
3.562207221984863281e-01
-5.063350796699523926e-01
-3.835655152797698975e-01
4.447545409202575684e-01
5.105695128440856934e-01
-4.482702016830444336e-01
3.143691420555114746e-01
5.284581184387207031e-01
2.563148438930511475e-01
-4.788141250610351562e-01
2.446116954088211060e-01
-1.096405833959579468e-01
-1.972205519676208496e+00
9.367377758026123047e-01
-8.520317673683166504e-01
-4.529894888401031494e-01
-1.619456529617309570e+00
9.646347165107727051e-01
2.689728975296020508e+00
6.028212308883666992e-01
-2.950452454388141632e-02
-1.061022043228149414e+00
-5.142386555671691895e-01
5.546246767044067383e-01
6.039068475365638733e-02
-1.330119967460632324e+00
1.015450000762939453e+00
1.283805489540100098e+00
3.671939074993133545e-01
-2.026532143354415894e-01
7.291318774223327637e-01
-1.522016286849975586e+00
-1.592743635177612305e+00
2.068519353866577148e+00
-1.990355968475341797e+00
-9.497143626213073730e-01
-8.982472419738769531e-01
8.726102709770202637e-01
9.813803434371948242e-01
5.012724399566650391e-01
5.003301501274108887e-01
-1.267995119094848633e+00
-3.507614731788635254e-01
1.454644083976745605e+00
5.554557442665100098e-01
-1.045368313789367676e+00
8.101975321769714355e-01
1.197596669197082520e+00
1.871127486228942871e-01
-2.715160548686981201e-01
-6.797368824481964111e-02
-4.782951176166534424e-01
-9.669916629791259766e-01
1.878784060478210449e+00
-1.076516389846801758e+00
-7.268330454826354980e-01
-7.706959843635559082e-01
5.721644163131713867e-01
8.692377805709838867e-01
6.735269427299499512e-01
-9.501720219850540161e-02
-2.049914449453353882e-01
-4.421919584274291992e-01
-2.697108872234821320e-02
3.698957562446594238e-01
-5.283215641975402832e-01
1.440357267856597900e-01
6.693328032270073891e-04
2.999618053436279297e-01
2.364736609160900116e-02
4.954946935176849365e-01
-2.769829630851745605e-01
-1.407991290092468262e+00
3.335340619087219238e-01
-1.018496632575988770e+00
-6.082547307014465332e-01
-8.350295424461364746e-01
6.374405622482299805e-01
-9.276607036590576172e-01
7.811611294746398926e-01
3.406203985214233398e-01
-7.554036378860473633e-01
-8.223181962966918945e-01
1.080490350723266602e+00
-1.108570918440818787e-01
-1.692857146263122559e+00
6.245481967926025391e-01
1.419144749641418457e+00
6.854559183120727539e-01
-6.450915336608886719e-02
1.335010677576065063e-01
-2.916222810745239258e-01
6.368327736854553223e-01
1.299305796623229980e+00
-5.790992975234985352e-01
-5.975248813629150391e-01
-9.695743769407272339e-02
-1.042908132076263428e-01
-1.153107136487960815e-01
-2.590423226356506348e-01
2.537825107574462891e-01
3.354469835758209229e-01
2.405075728893280029e-01
-2.946891188621520996e-01
9.155094027519226074e-01
5.530684813857078552e-02
-4.558330178260803223e-01
-6.316979974508285522e-02
-1.221784427762031555e-01
-2.280883118510246277e-02
4.740352183580398560e-02
-2.965698540210723877e-01
-5.276865363121032715e-01
-5.415303111076354980e-01
1.326300799846649170e-01
-4.753398895263671875e-01
2.468763887882232666e-01
-2.708265557885169983e-03
3.372208448126912117e-03
3.067553937435150146e-01
2.144417464733123779e-01
-6.636289954185485840e-01
-1.572621315717697144e-01
1.184135153889656067e-01
-4.514735937118530273e-02
5.507424008101224899e-03
-2.415366768836975098e-01
-3.028726577758789062e-01
3.373695611953735352e-01
-1.261997669935226440e-01
-2.720180749893188477e-01
2.215672582387924194e-01
2.331398725509643555e-01
-7.363166194409132004e-03
-6.322590708732604980e-01
3.218570947647094727e-01
-6.100738644599914551e-01
1.934834271669387817e-01
-4.945037364959716797e-01
-6.818607449531555176e-01
4.664876759052276611e-01
7.589450478553771973e-02
5.664488673210144043e-01
-5.288566946983337402e-01
5.827785134315490723e-01
3.176575303077697754e-01
-4.472514092922210693e-01
-1.609962582588195801e-01
-8.289043307304382324e-01
-2.283128201961517334e-01
1.498370170593261719e-01
-4.996186196804046631e-01
-5.851820111274719238e-01
-5.911547541618347168e-01
-1.398733556270599365e-01
-3.368779420852661133e-01
-7.954131364822387695e-01
4.577564895153045654e-01
-2.675824165344238281e-01
-6.276810169219970703e-01
4.041798412799835205e-01
-1.173248440027236938e-01
6.353944540023803711e-01
-6.019290685653686523e-01
6.953406929969787598e-01
2.166916728019714355e-01
1.103845834732055664e-01
-2.767812013626098633e-01
-8.062595129013061523e-01
-2.728261053562164307e-01
-3.295370936393737793e-02
-1.078963518142700195e+00
-2.237509340047836304e-01
-3.447242975234985352e-01
-2.447026669979095459e-01
-2.161506116390228271e-01
4.569380879402160645e-01
-4.433840513229370117e-01
-3.695429563522338867e-01
1.506856679916381836e-01
-4.600369632244110107e-01
3.157066106796264648e-01
-3.245854377746582031e-01
6.801896691322326660e-01
-4.527303278446197510e-01
-1.019630953669548035e-01
-1.010073721408843994e-01
3.643627464771270752e-01
5.609873533248901367e-01
-4.259234368801116943e-01
-3.065882623195648193e-01
4.308000802993774414e-01
2.910665571689605713e-01
-2.852317877113819122e-02
-7.099551707506179810e-02
-6.355980783700942993e-02
1.012057289481163025e-01
-4.149434715509414673e-02
3.347920775413513184e-01
9.003373980522155762e-02
-5.232540369033813477e-01
6.124236583709716797e-01
-5.707336664199829102e-01
6.038578152656555176e-01
-3.840132355690002441e-01
-3.188950121402740479e-01
3.445627391338348389e-01
7.429128885269165039e-02
2.995194792747497559e-01
6.973637342453002930e-01
2.099757492542266846e-01
4.906064867973327637e-01
1.619144231081008911e-01
2.115955054759979248e-01
1.062111258506774902e+00
7.829221896827220917e-03
5.638864636421203613e-01
6.915271878242492676e-01
-3.830676376819610596e-01
1.007635369896888733e-01
3.151721656322479248e-01
-7.040536403656005859e-01
2.164399921894073486e-01
-4.022580385208129883e-01
-3.316970169544219971e-01
2.235816270112991333e-01
6.549076735973358154e-02
-9.964560866355895996e-01
-3.444179594516754150e-01
-2.580966353416442871e-01
-4.806976318359375000e-01
1.005873382091522217e-01
3.522958755493164062e-01
1.820615679025650024e-01
-7.727678418159484863e-01
1.450371742248535156e+00
4.859780073165893555e-01
-3.918095529079437256e-01
4.671129882335662842e-01
6.210135817527770996e-01
-5.760813951492309570e-01
-4.430686235427856445e-01
-4.406492114067077637e-01
4.367240965366363525e-01
-5.484487414360046387e-01
-2.490375041961669922e-01
3.105081021785736084e-01
1.409267187118530273e-01
4.550928473472595215e-01
3.320036232471466064e-01
-3.899302706122398376e-02
3.236874639987945557e-01
5.137653350830078125e-01
4.832713603973388672e-01
2.057279199361801147e-01
3.974646329879760742e-01
4.116966128349304199e-01
-3.290043473243713379e-01
2.668863534927368164e-01
6.289216876029968262e-01
-5.524613857269287109e-01
-7.206960767507553101e-02
-5.570709109306335449e-01
6.445835828781127930e-01
-5.449693799018859863e-01
-2.855519950389862061e-01
1.014310359954833984e+00
2.181831300258636475e-01
1.032892823219299316e+00
-5.770530924201011658e-02
-1.789880245923995972e-01
-2.869857475161552429e-02
4.884726405143737793e-01
2.859479188919067383e-01
-1.792696118354797363e-01
1.864838451147079468e-01
-1.823839843273162842e-01
1.964742541313171387e-01
-2.603344917297363281e-01
-1.034551113843917847e-01
6.643011569976806641e-01
-2.420408129692077637e-01
2.335624992847442627e-01
-4.125779271125793457e-01
-3.787493407726287842e-01
6.924684345722198486e-02
7.926087081432342529e-02
-3.131255209445953369e-01
-5.937464833259582520e-01
-5.152142047882080078e-01
-2.843992710113525391e-01
-2.073742151260375977e-01
-1.489538699388504028e-01
1.244453340768814087e-01
-3.034410774707794189e-01
1.728253662586212158e-01
-1.856162846088409424e-01
-8.772303164005279541e-02
6.717809438705444336e-01
3.163810074329376221e-02
-6.168994307518005371e-01
-2.129370272159576416e-01
-5.737568140029907227e-01
6.154715418815612793e-01
-2.241114675998687744e-01
-4.100592136383056641e-01
3.552392423152923584e-01
1.224506273865699768e-01
3.506567776203155518e-01
7.406373023986816406e-01
5.151331052184104919e-02
3.491889834403991699e-01
-5.382849276065826416e-02
1.145932525396347046e-01
1.166882991790771484e+00
1.980507075786590576e-01
5.536748766899108887e-01
3.163226842880249023e-01
-5.427201390266418457e-01
-1.441753357648849487e-01
5.804906412959098816e-02
-2.238207817077636719e+00
9.410318732261657715e-02
-1.877153664827346802e-01
-1.504209637641906738e-01
-5.061076208949089050e-02
2.929808944463729858e-02
-1.720271259546279907e-02
-2.032435387372970581e-01
-2.214168757200241089e-01
-1.074834227561950684e+00
-3.841971158981323242e-01
3.510157167911529541e-01
1.286427229642868042e-01
-1.296051621437072754e+00
4.204438328742980957e-01
2.105966657400131226e-01
-9.654610753059387207e-01
3.050470054149627686e-01
6.905399560928344727e-01
-5.223962068557739258e-01
-6.928208749741315842e-03
-2.479817420244216919e-01
1.410354018211364746e+00
-1.035643741488456726e-01
-3.694057166576385498e-01
-1.598889529705047607e-01
2.138846069574356079e-01
1.056206464767456055e+00
1.547441780567169189e-01
1.797052100300788879e-02
4.765292406082153320e-01
1.861495673656463623e-01
2.903880178928375244e-01
2.509935200214385986e-01
-1.635490916669368744e-02
7.295021414756774902e-01
-3.553589582443237305e-01
4.502899050712585449e-01
3.813722431659698486e-01
-4.580401182174682617e-01
3.288337588310241699e-02
-2.812312543392181396e-01
6.809125542640686035e-01
-6.195594072341918945e-01
-3.911558091640472412e-01
2.941114008426666260e-01
5.036375522613525391e-01
8.369026780128479004e-01
1.876064836978912354e-01
1.991078257560729980e-01
7.881061434745788574e-01
3.796928524971008301e-01
1.946295946836471558e-01
2.556225955486297607e-01
3.781671524047851562e-01
-4.137866795063018799e-01
2.576911449432373047e-01
-5.346781611442565918e-01
-2.616216242313385010e-01
1.638702601194381714e-01
-8.103039860725402832e-01
6.612778306007385254e-01
-3.490444719791412354e-01
-8.010438829660415649e-02
1.154604703187942505e-01
-4.653161168098449707e-01
1.131025701761245728e-01
-3.907133638858795166e-01
-4.045255184173583984e-01
-6.180201172828674316e-01
-2.407930940389633179e-01
2.924506664276123047e-01
1.442454308271408081e-01
-6.163702607154846191e-01
-6.238377653062343597e-03
2.772308886051177979e-01
-6.177509427070617676e-01
3.392013013362884521e-01
4.714973866939544678e-01
-3.865036070346832275e-01
2.209197543561458588e-02
-6.849024295806884766e-01
5.300773382186889648e-01
-4.770232737064361572e-01
-1.918784677982330322e-01
-2.248538285493850708e-01
5.294264554977416992e-01
4.590252637863159180e-01
3.213748633861541748e-01
1.133868396282196045e-01
6.927168369293212891e-01
3.552058339118957520e-01
1.436504870653152466e-01
-1.170555800199508667e-01
1.457450240850448608e-01
2.701867185533046722e-02
7.022587954998016357e-02
8.718154430389404297e-01
5.128955841064453125e-01
-7.422239184379577637e-01
1.649410575628280640e-01
-7.019665241241455078e-01
5.311399698257446289e-01
1.171960160136222839e-01
-3.398725390434265137e-01
-7.010587453842163086e-01
3.212431073188781738e-01
6.045538783073425293e-01
1.756051927804946899e-01
1.016933694481849670e-01
2.049561142921447754e-01
2.533463239669799805e-01
6.982433795928955078e-02
4.332617521286010742e-01
-1.189009696245193481e-01
8.988696336746215820e-02
2.889584004878997803e-01
-1.547137349843978882e-01
-1.175031065940856934e-01
1.045303270220756531e-01
-9.959876537322998047e-01
3.942176699638366699e-01
-1.279868185520172119e-01
-2.639089524745941162e-01
-6.957665830850601196e-02
5.351474285125732422e-01
-2.245204299688339233e-01
-1.982638686895370483e-01
-3.412410616874694824e-01
-4.938662052154541016e-01
-1.974066793918609619e-01
2.743895053863525391e-01
2.947486042976379395e-01
-1.304467618465423584e-01
1.703549176454544067e-01
-1.066796183586120605e-01
2.229535207152366638e-02
-5.802048444747924805e-01
-2.666926681995391846e-01
6.379829645156860352e-01
-3.501383960247039795e-01
1.384010910987854004e-01
-8.330761194229125977e-01
-2.467691153287887573e-01
3.133467435836791992e-01
1.175027132034301758e+00
-3.698518276214599609e-01
-3.553144335746765137e-01
-1.129919514060020447e-01
2.611676454544067383e-01
3.507595360279083252e-01
6.323005259037017822e-02
-2.955790162086486816e-01
-7.165239006280899048e-02
8.394771069288253784e-02
4.850769042968750000e-02
-7.247690111398696899e-02
-1.053528860211372375e-01
-2.460670620203018188e-01
5.934930443763732910e-01
-5.224311947822570801e-01
-4.291106015443801880e-02
-1.090515971183776855e+00
-1.238955259323120117e-01
3.553162813186645508e-01
-6.842893958091735840e-01
-2.743391096591949463e-01
-8.534536957740783691e-01
4.001542925834655762e-01
-2.140469104051589966e-01
-2.705205976963043213e-02
-1.403558999300003052e-01
-5.213152244687080383e-02
-6.417106986045837402e-01
-2.138788066804409027e-02
8.827786892652511597e-02
-1.379966735839843750e-01
-5.377508327364921570e-02
1.559078395366668701e-01
4.910164177417755127e-01
-1.875854581594467163e-01
4.706527665257453918e-02
-9.134048223495483398e-01
-1.273996233940124512e-01
9.639625996351242065e-02
-4.965185225009918213e-01
-2.830888032913208008e-01
-3.560470044612884521e-01
2.754005789756774902e-01
-2.365410327911376953e-01
-1.354166120290756226e-01
-1.052074134349822998e-01
7.066721469163894653e-02
-3.601227700710296631e-01
-1.496707499027252197e-01
-1.104452833533287048e-02
1.165168881416320801e-01
2.120077013969421387e-01
2.176047265529632568e-01
9.430088102817535400e-02
-2.039040476083755493e-01
-1.389893889427185059e-01
-1.245587170124053955e-01
-1.993537647649645805e-03
-1.820124089717864990e-01
-6.932667642831802368e-02
1.382007747888565063e-01
-9.510365873575210571e-02
-4.785310104489326477e-02
-2.216223329305648804e-01
-1.707832664251327515e-01
-1.281996816396713257e-01
2.779164314270019531e-01
-2.834452092647552490e-01
-6.609115004539489746e-02
2.241611033678054810e-01
-2.500655949115753174e-01
-2.940382361412048340e-01
5.104491114616394043e-01
5.372623354196548462e-02
-2.271125614643096924e-01
2.431688904762268066e-01
3.898773491382598877e-01
-3.094963729381561279e-01
5.387661978602409363e-02
1.017711460590362549e-01
1.002903938293457031e+00
3.766424059867858887e-01
1.250688731670379639e-01
5.681591033935546875e-01
7.241610288619995117e-01
9.945025295019149780e-02
-6.000624299049377441e-01
-7.866497039794921875e-01
-2.413694560527801514e-01
2.997126616537570953e-02
4.449867308139801025e-01
-4.072000086307525635e-01
1.880310773849487305e-01
7.699269056320190430e-01
-3.679390847682952881e-01
-3.202137947082519531e-01
-4.253590106964111328e-01
-1.066916435956954956e-01
4.474260210990905762e-01
-6.602120995521545410e-01
-5.341461896896362305e-01
1.200257092714309692e-01
3.312292695045471191e-02
-9.152070432901382446e-02
1.605665981769561768e-01
-1.489511609077453613e+00
-3.251454606652259827e-02
4.539256915450096130e-02
1.112689264118671417e-02
-2.023406177759170532e-01
6.114472150802612305e-01
8.535940945148468018e-02
3.808218538761138916e-01
1.228744506835937500e+00
-2.362405322492122650e-02
-6.206262707710266113e-01
1.077025011181831360e-01
-6.017662286758422852e-01
6.603982448577880859e-01
-3.067804574966430664e-01
3.781388327479362488e-02
1.151141747832298279e-01
-6.165014505386352539e-01
2.780650183558464050e-02
2.917204797267913818e-01
-6.862822175025939941e-01
-1.831923276185989380e-01
-2.280446588993072510e-01
-5.889389514923095703e-01
-1.435414254665374756e-01
5.673431605100631714e-02
8.981713093817234039e-03
-4.693618714809417725e-01
1.048736199736595154e-01
2.416502833366394043e-01
-1.913042515516281128e-01
-3.770202696323394775e-01
3.843079209327697754e-01
2.852917276322841644e-02
1.225792542099952698e-01
-4.791460037231445312e-01
-3.278447985649108887e-01
-3.606767579913139343e-02
-3.844978511333465576e-01
-1.000761628150939941e+00
9.803226590156555176e-02
7.365328669548034668e-01
3.899882435798645020e-01
6.705877184867858887e-01
-2.273780554533004761e-01
1.250174492597579956e-01
1.262259036302566528e-01
4.290271699428558350e-01
6.480750441551208496e-01
-2.338012605905532837e-01
-2.807453088462352753e-02
3.318840861320495605e-01
-6.837010979652404785e-01
2.492398768663406372e-01
-8.285779953002929688e-01
3.831366598606109619e-01
-5.110376048833131790e-03
-6.240031123161315918e-01
8.091687411069869995e-02
6.326805949211120605e-01
-8.907489776611328125e-01
-4.030829668045043945e-01
-3.922384977340698242e-01
-1.628050357103347778e-01
-3.210450708866119385e-01
-2.197624556720256805e-02
1.257238686084747314e-01
-1.986334025859832764e-01
-8.254835009574890137e-02
1.937432438135147095e-01
-6.505142897367477417e-02
-3.086342811584472656e-01
3.321362733840942383e-01
-4.631230831146240234e-01
2.013216912746429443e-01
-6.386284530162811279e-02
-1.966918073594570160e-02
6.556617021560668945e-01
-3.415168821811676025e-01
-9.260180592536926270e-01
4.754825234413146973e-01
6.414695978164672852e-01
-9.499191492795944214e-02
-7.198317646980285645e-01
-1.552072316408157349e-01
-2.437054663896560669e-01
-2.935229241847991943e-01
3.224562108516693115e-01
1.739293038845062256e-01
-1.578909903764724731e-01
2.721435725688934326e-01
2.483548372983932495e-01
-2.930076420307159424e-01
1.536712143570184708e-02
-1.948843300342559814e-01
5.418897867202758789e-01
6.076807975769042969e-01
-2.595190703868865967e-02
2.222003340721130371e-01
5.007216930389404297e-01
-3.110604882240295410e-01
-3.572966456413269043e-01
-1.067128539085388184e+00
-1.803555637598037720e-01
-6.339938044548034668e-01
6.119951605796813965e-01
5.682119131088256836e-01
-6.818739697337150574e-03
1.875712126493453979e-01
-7.564747333526611328e-02
-1.293881833553314209e-01
2.164185792207717896e-01
-7.050426304340362549e-02
1.646562516689300537e-01
-6.177190542221069336e-01
2.419431954622268677e-01
-6.807982921600341797e-01
2.275380790233612061e-01
9.596464037895202637e-02
2.264286279678344727e-01
-9.799606800079345703e-01
-2.968199551105499268e-01
-3.394586443901062012e-01
-5.137434005737304688e-01
3.205573260784149170e-01
-2.340824902057647705e-01
-7.089911699295043945e-01
9.326931834220886230e-01
-4.886659234762191772e-02
-2.769113481044769287e-01
2.617017328739166260e-01
1.941752433776855469e-01
-5.136278867721557617e-01
1.780413091182708740e-01
2.421186715364456177e-01
4.830229878425598145e-01
3.202069103717803955e-01
-2.857782840728759766e-01
3.024707734584808350e-01
8.176346868276596069e-02
-2.183583080768585205e-01
-6.589277386665344238e-01
-1.256103038787841797e+00
-5.054594874382019043e-01
2.836764156818389893e-01
-1.643325090408325195e-01
-8.109269291162490845e-02
3.609845638275146484e-01
2.324031889438629150e-01
-1.985006630420684814e-01
4.772603511810302734e-02
8.599632978439331055e-02
-4.326294660568237305e-01
1.007042601704597473e-01
-2.847364246845245361e-01
4.501253068447113037e-01
1.090255677700042725e-01
-1.457528322935104370e-01
4.858343899250030518e-01
3.329414725303649902e-01
-1.540489792823791504e-01
-2.238746732473373413e-01
-2.883394956588745117e-01
-1.114898547530174255e-01
-1.289159059524536133e-01
1.367911994457244873e-01
-5.439983680844306946e-02
3.649235069751739502e-01
8.248830437660217285e-01
-3.188359737396240234e-01
1.491839885711669922e-01
2.859689295291900635e-01
-3.326198458671569824e-01
5.408799648284912109e-01
-7.303592562675476074e-01
3.469759523868560791e-01
-3.179119229316711426e-01
-4.255353808403015137e-01
2.391933202743530273e-01
6.566618084907531738e-01
-1.046022534370422363e+00
-4.586273431777954102e-01
-2.951786518096923828e-01
-2.319743633270263672e-01
2.733978033065795898e-01
7.017009705305099487e-02
1.043824255466461182e-01
-4.884734153747558594e-01
-1.062744975090026855e+00
4.964047297835350037e-02
-1.697474867105484009e-01
-1.952598094940185547e-01
1.042086482048034668e+00
-6.824328303337097168e-01
9.788608551025390625e-01
1.582178026437759399e-01
-5.761529877781867981e-02
2.994684576988220215e-01
-4.963896572589874268e-01
-7.947155237197875977e-01
3.283416032791137695e-01
9.691031575202941895e-01
2.764242887496948242e-01
5.930105447769165039e-01
-4.112610816955566406e-01
1.193927526473999023e+00
4.755981266498565674e-01
2.053240239620208740e-01
6.207054853439331055e-01
-2.814234793186187744e-01
-1.185003757476806641e+00
-1.384595036506652832e-01
-4.166690707206726074e-01
2.024989873170852661e-01
-1.491385102272033691e+00
-3.272650390863418579e-02
-2.070929110050201416e-01
-4.850535392761230469e-01
1.168862283229827881e-01
1.027974262833595276e-01
-1.069327592849731445e+00
-2.527515292167663574e-01
-2.993719279766082764e-01
-4.620371758937835693e-01
-9.491199254989624023e-01
4.639082849025726318e-01
7.707335352897644043e-01
-1.357851773500442505e-01
2.488149255514144897e-01
-7.173853367567062378e-02
-5.500910282135009766e-01
4.684028625488281250e-01
-3.553360998630523682e-01
-2.235752297565340996e-03
-5.330317467451095581e-02
-2.076731920242309570e-01
-2.660198807716369629e-01
-2.007556706666946411e-01
-4.041793942451477051e-01
-1.984010040760040283e-01
-4.818573221564292908e-02
4.331182837486267090e-01
1.908343434333801270e-01
-2.568424046039581299e-01
-3.490455150604248047e-01
5.474211573600769043e-01
4.265465438365936279e-01
1.589033752679824829e-01
4.799076318740844727e-01
-1.581055998802185059e+00
-2.618799209594726562e-01
8.620603382587432861e-02
-2.027946412563323975e-01
3.640069365501403809e-01
-2.726623713970184326e-01
-2.335782796144485474e-01
-4.708018600940704346e-01
-5.134226679801940918e-01
-1.994782835245132446e-01
1.914234161376953125e-01
-9.225612282752990723e-01
-1.180550754070281982e-01
1.488232612609863281e-01
-1.056752949953079224e-01
7.485728710889816284e-02
-2.206348581239581108e-03
-2.074676305055618286e-01
3.844000101089477539e-01
3.881595730781555176e-01
-2.997498810291290283e-01
9.330779314041137695e-02
2.165614962577819824e-01
-4.663268625736236572e-01
-9.927609562873840332e-02
-1.165835633873939514e-01
4.262163937091827393e-01
2.663178145885467529e-01
-3.378593921661376953e-01
4.483674168586730957e-01
5.779809951782226562e-01
9.348282963037490845e-02
-2.041154801845550537e-01
-2.094749957323074341e-01
-3.630194365978240967e-01
1.209563136100769043e+00
-5.631715655326843262e-01
-3.039196729660034180e-01
1.258176118135452271e-01
-2.320220172405242920e-01
4.739246964454650879e-01
4.749456048011779785e-01
7.675423026084899902e-01
2.898644506931304932e-01
-5.018975734710693359e-01
1.822395175695419312e-01
9.169110059738159180e-01
2.961411178112030029e-01
9.662173688411712646e-02
2.454507648944854736e-01
-1.829999536275863647e-01
3.309316933155059814e-01
8.406040258705615997e-03
8.603111654520034790e-02
2.012214809656143188e-01
-3.761692941188812256e-01
-1.081737577915191650e-01
5.048300623893737793e-01
-4.063684940338134766e-01
-6.894976496696472168e-01
-7.768625020980834961e-02
4.532617703080177307e-02
1.793252825736999512e-01
2.557647228240966797e-01
-4.956023097038269043e-01
1.440149694681167603e-01
4.542363807559013367e-03
-3.592180609703063965e-01
5.825645327568054199e-01
-2.084036171436309814e-01
-1.619580388069152832e-01
2.050976455211639404e-01
3.508472740650177002e-01
4.707739353179931641e-01
2.874126434326171875e-01
-6.853406131267547607e-02
-1.376612037420272827e-01
4.273751974105834961e-01
-1.738775968551635742e-01
5.363625660538673401e-02
-1.715439677238464355e+00
4.075440466403961182e-01
6.750960946083068848e-01
2.029303014278411865e-01
-3.394218981266021729e-01
-5.562611222267150879e-01
3.323438167572021484e-01
-2.773863673210144043e-01
3.956682980060577393e-01
-2.075995355844497681e-01
-2.233475148677825928e-01
-2.303050518035888672e+00
-1.257777493447065353e-02
2.418035715818405151e-01
-1.342923641204833984e-01
8.822970837354660034e-02
-8.757633715867996216e-02
-3.167853355407714844e-01
-3.783136606216430664e-02
2.567345499992370605e-01
-6.079449877142906189e-02
2.354459017515182495e-01
1.592213809490203857e-01
-2.277373224496841431e-01
1.729821115732192993e-01
2.009823322296142578e-01
5.156798362731933594e-01
4.915479719638824463e-01
-5.153848528861999512e-01
1.114070713520050049e-01
7.774244993925094604e-02
-1.163206771016120911e-01
3.028674423694610596e-01
-7.791365981101989746e-01
-5.384012460708618164e-01
-1.797941029071807861e-01
-1.704614236950874329e-02
3.668016288429498672e-03
1.553404182195663452e-01
1.068561822175979614e-01
2.349379807710647583e-01
-4.524026531726121902e-03
1.271315813064575195e-01
-6.855464726686477661e-02
2.765798568725585938e-01
-4.550438001751899719e-02
-2.482908964157104492e-01
-7.993099093437194824e-02
-1.027077510952949524e-01
-1.080383360385894775e-01
1.193607822060585022e-01
4.002191871404647827e-02
4.344763159751892090e-01
-6.325203180313110352e-02
-2.639496922492980957e-01
-1.928093433380126953e-01
-9.138319492340087891e-01
-9.571247100830078125e-01
2.072597444057464600e-01
-7.642632722854614258e-01
6.671121716499328613e-01
-1.778399348258972168e-01
3.078527981415390968e-03
-1.474926024675369263e-01
-3.223024308681488037e-01
-6.558474898338317871e-01
8.560045389458537102e-04
-8.650626540184020996e-01
-1.080650021322071552e-03
-3.698215484619140625e-01
-3.624295294284820557e-01
3.515796661376953125e-01
6.686705350875854492e-01
2.115224599838256836e-01
-8.311154693365097046e-02
3.817025199532508850e-02
2.035865306854248047e+00
-1.829109713435173035e-02
-3.370214998722076416e-01
5.272430181503295898e-01
-7.403228878974914551e-01
-6.434621810913085938e-01
4.460865557193756104e-01
-1.406808495521545410e-01
3.256881535053253174e-01
6.548010706901550293e-01
-7.449260950088500977e-01
2.080153226852416992e+00
-9.243714809417724609e-02
1.593286842107772827e-01
-1.028035432100296021e-01
-1.338217109441757202e-01
1.285675615072250366e-01
-2.510447800159454346e-02
-4.478812217712402344e-01
-3.479529637843370438e-03
1.301312208175659180e+00
1.702511757612228394e-01
4.773206543177366257e-03
5.660612583160400391e-01
-9.448819607496261597e-02
-6.828584522008895874e-02
2.233373641967773438e+00
-4.203864187002182007e-02
-3.332287818193435669e-02
1.898773014545440674e-01
-4.619228839874267578e-01
1.122295022010803223e+00
1.943663209676742554e-01
5.319235920906066895e-01
2.719821333885192871e-01
2.946229185909032822e-03
3.419109433889389038e-02
-4.626960027962923050e-03
1.768824458122253418e-02
-3.481485322117805481e-02
1.707553863525390625e+00
6.718655824661254883e-01
2.011916786432266235e-01
1.212680697441101074e+00
-4.144730567932128906e-01
-3.035887479782104492e-01
2.071363031864166260e-01
5.194555502384901047e-03
-7.828389853239059448e-02
8.540903925895690918e-01
1.867128908634185791e-01
5.397113561630249023e-01
7.357271909713745117e-01
3.897912800312042236e-01
2.448330074548721313e-01
-9.941212534904479980e-01
-4.337696731090545654e-01
-2.251797467470169067e-01
-1.901225447654724121e-01
2.773537337779998779e-01
-9.970943331718444824e-01
-1.804347336292266846e-01
-5.468727946281433105e-01
-7.670685648918151855e-02
-1.739338785409927368e-01
5.122230052947998047e-01
-4.180244803428649902e-01
6.123406440019607544e-02
5.261743664741516113e-01
9.737901389598846436e-02
-1.773310005664825439e-01
-1.651064157485961914e+00
-7.013046741485595703e-01
-8.427998423576354980e-01
4.677875898778438568e-03
8.091790676116943359e-01
8.051963150501251221e-02
-2.237931936979293823e-01
1.776259988546371460e-01
-5.812623724341392517e-02
3.999528884887695312e-01
9.353090077638626099e-02
-2.383354678750038147e-02
3.479830622673034668e-01
1.812294274568557739e-01
-3.143789470195770264e-01
1.923761844635009766e+00
-2.410211563110351562e-01
1.082637980580329895e-01
4.093471169471740723e-01
-4.576363861560821533e-01
9.993429780006408691e-01
3.371869921684265137e-01
1.179304361343383789e+00
-2.499682903289794922e-01
-1.664096489548683167e-02
9.764532558619976044e-03
1.002683639526367188e+00
-4.598903059959411621e-01
-1.738937795162200928e-01
2.188579291105270386e-01
2.876245975494384766e-01
7.177803665399551392e-02
-2.382345348596572876e-01
2.947564721107482910e-01
-7.098385095596313477e-01
4.713958501815795898e-02
-4.645654559135437012e-01
-6.388401985168457031e-01
-2.496297657489776611e-02
1.545711010694503784e-01
3.084497153759002686e-01
8.162983506917953491e-02
-6.867752969264984131e-02
-7.917615175247192383e-01
6.090049818158149719e-02
5.450225248932838440e-02
-3.719748854637145996e-01
-1.008697748184204102e+00
7.643147557973861694e-02
-8.402549028396606445e-01
-1.578700542449951172e-02
2.397317588329315186e-01
-7.551856040954589844e-01
-4.346010275185108185e-03
1.569030731916427612e-01
-1.773030161857604980e+00
1.299967765808105469e-01
-3.505201637744903564e-01
-4.735522866249084473e-01
3.520181179046630859e-01
-7.826680541038513184e-01
-2.973539829254150391e-01
-1.891370415687561035e-01
-1.007381975650787354e-01
1.694790720939636230e-01
-2.073945254087448120e-01
-2.065108120441436768e-01
2.530287802219390869e-01
-3.126811385154724121e-01
-3.970701247453689575e-03
6.541308015584945679e-02
1.634849309921264648e-01
-3.862226605415344238e-01
-2.957780361175537109e-01
-3.678421676158905029e-01
-5.032300353050231934e-01
-4.419349133968353271e-01
-2.441070377826690674e-01
-2.494570910930633545e-01
4.883842766284942627e-01
-1.230800449848175049e-01
4.529989883303642273e-02
-6.896717008203268051e-03
-3.831727802753448486e-01
-1.428685933351516724e-01
3.726620972156524658e-02
-1.501183360815048218e-01
-6.945303678512573242e-01
-5.655063986778259277e-01
2.002749294042587280e-01
-2.937633916735649109e-02
1.156777977943420410e+00
-1.439113467931747437e-01
-3.132411241531372070e-01
-5.959800481796264648e-01
2.300114631652832031e-01
-2.782147228717803955e-01
9.223571419715881348e-02
-2.639361619949340820e-01
2.261432111263275146e-01
-8.695302158594131470e-02
4.889043867588043213e-01
5.017147064208984375e-01
-4.205673038959503174e-01
-1.736051142215728760e-01
2.718352973461151123e-01
-2.840681970119476318e-01
-5.656376481056213379e-01
-3.625738918781280518e-01
-1.443688273429870605e-01
-1.500165611505508423e-01
4.507551491260528564e-01
-3.653546869754791260e-01
4.662699103355407715e-01
-3.585537970066070557e-01
2.233300656080245972e-01
9.504374116659164429e-02
-7.697504162788391113e-01
-1.841712892055511475e-01
7.520161271095275879e-01
-1.167992949485778809e-01
2.210426479578018188e-01
4.788976907730102539e-02
-4.943400025367736816e-01
-2.697639167308807373e-01
4.858014285564422607e-01
3.613892495632171631e-01
-2.806019186973571777e-01
8.667618632316589355e-01
6.537185050547122955e-03
-2.115216553211212158e-01
-5.733187198638916016e-01
-1.050296891480684280e-02
-1.017771288752555847e-01
5.382525920867919922e-01
2.546217739582061768e-01
1.324778795242309570e+00
3.351343274116516113e-01
-6.320432294160127640e-03
-4.198338370770215988e-03
-1.649391651153564453e-01
-1.350488364696502686e-01
-1.853657364845275879e-01
3.318212032318115234e-01
1.156359165906906128e-01
5.179190635681152344e-02
2.745861113071441650e-01
3.390297591686248779e-01
-4.380996525287628174e-02
-3.151936829090118408e-01
3.327795863151550293e-01
1.992681771516799927e-01
-3.511261343955993652e-01
-2.082684040069580078e-01
4.796393513679504395e-01
-1.944100260734558105e+00
6.088185310363769531e-01
-9.154830873012542725e-02
-4.345222413539886475e-01
5.977538228034973145e-02
-6.693236827850341797e-01
-5.254490971565246582e-01
-2.327017486095428467e-01
3.836351335048675537e-01
2.395261973142623901e-01
-6.073359251022338867e-01
1.245949044823646545e-01
6.128167510032653809e-01
1.851535774767398834e-02
6.466408371925354004e-01
3.296905159950256348e-01
-1.108699068427085876e-01
3.536080718040466309e-01
-6.259264945983886719e-01
-2.925636768341064453e-01
2.055341452360153198e-01
-2.324399203062057495e-01
3.981540501117706299e-01
4.060926437377929688e-01
-8.212860673666000366e-03
2.315579354763031006e-01
3.764128684997558594e-01
1.870948225259780884e-01
3.253522217273712158e-01
-2.138188630342483521e-01
-2.770825028419494629e-01
1.698340773582458496e-01
-2.264540195465087891e-01
1.508915275335311890e-01
-2.280749320983886719e+00
-8.273395299911499023e-01
1.814236640930175781e-01
-8.895629048347473145e-01
2.061482369899749756e-01
3.413708209991455078e-01
-5.759386718273162842e-02
1.613406240940093994e-01
-2.029472589492797852e-01
-4.201865196228027344e-01
-3.502189517021179199e-01
-1.202039241790771484e+00
-6.539345979690551758e-01
-3.305051922798156738e-01
-4.172824695706367493e-02
6.517936587333679199e-01
2.601498067378997803e-01
2.534030675888061523e-01
-2.347932755947113037e-02
2.675817012786865234e-01
6.056656837463378906e-01
5.738100409507751465e-01
-3.005929887294769287e-01
1.107227951288223267e-01
-2.316827028989791870e-01
1.975936442613601685e-01
-2.053007334470748901e-01
1.002110191620886326e-03
2.869195938110351562e-01
1.853970438241958618e-01
-5.795168876647949219e-01
3.891333639621734619e-01
9.864643961191177368e-02
1.582166850566864014e-01
3.300034403800964355e-01
-1.756960898637771606e-01
-8.924060463905334473e-01
-4.872648417949676514e-01
2.657781243324279785e-01
-1.220395565032958984e+00
3.523430824279785156e-01
1.811302602291107178e-01
4.928723871707916260e-01
-7.129928469657897949e-02
1.617471724748611450e-01
-3.059111535549163818e-01
3.830093890428543091e-02
-5.722535252571105957e-01
-8.955495059490203857e-02
-2.740078978240489960e-02
6.384094804525375366e-02
7.677033543586730957e-01
-6.485158950090408325e-02
-3.372513502836227417e-02
-1.236254125833511353e-01
-1.014459598809480667e-02
-2.702619433403015137e-01
-6.127082109451293945e-01
-7.216429710388183594e-02
1.558316056616604328e-03
-1.020442724227905273e+00
-6.087930873036384583e-02
-3.191914875060319901e-03
-2.609841525554656982e-01
1.388899609446525574e-02
1.110588833689689636e-01
-4.084961116313934326e-01
3.279286623001098633e-01
2.458529025316238403e-01
-4.385240972042083740e-01
2.651007175445556641e-01
-1.076043486595153809e+00
-3.016541898250579834e-01
-2.937231361865997314e-01
-5.737069994211196899e-02
3.139818906784057617e-01
2.214086204767227173e-01
-1.795546710491180420e-01
4.637020453810691833e-02
-6.014605239033699036e-02
-1.447522282600402832e+00
-1.216617822647094727e+00
1.504453122615814209e-01
-7.043301463127136230e-01
4.606682062149047852e-01
2.958974428474903107e-02
-3.255753517150878906e-01
8.217925578355789185e-02
9.179109334945678711e-02
-3.490261137485504150e-01
-1.451684236526489258e-01
-9.665001034736633301e-01
-5.775229930877685547e-01
-4.452598392963409424e-01
-2.184492349624633789e-01
3.875835537910461426e-01
4.422037005424499512e-01
-1.757686398923397064e-02
9.918587654829025269e-02
-8.582305312156677246e-01
-4.791660904884338379e-01
-6.244926899671554565e-02
4.428003430366516113e-01
-7.212899327278137207e-01
1.066417217254638672e+00
1.146091520786285400e-01
-4.647592306137084961e-01
-4.290556013584136963e-01
-3.318233191967010498e-01
-4.666259586811065674e-01
3.542210459709167480e-01
-1.684048473834991455e-01
-1.995526701211929321e-01
-5.452630519866943359e-01
-5.351689457893371582e-01
3.878889083862304688e-01
2.879875600337982178e-01
5.267350375652313232e-02
-4.242056235671043396e-02
3.296513557434082031e-01
4.508936107158660889e-01
5.727395415306091309e-01
-6.868761777877807617e-02
-2.534157931804656982e-01
5.756165385246276855e-01
-9.635654091835021973e-02
-4.202947020530700684e-01
-2.938001453876495361e-01
-1.831056177616119385e-01
-9.209533780813217163e-02
2.815802097320556641e-01
-6.190525293350219727e-01
6.396543383598327637e-01
-9.512412548065185547e-02
-2.543914914131164551e-01
-9.518565610051155090e-03
-6.113340258598327637e-01
7.204489409923553467e-02
-5.176487565040588379e-01
-8.868167549371719360e-02
-3.254385888576507568e-01
-3.712809681892395020e-01
2.797505259513854980e-01
-1.268062554299831390e-02
-2.855167388916015625e-01
-5.121154785156250000e-01
3.055621981620788574e-01
-3.422992527484893799e-01
2.283519878983497620e-02
-2.286109179258346558e-01
5.532556772232055664e-01
6.469234824180603027e-01
3.686601519584655762e-01
-1.172776073217391968e-01
4.583660513162612915e-02
-2.553823292255401611e-01
4.012133479118347168e-01
-2.438134402036666870e-01
-3.810192942619323730e-01
-4.766093567013740540e-02
-5.726512670516967773e-01
-8.525665998458862305e-01
2.915478050708770752e-01
5.301273465156555176e-01
-9.962198734283447266e-01
-6.013215780258178711e-01
6.405888795852661133e-01
-4.324973523616790771e-01
-3.087763674557209015e-02
-1.139680966734886169e-01
6.230558753013610840e-01
1.685235857963562012e+00
4.173526167869567871e-01
-8.762560784816741943e-02
2.239820957183837891e-01
-1.734592393040657043e-02
3.633495271205902100e-01
-1.794261485338211060e-01
-4.131954908370971680e-01
3.409059643745422363e-01
-4.664412140846252441e-01
-5.351741909980773926e-01
-3.782477974891662598e-01
6.003650650382041931e-02
-5.539503693580627441e-01
3.791600763797760010e-01
3.723172545433044434e-01
5.936971306800842285e-01
4.129617512226104736e-01
4.887046515941619873e-01
1.565180569887161255e-01
2.484903037548065186e-01
-1.354432702064514160e-01
6.792432665824890137e-01
-3.609346449375152588e-01
2.387381345033645630e-01
9.083319902420043945e-01
5.333476662635803223e-01
4.571567475795745850e-01
4.639782905578613281e-01
5.759356170892715454e-02
2.634722590446472168e-01
-6.261197328567504883e-01
-6.864438951015472412e-02
8.866601586341857910e-01
-1.947562694549560547e-01
-2.144768685102462769e-01
-3.131469190120697021e-01
-2.715815603733062744e-01
-2.686795890331268311e-01
2.265576124191284180e-01
-2.558053731918334961e-01
3.835497796535491943e-01
1.858465909957885742e+00
5.965833067893981934e-01
-2.046028971672058105e-01
-3.219328224658966064e-01
4.524409770965576172e-01
-4.701895117759704590e-01
-1.707376688718795776e-01
-2.151027768850326538e-01
-7.820475101470947266e-01
-9.885372519493103027e-01
1.831941962242126465e+00
-1.061224102973937988e+00
-3.655530810356140137e-01
8.643492460250854492e-01
-4.710362851619720459e-01
-9.477038383483886719e-01
-3.948601782321929932e-01
6.763923168182373047e-01
1.363039493560791016e+00
4.747495353221893311e-01
2.321165084838867188e+00
5.908224582672119141e-01
-8.773650527000427246e-01
8.683060407638549805e-01
-1.297742724418640137e-01
-6.258665323257446289e-01
-1.553057879209518433e-01
1.970856040716171265e-01
1.480094313621520996e+00
5.096071362495422363e-01
-5.163984894752502441e-01
7.179253697395324707e-01
-3.882365226745605469e-01
-1.128499269485473633e+00
-2.942714989185333252e-01
1.428656280040740967e-01
3.589472500607371330e-03
-2.419843822717666626e-01
-3.393286168575286865e-01
3.309167623519897461e-01
-7.167803645133972168e-01
2.184241116046905518e-01
6.197959780693054199e-01
-1.368215084075927734e+00
-9.480901062488555908e-02
-1.987634040415287018e-02
-2.003293037414550781e-01
1.844621300697326660e+00
-9.928211569786071777e-03
4.246706664562225342e-01
-4.840557277202606201e-01
2.872763574123382568e-01
-6.294526159763336182e-02
-3.920286297798156738e-01
-9.051235020160675049e-02
-1.883414983749389648e-01
-5.020549893379211426e-01
-3.009596467018127441e-01
-5.135757923126220703e-01
3.454411774873733521e-02
-6.885634660720825195e-01
6.474907398223876953e-01
3.429073095321655273e-01
-1.086666822433471680e+00
-6.381922960281372070e-02
-2.475396692752838135e-01
-1.279087662696838379e-01
5.298888683319091797e-01
1.621425747871398926e-01
7.775599956512451172e-01
-1.636658012866973877e-01
2.331702113151550293e-01
-3.586023151874542236e-01
-3.828368186950683594e-01
-2.533110380172729492e-01
-2.663092873990535736e-02
-1.042746454477310181e-01
-1.876954585313796997e-01
-3.695998787879943848e-01
5.073380470275878906e-01
-8.171368837356567383e-01
1.391181200742721558e-01
-4.220409318804740906e-02
-5.670446157455444336e-01
-4.878605306148529053e-01
2.197557240724563599e-01
5.870448946952819824e-01
-1.477446794509887695e+00
-4.509218335151672363e-01
-1.254178490489721298e-02
3.044318258762359619e-01
-5.397329330444335938e-01
3.151027560234069824e-01
7.150511145591735840e-01
2.884077429771423340e-01
-2.077020332217216492e-02
-1.599177159368991852e-02
-4.764670133590698242e-01
7.625626921653747559e-01
-4.882710874080657959e-01
-7.378212362527847290e-02
-4.863734915852546692e-02
1.978325992822647095e-01
8.378547430038452148e-01
1.073127269744873047e+00
1.028188228607177734e+00
3.434052169322967529e-01
-8.775710463523864746e-01
-3.845882713794708252e-01
2.656520716845989227e-02
-4.169165492057800293e-01
-5.299173593521118164e-01
4.280910193920135498e-01
5.420316457748413086e-01
-1.866142153739929199e-01
3.837701305747032166e-02
1.476500332355499268e-01
-4.504418969154357910e-01
3.931137025356292725e-01
-3.635429143905639648e-01
7.318803668022155762e-01
5.155959725379943848e-02
5.161414146423339844e-01
5.667847394943237305e-01
5.375682115554809570e-01
3.294131457805633545e-01
-4.413851201534271240e-01
2.306355237960815430e-01
2.349879592657089233e-01
4.452835321426391602e-01
4.198030754923820496e-02
9.878443926572799683e-02
-1.343103200197219849e-01
-4.116795659065246582e-01
4.723235219717025757e-02
-3.401313722133636475e-01
-3.501946032047271729e-01
3.088514134287834167e-02
-4.966738224029541016e-01
5.013054013252258301e-01
2.069274187088012695e+00
8.991369605064392090e-02
-2.824366688728332520e-01
-8.829054236412048340e-02
1.917140632867813110e-01
2.415344566106796265e-01
9.629055857658386230e-02
9.878617525100708008e-01
2.091408520936965942e-01
1.170475929975509644e-01
5.459797978401184082e-01
8.250602483749389648e-01
2.366116344928741455e-01
-1.973195672035217285e-01
4.144198894500732422e-01
1.479117274284362793e-01
-4.335122182965278625e-02
-3.684048056602478027e-01
-3.179126679897308350e-01
6.511727720499038696e-02
-1.278085261583328247e-01
-2.976780831813812256e-01
2.492031157016754150e-01
8.435988426208496094e-02
-1.377514153718948364e-01
-2.616527676582336426e-01
-2.744857594370841980e-02
-2.853028662502765656e-02
-5.006079077720642090e-01
-2.745985090732574463e-01
-7.656909823417663574e-01
-8.231627345085144043e-01
-1.545741409063339233e-01
7.260246276855468750e-01
-3.354888781905174255e-02
1.617516130208969116e-01
5.936294421553611755e-02
4.276152849197387695e-01
7.872391939163208008e-01
7.160962373018264771e-02
5.085665732622146606e-02
7.235587388277053833e-02
1.181705594062805176e-01
8.119268417358398438e-01
1.355452984571456909e-01
-3.267987668514251709e-01
3.742397427558898926e-01
-2.556777298450469971e-01
-2.265319377183914185e-01
-9.721727967262268066e-01
-1.295006722211837769e-01
-7.724557071924209595e-02
1.095892563462257385e-01
3.744283914566040039e-01
-2.332332776859402657e-03
1.847053915262222290e-01
4.257324039936065674e-01
-1.087756231427192688e-01
3.956046700477600098e-01
-3.559676110744476318e-01
1.956210613250732422e+00
-1.935178935527801514e-01
-1.785884238779544830e-02
2.933157980442047119e-01
4.506486058235168457e-01
-1.342258900403976440e-01
-6.357513070106506348e-01
3.712333142757415771e-01
3.961167335510253906e-01
1.644003629684448242e+00
-3.052089512348175049e-01
3.203107118606567383e-01
-6.421324014663696289e-01
-6.476327180862426758e-01
-1.020801663398742676e-01
1.085251271724700928e-01
-4.623503983020782471e-01
-1.338307047262787819e-03
-4.828526079654693604e-01
9.491785764694213867e-01
-1.338616013526916504e+00
4.359124004840850830e-01
4.777383059263229370e-02
-3.317080736160278320e-01
-7.266941666603088379e-01
-4.085355103015899658e-01
-2.591742873191833496e-01
-2.562096118927001953e-01
-2.031785994768142700e-01
-3.409714996814727783e-01
3.155999779701232910e-01
-2.082316428422927856e-01
-1.115858316421508789e+00
-1.686135977506637573e-01
-5.762279629707336426e-01
-5.622359737753868103e-02
-1.640569716691970825e-01
1.455697119235992432e-01
-3.048067390918731689e-01
4.553951919078826904e-01
3.353920578956604004e-01
3.918202519416809082e-01
-2.074014842510223389e-01
1.753613352775573730e-01
1.437810808420181274e-01
1.463495194911956787e-01
-7.882533967494964600e-02
-4.316859543323516846e-01
-7.531520128250122070e-01
3.670682907104492188e-01
-3.386084735393524170e-01
-7.847434282302856445e-01
-1.274367719888687134e-01
8.506923913955688477e-01
-4.199568331241607666e-01
-2.280889302492141724e-01
1.265765130519866943e-01
6.936528682708740234e-01
4.122292697429656982e-01
4.284647107124328613e-01
-2.994341775774955750e-02
4.046404659748077393e-01
8.367933332920074463e-02
4.531133174896240234e-01
7.391408085823059082e-01
-1.923913508653640747e-01
1.930024474859237671e-01
3.226734995841979980e-01
4.439535140991210938e-01
-1.418476998805999756e-01
1.545516699552536011e-01
7.448703050613403320e-01
4.282854497432708740e-01
-3.947032988071441650e-01
2.986104488372802734e-01
7.086955010890960693e-03
7.177853584289550781e-02
-4.137900173664093018e-01
-6.907333731651306152e-01
-2.303983271121978760e-01
1.910059452056884766e-01
-3.221375048160552979e-01
2.107442021369934082e-01
-1.087192073464393616e-01
2.122895121574401855e-01
2.808684110641479492e-01
3.695918023586273193e-01
-4.140062034130096436e-01
-4.864643812179565430e-01
-4.022393822669982910e-01
7.560074329376220703e-01
-1.305192232131958008e+00
-7.349861413240432739e-02
3.680921792984008789e-01
-2.234769910573959351e-01
-1.805129945278167725e-01
2.592034041881561279e-01
3.272039294242858887e-01
9.222503304481506348e-01
-3.852073550224304199e-01
2.918627560138702393e-01
2.178936032578349113e-03
-3.738442659378051758e-01
8.579009175300598145e-01
2.288375049829483032e-01
-4.827054738998413086e-01
-1.166011095046997070e-01
5.435649752616882324e-01
1.094329476356506348e+00
2.627174258232116699e-01
3.512904345989227295e-01
2.937726378440856934e-01
2.071204185485839844e-01
-6.494052410125732422e-01
9.698194451630115509e-03
-3.473244309425354004e-01
-2.469593286514282227e-01
-1.945271342992782593e-01
-3.176133930683135986e-01
4.842115566134452820e-02
-9.760443866252899170e-02
1.131065934896469116e-01
-2.525957860052585602e-02
-8.849614262580871582e-01
-1.012758091092109680e-01
6.823678314685821533e-02
-6.117327809333801270e-01
-7.629867792129516602e-01
-1.275435090065002441e-01
2.190681844949722290e-01
-1.356877684593200684e+00
5.547444820404052734e-01
2.138589769601821899e-01
4.848777651786804199e-01
-4.951883256435394287e-01
-2.568569481372833252e-01
2.808078527450561523e-01
3.420071601867675781e-01
-5.483862161636352539e-01
-2.384348213672637939e-01
7.358351349830627441e-01
3.187036216259002686e-01
-5.464205145835876465e-01
8.489246964454650879e-01
-6.168978214263916016e-01
1.098094955086708069e-01
1.723307520151138306e-01
2.976050078868865967e-01
-2.666905522346496582e-01
-4.542796909809112549e-01
-7.139183878898620605e-01
-3.129230141639709473e-01
-2.550985515117645264e-01
-5.770241841673851013e-02
3.365087211132049561e-01
1.256352961063385010e-01
1.291050463914871216e-01
-3.401298522949218750e-01
4.159158170223236084e-01
9.798696637153625488e-02
-3.904930651187896729e-01
2.268322855234146118e-01
3.506394326686859131e-01
-2.370613515377044678e-01
1.136374622583389282e-01
-2.279186248779296875e-01
-1.004061341285705566e+00
-1.001002550125122070e+00
2.532935328781604767e-02
2.246754914522171021e-01
5.331372022628784180e-01
3.335550427436828613e-01
2.817632555961608887e-01
7.545474171638488770e-02
-5.109202861785888672e-01
-3.069870471954345703e-01
-4.372296929359436035e-01
2.575661838054656982e-01
-7.802914977073669434e-01
-1.271510124206542969e-01
7.319808602333068848e-01
-4.445787370204925537e-01
-6.780532002449035645e-01
8.887414336204528809e-01
-1.304761767387390137e-01
5.135747790336608887e-01
-1.380413621664047241e-01
-2.704315781593322754e-01
4.443759471178054810e-02
2.241801470518112183e-01
1.077592849731445312e+00
-1.593680083751678467e-01
-5.930512771010398865e-02
-1.514045298099517822e-01
-5.637279152870178223e-01
1.037073601037263870e-02
-8.584686368703842163e-02
-3.192175924777984619e-02
1.625493913888931274e-01
-9.519457817077636719e-02
2.432717978954315186e-01
-2.757645547389984131e-01
7.191789895296096802e-02
3.132327198982238770e-01
5.194411054253578186e-02
3.249529600143432617e-01
-3.649681508541107178e-01
8.686576485633850098e-01
1.014855504035949707e-01
