6.964207291603088379e-01
2.775322496891021729e-01
-2.846718728542327881e-01
2.138531804084777832e-01
-3.593281209468841553e-01
9.806815385818481445e-01
-4.941318929195404053e-02
1.036671042442321777e+00
3.549321740865707397e-02
9.947992563247680664e-01
1.437094807624816895e-01
2.710410058498382568e-01
1.439213901758193970e-01
-3.313663601875305176e-01
-3.544904887676239014e-01
-3.680627346038818359e-01
1.158583909273147583e-01
4.280936121940612793e-01
4.230529963970184326e-01
-1.097239404916763306e-01
-1.496032774448394775e-01
5.374249815940856934e-02
-3.218964934349060059e-01
2.044556289911270142e-01
-2.553639411926269531e-01
-6.334071755409240723e-01
3.527044951915740967e-01
3.554607629776000977e-01
-2.218750864267349243e-01
4.077981412410736084e-01
3.260343968868255615e-01
1.105036497116088867e+00
4.324581921100616455e-01
-3.145971894264221191e-01
-8.141366243362426758e-01
-3.236982226371765137e-01
8.942620754241943359e-01
2.985783815383911133e-01
4.744673669338226318e-01
-2.233232259750366211e-01
7.990384101867675781e-01
-5.723099708557128906e-01
1.961321085691452026e-01
-7.829369902610778809e-01
-4.376866221427917480e-01
4.758486151695251465e-01
-5.308972597122192383e-01
-5.531339049339294434e-01
-5.367693305015563965e-01
7.696533799171447754e-01
-9.291049242019653320e-01
-7.556319832801818848e-01
-7.948525249958038330e-02
2.203458100557327271e-01
9.102271199226379395e-01
9.168668985366821289e-01
3.356607556343078613e-01
-9.674919247627258301e-01
8.924189805984497070e-01
5.612210035324096680e-01
-4.339415132999420166e-01
3.412553668022155762e-01
6.560857594013214111e-02
3.804223239421844482e-02
4.659873619675636292e-02
-3.027153909206390381e-01
1.848742216825485229e-01
1.968071311712265015e-01
-1.961783468723297119e-01
-5.447331070899963379e-01
3.857061564922332764e-01
2.137038558721542358e-01
-4.384845867753028870e-02
-1.050059348344802856e-01
-9.284900128841400146e-02
-9.385386854410171509e-02
-2.700819075107574463e-02
5.538658499717712402e-01
-6.874513030052185059e-01
-6.351625174283981323e-02
-9.619802236557006836e-02
-2.090645879507064819e-01
-3.176136016845703125e-01
-9.814580082893371582e-01
-7.220369577407836914e-01
-1.089234128594398499e-01
-1.522922515869140625e-01
1.878825426101684570e-01
-1.305323839187622070e+00
2.768918871879577637e-02
8.383067697286605835e-02
-1.236451342701911926e-01
5.486403107643127441e-01
-4.431944191455841064e-01
-1.081493571400642395e-01
-2.030114233493804932e-01
7.601271867752075195e-01
3.233505412936210632e-02
7.449287176132202148e-02
3.927856385707855225e-01
-3.938058018684387207e-01
5.296176075935363770e-01
1.567350476980209351e-01
4.109754264354705811e-01
2.067819237709045410e-01
-7.922577261924743652e-01
4.636206030845642090e-01
7.750145196914672852e-01
2.264354676008224487e-01
-7.315285801887512207e-01
5.790197253227233887e-01
8.389683961868286133e-01
3.206973969936370850e-01
-5.212577581405639648e-01
-2.034587413072586060e-01
-1.334418207406997681e-01
-1.211028173565864563e-01
8.529325127601623535e-01
-9.690119028091430664e-01
-7.025502920150756836e-01
-7.688806653022766113e-01
2.639456391334533691e-01
5.708376765251159668e-01
-3.558714985847473145e-01
2.506056427955627441e-01
-1.546635776758193970e-01
-3.473146557807922363e-01
8.272274583578109741e-02
-1.381332576274871826e-01
-2.690984904766082764e-01
-8.463969081640243530e-02
2.076025605201721191e-01
1.396635621786117554e-01
-2.920681238174438477e-01
2.577746510505676270e-01
1.875954121351242065e-01
-6.438732743263244629e-01
7.556880712509155273e-01
-2.203568935394287109e+00
-1.064349651336669922e+00
-5.911816656589508057e-02
-4.491309076547622681e-02
6.359528899192810059e-01
7.051295638084411621e-01
-2.006007730960845947e-01
1.616334021091461182e-01
-2.422782778739929199e-01
-4.713385701179504395e-01
3.972645103931427002e-01
3.672324120998382568e-01
-4.401634931564331055e-01
-9.741483628749847412e-02
-7.858850061893463135e-02
3.258009552955627441e-01
-6.913813203573226929e-02
8.045535087585449219e-01
-1.132922649383544922e+00
-3.809733986854553223e-01
-1.535334531217813492e-02
-5.140463709831237793e-01
-7.941918969154357910e-01
6.813438534736633301e-01
7.797738164663314819e-02
3.710564076900482178e-01
2.696892023086547852e-01
-7.857806682586669922e-01
2.741124927997589111e-01
1.318486928939819336e+00
-2.070760726928710938e-01
-1.467022538185119629e+00
4.740281105041503906e-01
1.075534105300903320e+00
4.040763080120086670e-01
-7.176275253295898438e-01
-5.083644762635231018e-02
-2.226790934801101685e-01
5.345133598893880844e-03
1.052737951278686523e+00
-1.044611930847167969e+00
-1.640662848949432373e-01
1.847473084926605225e-01
-2.978944778442382812e-01
-3.179332613945007324e-01
-2.786945104598999023e-01
-1.513135898858308792e-02
4.727035760879516602e-01
-1.102895513176918030e-01
-2.731752097606658936e-01
-7.224062085151672363e-02
2.475017495453357697e-02
-9.796486794948577881e-02
-1.692144870758056641e-01
-1.245268434286117554e-01
-8.870418369770050049e-02
8.843152225017547607e-02
2.862931601703166962e-02
5.394024252891540527e-01
6.559703499078750610e-02
4.067650437355041504e-01
4.349705576896667480e-01
-4.590255618095397949e-01
2.648721933364868164e-01
5.056563615798950195e-01
1.980207711458206177e-01
4.590936899185180664e-01
-3.771157860755920410e-01
-8.708366751670837402e-02
5.673918724060058594e-01
-3.267698287963867188e-01
-7.091042399406433105e-01
3.431716561317443848e-01
5.129607319831848145e-01
-1.526220440864562988e-01
-2.387689054012298584e-01
2.883399426937103271e-01
-2.697058580815792084e-02
-3.743486404418945312e-01
3.467079997062683105e-01
-1.317873120307922363e+00
-3.915358185768127441e-01
-1.283846050500869751e-01
-4.871519207954406738e-01
-2.753969728946685791e-01
-8.520290851593017578e-01
-1.241973400115966797e+00
-1.841216348111629486e-02
-6.757438927888870239e-02
5.738393068313598633e-01
-8.423042893409729004e-01
2.643992304801940918e-01
-3.855684101581573486e-01
-3.192988336086273193e-01
1.029008388519287109e+00
-3.636955022811889648e-01
-5.922512710094451904e-02
5.409891530871391296e-02
3.854951560497283936e-01
2.517273724079132080e-01
-2.443764358758926392e-03
2.301447093486785889e-01
1.683257818222045898e-01
4.538886249065399170e-02
3.159611225128173828e-01
1.211301907896995544e-01
-5.638052821159362793e-01
1.780544370412826538e-01
-6.074328422546386719e-01
2.008367776870727539e-01
-5.794905424118041992e-01
2.400502711534500122e-01
-1.385115683078765869e-01
-1.237749084830284119e-01
5.536441802978515625e-01
-1.693873554468154907e-01
3.971802890300750732e-01
-4.349195212125778198e-02
-1.145152598619461060e-01
-1.162684932351112366e-01
2.002140283584594727e-01
-2.965638227760791779e-02
1.673261523246765137e-01
2.064211666584014893e-01
-2.509095668792724609e-01
-6.171311140060424805e-01
-2.164341360330581665e-01
-2.388414740562438965e-01
2.152999639511108398e-01
-4.501559138298034668e-01
-2.808684706687927246e-01
9.501439332962036133e-02
1.221747696399688721e-01
1.836718246340751648e-02
3.515573218464851379e-02
3.453457951545715332e-01
-2.834886610507965088e-01
5.155676007270812988e-01
-1.562452409416437149e-02
-1.140974760055541992e-01
-1.266105175018310547e-01
5.039328932762145996e-01
-7.470121979713439941e-01
7.013886570930480957e-01
2.472339570522308350e-02
9.613002091646194458e-02
2.008833438158035278e-01
-1.200093865394592285e+00
1.180639043450355530e-01
4.950872659683227539e-01
2.048439830541610718e-01
-4.244282543659210205e-01
5.272859930992126465e-01
4.481383860111236572e-01
4.479805752635002136e-02
-6.680450588464736938e-02
-2.641438543796539307e-01
-4.632110595703125000e-01
-1.880896538496017456e-01
8.287538886070251465e-01
-9.490961432456970215e-01
-5.735712051391601562e-01
7.273654639720916748e-02
-1.550796180963516235e-01
7.128459215164184570e-01
-8.487100154161453247e-02
1.111861988902091980e-01
-1.826626807451248169e-01
2.627331614494323730e-01
7.037838101387023926e-01
-3.688945667818188667e-03
-2.834104299545288086e-01
1.459696143865585327e-01
1.438350975513458252e-01
4.383479654788970947e-01
-8.018578290939331055e-01
1.457252204418182373e-01
-2.503204345703125000e-01
9.683327376842498779e-02
2.526377737522125244e-01
3.089845478534698486e-01
5.164245367050170898e-01
2.194380611181259155e-01
-2.890818119049072266e-01
-7.196201384067535400e-02
-9.539326429367065430e-01
-1.441443204879760742e+00
2.120954915881156921e-02
-3.145198822021484375e-01
4.705964326858520508e-01
-1.033436417579650879e+00
-7.880378514528274536e-02
-3.199414312839508057e-01
4.049894586205482483e-02
1.260009646415710449e+00
-8.260045051574707031e-01
1.034910321235656738e+00
4.253696203231811523e-01
3.721149265766143799e-01
-2.938759624958038330e-01
2.478872090578079224e-01
5.084568858146667480e-01
3.171947598457336426e-01
1.123599521815776825e-02
2.745394110679626465e-01
9.987088441848754883e-01
3.230977952480316162e-01
1.768568754196166992e-01
-4.490855336189270020e-02
-4.907329678535461426e-01
2.160843759775161743e-01
1.548738628625869751e-01
1.467401236295700073e-01
9.228695183992385864e-02
-4.754450917243957520e-01
6.270815134048461914e-01
1.027700230479240417e-01
8.265996575355529785e-01
-3.883202672004699707e-01
-4.562314152717590332e-01
6.553507447242736816e-01
-4.030261635780334473e-01
-2.385973781347274780e-01
-1.898481100797653198e-01
1.354131221771240234e+00
3.579819202423095703e-01
9.075121581554412842e-02
-4.271356761455535889e-02
-5.552096366882324219e-01
1.588675975799560547e-01
5.386132001876831055e-01
-2.446714937686920166e-01
-3.150752782821655273e-01
1.447189003229141235e-01
2.540523558855056763e-02
-4.365631937980651855e-02
4.242957830429077148e-01
-7.487586885690689087e-02
-7.215776443481445312e-01
4.295055568218231201e-01
-1.539719998836517334e-01
-1.341515183448791504e-01
-7.055274844169616699e-01
3.543040156364440918e-01
7.684853859245777130e-03
1.700384318828582764e-01
1.784414649009704590e-01
-3.458282053470611572e-01
3.326272368431091309e-01
-7.230857014656066895e-02
1.003905385732650757e-01
-3.309987187385559082e-01
4.902838468551635742e-01
6.793884634971618652e-01
-1.628725677728652954e-01
-2.606947720050811768e-02
-5.158569663763046265e-02
-1.619844138622283936e-01
3.813132643699645996e-02
6.912983059883117676e-01
-6.991466283798217773e-01
-4.295976758003234863e-01
-4.628543257713317871e-01
2.381265759468078613e-01
-9.215950965881347656e-02
-4.759727418422698975e-01
-7.399062067270278931e-02
-4.978526234626770020e-01
-1.446559559553861618e-03
1.090551912784576416e-01
-4.008198156952857971e-02
-4.574283957481384277e-01
1.279454380273818970e-01
3.496080338954925537e-01
1.876750886440277100e-01
-5.904371142387390137e-01
9.754272177815437317e-04
-9.114655107259750366e-02
-6.342139095067977905e-02
7.822969555854797363e-01
-9.202390313148498535e-01
-1.405871212482452393e-01
-4.090004861354827881e-01
4.023866355419158936e-01
6.224910020828247070e-01
1.125555753707885742e+00
7.505845278501510620e-02
2.645285129547119141e-01
-4.654040634632110596e-01
-1.002068161964416504e+00
8.317326903343200684e-01
8.936216235160827637e-01
-3.003172278404235840e-01
-9.864875078201293945e-01
-1.853558272123336792e-01
6.879601478576660156e-01
3.927689194679260254e-01
7.982043623924255371e-01
-1.893755316734313965e+00
-6.929242014884948730e-01
-1.691193133592605591e-01
-8.278470039367675781e-01
-1.874849498271942139e-01
3.227880895137786865e-01
4.183007031679153442e-02
3.537632524967193604e-01
7.637526392936706543e-01
3.175001442432403564e-01
-7.543036341667175293e-02
-3.452908694744110107e-01
6.281300187110900879e-01
-1.131459921598434448e-01
2.203032076358795166e-01
2.188910916447639465e-02
-8.306110501289367676e-01
2.496819794178009033e-01
1.923472285270690918e-01
2.653180956840515137e-01
-1.523274183273315430e-01
-2.640971839427947998e-01
4.076059460639953613e-01
-2.857891619205474854e-01
-1.381533145904541016e-01
-1.505825072526931763e-01
-2.704136371612548828e-01
2.599668316543102264e-02
3.557336628437042236e-01
-2.674157321453094482e-01
-3.657199814915657043e-02
-2.797779142856597900e-01
3.232745230197906494e-01
2.247587591409683228e-01
-1.229684427380561829e-01
-5.580157041549682617e-01
3.048790618777275085e-02
1.015554308891296387e+00
1.618841439485549927e-01
3.496686816215515137e-01
-6.593733429908752441e-01
-3.411790356040000916e-02
2.603993117809295654e-01
-3.494300544261932373e-01
5.144185423851013184e-01
-8.736051619052886963e-03
1.911977082490921021e-01
3.055149912834167480e-01
-3.307823836803436279e-01
-1.284680813550949097e-01
-3.971830308437347412e-01
3.485870361328125000e-01
-3.381181359291076660e-01
-3.534892797470092773e-01
1.275424510240554810e-01
2.317435145378112793e-01
1.218479201197624207e-01
-4.700865447521209717e-01
-1.097658574581146240e-01
4.462375119328498840e-02
4.650712311267852783e-01
2.882606983184814453e-01
-4.428743124008178711e-01
4.220043718814849854e-01
-8.182978034019470215e-01
-3.067680895328521729e-01
-3.610916733741760254e-01
-6.994739174842834473e-01
5.489833280444145203e-02
-1.741226315498352051e-01
-1.763796210289001465e-01
-1.449715942144393921e-01
4.254303872585296631e-01
2.557086348533630371e-01
-2.035831660032272339e-01
-2.647996842861175537e-01
-1.514585018157958984e-01
1.893524974584579468e-01
2.598754763603210449e-01
-1.984403580427169800e-01
-2.499685883522033691e-01
-5.047806501388549805e-01
-2.596286833286285400e-01
-1.504768133163452148e-01
-4.392872452735900879e-01
-1.197819709777832031e+00
1.869967132806777954e-01
-6.746093928813934326e-02
1.718849539756774902e-01
-1.154584065079689026e-02
1.354871988296508789e-01
2.239172160625457764e-01
1.531446218490600586e+00
4.095721617341041565e-02
4.017102718353271484e-01
-1.488931663334369659e-02
4.273788630962371826e-01
-8.813278377056121826e-02
2.420236729085445404e-02
7.717237621545791626e-02
2.341782003641128540e-01
-1.331581361591815948e-02
-2.411399930715560913e-01
2.077869921922683716e-01
-2.355523407459259033e-01
-3.075908720493316650e-01
-2.281907945871353149e-01
-5.116585493087768555e-01
4.673387482762336731e-02
1.026500598527491093e-03
-9.554511308670043945e-02
1.126367151737213135e-01
-5.878374911844730377e-03
3.649564981460571289e-01
-6.557674407958984375e-01
-1.309623956680297852e+00
2.728088200092315674e-01
1.834384649991989136e-01
-1.501179784536361694e-01
1.035896182060241699e+00
1.008042767643928528e-01
-3.474924564361572266e-01
2.419540882110595703e-01
-6.498301625251770020e-01
-8.138423413038253784e-02
3.167825043201446533e-01
-2.556595802307128906e-01
-1.198191270232200623e-01
3.597205877304077148e-01
-2.074087411165237427e-02
-4.194875657558441162e-01
-1.071951687335968018e-01
-1.781542152166366577e-01
-4.950067400932312012e-01
-1.648648381233215332e-01
1.906806826591491699e-01
-1.632786393165588379e+00
-9.117094278335571289e-01
-2.646149396896362305e-01
-3.561826348304748535e-01
3.298532366752624512e-01
-6.331802811473608017e-03
-2.194767594337463379e-01
3.837728500366210938e-01
5.987017154693603516e-01
-2.773351669311523438e-01
-5.550584942102432251e-02
5.146856904029846191e-01
-6.387016735970973969e-03
-9.790598601102828979e-02
-1.295190006494522095e-01
-2.773938886821269989e-02
2.031093649566173553e-02
1.143173947930335999e-01
1.938703283667564392e-02
5.982668399810791016e-01
-9.017668664455413818e-02
2.716054022312164307e-01
-2.087401896715164185e-01
2.158602178096771240e-01
1.033177897334098816e-01
2.580209374427795410e-01
2.230325937271118164e-01
7.091758251190185547e-01
3.582284152507781982e-01
2.696509063243865967e-01
6.427325606346130371e-01
1.807000637054443359e-01
-1.348264575004577637e+00
-5.928644537925720215e-02
1.863255202770233154e-01
2.411739677190780640e-01
-1.874076575040817261e-01
-1.347389630973339081e-02
2.908594608306884766e-01
-2.836845628917217255e-02
-2.366561144590377808e-01
1.918834000825881958e-01
-1.360031217336654663e-01
-4.163301885128021240e-01
1.755512058734893799e-01
1.630291193723678589e-01
-7.846534848213195801e-01
-6.741812825202941895e-02
5.530447959899902344e-01
9.732471406459808350e-02
7.117556333541870117e-01
6.849152445793151855e-01
-5.732844471931457520e-01
5.780109167098999023e-01
-8.015369176864624023e-01
1.245683431625366211e+00
-4.529906511306762695e-01
-2.115910947322845459e-01
-1.594413667917251587e-01
2.918356060981750488e-01
1.684516221284866333e-01
-1.855500042438507080e-01
-3.417600691318511963e-01
-5.414591357111930847e-02
3.991157710552215576e-01
3.172506093978881836e-01
3.957048803567886353e-02
2.063152939081192017e-01
2.523054182529449463e-01
1.139258965849876404e-01
-2.155219763517379761e-02
4.686444103717803955e-01
6.468801945447921753e-02
-9.124583005905151367e-02
-1.368942558765411377e-01
-3.788015991449356079e-02
-6.583350300788879395e-01
-6.081687211990356445e-01
-2.189493738114833832e-02
6.484550237655639648e-01
-3.806415498256683350e-01
-2.922934889793395996e-01
-4.213472604751586914e-01
-3.775353431701660156e-01
1.000071242451667786e-01
2.870630621910095215e-01
-5.305417180061340332e-01
6.069146990776062012e-01
-9.084367752075195312e-01
7.949002832174301147e-02
-3.848811686038970947e-01
-6.275316476821899414e-01
4.800852835178375244e-01
-2.847881317138671875e-01
2.254314720630645752e-01
-1.382664889097213745e-01
2.688426673412322998e-01
2.266964614391326904e-01
3.680641995742917061e-03
-3.291528820991516113e-01
-3.631175160408020020e-01
1.448198705911636353e-01
1.344998478889465332e-01
1.964401155710220337e-01
-4.294815659523010254e-01
-7.360904216766357422e-01
2.493734657764434814e-01
-3.766109943389892578e-01
6.132391691207885742e-01
2.928014695644378662e-01
-1.291490048170089722e-01
2.718717753887176514e-01
4.171920567750930786e-02
-3.926088511943817139e-01
-1.966472148895263672e+00
-2.112120203673839569e-02
-6.552303433418273926e-01
-3.836759924888610840e-01
-8.228195458650588989e-02
3.325882852077484131e-01
-1.616581231355667114e-01
-7.454546689987182617e-01
-5.360626578330993652e-01
-2.478653639554977417e-01
6.069576144218444824e-01
2.581459879875183105e-01
1.869390010833740234e-01
7.839216589927673340e-01
9.510368108749389648e-02
-2.241269648075103760e-01
4.531753361225128174e-01
8.695987462997436523e-01
1.684763282537460327e-01
-3.473475873470306396e-01
-1.605474352836608887e+00
1.453565478324890137e+00
-6.310578435659408569e-02
-2.176382541656494141e-01
-2.389774620532989502e-01
6.428717076778411865e-02
5.592907667160034180e-01
2.050306349992752075e-01
-2.354887872934341431e-02
3.470841944217681885e-01
-1.484680362045764923e-02
2.254664003849029541e-01
8.098973035812377930e-01
6.884505599737167358e-02
3.083016872406005859e-01
5.015857815742492676e-01
6.057856082916259766e-01
-3.176800608634948730e-01
8.925586007535457611e-03
4.456865191459655762e-01
2.132153064012527466e-01
-9.296443313360214233e-02
-3.650162816047668457e-01
-2.976978421211242676e-01
4.558910131454467773e-01
3.378713428974151611e-01
-3.286292403936386108e-02
5.385500788688659668e-01
2.068995386362075806e-01
-2.516272105276584625e-02
-2.266671974211931229e-03
-2.129448205232620239e-01
7.355692386627197266e-01
-4.435542225837707520e-02
-2.977820811793208122e-03
-2.246089279651641846e-02
-1.124098151922225952e-01
8.674358576536178589e-02
1.268682926893234253e-01
-1.176999360322952271e-01
3.642214238643646240e-01
-5.061190575361251831e-02
-8.123791813850402832e-01
-1.017565354704856873e-01
5.946473479270935059e-01
4.163736402988433838e-01
-3.125181198120117188e-01
-8.739869594573974609e-01
-2.597083449363708496e-01
6.675881147384643555e-02
2.982443869113922119e-01
3.802901804447174072e-01
-2.812564671039581299e-01
5.347253084182739258e-01
-1.065453216433525085e-01
-1.615858674049377441e-01
3.711586892604827881e-01
3.338643014430999756e-01
-4.329075217247009277e-01
1.687690913677215576e-01
-6.603083610534667969e-01
4.425762593746185303e-01
-5.519787073135375977e-01
-1.154480352997779846e-01
-4.064868688583374023e-01
1.041675135493278503e-01
-2.902416586875915527e-01
-2.573580443859100342e-01
1.911924630403518677e-01
2.323342487215995789e-03
3.655095100402832031e-01
-1.054146047681570053e-02
4.114212095737457275e-01
3.730317652225494385e-01
-1.499294638633728027e-01
6.338104605674743652e-01
-1.790673658251762390e-02
2.940610647201538086e-01
-3.902565836906433105e-01
-6.207581162452697754e-01
-4.503713548183441162e-01
9.985681623220443726e-02
-3.198234364390373230e-02
-1.676931679248809814e-01
-4.890771806240081787e-01
-1.592169404029846191e-01
2.565402090549468994e-01
4.645815193653106689e-01
1.112452596426010132e-01
2.062748074531555176e-01
5.011678338050842285e-01
-3.102766722440719604e-02
5.744591355323791504e-01
1.752045452594757080e-01
4.673131108283996582e-01
2.555192708969116211e-01
1.736124455928802490e-01
4.744831323623657227e-01
-1.703979820013046265e-01
-1.464302837848663330e-02
-1.823056191205978394e-01
2.217729091644287109e-01
-6.662655472755432129e-01
-4.364291429519653320e-01
2.885968051850795746e-02
3.218198120594024658e-01
6.946889311075210571e-02
-3.072956204414367676e-01
-4.175688028335571289e-01
-1.528516262769699097e-01
6.768640279769897461e-01
6.292569637298583984e-01
-2.193357199430465698e-01
5.235809683799743652e-01
5.147754549980163574e-01
4.122617542743682861e-01
5.561837181448936462e-02
3.963979482650756836e-01
-1.007692590355873108e-01
-3.912679478526115417e-02
-1.273039281368255615e-01
1.226651296019554138e-01
-3.938955962657928467e-01
-3.714474439620971680e-01
2.926067821681499481e-02
6.500657200813293457e-01
-1.692464388906955719e-02
-9.408869147300720215e-01
-3.728125989437103271e-01
-4.442563056945800781e-01
6.387984156608581543e-01
2.542307674884796143e-01
-2.015502005815505981e-01
5.440298318862915039e-01
-5.310026928782463074e-02
-3.552116155624389648e-01
-5.261836051940917969e-01
-3.879045248031616211e-01
4.333781301975250244e-01
-4.449469447135925293e-01
3.107580244541168213e-01
-2.481796294450759888e-01
7.475009560585021973e-02
4.434634745121002197e-01
-3.141281902790069580e-01
-1.185645237565040588e-01
-1.408629417419433594e-01
-3.092895448207855225e-02
-1.142391711473464966e-01
4.481607973575592041e-01
-4.578706920146942139e-01
-4.141006767749786377e-01
8.509229868650436401e-02
-1.955069601535797119e-01
7.397029995918273926e-01
3.050521910190582275e-01
-2.379938662052154541e-01
2.794903814792633057e-01
-1.117169141769409180e+00
-1.387176066637039185e-01
-5.297091230750083923e-02
-4.051915109157562256e-01
-4.418673217296600342e-01
-3.336964249610900879e-01
2.208694070577621460e-01
1.233385056257247925e-01
-4.654654562473297119e-01
-1.990461647510528564e-01
5.677611567080020905e-03
-4.932978749275207520e-01
5.514815449714660645e-01
6.248311996459960938e-01
-6.510033607482910156e-01
3.596648946404457092e-02
-2.485686391592025757e-01
-1.582915037870407104e-01
-6.164959818124771118e-02
4.846995472908020020e-01
-1.777963489294052124e-01
-3.361962437629699707e-01
2.411101460456848145e-01
-2.213787287473678589e-02
-2.205108106136322021e-01
1.941386312246322632e-01
-4.464187473058700562e-02
3.653006851673126221e-01
1.491481959819793701e-01
-1.262184977531433105e-01
8.640011772513389587e-03
-8.136241883039474487e-02
-4.900184571743011475e-01
-2.310181260108947754e-01
-1.028941273689270020e-01
-2.181948274374008179e-01
-2.600846588611602783e-01
1.541966199874877930e-01
2.686467766761779785e-01
-2.089077085256576538e-01
8.767149448394775391e-01
-4.885533452033996582e-01
-2.989972531795501709e-01
1.288412977010011673e-02
-3.679749965667724609e-01
5.399522185325622559e-01
4.243940114974975586e-02
-1.564183980226516724e-01
3.462159931659698486e-01
1.678352504968643188e-01
1.920211166143417358e-01
-1.375402603298425674e-02
9.518750011920928955e-02
2.406935952603816986e-02
1.897726505994796753e-01
-5.329137444496154785e-01
-3.462407588958740234e-01
3.537354469299316406e-01
-5.035224556922912598e-02
2.084108144044876099e-01
4.151508510112762451e-01
-6.929390430450439453e-01
-4.399299323558807373e-01
-4.424267411231994629e-01
-2.686282098293304443e-01
5.641283988952636719e-01
-1.867719227448105812e-03
-1.330836772918701172e+00
-3.845393061637878418e-01
1.958146244287490845e-01
-4.281080067157745361e-01
7.954405248165130615e-02
5.120419897139072418e-03
-6.153314933180809021e-02
3.443964421749114990e-01
-9.145016968250274658e-02
1.044948324561119080e-01
-1.516554355621337891e-01
-1.088253781199455261e-01
-3.825601637363433838e-01
3.010852336883544922e-01
4.555479586124420166e-01
8.456856012344360352e-02
-7.759296149015426636e-02
2.418358176946640015e-01
-2.217569053173065186e-01
6.697822809219360352e-01
8.080707490444183350e-02
1.770691871643066406e-01
3.139907717704772949e-01
-2.469647079706192017e-01
-9.219507128000259399e-02
7.113907337188720703e-01
5.682316422462463379e-01
-1.435655504465103149e-01
1.844703704118728638e-01
-1.931859552860260010e-01
7.954450324177742004e-03
7.623376250267028809e-01
-4.286850988864898682e-01
3.875825703144073486e-01
3.188069760799407959e-01
-1.531244367361068726e-01
-2.956219613552093506e-01
7.344061136245727539e-01
1.855496764183044434e-01
2.475885897874832153e-01
7.408485561609268188e-02
-6.088668107986450195e-01
-8.472142368555068970e-02
-2.130132615566253662e-01
-1.036247730255126953e+00
2.514549344778060913e-02
-4.316228441894054413e-03
3.201157450675964355e-01
-1.468445807695388794e-01
-1.161923184990882874e-01
2.159598469734191895e-01
1.656802743673324585e-01
5.227823853492736816e-01
-1.302592635154724121e+00
-2.224566787481307983e-01
-1.366632431745529175e-01
3.378387689590454102e-01
-4.054557979106903076e-01
-5.921282991766929626e-02
-3.905081748962402344e-01
1.102655977010726929e-01
8.334563970565795898e-01
-5.141811966896057129e-01
-7.549827545881271362e-02
6.117671132087707520e-01
-3.786711096763610840e-01
-5.912536978721618652e-01
4.974529892206192017e-02
-2.450355887413024902e-01
-8.929478935897350311e-03
-1.219393968582153320e+00
-8.350306749343872070e-01
-9.496469050645828247e-02
-1.307475715875625610e-01
1.147086501121520996e+00
1.368162930011749268e-01
-2.261274456977844238e-01
2.417997866868972778e-01
-5.106675028800964355e-01
1.083189323544502258e-01
1.565935760736465454e-01
2.935619354248046875e-01
5.060366988182067871e-01
-1.489264070987701416e-01
-2.298842221498489380e-01
1.631102710962295532e-01
-1.390410065650939941e-01
7.324803620576858521e-02
-2.636011540889739990e-01
-1.620305031538009644e-01
-6.647963076829910278e-02
-9.343275427818298340e-02
-3.057441413402557373e-01
6.194534897804260254e-01
-5.756705403327941895e-01
3.795557320117950439e-01
2.033878862857818604e-01
-2.929348945617675781e-01
-3.118394911289215088e-01
-3.176587522029876709e-01
3.820909932255744934e-02
8.512507677078247070e-01
1.890367269515991211e-01
3.232496082782745361e-01
-8.048784136772155762e-01
-3.222199082374572754e-01
-3.325714543461799622e-02
-5.372195243835449219e-01
-8.538219332695007324e-02
-2.127210199832916260e-01
3.094212412834167480e-01
1.392768025398254395e-01
4.954294860363006592e-01
8.888523578643798828e-01
-8.597078919410705566e-02
1.698130927979946136e-02
3.004928231239318848e-01
8.008993417024612427e-02
1.241369638592004776e-02
-2.751833796501159668e-01
1.276496887207031250e+00
-1.168179869651794434e+00
2.704228460788726807e-01
3.789271116256713867e-01
5.995877981185913086e-01
-1.159505397081375122e-01
-1.971558779478073120e-01
-1.571419090032577515e-01
6.492776274681091309e-01
-6.937339901924133301e-01
3.844057619571685791e-01
8.769890666007995605e-02
2.343603968620300293e-01
-7.569162845611572266e-01
-1.610183417797088623e-01
2.520449832081794739e-02
8.218096941709518433e-02
-6.712234020233154297e-01
2.729765772819519043e-01
1.380474213510751724e-02
2.051281929016113281e-01
7.787971198558807373e-02
-5.583949685096740723e-01
2.449391409754753113e-02
1.037313193082809448e-01
-3.091842532157897949e-01
-6.135527044534683228e-02
7.057331502437591553e-02
-9.641737937927246094e-01
2.182664275169372559e-01
-9.598556160926818848e-02
-1.434478312730789185e-01
-5.074216797947883606e-02
3.778658807277679443e-01
-9.178269654512405396e-02
-3.415549639612436295e-03
3.624171391129493713e-02
-1.657622307538986206e-01
1.561492867767810822e-02
-2.327754348516464233e-02
1.686047077178955078e+00
7.303010225296020508e-01
1.410105526447296143e-01
3.036368191242218018e-01
6.187233701348304749e-02
-1.982064545154571533e-01
-5.978417769074440002e-02
-2.555084973573684692e-02
1.163126900792121887e-01
-3.340663854032754898e-03
1.743770986795425415e-01
-3.602162748575210571e-02
2.785207033157348633e-01
6.826688647270202637e-01
-2.216274887323379517e-01
3.506329953670501709e-01
4.113890528678894043e-01
-2.452348358929157257e-02
1.453903764486312866e-01
-5.219655036926269531e-01
7.452013343572616577e-02
-4.885013103485107422e-01
4.133777022361755371e-01
3.035571575164794922e-01
8.850986361503601074e-01
-5.276979804039001465e-01
-4.567649662494659424e-01
1.191774606704711914e-01
8.163177967071533203e-02
3.238240629434585571e-02
1.308608353137969971e-01
4.296653345227241516e-02
-1.643701493740081787e-01
-5.470219254493713379e-01
4.031365215778350830e-01
-4.619210362434387207e-01
-3.689421415328979492e-01
-6.485223770141601562e-02
2.047019312158226967e-03
4.431506991386413574e-01
4.194886982440948486e-02
5.526984110474586487e-02
-1.258741319179534912e-01
-4.788744151592254639e-01
-3.732976913452148438e-01
4.888929426670074463e-01
2.956124544143676758e-01
2.041927129030227661e-01
-5.983254872262477875e-03
2.588357031345367432e-01
3.531356751918792725e-01
1.803221583366394043e+00
-1.309819966554641724e-01
8.840050548315048218e-02
-6.105137467384338379e-01
-2.590055949985980988e-02
1.056497171521186829e-01
-1.315861642360687256e-01
-3.308779895305633545e-01
3.556820563971996307e-03
1.919199526309967041e-01
-3.105176389217376709e-01
-2.181716412305831909e-01
2.559269666671752930e-01
1.861287057399749756e-01
2.866143882274627686e-01
1.341122388839721680e-02
-3.628207147121429443e-01
1.874688416719436646e-01
-1.185705065727233887e-01
-1.820816844701766968e-02
-1.608319133520126343e-01
-4.946649074554443359e-01
-2.489640712738037109e-01
5.052293539047241211e-01
4.161763191223144531e-02
-8.543674647808074951e-02
-3.349328637123107910e-01
-3.454400002956390381e-01
1.993196085095405579e-02
-1.067141890525817871e+00
7.492703795433044434e-01
-3.386990427970886230e-01
-1.950506120920181274e-01
-1.362185835838317871e+00
8.207502216100692749e-02
1.557435989379882812e-01
-4.924842417240142822e-01
-3.758981823921203613e-01
-3.588700592517852783e-01
5.515216588973999023e-01
4.343743622303009033e-02
6.839129328727722168e-02
-1.546227216720581055e+00
2.469749897718429565e-01
-3.261224925518035889e-01
-8.211681991815567017e-02
-1.275197565555572510e-01
8.751347064971923828e-01
3.164888322353363037e-01
1.300809811800718307e-02
2.570163905620574951e-01
-3.089762032032012939e-01
-2.240728586912155151e-01
4.225698709487915039e-01
1.993500292301177979e-01
-8.331511169672012329e-02
8.434224873781204224e-02
-7.181866466999053955e-02
2.405254840850830078e-01
-4.006779566407203674e-02
-1.205890893936157227e+00
5.449199676513671875e-01
8.405111730098724365e-02
-3.515765368938446045e-01
2.324144095182418823e-01
3.554226756095886230e-01
-6.099152565002441406e-01
-4.186158180236816406e-01
1.748579926788806915e-02
1.979221552610397339e-01
8.643904328346252441e-01
2.366326153278350830e-01
4.664389789104461670e-01
1.110733985900878906e+00
1.747542768716812134e-01
-1.151974573731422424e-01
-1.365911960601806641e-01
1.012476161122322083e-01
-2.722690403461456299e-01
1.033934429287910461e-01
7.809808105230331421e-02
6.807014346122741699e-01
-3.849012553691864014e-01
-4.945851266384124756e-01
-1.260472685098648071e-01
2.261690944433212280e-01
-4.730759561061859131e-01
8.277773857116699219e-03
-3.035426735877990723e-01
4.969488084316253662e-02
5.944488048553466797e-01
-2.253718227148056030e-01
4.386983513832092285e-01
6.699750423431396484e-01
-6.057244539260864258e-01
-5.182749032974243164e-01
6.607480347156524658e-02
1.007601320743560791e-01
6.328282356262207031e-01
-3.465473353862762451e-01
-1.802702993154525757e-01
-1.408764272928237915e-01
-8.874087333679199219e-01
2.015465945005416870e-01
4.508695006370544434e-01
7.300378084182739258e-01
-7.127420511096715927e-03
-4.488179087638854980e-01
1.695405840873718262e-01
5.213817954063415527e-01
3.883678019046783447e-01
-3.562724217772483826e-02
7.399882078170776367e-01
1.065846323966979980e+00
-6.044375523924827576e-02
3.456459566950798035e-02
-4.718616306781768799e-01
4.415440857410430908e-01
3.192928433418273926e-01
3.626450896263122559e-02
-1.896112598478794098e-02
3.609125316143035889e-02
-2.059048563241958618e-01
4.875962808728218079e-02
4.698719382286071777e-01
5.682757496833801270e-01
-2.430981844663619995e-01
-3.339161351323127747e-02
-3.647795915603637695e-01
-2.122227698564529419e-01
1.018661141395568848e+00
1.226992756128311157e-01
2.083716243505477905e-01
4.778069853782653809e-01
-4.082027375698089600e-01
-4.088001847267150879e-01
-6.548061221837997437e-02
-1.860630661249160767e-01
-1.898427158594131470e-01
1.005203723907470703e+00
9.695102274417877197e-02
5.861795693635940552e-02
-8.998854458332061768e-02
-6.848767399787902832e-01
1.127618849277496338e-01
4.872988909482955933e-02
-3.674502670764923096e-01
3.686275780200958252e-01
4.874018579721450806e-02
1.220002397894859314e-02
1.026142090559005737e-01
-5.065163373947143555e-01
-1.803286932408809662e-02
3.376488089561462402e-01
-4.301051795482635498e-01
-1.575023233890533447e-01
9.167306125164031982e-02
-8.496031761169433594e-01
-1.582751870155334473e-01
3.118985891342163086e-02
-3.075378537178039551e-01
2.346160635352134705e-02
4.092601239681243896e-01
1.954289823770523071e-01
1.017112657427787781e-01
2.966417372226715088e-01
4.789003729820251465e-02
3.165534436702728271e-01
1.138487830758094788e-01
-4.790486991405487061e-01
-1.981621831655502319e-01
2.208510041236877441e-02
-1.009509563446044922e-01
1.174261122941970825e-01
3.802258074283599854e-01
1.466955542564392090e-01
3.044545650482177734e-01
-1.434588134288787842e-01
-4.566298723220825195e-01
-8.452952504158020020e-01
-2.497117668390274048e-01
1.715183109045028687e-01
4.984520748257637024e-02
2.711625099182128906e-01
1.641546785831451416e-01
1.264696270227432251e-01
8.693207800388336182e-02
3.694790005683898926e-01
2.487110048532485962e-01
-3.288533389568328857e-01
-3.580605685710906982e-01
-2.009507864713668823e-01
-3.075732290744781494e-01
1.335901170969009399e-01
4.095953702926635742e-01
2.516978681087493896e-01
-8.515235781669616699e-02
1.375620365142822266e-01
-4.693064689636230469e-01
-8.419252000749111176e-03
-1.734226495027542114e-01
-1.025471568107604980e+00
-1.385147571563720703e-01
1.737217046320438385e-02
2.095595896244049072e-01
-2.529800236225128174e-01
-2.503226995468139648e-01
5.015968084335327148e-01
1.407821327447891235e-01
-7.550664991140365601e-02
-2.074064314365386963e-01
-1.979560703039169312e-01
2.052797526121139526e-01
8.238258361816406250e-01
3.658261597156524658e-01
5.669379830360412598e-01
4.040754735469818115e-01
-8.082503080368041992e-02
1.584249436855316162e-01
5.356535911560058594e-01
-4.322605133056640625e-01
-4.038194566965103149e-02
5.312142968177795410e-01
-1.966920942068099976e-01
-1.276620030403137207e-01
3.686605393886566162e-02
3.937164545059204102e-01
-1.168969944119453430e-01
3.015445470809936523e-01
-3.719494044780731201e-01
-2.006894797086715698e-01
-1.908781826496124268e-01
3.250490725040435791e-01
2.872569561004638672e-01
1.933926045894622803e-01
-2.938608266413211823e-02
6.170842424035072327e-02
3.173848390579223633e-01
6.892809867858886719e-01
5.399143695831298828e-01
2.915964126586914062e-01
9.474202990531921387e-02
-3.953056037425994873e-01
-5.626360699534416199e-02
7.649675607681274414e-01
-1.178702637553215027e-01
2.260542660951614380e-01
-2.856066636741161346e-02
-3.004451990127563477e-01
1.678987443447113037e-01
5.237119272351264954e-03
1.043013095855712891e+00
-4.132097363471984863e-01
2.702549695968627930e-01
-3.261002600193023682e-01
-6.667294502258300781e-01
-7.991966605186462402e-02
-7.861423492431640625e-02
-2.653073072433471680e-01
-1.096817851066589355e+00
-3.457050621509552002e-01
-3.506613969802856445e-01
9.232886135578155518e-02
-1.471994519233703613e-01
-7.156308740377426147e-02
-5.940575599670410156e-01
-2.515209615230560303e-01
-1.788462698459625244e-02
3.833521306514739990e-01
-1.277834028005599976e-01
-1.140029072761535645e+00
1.744631081819534302e-01
8.302435744553804398e-04
-4.808342456817626953e-01
1.982073187828063965e-01
4.243722259998321533e-01
5.588090419769287109e-01
-1.924250721931457520e-01
-4.579036831855773926e-01
-7.088394165039062500e-01
7.899739593267440796e-02
-1.118573397397994995e-01
-2.986671403050422668e-02
2.396252900362014771e-01
8.024265989661216736e-03
4.405888617038726807e-01
-2.061447054147720337e-01
1.216431617736816406e+00
5.617900937795639038e-02
-1.413508653640747070e-01
1.002276912331581116e-01
-6.674219369888305664e-01
-3.874791727866977453e-04
2.659836709499359131e-01
3.920115232467651367e-01
7.202650904655456543e-01
1.436114460229873657e-01
-2.777790725231170654e-01
3.165001571178436279e-01
3.598483204841613770e-01
2.928857803344726562e-01
1.995228528976440430e-01
-3.018719255924224854e-01
6.158421039581298828e-01
5.479585379362106323e-02
3.119124174118041992e-01
-3.827645778656005859e-01
5.463154911994934082e-01
-2.598387598991394043e-01
3.244377076625823975e-01
2.580958902835845947e-01
-2.382640093564987183e-01
-7.735151648521423340e-01
-1.180839687585830688e-01
2.291663363575935364e-02
-1.056666746735572815e-01
4.023347049951553345e-02
-8.901700973510742188e-01
5.223416686058044434e-01
1.837770044803619385e-01
1.668052226305007935e-01
3.842028975486755371e-01
-2.185882031917572021e-01
-1.954015642404556274e-01
8.995623141527175903e-02
4.529886245727539062e-01
1.006562262773513794e-01
-2.810322046279907227e-01
-1.580988019704818726e-01
1.215857565402984619e-01
7.344927191734313965e-01
-1.190661117434501648e-01
1.471537053585052490e-01
-4.410214722156524658e-01
-2.407987564802169800e-01
-6.210194826126098633e-01
-1.913872659206390381e-01
1.375987231731414795e-01
-6.860259175300598145e-02
1.774813532829284668e-01
4.263301491737365723e-01
1.891118437051773071e-01
-2.617512941360473633e-01
2.126261591911315918e-02
3.069402575492858887e-01
-4.303017258644104004e-01
-3.062357902526855469e-01
-1.525422334671020508e-01
-4.387806653976440430e-01
2.964102625846862793e-01
-1.029968028888106346e-03
2.707262933254241943e-01
-2.405224144458770752e-01
-1.179439201951026917e-01
-8.714465051889419556e-02
-3.763997554779052734e-01
-6.166182830929756165e-02
-2.875206768512725830e-01
-2.471820414066314697e-01
-1.537509858608245850e-01
3.278672993183135986e-01
-7.476098835468292236e-02
-3.766355514526367188e-01
8.631821721792221069e-02
2.854916453361511230e-02
2.473196536302566528e-01
9.124068170785903931e-02
-9.081690572202205658e-03
-6.020126342773437500e-01
4.034252762794494629e-01
-3.548744022846221924e-01
1.196626722812652588e-01
-1.200743541121482849e-01
7.485736161470413208e-03
-1.138547137379646301e-01
1.983104795217514038e-01
-1.123265027999877930e-01
-3.369373977184295654e-01
-3.223143145442008972e-02
-7.347811460494995117e-01
-1.861123442649841309e-01
1.246602311730384827e-01
-2.879935801029205322e-01
4.276751354336738586e-02
1.608826637268066406e+00
2.913043498992919922e-01
4.773177206516265869e-01
2.015646845102310181e-01
1.412819027900695801e-01
-1.389434784650802612e-01
-1.143901348114013672e-01
9.061095118522644043e-02
-2.256348133087158203e-01
7.382533699274063110e-02
-2.133907675743103027e-01
-9.584128111600875854e-02
-6.283825635910034180e-02
1.323615610599517822e-01
6.802542209625244141e-01
6.582973599433898926e-01
-2.531764805316925049e-01
-2.413458228111267090e-01
-5.519678443670272827e-02
-1.878008693456649780e-01
-1.214545249938964844e+00
1.964482814073562622e-01
5.573524236679077148e-01
-6.675699949264526367e-01
-2.474782019853591919e-01
1.253045946359634399e-01
1.863799691200256348e-01
-5.275435745716094971e-02
4.001427888870239258e-01
-1.473391056060791016e-01
-2.306392192840576172e-01
2.843197584152221680e-01
-1.433963626623153687e-01
1.993543356657028198e-01
-4.502150416374206543e-01
-8.149657398462295532e-02
4.220193326473236084e-01
4.394826591014862061e-01
-5.742608904838562012e-01
1.444452404975891113e-01
-3.327104821801185608e-02
-1.291802972555160522e-01
5.869149044156074524e-02
-2.500277757644653320e-01
-7.388777136802673340e-01
3.078226149082183838e-01
-1.337586790323257446e-01
-1.212164238095283508e-01
2.300848998129367828e-02
-1.504808813333511353e-01
-1.997433751821517944e-01
-8.894481509923934937e-02
4.320924729108810425e-02
-5.085010826587677002e-02
3.011949062347412109e-01
4.319137334823608398e-01
-2.778552174568176270e-01
-5.006737112998962402e-01
4.114748835563659668e-01
-1.985291391611099243e-02
-3.819519877433776855e-01
-6.170086860656738281e-01
1.978861987590789795e-01
-3.124204874038696289e-01
4.706319868564605713e-01
-3.311559557914733887e-01
-1.496796458959579468e-01
2.820062637329101562e-01
6.656566262245178223e-01
2.029606252908706665e-01
5.880700945854187012e-01
2.797251753509044647e-02
3.883899152278900146e-01
9.566075354814529419e-02
-7.523207366466522217e-02
1.068310961127281189e-01
-5.386359095573425293e-01
2.715054750442504883e-01
5.344657301902770996e-01
-3.367788791656494141e-01
-5.775419250130653381e-02
3.807711601257324219e-01
1.314779743552207947e-02
6.742150336503982544e-02
7.898173928260803223e-01
-5.564957857131958008e-01
3.824071586132049561e-01
-4.950100183486938477e-01
3.095373213291168213e-01
2.663265168666839600e-01
2.674659192562103271e-01
1.451827585697174072e-01
-2.145420014858245850e-02
1.001340001821517944e-01
1.423904746770858765e-01
6.769910454750061035e-01
4.444384947419166565e-02
1.711493879556655884e-01
-4.913654550909996033e-02
-1.217720985412597656e+00
5.188872814178466797e-01
3.121399283409118652e-01
1.644568294286727905e-01
3.736702501773834229e-01
5.928822755813598633e-01
-2.407016754150390625e-01
8.622229099273681641e-01
-5.785604119300842285e-01
-4.295964837074279785e-01
5.863614082336425781e-01
3.828470781445503235e-02
1.489058732986450195e-01
-2.975820004940032959e-01
8.554391264915466309e-01
-2.917330563068389893e-01
-4.239616543054580688e-02
5.014536976814270020e-01
4.107802212238311768e-01
-4.862717688083648682e-01
2.677497565746307373e-01
-4.111973047256469727e-01
2.290547490119934082e-01
-6.714312434196472168e-01
2.406325489282608032e-01
-4.897443950176239014e-01
5.883201956748962402e-01
-1.620963513851165771e-01
-2.664305567741394043e-01
-3.153259158134460449e-01
-9.343947470188140869e-02
-4.852136671543121338e-01
1.368330866098403931e-01
-5.437682271003723145e-01
-6.112112998962402344e-01
-2.093635313212871552e-02
-4.069752525538206100e-03
4.494041204452514648e-01
3.235740959644317627e-01
-2.438103705644607544e-01
1.461240053176879883e-01
1.043531894683837891e-01
-4.446379095315933228e-02
-8.200290612876415253e-03
8.883183449506759644e-02
-6.880301833152770996e-01
2.808822393417358398e-01
-2.494134157896041870e-01
2.270619850605726242e-03
-2.675231397151947021e-01
-2.100643962621688843e-01
4.284721985459327698e-02
2.453671768307685852e-02
-1.186131983995437622e-01
-2.461431026458740234e-01
2.465444952249526978e-01
4.957067072391510010e-01
1.240394935011863708e-01
3.676738739013671875e-01
-2.114616185426712036e-01
2.360607236623764038e-01
7.100968956947326660e-01
-2.959930896759033203e-01
2.105893194675445557e-01
7.137769367545843124e-03
-2.093025594949722290e-01
7.281684130430221558e-02
-9.982695430517196655e-02
3.683766722679138184e-01
-2.155698537826538086e-01
-4.318892061710357666e-01
1.163226291537284851e-01
-4.532921612262725830e-01
2.500138804316520691e-02
-3.594221919775009155e-02
-4.758141338825225830e-01
9.849847853183746338e-02
6.423921138048171997e-02
3.166878223419189453e-01
-1.657201349735260010e-01
4.458631277084350586e-01
9.222219586372375488e-01
8.481378853321075439e-02
-1.706136614084243774e-01
6.319382041692733765e-02
1.759275496006011963e-01
-2.121707051992416382e-01
-2.372438460588455200e-01
1.895276010036468506e-01
-1.472608566284179688e+00
-2.964574992656707764e-01
3.507111966609954834e-01
-6.661100313067436218e-03
3.008138239383697510e-01
-1.015167981386184692e-01
4.224784374237060547e-01
3.639674559235572815e-02
5.582196116447448730e-01
-6.020040512084960938e-01
3.174949288368225098e-01
1.162939593195915222e-01
-1.796725243330001831e-01
-2.522578537464141846e-01
-2.240017056465148926e-01
-5.371100902557373047e-01
2.028180658817291260e-02
2.998449504375457764e-01
-4.199357330799102783e-01
3.560275137424468994e-01
4.125858545303344727e-01
-6.146110594272613525e-02
-5.206451416015625000e-01
-4.512201547622680664e-01
1.049396544694900513e-01
-3.944826498627662659e-02
1.279512643814086914e-01
-5.353284478187561035e-01
-6.854036450386047363e-01
3.758719861507415771e-01
4.168108105659484863e-02
-7.787323743104934692e-02
3.380744457244873047e-01
3.037931323051452637e-01
5.332753062248229980e-01
6.239323019981384277e-01
2.342976033687591553e-01
-8.324415236711502075e-02
6.246529817581176758e-01
-2.380350679159164429e-01
-3.610025644302368164e-01
-2.327673882246017456e-01
1.455280035734176636e-01
5.567260384559631348e-01
-1.187192350625991821e-01
3.467299938201904297e-01
3.343203961849212646e-01
-4.291089475154876709e-01
-6.871208548545837402e-01
3.418887257575988770e-01
9.035253524780273438e-02
-2.731942236423492432e-01
1.367909163236618042e-01
1.638093292713165283e-01
4.332960844039916992e-01
6.884780526161193848e-01
3.889579474925994873e-01
6.219770759344100952e-02
5.043326020240783691e-01
-4.687486588954925537e-02
-5.665023922920227051e-01
-2.072645872831344604e-01
4.403325915336608887e-01
4.750051200389862061e-01
7.419745624065399170e-02
2.339267581701278687e-01
-2.649146616458892822e-01
-1.148537266999483109e-02
-3.280548751354217529e-01
1.123033165931701660e+00
-4.376143589615821838e-02
-3.117976486682891846e-01
2.568832337856292725e-01
2.012610286474227905e-01
2.155241966247558594e-01
6.077950075268745422e-02
-7.036299258470535278e-02
-5.262378975749015808e-02
6.729373335838317871e-02
8.864244818687438965e-02
-1.497864574193954468e-01
2.105845063924789429e-01
-1.444942206144332886e-01
1.943035572767257690e-01
5.907358527183532715e-01
1.704048365354537964e-01
4.461527168750762939e-01
2.195003777742385864e-01
1.153710931539535522e-01
-4.436059296131134033e-01
7.368715405464172363e-01
8.551444411277770996e-01
6.533135473728179932e-02
-2.834722995758056641e-01
-3.584691286087036133e-01
-2.216077744960784912e-01
3.943130671977996826e-01
-2.435503005981445312e-01
-1.361138075590133667e-01
-4.412103891372680664e-01
4.418986439704895020e-01
-1.073462009429931641e+00
-5.357212424278259277e-01
-1.904896348714828491e-01
-1.548820734024047852e-01
4.181249737739562988e-01
-9.356199949979782104e-02
-3.471700847148895264e-02
-4.464972317218780518e-01
5.185554623603820801e-01
1.145764663815498352e-01
9.699287265539169312e-02
1.676272153854370117e-01
1.432909220457077026e-01
3.837055265903472900e-01
1.514103114604949951e-01
2.494481056928634644e-01
2.062357515096664429e-01
2.414979636669158936e-01
9.392812848091125488e-02
-4.784740209579467773e-01
-3.445625603199005127e-01
2.345741167664527893e-02
4.292140901088714600e-01
-1.595016866922378540e-01
2.289518117904663086e-01
-1.139876917004585266e-01
-3.603034317493438721e-01
5.134150385856628418e-02
-5.429788231849670410e-01
-2.887349128723144531e-01
-1.397975254803895950e-02
-4.415274262428283691e-01
4.452140256762504578e-02
-1.037525162100791931e-01
1.131971776485443115e-01
-1.394340246915817261e-01
-4.807225242257118225e-02
8.326724171638488770e-02
1.905344724655151367e-01
-1.610574722290039062e-01
2.386072874069213867e-01
2.118022441864013672e-01
-6.204099580645561218e-02
6.545754522085189819e-02
-2.651144564151763916e-01
6.487078219652175903e-02
1.436107158660888672e+00
-1.226221844553947449e-01
4.919685721397399902e-01
1.878176927566528320e-01
3.001682162284851074e-01
-1.093273982405662537e-01
-4.666408002376556396e-01
-7.199567556381225586e-02
-1.922827661037445068e-01
4.762331768870353699e-02
-7.238292694091796875e-01
-3.668275475502014160e-01
4.460561275482177734e-01
3.414087742567062378e-02
-7.697863131761550903e-02
-1.072023510932922363e-01
-4.576546698808670044e-02
-2.145295292139053345e-01
1.643857210874557495e-01
3.164691627025604248e-01
2.828280925750732422e-01
-1.681740395724773407e-02
-2.995721697807312012e-01
-3.462532162666320801e-01
1.944148689508438110e-01
-3.033128678798675537e-01
-7.397865653038024902e-01
-1.477544307708740234e-01
-1.057036519050598145e-01
-3.041985258460044861e-02
-2.195014432072639465e-02
-1.210451647639274597e-01
7.100807875394821167e-02
3.869030624628067017e-02
-1.185333132743835449e+00
8.864242583513259888e-02
-1.497618407011032104e-01
2.176495939493179321e-01
2.171623557806015015e-01
-5.146709084510803223e-01
-2.174909412860870361e-02
2.887025475502014160e-01
2.568851411342620850e-01
-4.958842694759368896e-01
-3.205271363258361816e-01
-2.178908884525299072e-01
3.382184207439422607e-01
-2.592455446720123291e-01
-6.764921359717845917e-03
-4.881251156330108643e-01
-2.241077646613121033e-02
5.548849329352378845e-02
1.286955643445253372e-02
-9.532380849123001099e-02
-9.350116550922393799e-02
-1.914058625698089600e-01
-3.232023417949676514e-01
1.684398651123046875e-01
-4.247175157070159912e-02
-2.788292169570922852e-01
-1.433921933174133301e+00
-1.682012975215911865e-01
-4.394043087959289551e-01
-4.400679171085357666e-01
-2.191380411386489868e-01
3.893222212791442871e-01
2.890805602073669434e-01
7.728106528520584106e-02
1.196967065334320068e-01
-1.593668907880783081e-01
2.907795310020446777e-01
1.773149222135543823e-01
-3.867392539978027344e-01
-3.051130175590515137e-01
2.271767333149909973e-02
2.258718609809875488e-01
3.023600578308105469e-01
1.607914566993713379e-01
-2.089165896177291870e-01
-2.457454055547714233e-01
3.254020810127258301e-01
3.142966628074645996e-01
3.251610696315765381e-01
4.949148744344711304e-02
4.044733047485351562e-01
-2.268612980842590332e-01
-2.545084059238433838e-01
-2.123652994632720947e-01
-4.400735199451446533e-01
-2.038200348615646362e-01
-1.519637703895568848e-01
-6.058040261268615723e-01
2.352422922849655151e-01
2.807852625846862793e-01
-3.650279948487877846e-03
-6.225149035453796387e-01
-2.855460047721862793e-01
1.453285217285156250e-01
2.534197866916656494e-01
1.060114577412605286e-01
4.653521180152893066e-01
-3.788726869970560074e-03
-5.876424908638000488e-01
7.818272709846496582e-01
3.095069825649261475e-01
-1.167035251855850220e-01
-2.435634881258010864e-01
5.488337576389312744e-02
-1.316098868846893311e-02
-1.377832740545272827e-01
-1.506651192903518677e-01
-1.070025488734245300e-01
1.221400499343872070e-01
1.663401573896408081e-01
-1.754365712404251099e-01
2.392963469028472900e-01
-2.802745811641216278e-02
-1.529069840908050537e-01
-1.353217363357543945e-01
3.787021385505795479e-03
-2.306245863437652588e-01
-3.790954351425170898e-01
-2.180982977151870728e-01
3.655124828219413757e-02
-1.442013978958129883e-01
6.585372090339660645e-01
2.159581631422042847e-01
5.729496479034423828e-01
6.720308065414428711e-01
3.496457636356353760e-01
5.221175961196422577e-03
5.328362584114074707e-01
-4.313970804214477539e-01
-4.993868470191955566e-01
-1.091518253087997437e-02
2.226432412862777710e-01
5.299895405769348145e-01
-3.519534468650817871e-01
2.039602547883987427e-01
1.391908973455429077e-01
1.267097592353820801e-01
-6.106197834014892578e-02
2.343968451023101807e-01
3.104721307754516602e-01
2.655803859233856201e-01
1.189348474144935608e-01
-2.188282310962677002e-01
-9.133328497409820557e-02
2.892799079418182373e-01
7.398440837860107422e-01
-3.953664898872375488e-01
2.450204044580459595e-01
-2.551542222499847412e-01
-2.175315469503402710e-01
-1.560321897268295288e-01
-2.290459424257278442e-01
3.609824925661087036e-02
-2.683261595666408539e-02
5.810089781880378723e-02
-9.809306263923645020e-02
-5.492188408970832825e-02
2.430582232773303986e-02
1.659188270568847656e-01
1.109108179807662964e-01
-8.508373051881790161e-02
-5.800724029541015625e-01
-2.459963411092758179e-01
-2.016523629426956177e-01
-9.214138239622116089e-02
-3.101352453231811523e-01
2.668501436710357666e-01
-1.445363014936447144e-01
1.505294740200042725e-01
3.500204086303710938e-01
5.462768077850341797e-01
-3.071096166968345642e-02
5.106773227453231812e-03
-1.422558128833770752e-01
-9.365533292293548584e-02
-4.293039441108703613e-01
-1.258575767278671265e-01
-6.932387501001358032e-02
1.489122211933135986e-02
4.581464827060699463e-02
-7.978676557540893555e-01
-4.603647887706756592e-01
-1.830128133296966553e-01
-2.158304601907730103e-01
7.535069435834884644e-02
-1.652386039495468140e-01
2.022082656621932983e-01
-1.449238657951354980e-01
8.969574421644210815e-02
3.327484726905822754e-01
1.138733327388763428e-02
1.637246087193489075e-02
-2.854494564235210419e-02
-4.745017886161804199e-01
8.166699856519699097e-02
-2.423035651445388794e-01
-1.607172191143035889e-01
-3.002951145172119141e-01
8.040592074394226074e-01
7.870420068502426147e-02
-2.922786176204681396e-01
2.456089407205581665e-01
4.153292775154113770e-01
-4.729159176349639893e-02
-2.853845246136188507e-02
3.262325227260589600e-01
2.279279530048370361e-01
-1.859992276877164841e-03
1.867463588714599609e-01
-3.614628016948699951e-01
6.453079730272293091e-02
-1.488147974014282227e-01
3.271476030349731445e-01
7.359615713357925415e-02
-1.075089797377586365e-01
-2.785941064357757568e-01
4.693098366260528564e-01
5.676900148391723633e-01
-1.371146291494369507e-01
-1.977908313274383545e-01
2.464257031679153442e-01
-1.020835116505622864e-01
-1.051078885793685913e-01
-3.844800591468811035e-01
-6.798371672630310059e-01
-4.364165365695953369e-01
-6.800746917724609375e-02
-6.280608177185058594e-01
1.637544929981231689e-01
3.773791193962097168e-01
-2.620158158242702484e-02
-1.149405911564826965e-01
-5.301709175109863281e-01
-6.726042181253433228e-02
-2.485043555498123169e-01
-1.189383044838905334e-01
4.327922165393829346e-01
-1.147407218813896179e-01
1.216940164566040039e+00
-5.203269124031066895e-01
-1.477641761302947998e-01
1.885798573493957520e-01
-3.324298188090324402e-02
1.830893456935882568e-01
2.026171535253524780e-01
8.223924040794372559e-02
-2.917041778564453125e-01
3.619959652423858643e-01
-3.007671535015106201e-01
-1.980382949113845825e-01
-5.915859341621398926e-02
-1.176435574889183044e-01
2.538775205612182617e-01
4.919097423553466797e-01
-2.501671910285949707e-01
1.528147328644990921e-02
3.592089414596557617e-01
5.265426039695739746e-01
-1.095258966088294983e-01
-1.072540357708930969e-01
1.180928945541381836e-01
-1.696980893611907959e-01
-2.200542092323303223e-01
-3.857001960277557373e-01
-5.281734466552734375e-01
-4.629118442535400391e-01
-7.933738082647323608e-02
-3.061974346637725830e-01
2.042668461799621582e-01
3.291178345680236816e-01
-5.540092242881655693e-04
-1.524647921323776245e-01
-5.998286008834838867e-01
1.791326552629470825e-01
-2.161564975976943970e-01
-2.723168730735778809e-01
-3.498681187629699707e-01
-9.668725728988647461e-02
8.626685291528701782e-02
-5.025928616523742676e-01
2.743831276893615723e-01
7.583538442850112915e-02
2.586314082145690918e-01
1.596170514822006226e-01
-1.072700545191764832e-01
4.595637619495391846e-01
1.093492656946182251e-01
-3.941230177879333496e-01
-1.885101348161697388e-01
4.159384071826934814e-01
2.624729275703430176e-01
1.665765978395938873e-02
5.427592992782592773e-01
-7.763795554637908936e-02
7.421288639307022095e-02
-5.539704859256744385e-02
9.184376895427703857e-02
-3.437644988298416138e-02
-3.737575411796569824e-01
1.385567360557615757e-03
2.700116336345672607e-01
-1.276945829391479492e+00
-5.015534535050392151e-02
1.748376786708831787e-01
1.095391988754272461e+00
-1.907067447900772095e-01
-2.893034219741821289e-01
-3.664915636181831360e-02
-1.620223522186279297e-01
1.157955899834632874e-01
4.721319302916526794e-03
5.350595712661743164e-02
3.460873384028673172e-03
-1.803888231515884399e-01
-1.749103888869285583e-02
-3.304513394832611084e-01
-2.544205188751220703e-01
-9.061816334724426270e-02
3.636928498744964600e-01
-7.690107077360153198e-02
-1.353862434625625610e-01
1.067447662353515625e-02
2.417718060314655304e-02
-3.711367547512054443e-01
1.488481760025024414e-01
7.881577312946319580e-02
-7.733135670423507690e-02
-3.360820710659027100e-01
1.890386492013931274e-01
-2.363064587116241455e-01
-2.579843699932098389e-01
1.185854151844978333e-01
2.700343430042266846e-01
2.392591089010238647e-01
8.996610343456268311e-02
-1.103339418768882751e-01
-1.410823017358779907e-01
4.357620179653167725e-01
2.148004323244094849e-01
1.882781535387039185e-01
-2.923772037029266357e-01
-1.013467647135257721e-02
-3.054125308990478516e-01
1.639926284551620483e-01
-1.280191540718078613e-01
2.875562943518161774e-02
8.369688689708709717e-02
1.780010759830474854e-01
2.056659199297428131e-02
-3.664147108793258667e-02
-3.921237215399742126e-02
9.903930127620697021e-02
2.479409575462341309e-01
3.382976055145263672e-01
1.439730226993560791e-01
-1.406382620334625244e-01
1.676148027181625366e-01
6.435799598693847656e-02
