5.981895327568054199e-01
-7.722402364015579224e-02
-2.861779034137725830e-01
4.792395830154418945e-01
-4.244025945663452148e-01
1.094501137733459473e+00
-3.841457143425941467e-02
8.283267617225646973e-01
1.036420278251171112e-02
6.203236579895019531e-01
8.744200319051742554e-02
-3.275199560448527336e-03
-2.873816341161727905e-02
1.450101099908351898e-02
-1.596153974533081055e-01
-5.993001461029052734e-01
1.385701633989810944e-02
7.790885567665100098e-01
5.383416414260864258e-01
6.210193037986755371e-01
-1.989246606826782227e-01
-1.144958958029747009e-01
-2.069608420133590698e-01
8.395034819841384888e-02
-1.232996284961700439e-01
-6.564114093780517578e-01
3.116008639335632324e-01
6.283835768699645996e-01
-3.612102866172790527e-01
1.585436761379241943e-01
1.967103928327560425e-01
1.467174410820007324e+00
3.393576443195343018e-01
-9.488275647163391113e-01
-4.695530533790588379e-01
-4.116476178169250488e-01
6.516348719596862793e-01
3.647751873359084129e-03
4.118319153785705566e-01
-6.159834861755371094e-01
9.110389351844787598e-01
-6.352871060371398926e-01
6.293662786483764648e-01
-1.173568964004516602e-01
-5.814788341522216797e-01
3.763966560363769531e-01
-5.252087712287902832e-01
3.336395025253295898e-01
-7.146885991096496582e-01
3.276320099830627441e-01
-9.119988083839416504e-01
-4.752860367298126221e-01
6.711621880531311035e-01
-6.702963709831237793e-01
1.066883921623229980e+00
5.869497656822204590e-01
4.949944466352462769e-02
-8.650993704795837402e-01
9.938079118728637695e-01
6.993775963783264160e-01
2.689728885889053345e-02
-1.565247923135757446e-01
2.052550762891769409e-01
-1.725297123193740845e-01
-9.881856292486190796e-02
4.642761126160621643e-02
1.439938992261886597e-01
2.562077343463897705e-01
-5.016989707946777344e-01
-4.551657140254974365e-01
1.395649313926696777e-01
-9.948612749576568604e-02
7.664951682090759277e-02
-3.455050885677337646e-01
-5.897679552435874939e-02
2.695837803184986115e-02
2.252992056310176849e-02
1.498357504606246948e-01
-1.670839339494705200e-01
2.928038537502288818e-01
-3.428738415241241455e-01
-3.708203881978988647e-02
-1.738079190254211426e-01
-4.670651555061340332e-01
3.746155798435211182e-01
-5.045738220214843750e-01
-3.595948917791247368e-03
5.022277832031250000e-01
-5.478368140757083893e-03
-6.212247014045715332e-01
4.830643236637115479e-01
1.611354649066925049e-01
-1.042024344205856323e-01
-2.624419629573822021e-01
-3.350279033184051514e-01
-1.007690191268920898e+00
6.053050756454467773e-01
4.760554730892181396e-01
-3.229773044586181641e-01
3.455587625503540039e-01
1.282375603914260864e-01
8.727120608091354370e-02
1.602276861667633057e-01
5.441420674324035645e-01
-1.882260739803314209e-01
-2.037847936153411865e-01
2.908790409564971924e-01
7.587940245866775513e-02
3.005795180797576904e-01
7.594207674264907837e-02
1.443047672510147095e-01
1.942916512489318848e-01
1.976401656866073608e-01
-6.005598232150077820e-02
-1.229790151119232178e-01
3.683813810348510742e-01
-2.312273085117340088e-01
1.354948729276657104e-01
-2.226309776306152344e-01
-4.288391768932342529e-01
-5.430100560188293457e-01
2.709080278873443604e-01
9.059627354145050049e-02
-1.648454070091247559e-01
2.265562713146209717e-01
-2.344984412193298340e-01
1.700488664209842682e-02
-1.937971822917461395e-02
2.086918950080871582e-01
-6.031348556280136108e-02
1.418203711509704590e-01
2.213896065950393677e-01
4.900176450610160828e-02
-2.183516174554824829e-01
-3.119210153818130493e-02
1.771910041570663452e-01
5.093365535140037537e-02
1.984953731298446655e-01
-6.223803758621215820e-01
-4.393169879913330078e-01
1.842949539422988892e-01
-5.544108748435974121e-01
-1.129997149109840393e-01
1.031860802322626114e-02
-1.559681147336959839e-01
1.330739557743072510e-01
4.804472625255584717e-02
1.063184887170791626e-01
-8.686907589435577393e-02
2.183034271001815796e-01
-3.061249256134033203e-01
-5.734390765428543091e-02
8.694685250520706177e-02
1.563627421855926514e-01
-1.923965066671371460e-01
-2.327757179737091064e-01
2.592106759548187256e-01
-2.179994136095046997e-01
3.189626634120941162e-01
5.733768343925476074e-01
-1.095973476767539978e-01
1.279201358556747437e-01
4.030289351940155029e-01
9.263980388641357422e-01
-1.388822346925735474e-01
1.674069613218307495e-01
-2.455653697252273560e-01
-2.562493681907653809e-01
1.635128408670425415e-01
1.536500155925750732e-01
-2.156956493854522705e-01
-8.640664629638195038e-03
1.369597166776657104e-01
2.432236522436141968e-01
4.074774682521820068e-01
8.779290318489074707e-01
-5.323837995529174805e-01
-1.787010431289672852e-01
-1.245714277029037476e-01
-1.696274727582931519e-01
-3.564248085021972656e-01
4.265663027763366699e-01
-5.200500488281250000e-01
4.168880879878997803e-01
6.550739407539367676e-01
1.645396091043949127e-02
1.179514750838279724e-01
-7.461556792259216309e-01
1.112328529357910156e+00
-1.050297729671001434e-02
3.908063471317291260e-01
1.024596467614173889e-01
-1.108062744140625000e+00
7.994405627250671387e-01
-2.617281675338745117e-01
-3.623428344726562500e-01
-2.491996437311172485e-02
3.515192568302154541e-01
-4.922609031200408936e-02
-7.730858325958251953e-01
1.391089856624603271e-01
-2.540350556373596191e-01
1.520095914602279663e-01
-6.719989776611328125e-01
-3.738645613193511963e-01
-1.801289431750774384e-02
-1.119438111782073975e-01
4.311629235744476318e-01
-1.060153961181640625e+00
-7.409404218196868896e-02
-5.795799940824508667e-02
7.478885352611541748e-02
1.917917728424072266e-01
-4.420040249824523926e-01
2.375174611806869507e-01
1.842798739671707153e-01
1.993998587131500244e-01
-2.979127764701843262e-01
3.867357969284057617e-02
2.771970033645629883e-01
3.982800245285034180e-01
-2.166201323270797729e-01
1.481762677431106567e-01
1.976842293515801430e-03
-1.698300093412399292e-01
3.532972633838653564e-01
-4.145726561546325684e-01
1.739499270915985107e-01
1.102711856365203857e-01
6.420370936393737793e-01
-4.882071614265441895e-01
-6.428250074386596680e-01
5.232212543487548828e-01
3.910581395030021667e-02
2.928053736686706543e-01
2.944775819778442383e-01
-1.363595873117446899e-01
-4.045027792453765869e-01
7.046750187873840332e-01
1.407902836799621582e-01
2.564375698566436768e-01
-4.128867685794830322e-01
5.326646566390991211e-01
3.022763133049011230e-01
-5.794457793235778809e-01
4.093500375747680664e-01
-7.035384774208068848e-01
8.941861987113952637e-02
-4.820349514484405518e-01
4.348924756050109863e-01
-3.058313727378845215e-01
-4.344381392002105713e-01
5.679475665092468262e-01
-2.052774876356124878e-01
5.432559847831726074e-01
2.142297923564910889e-01
-1.614016480743885040e-02
-3.166801333427429199e-01
3.337447941303253174e-01
1.301811635494232178e-01
-1.479768194258213043e-02
4.895780384540557861e-01
-4.211120307445526123e-01
4.883018434047698975e-01
5.821579098701477051e-01
-2.456195056438446045e-01
3.134873807430267334e-01
-4.506615996360778809e-01
7.476631402969360352e-01
-2.894010245800018311e-01
4.003258347511291504e-01
1.606376767158508301e-01
-3.371757864952087402e-01
3.305254578590393066e-01
-3.609138131141662598e-01
-3.093089163303375244e-01
1.574247181415557861e-01
1.813326478004455566e-01
-2.957428693771362305e-01
-7.234963029623031616e-02
-7.675580978393554688e-01
6.960864663124084473e-01
3.240699693560600281e-02
9.496372193098068237e-02
2.379634529352188110e-01
-5.735043883323669434e-01
1.073561310768127441e-01
2.732023894786834717e-01
6.899389624595642090e-02
-2.759763002395629883e-01
3.922164738178253174e-01
3.106916546821594238e-01
-2.045288830995559692e-01
6.691342592239379883e-02
-2.259168326854705811e-01
-2.063557952642440796e-01
-2.513873577117919922e-01
6.168308258056640625e-01
-1.028671622276306152e+00
-6.249053478240966797e-01
2.214932590723037720e-01
-1.682521551847457886e-01
5.320442318916320801e-01
-6.691028922796249390e-02
-3.406408727169036865e-01
1.161252334713935852e-01
-7.214926481246948242e-01
5.000832676887512207e-01
-3.359907269477844238e-01
7.428271323442459106e-02
-2.802132070064544678e-01
-2.321259081363677979e-01
6.012569665908813477e-01
-7.536786198616027832e-01
8.709004521369934082e-01
-1.929390802979469299e-02
-1.800006926059722900e-01
-5.598841607570648193e-02
3.414448201656341553e-01
-6.007200479507446289e-02
3.017685115337371826e-01
-5.148794054985046387e-01
3.547298908233642578e-01
-3.610566854476928711e-01
-8.119902014732360840e-01
9.813354909420013428e-02
-3.413899838924407959e-01
4.297517836093902588e-01
-9.733965992927551270e-01
1.141789183020591736e-01
-1.492080390453338623e-01
-1.584846526384353638e-01
1.033157706260681152e+00
-4.123500883579254150e-01
3.712451756000518799e-01
5.783456936478614807e-02
-1.352835446596145630e-01
-3.583979606628417969e-01
4.084236025810241699e-01
5.794213414192199707e-01
2.239930629730224609e-01
-3.568988144397735596e-01
1.210877224802970886e-01
2.864103615283966064e-01
-3.321692943572998047e-01
3.367537856101989746e-01
-3.892232179641723633e-01
-1.371778547763824463e-01
-3.207605183124542236e-01
1.969667822122573853e-01
-3.206895589828491211e-01
-2.920210063457489014e-01
1.522200107574462891e-01
1.267992109060287476e-01
4.882857203483581543e-01
3.285575807094573975e-01
7.553709298372268677e-02
-2.728539705276489258e-01
3.674609363079071045e-01
-1.294330209493637085e-01
-1.854749768972396851e-02
1.235036849975585938e-01
6.999666094779968262e-01
-5.106964707374572754e-02
-8.296193182468414307e-02
1.354576796293258667e-01
-5.747314095497131348e-01
1.347355544567108154e-01
-3.301031887531280518e-01
-4.233146458864212036e-02
-4.216452836990356445e-01
6.174067407846450806e-02
5.503806471824645996e-01
-4.429291784763336182e-01
7.552003264427185059e-01
2.634996175765991211e-01
-4.211809933185577393e-01
2.456304803490638733e-02
2.360873222351074219e-01
-3.169258832931518555e-01
-4.941499829292297363e-01
8.758296072483062744e-02
-1.254471689462661743e-01
-3.540559709072113037e-01
6.584565341472625732e-02
-2.745922207832336426e-01
3.361427485942840576e-01
9.912753850221633911e-02
-5.767957121133804321e-02
-5.140742063522338867e-01
4.077554643154144287e-01
4.976535439491271973e-01
-1.542978137731552124e-01
-3.286696374416351318e-01
-6.676302850246429443e-02
-5.225163698196411133e-01
3.910581171512603760e-01
5.700839161872863770e-01
-1.838728338479995728e-01
1.331952959299087524e-01
3.596832752227783203e-01
-5.094927549362182617e-01
-2.134588062763214111e-01
-9.485470652580261230e-01
1.951845735311508179e-02
1.275500208139419556e-01
-4.505587741732597351e-02
4.313488900661468506e-01
-3.931059539318084717e-01
-6.252439618110656738e-01
-1.680186837911605835e-01
-2.293414175510406494e-01
2.005243450403213501e-01
-9.734873771667480469e-01
7.394497096538543701e-02
-9.041341021656990051e-03
3.891480267047882080e-01
2.037006318569183350e-01
9.316506795585155487e-03
4.666934907436370850e-01
-1.816817373037338257e-01
3.159673511981964111e-01
3.004311621189117432e-01
8.946732282638549805e-01
1.886298507452011108e-01
1.760566085577011108e-01
-1.323658823966979980e-01
-5.196368694305419922e-01
6.055566668510437012e-01
2.579404711723327637e-01
-4.673675075173377991e-02
-1.334860920906066895e-01
-1.299795061349868774e-01
5.960524082183837891e-01
1.791133731603622437e-01
3.236976563930511475e-01
-5.114549398422241211e-01
-1.148948296904563904e-01
2.218620628118515015e-01
-2.409335076808929443e-01
-2.823024690151214600e-01
2.829632163047790527e-01
-4.405779242515563965e-01
-1.635061055421829224e-01
1.298960745334625244e-01
-1.386114358901977539e-01
6.192515790462493896e-02
2.887945771217346191e-01
-1.559485495090484619e-01
-6.680357456207275391e-01
3.196045160293579102e-01
2.368468046188354492e-01
1.253893524408340454e-01
-4.106850922107696533e-01
6.756699830293655396e-02
-3.501085638999938965e-01
1.932128667831420898e-01
3.858980163931846619e-02
1.019154414534568787e-01
1.129237115383148193e-01
5.510665103793144226e-02
-6.326624155044555664e-01
5.587421730160713196e-02
-2.380763441324234009e-01
2.292625010013580322e-01
2.448510825634002686e-01
-6.580366492271423340e-01
4.916534200310707092e-02
4.531652331352233887e-01
3.876911699771881104e-01
-4.224480986595153809e-01
-4.928291440010070801e-01
5.245060920715332031e-01
5.170465111732482910e-01
6.288481354713439941e-01
4.494190514087677002e-01
-6.020244359970092773e-01
8.254116028547286987e-02
5.180202424526214600e-02
-4.338895380496978760e-01
7.571955919265747070e-01
1.482193171977996826e-01
-2.143447846174240112e-01
3.435581922531127930e-01
9.434516541659832001e-03
-2.788354456424713135e-01
-1.767752170562744141e-01
2.710395753383636475e-01
-2.199698537588119507e-01
-1.112705245614051819e-01
7.652285695075988770e-02
2.669738531112670898e-01
1.344800740480422974e-01
-2.020789235830307007e-01
-3.938134387135505676e-02
1.001348644495010376e-01
3.887113928794860840e-01
5.239544510841369629e-01
-8.168939352035522461e-01
3.465550243854522705e-01
-7.179428339004516602e-01
-8.270677179098129272e-02
-5.877991393208503723e-02
-1.889593005180358887e-01
-1.734079569578170776e-01
-2.730102539062500000e-01
3.749608397483825684e-01
-5.032626390457153320e-01
2.670127749443054199e-01
1.895121783018112183e-01
-1.052349619567394257e-02
1.293402314186096191e-01
-1.641155481338500977e-01
3.096090070903301239e-02
9.940350800752639771e-02
-2.647679746150970459e-01
-2.484734058380126953e-01
-7.582093477249145508e-01
-2.197424620389938354e-01
-7.872334867715835571e-02
-8.816649913787841797e-01
-1.272772997617721558e-01
-1.034420728683471680e-01
-4.727833271026611328e-01
1.173170357942581177e-01
-3.444406092166900635e-01
3.257366418838500977e-01
-8.909769356250762939e-02
1.782521158456802368e-01
1.498022228479385376e-01
1.886831037700176239e-02
-3.823091089725494385e-02
3.453430235385894775e-01
1.335168778896331787e-01
2.541808970272541046e-02
-1.137856990098953247e-01
-1.116691231727600098e-01
-7.246011495590209961e-01
-4.130477011203765869e-01
-2.634738013148307800e-02
1.593391597270965576e-01
-3.370337188243865967e-01
-1.301581561565399170e-01
-3.541442751884460449e-01
2.769707329571247101e-02
1.301053166389465332e-01
-5.397030711174011230e-01
3.798624277114868164e-01
1.282341033220291138e-01
4.133214950561523438e-01
-2.934133112430572510e-01
-5.162590146064758301e-01
2.708992362022399902e-01
1.972881257534027100e-01
1.011918485164642334e-01
2.718835473060607910e-01
1.073732376098632812e-01
4.987056180834770203e-02
-1.621330529451370239e-01
-2.828662395477294922e-01
-4.583579003810882568e-01
-3.081465959548950195e-01
4.501095786690711975e-02
-4.446917772293090820e-01
3.825433552265167236e-01
3.744677901268005371e-01
-3.211275041103363037e-01
2.516341023147106171e-02
-3.967498242855072021e-02
-6.185685098171234131e-02
1.091688219457864761e-02
-2.666213810443878174e-01
-1.582684218883514404e-01
-4.227656126022338867e-02
-8.386950194835662842e-02
6.763149052858352661e-02
7.691679894924163818e-02
-1.610614210367202759e-01
2.141362130641937256e-01
-3.459220230579376221e-01
3.651017248630523682e-01
1.330519467592239380e-01
4.676247239112854004e-01
8.322122693061828613e-01
-4.506277143955230713e-01
2.163785398006439209e-01
-4.057539105415344238e-01
1.033081188797950745e-01
1.300492137670516968e-01
3.831307888031005859e-01
-1.441803276538848877e-01
3.689297437667846680e-01
6.361781358718872070e-01
1.613393574953079224e-01
6.820847094058990479e-02
4.405908584594726562e-01
5.738342925906181335e-02
1.133567839860916138e-01
2.100081145763397217e-01
2.119871377944946289e-01
-2.677124142646789551e-01
-1.555377840995788574e-01
2.911739647388458252e-01
6.611371040344238281e-01
4.940387979149818420e-02
6.158676743507385254e-02
1.736630797386169434e-01
7.978113740682601929e-02
-2.285877317190170288e-01
-1.349282115697860718e-01
-1.325739827007055283e-02
1.766337603330612183e-01
-2.625921666622161865e-01
4.831383749842643738e-02
1.603042036294937134e-01
1.496499478816986084e-01
4.937741160392761230e-02
-6.867454648017883301e-01
5.016832947731018066e-01
9.211355447769165039e-02
3.952635228633880615e-01
-1.925898194313049316e-01
3.272798359394073486e-01
2.290299087762832642e-01
1.400426030158996582e-02
1.347566008567810059e+00
-2.909479141235351562e-01
3.584258258342742920e-01
-1.054931357502937317e-01
1.871067285537719727e-01
1.516434643417596817e-02
-3.397269546985626221e-02
-9.060451388359069824e-02
1.458922922611236572e-01
-7.307652384042739868e-03
2.843015193939208984e-01
-2.520117536187171936e-02
1.024460271000862122e-01
4.299945831298828125e-01
-2.104591727256774902e-01
3.954751193523406982e-01
5.322008579969406128e-02
1.252809315919876099e-01
5.073307156562805176e-01
2.042857930064201355e-02
1.580073684453964233e-01
-1.975160278379917145e-02
9.801673144102096558e-02
-5.584684014320373535e-01
-4.542739689350128174e-01
3.312032669782638550e-02
7.690870761871337891e-01
-3.486469984054565430e-01
-3.064536452293395996e-01
-3.006326556205749512e-01
-3.401358723640441895e-01
1.704792082309722900e-01
6.526113152503967285e-01
1.294310092926025391e-01
3.762384355068206787e-01
-8.213127851486206055e-01
1.124053075909614563e-01
9.248391985893249512e-01
1.505848467350006104e-01
-1.244529262185096741e-01
2.379887178540229797e-02
2.025021910667419434e-01
-3.971946835517883301e-01
1.521876081824302673e-02
1.324614286422729492e-01
1.354168951511383057e-01
1.578433625400066376e-02
-5.817533284425735474e-02
2.192808687686920166e-02
-9.029290080070495605e-02
8.877173811197280884e-02
-2.502006888389587402e-01
-5.054645538330078125e-01
1.000277042388916016e+00
-1.609642058610916138e-01
9.454013109207153320e-01
7.230223417282104492e-01
-4.757698178291320801e-01
-5.688478946685791016e-01
-9.742453694343566895e-02
-1.060108542442321777e+00
2.415891438722610474e-01
-1.530223786830902100e-01
-3.608039915561676025e-01
-1.604448705911636353e-01
3.542288839817047119e-01
-3.593589067459106445e-01
-2.274440526962280273e-01
-2.659460008144378662e-01
-6.682681441307067871e-01
-3.811793923377990723e-01
5.863401293754577637e-01
3.242266178131103516e-01
-8.506250381469726562e-01
5.641993284225463867e-01
-4.156410098075866699e-01
-4.276782274246215820e-01
4.735578000545501709e-01
5.520763993263244629e-01
1.412685308605432510e-02
6.480845808982849121e-01
1.423940509557723999e-01
1.862964183092117310e-01
1.151661127805709839e-01
-4.684371054172515869e-01
-1.032543033361434937e-01
1.998057067394256592e-01
6.912537664175033569e-02
-1.314114034175872803e-01
-4.051770269870758057e-02
1.277419030666351318e-01
-1.458118259906768799e-01
-6.183766126632690430e-01
6.807247400283813477e-01
-1.561221778392791748e-01
-4.941651225090026855e-01
1.081348434090614319e-01
-2.504795044660568237e-02
2.727011591196060181e-02
2.334869056940078735e-01
3.072037994861602783e-01
8.398056626319885254e-01
-4.184967279434204102e-01
-2.859311699867248535e-01
-4.463573694229125977e-01
2.743865251541137695e-01
7.180610299110412598e-01
-2.242415994405746460e-01
-3.894205987453460693e-01
1.486588269472122192e-01
1.377462223172187805e-02
1.919121295213699341e-01
-1.354700446128845215e+00
2.958112955093383789e-01
2.780031785368919373e-02
2.349356859922409058e-01
3.719694539904594421e-02
-2.496635541319847107e-02
4.870776534080505371e-01
-4.361433982849121094e-01
-1.972191035747528076e-02
3.659505546092987061e-01
-4.839411750435829163e-02
-2.684364616870880127e-01
-9.565926343202590942e-02
3.876393735408782959e-01
1.081156134605407715e+00
1.507920771837234497e-02
-3.784492313861846924e-01
-3.253874182701110840e-01
-4.581552743911743164e-02
6.763947010040283203e-01
6.247428059577941895e-01
-1.158521473407745361e-01
5.016876459121704102e-01
-3.025943636894226074e-01
-2.367492616176605225e-01
2.486096322536468506e-01
-2.898460030555725098e-01
4.266982525587081909e-02
6.672443449497222900e-02
-4.808385074138641357e-01
3.640083372592926025e-01
3.088633418083190918e-01
2.477099299430847168e-01
-5.114986896514892578e-01
-3.731538355350494385e-01
9.177581965923309326e-02
4.974735677242279053e-01
5.004521608352661133e-01
2.649662494659423828e-01
-1.980825364589691162e-01
-2.323983907699584961e-01
7.480466365814208984e-02
-3.823097348213195801e-01
-1.431056559085845947e-01
-4.521844163537025452e-02
4.484951123595237732e-02
1.320262788794934750e-03
-1.601930558681488037e-01
-1.554642021656036377e-01
-5.989249944686889648e-01
1.850403845310211182e-01
3.152357041835784912e-01
2.798379063606262207e-01
-5.740696787834167480e-01
-3.452606499195098877e-01
3.599042594432830811e-01
5.192136764526367188e-01
4.111657142639160156e-01
4.411627948284149170e-01
4.812572151422500610e-02
1.943175308406352997e-02
6.454702466726303101e-02
-2.553228139877319336e-01
-2.797440998256206512e-02
3.514256477355957031e-01
-5.088021513074636459e-03
1.601908206939697266e-01
-1.390074193477630615e-01
-1.301725655794143677e-01
4.658462107181549072e-01
-1.858666092157363892e-01
-3.920351564884185791e-01
-3.180750906467437744e-01
3.900353610515594482e-01
-1.515837851911783218e-02
-2.929559350013732910e-01
-4.340279102325439453e-01
-3.424714207649230957e-01
-2.748653888702392578e-01
4.323867559432983398e-01
2.591838240623474121e-01
-1.784717589616775513e-01
2.163359075784683228e-01
8.736451715230941772e-02
1.852075308561325073e-01
-6.769110262393951416e-02
1.920725703239440918e-01
-8.107155561447143555e-02
-3.756110742688179016e-02
3.116274178028106689e-01
-3.962419033050537109e-01
-3.501110970973968506e-01
-1.936517953872680664e-01
3.778696954250335693e-01
4.060856103897094727e-01
-2.122184485197067261e-01
-5.810634493827819824e-01
-2.124768495559692383e-02
-3.623970746994018555e-01
2.864267528057098389e-01
-2.310931533575057983e-01
6.637457013130187988e-02
2.820946574211120605e-01
-4.636525362730026245e-02
-1.640364229679107666e-01
-1.083893850445747375e-01
-4.734701216220855713e-01
5.399825572967529297e-01
-1.846464723348617554e-01
-2.875154018402099609e-01
1.101859137415885925e-01
6.474116444587707520e-01
6.573357582092285156e-01
-3.519529104232788086e-01
-5.479575991630554199e-01
-1.276235729455947876e-01
8.448653668165206909e-02
9.511829167604446411e-02
1.657869368791580200e-01
-6.647712588310241699e-01
-5.041726231575012207e-01
-2.588328421115875244e-01
-6.851150393486022949e-01
6.059500575065612793e-01
1.412868499755859375e-01
3.023127280175685883e-02
4.328055381774902344e-01
-2.801114916801452637e-01
2.567976415157318115e-01
2.055022120475769043e-01
-2.226774245500564575e-01
-3.902095854282379150e-01
-3.524139821529388428e-01
6.494201719760894775e-02
5.272197127342224121e-01
-3.462284803390502930e-01
-2.643293440341949463e-01
-3.266810774803161621e-01
-3.534530997276306152e-01
2.022999078035354614e-01
4.634914398193359375e-01
-8.964724093675613403e-02
2.191577851772308350e-01
-1.186351757496595383e-02
-2.278385311365127563e-01
6.349340826272964478e-02
4.477589428424835205e-01
3.828876614570617676e-01
2.251823060214519501e-02
1.826537102460861206e-01
4.272475838661193848e-01
-1.919642239809036255e-01
4.932213202118873596e-02
-7.485955208539962769e-02
2.393412441015243530e-01
7.620859891176223755e-02
-1.417016685009002686e-01
2.605614662170410156e-01
2.306622862815856934e-01
-4.537211060523986816e-01
-1.055057644844055176e-01
-5.733618047088384628e-03
-2.373718172311782837e-01
-3.607664108276367188e-01
5.286318063735961914e-01
2.163610607385635376e-01
-1.113116443157196045e-01
5.437383651733398438e-01
-5.419077277183532715e-01
-3.700286149978637695e-01
-3.741794452071189880e-02
-6.099429726600646973e-01
6.693999767303466797e-01
1.246320530772209167e-01
-3.409022092819213867e-01
-3.921668231487274170e-01
-1.229552626609802246e-01
1.288332194089889526e-01
2.495356947183609009e-01
9.493454359471797943e-03
-4.023002460598945618e-02
2.250617444515228271e-01
-4.833171367645263672e-01
1.595422178506851196e-01
1.477647423744201660e-01
-9.416869282722473145e-02
3.547666072845458984e-01
5.173527002334594727e-01
-5.015096664428710938e-01
-5.028220638632774353e-02
1.819038242101669312e-01
-2.738345861434936523e-01
6.555267572402954102e-01
-2.153224498033523560e-01
-4.287427663803100586e-01
-3.423984050750732422e-01
2.549639344215393066e-02
1.767515838146209717e-01
3.730441331863403320e-01
-2.592644393444061279e-01
-3.483103513717651367e-01
3.811042010784149170e-01
-3.683038754388689995e-03
2.335048839449882507e-02
4.519142806529998779e-01
6.339917778968811035e-01
2.420438267290592194e-02
1.902494132518768311e-01
-1.589054584503173828e+00
-8.441168814897537231e-03
-5.775568541139364243e-03
-2.055795043706893921e-01
-1.546808183193206787e-01
-1.531004756689071655e-01
2.996492758393287659e-02
3.034820556640625000e-01
1.166974827647209167e-01
-1.484052836894989014e-01
-5.758515372872352600e-02
1.892680674791336060e-01
1.526812463998794556e-01
1.625430732965469360e-01
-4.812587499618530273e-01
3.913775384426116943e-01
3.642114698886871338e-01
-1.079060733318328857e-01
-1.125926524400711060e-01
-8.733068243600428104e-04
9.406573176383972168e-01
7.516681551933288574e-01
1.617909222841262817e-01
2.958431839942932129e-01
-3.641493022441864014e-01
1.389548331499099731e-01
-1.798226386308670044e-01
-1.456343568861484528e-02
-1.024061068892478943e-01
6.107518076896667480e-02
-7.122401148080825806e-02
-2.582433260977268219e-02
-1.935561448335647583e-01
1.808352023363113403e-01
2.652377486228942871e-01
-7.212637364864349365e-02
8.135657757520675659e-02
-5.475940555334091187e-02
4.452128410339355469e-01
1.240596845746040344e-01
3.134777545928955078e-01
7.617963943630456924e-03
3.996938467025756836e-01
-3.509028851985931396e-01
8.371187746524810791e-02
-2.906208336353302002e-01
4.325908422470092773e-01
1.926788240671157837e-01
-2.833060622215270996e-01
-3.382690995931625366e-02
4.303019642829895020e-01
-1.812652796506881714e-01
-3.556283712387084961e-01
5.583798885345458984e-02
1.634604334831237793e-01
-3.800108730792999268e-01
-1.182690635323524475e-01
1.144932880997657776e-01
-3.037959635257720947e-01
-6.192263960838317871e-01
1.356708854436874390e-01
9.285129606723785400e-02
-3.007421791553497314e-01
5.226305723190307617e-01
-2.073146551847457886e-01
2.822683155536651611e-01
2.201220989227294922e-01
2.257463335990905762e-02
6.657848954200744629e-01
-2.471767216920852661e-01
-3.219572007656097412e-01
3.929026424884796143e-01
1.058541685342788696e-01
-5.658555626869201660e-01
-3.811404705047607422e-01
-8.471411466598510742e-01
-5.823738873004913330e-02
-4.559103250503540039e-01
3.716040402650833130e-02
6.199080348014831543e-01
1.241533271968364716e-02
3.596909046173095703e-01
4.483689069747924805e-01
-1.772055923938751221e-01
1.166458800435066223e-01
-6.071950793266296387e-01
1.436598062515258789e+00
2.448772639036178589e-01
4.978205263614654541e-02
3.551609218120574951e-01
1.315203160047531128e-01
-4.710197150707244873e-01
-1.119774878025054932e-01
-1.464020609855651855e-01
1.381424665451049805e-01
8.434385061264038086e-02
-1.765057891607284546e-01
-9.230502881109714508e-03
2.206660956144332886e-01
-3.696018457412719727e-02
-8.516796827316284180e-01
9.357125759124755859e-01
4.369128495454788208e-02
4.897841215133666992e-01
-2.429294288158416748e-01
-2.419317662715911865e-01
4.156698584556579590e-01
1.433452814817428589e-01
3.300221860408782959e-01
1.318712085485458374e-01
1.067662984132766724e-02
4.184503108263015747e-02
-1.082211211323738098e-01
-4.996500611305236816e-01
5.314329862594604492e-01
-6.295754015445709229e-02
1.246945038437843323e-01
-1.768341660499572754e-01
-3.833020627498626709e-01
-5.456508398056030273e-01
4.664535075426101685e-02
2.381809651851654053e-01
-3.028906583786010742e-01
1.314988136291503906e-01
-2.565925717353820801e-01
2.270893901586532593e-01
3.715924322605133057e-01
-2.826222451403737068e-03
2.593692839145660400e-01
-5.475006103515625000e-01
-5.251227617263793945e-01
3.279390335083007812e-01
5.817598700523376465e-01
-3.026141822338104248e-01
9.646970033645629883e-02
4.792861174792051315e-03
6.884016096591949463e-02
2.399398833513259888e-01
2.010107785463333130e-01
5.244076848030090332e-01
-3.979740440845489502e-01
-6.650833785533905029e-02
-1.927133202552795410e-01
-8.028025180101394653e-02
5.712827444076538086e-01
-9.482349269092082977e-03
4.343543052673339844e-01
-1.448290050029754639e-01
-4.289694130420684814e-02
1.723574101924896240e-01
-4.907974600791931152e-02
-2.286400943994522095e-01
1.369225233793258667e-02
-1.120096370577812195e-01
7.726158946752548218e-02
6.104125380516052246e-01
-2.962100803852081299e-01
-3.121394813060760498e-01
-4.177146032452583313e-02
-4.074162542819976807e-01
-7.182074189186096191e-01
2.946745157241821289e-01
1.142969131469726562e-01
1.069014191627502441e+00
-2.107468694448471069e-01
-4.632290303707122803e-01
3.447991609573364258e-01
9.777007251977920532e-02
3.002687990665435791e-01
1.182072144001722336e-02
1.859217286109924316e-01
-1.887589544057846069e-01
-1.303619891405105591e-01
-3.134588003158569336e-01
6.426640152931213379e-01
3.575161844491958618e-02
2.244873046875000000e-01
2.581703364849090576e-01
-2.374461293220520020e-01
-3.147674798965454102e-01
-1.733184903860092163e-01
3.334753448143601418e-03
-5.780209600925445557e-02
4.207735136151313782e-02
-1.200836375355720520e-01
1.475318819284439087e-01
2.736899852752685547e-01
-6.655381619930267334e-02
3.249303400516510010e-01
-3.157203197479248047e-01
-2.736485004425048828e-01
3.968416452407836914e-01
3.434705436229705811e-01
-2.454691380262374878e-01
2.624233961105346680e-01
1.975250840187072754e-01
3.856019675731658936e-01
5.702640414237976074e-01
-5.948102846741676331e-02
2.759528458118438721e-01
-9.234171509742736816e-01
-2.283321917057037354e-01
-1.300793886184692383e-01
-2.753516137599945068e-01
-8.464571833610534668e-02
-2.474247515201568604e-01
-1.073252558708190918e-01
7.364370673894882202e-02
-3.276272714138031006e-01
6.047039479017257690e-02
-8.716126531362533569e-02
1.257309615612030029e-01
-1.418950855731964111e-01
3.016155771911144257e-02
-4.050954878330230713e-01
6.544585824012756348e-01
7.755708694458007812e-01
6.054252386093139648e-01
-6.131109222769737244e-02
9.389684349298477173e-02
1.111993551254272461e+00
5.740180611610412598e-01
1.374376416206359863e-01
-5.869262218475341797e-01
-3.503434360027313232e-02
1.370112597942352295e-01
-1.578287929296493530e-01
1.648130118846893311e-01
-3.898998200893402100e-01
2.920326218008995056e-02
-3.856336697936058044e-02
3.801827551797032356e-03
9.267435222864151001e-02
3.262917697429656982e-01
-2.329747527837753296e-01
-2.978358566761016846e-01
1.296201825141906738e+00
8.208514451980590820e-01
-1.818425655364990234e-01
-1.565446704626083374e-01
3.769991993904113770e-01
2.184862494468688965e-01
-1.435975283384323120e-01
-1.296116411685943604e-01
6.312420964241027832e-02
5.205981135368347168e-01
2.853466272354125977e-01
1.182111620903015137e+00
2.122972719371318817e-02
-3.691382110118865967e-01
-1.356780081987380981e-01
4.993413090705871582e-01
1.753819435834884644e-01
-2.812327630817890167e-02
-2.415007501840591431e-01
-6.169225648045539856e-02
1.467490047216415405e-01
-1.451890617609024048e-01
2.463239580392837524e-01
1.587928235530853271e-01
-8.694398403167724609e-01
-3.305293321609497070e-01
-6.145810335874557495e-02
-1.632830947637557983e-01
-4.185877442359924316e-01
4.898844361305236816e-01
7.111794948577880859e-01
-6.047368422150611877e-02
4.205473884940147400e-02
1.300758868455886841e-01
1.962371021509170532e-01
1.564813852310180664e-01
-8.422572165727615356e-02
-4.740542545914649963e-02
-5.593815445899963379e-02
-5.466021895408630371e-01
-7.336447834968566895e-01
-2.320912331342697144e-01
4.346141219139099121e-01
4.042572379112243652e-01
-5.414999723434448242e-01
-9.964882582426071167e-02
2.250557243824005127e-01
-3.340871259570121765e-02
-6.608894467353820801e-02
-1.551636904478073120e-01
3.052291274070739746e-01
-7.793297618627548218e-02
-2.331448048353195190e-01
5.041334629058837891e-01
2.481836676597595215e-01
-3.643605411052703857e-01
-3.546150028705596924e-01
3.490220755338668823e-02
-7.338470965623855591e-02
1.804538965225219727e-01
-2.530039548873901367e-01
3.306255638599395752e-01
-1.875676959753036499e-01
-1.659361571073532104e-01
-5.015813112258911133e-01
5.911782383918762207e-01
1.479963213205337524e-01
1.356499493122100830e-01
-4.522349536418914795e-01
1.634684801101684570e-01
6.362324953079223633e-01
1.406830787658691406e+00
6.722025573253631592e-02
7.860954850912094116e-02
8.903714269399642944e-02
-1.161157712340354919e-02
5.297756940126419067e-02
-9.811399877071380615e-02
-1.802536100149154663e-02
-3.758852183818817139e-02
9.864894673228263855e-03
-2.866680361330509186e-02
-4.169527292251586914e-01
-1.343636661767959595e-01
-5.576643943786621094e-01
1.650993525981903076e-01
-7.181161642074584961e-02
1.260140985250473022e-01
-4.289910495281219482e-01
1.894853860139846802e-01
1.397738605737686157e-01
1.041058659553527832e+00
5.630529522895812988e-01
-4.078233838081359863e-01
-4.336492717266082764e-01
1.656977534294128418e-01
1.537314504384994507e-01
-3.218002915382385254e-01
-1.936140507459640503e-01
5.499219298362731934e-01
-3.500725328922271729e-02
9.465190768241882324e-02
-1.293483972549438477e-01
-1.188381458632647991e-03
8.530827611684799194e-02
1.598700881004333496e-01
-2.954626083374023438e-01
1.527843475341796875e-01
-2.482049465179443359e-01
8.239139318466186523e-01
-1.618762314319610596e-01
2.315266579389572144e-01
-2.951917052268981934e-01
-1.876846253871917725e-01
7.509778439998626709e-02
-5.967710912227630615e-02
1.284238249063491821e-01
1.956193149089813232e-01
2.045662105083465576e-01
-5.588425323367118835e-02
2.825550138950347900e-01
1.971452310681343079e-02
1.934610605239868164e-01
3.462276160717010498e-01
7.693602889776229858e-02
1.079439148306846619e-01
1.585931628942489624e-01
-4.345365464687347412e-01
2.338510751724243164e-01
-2.356295846402645111e-02
-4.354856610298156738e-01
-2.517844177782535553e-02
8.524263650178909302e-02
-3.276484906673431396e-01
1.321557015180587769e-01
3.966342508792877197e-01
1.811411082744598389e-01
-1.927076131105422974e-01
-3.800858855247497559e-01
-4.483897611498832703e-02
-2.519072890281677246e-01
-2.853361666202545166e-01
7.363123893737792969e-01
1.147866994142532349e-01
2.545887529850006104e-01
-1.510245203971862793e-01
-2.316571539267897606e-03
-1.840359717607498169e-01
2.852220647037029266e-02
2.837095558643341064e-01
-1.336909383535385132e-01
-1.301373004913330078e+00
4.044513106346130371e-01
3.829821571707725525e-02
-1.409757882356643677e-01
1.652129441499710083e-01
9.546551853418350220e-03
-3.711124882102012634e-02
-7.572234421968460083e-02
-2.157784849405288696e-01
-3.419097140431404114e-02
-3.425546586513519287e-01
-1.897704005241394043e-01
-1.244672313332557678e-01
1.231075264513492584e-02
-2.046138644218444824e-01
2.659502029418945312e-01
6.634237244725227356e-03
-8.857464045286178589e-02
4.422987103462219238e-01
-1.501829177141189575e-01
-2.863667905330657959e-01
-8.078811168670654297e-01
2.393114268779754639e-01
-1.127425879240036011e-01
-3.522199988365173340e-01
3.625558316707611084e-01
1.402124464511871338e-01
-3.966590017080307007e-02
1.481650024652481079e-01
4.228209257125854492e-01
-5.512973666191101074e-01
-1.413817256689071655e-01
4.975606203079223633e-01
-2.730615735054016113e-01
-2.658866047859191895e-01
4.393750801682472229e-02
-7.695312798023223877e-02
1.688751280307769775e-01
-6.518663465976715088e-02
-3.608137667179107666e-01
-5.091214179992675781e-01
-1.670463383197784424e-02
-4.215872287750244141e-01
5.046126246452331543e-01
2.780245430767536163e-02
-1.905398368835449219e-01
-1.025611087679862976e-01
2.591327130794525146e-01
5.085584521293640137e-01
4.118819832801818848e-01
-5.726737529039382935e-02
-2.588714361190795898e-01
3.039473108947277069e-02
-4.430973529815673828e-01
-1.118071675300598145e-01
-8.443380706012248993e-03
1.904316693544387817e-01
8.327935636043548584e-02
-1.558796018362045288e-01
-1.195140331983566284e-01
-1.900805830955505371e-01
2.288368344306945801e-01
-1.353051513433456421e-01
3.902856707572937012e-01
-3.476463854312896729e-01
-4.735975563526153564e-01
-4.337900578975677490e-01
2.039842605590820312e-01
2.111633121967315674e-01
2.526532709598541260e-01
-1.425889134407043457e+00
1.350365281105041504e+00
1.203920692205429077e-01
-4.187926650047302246e-01
1.199216842651367188e-01
-3.327796757221221924e-01
-4.713714718818664551e-01
3.335279524326324463e-01
1.089522056281566620e-02
-2.279328256845474243e-01
-7.156527042388916016e-01
-6.798100471496582031e-02
-8.838098049163818359e-01
-6.134733557701110840e-01
-1.126473471522331238e-01
-2.204327657818794250e-02
-1.174523383378982544e-01
-4.758090153336524963e-02
5.865035578608512878e-02
-7.649319618940353394e-02
-4.804219603538513184e-01
-4.378217458724975586e-01
1.697369962930679321e-01
6.709908694028854370e-02
-1.912370920181274414e-01
1.671416759490966797e-01
-1.711688637733459473e-01
1.071759536862373352e-01
-9.260655939579010010e-02
-3.349510431289672852e-01
-3.340850472450256348e-01
-3.489333689212799072e-01
4.755631089210510254e-01
-1.052504852414131165e-01
2.124030888080596924e-01
2.203873842954635620e-01
4.640893042087554932e-01
-2.306832931935787201e-02
-2.430842518806457520e-01
-3.071887791156768799e-01
2.104266732931137085e-01
7.292349636554718018e-02
-2.090279161930084229e-01
6.627685427665710449e-01
-8.364721387624740601e-02
5.457711219787597656e-01
-1.478789895772933960e-01
-4.324279725551605225e-01
3.572994470596313477e-01
1.949568688869476318e-01
1.745513081550598145e-01
-4.232620447874069214e-02
-1.158399060368537903e-01
-6.265765428543090820e-01
5.722018703818321228e-02
3.289051949977874756e-01
4.387775361537933350e-01
-4.268845617771148682e-01
-2.196430787444114685e-02
-2.626734077930450439e-01
1.882938593626022339e-01
1.310301184654235840e+00
-1.771527230739593506e-01
-1.933096498250961304e-01
9.458421915769577026e-02
-1.743863373994827271e-01
-1.395025663077831268e-02
-5.951403379440307617e-01
-2.097672224044799805e-01
8.132096379995346069e-02
1.053483128547668457e+00
3.756187260150909424e-01
-1.907521486282348633e-01
-1.414038538932800293e-01
4.145050346851348877e-01
-2.714267373085021973e-01
-2.873706817626953125e-01
-1.215906292200088501e-01
-4.623341560363769531e-01
-3.806352019309997559e-01
5.069012641906738281e-01
-3.463313877582550049e-01
-5.020275712013244629e-01
3.659358620643615723e-01
-2.066116593778133392e-02
1.072245184332132339e-02
3.907510340213775635e-01
-4.380466938018798828e-01
1.971389651298522949e-01
6.204021573066711426e-01
3.834297358989715576e-01
-3.637497425079345703e-01
1.982240527868270874e-01
-4.650478661060333252e-01
2.785189775750041008e-03
1.094228178262710571e-01
3.027530312538146973e-01
-3.182750940322875977e-02
-2.531700730323791504e-01
-5.087271928787231445e-01
1.750886142253875732e-01
-1.109349261969327927e-02
-2.802820503711700439e-01
3.444277942180633545e-01
-6.178030744194984436e-02
2.899360954761505127e-01
5.992225408554077148e-01
-3.770667910575866699e-01
1.394211053848266602e-01
6.082422733306884766e-01
-1.157704368233680725e-01
5.313874781131744385e-02
5.746389627456665039e-01
-2.211636602878570557e-01
2.057660818099975586e-01
2.020953446626663208e-01
7.116380333900451660e-01
-9.477613866329193115e-02
7.969599217176437378e-02
-3.323465883731842041e-01
-3.933117091655731201e-01
4.150291383266448975e-01
1.711299717426300049e-01
2.291635870933532715e-01
-2.945736646652221680e-01
1.277102995663881302e-02
-1.183795481920242310e-01
-2.108365595340728760e-01
-1.436580121517181396e-01
-1.556573808193206787e-01
-3.636890947818756104e-01
4.388867318630218506e-01
-4.313260912895202637e-01
1.121743582189083099e-02
-8.506879210472106934e-02
-5.454177036881446838e-02
-1.520823687314987183e-01
-6.698024272918701172e-02
3.024586439132690430e-01
-1.195330321788787842e-01
-1.919829100370407104e-02
-3.336677849292755127e-01
-2.533128261566162109e-01
-5.006799846887588501e-02
-1.121916651725769043e+00
-2.879266440868377686e-01
2.076414376497268677e-01
9.925967454910278320e-02
-5.842755436897277832e-01
2.375330477952957153e-01
6.889671087265014648e-02
9.765855669975280762e-01
1.456798434257507324e+00
2.884907424449920654e-01
-3.427388370037078857e-01
-1.101852729916572571e-01
5.638526380062103271e-02
1.547863334417343140e-01
-4.755195081233978271e-01
-3.727042078971862793e-01
3.566544651985168457e-01
-6.319557130336761475e-02
-4.495034813880920410e-01
3.317135870456695557e-01
-2.834418118000030518e-01
2.348868362605571747e-02
4.569765627384185791e-01
-4.902103543281555176e-01
-6.180980056524276733e-02
3.872277438640594482e-01
4.292035996913909912e-01
-3.488817512989044189e-01
6.870844215154647827e-02
-1.124596297740936279e-01
1.862088777124881744e-02
1.493086963891983032e-01
5.119429826736450195e-01
5.830349400639533997e-02
6.253630518913269043e-01
4.991238415241241455e-01
1.293800771236419678e-01
-1.845908880233764648e+00
-2.937611564993858337e-02
-4.623249173164367676e-02
1.646851450204849243e-01
-4.698842763900756836e-01
1.378498077392578125e-01
2.594713866710662842e-01
-2.740370631217956543e-01
5.710662156343460083e-02
1.203246116638183594e-01
-2.288415431976318359e-01
-1.166300252079963684e-01
4.845942854881286621e-01
2.485525310039520264e-01
-8.449016511440277100e-02
5.776192620396614075e-02
-2.016151994466781616e-01
-7.296624183654785156e-01
-1.229481995105743408e-01
-6.900050677359104156e-03
8.213015198707580566e-01
4.041661322116851807e-01
-6.315773725509643555e-02
6.929931044578552246e-01
4.953902959823608398e-01
-3.154376447200775146e-01
-9.882134385406970978e-03
8.351067304611206055e-01
-3.417320549488067627e-01
8.663548156619071960e-03
-1.007934331893920898e+00
5.969775319099426270e-01
4.261541664600372314e-01
6.794188618659973145e-01
-2.296515181660652161e-02
-2.320420295000076294e-01
-4.237863719463348389e-01
-2.351236063987016678e-03
1.726019978523254395e-01
2.858164906501770020e-01
-2.464164048433303833e-01
1.361840665340423584e-01
1.684561558067798615e-02
9.972695708274841309e-01
2.369532138109207153e-01
-7.655080873519182205e-03
2.571347951889038086e-01
2.246917486190795898e-01
-1.906428337097167969e-01
-2.243475764989852905e-01
1.337448209524154663e-01
-8.407810926437377930e-01
6.022448539733886719e-01
3.247266262769699097e-02
2.708615064620971680e-01
-2.905116677284240723e-01
1.760104447603225708e-01
-5.341513156890869141e-01
1.200241670012474060e-01
-2.249626256525516510e-02
1.168415427207946777e+00
-1.936382241547107697e-02
2.344126403331756592e-01
8.447245359420776367e-01
3.876716196537017822e-01
1.832964457571506500e-02
-6.126344949007034302e-02
4.111186265945434570e-01
9.875413030385971069e-02
4.458175003528594971e-01
-4.654026329517364502e-01
-1.204465985298156738e+00
-2.524981796741485596e-01
-4.049921035766601562e-02
2.546771466732025146e-01
1.125889047980308533e-01
1.573000550270080566e-01
-9.725888073444366455e-02
-8.855095505714416504e-02
9.087198376655578613e-01
-1.064985617995262146e-01
-2.741390764713287354e-01
1.691945046186447144e-01
-1.212484002113342285e+00
3.200214589014649391e-03
2.952539622783660889e-01
2.043151482939720154e-02
-2.122577726840972900e-01
2.358039319515228271e-01
4.084035754203796387e-01
5.373136401176452637e-01
2.872809171676635742e-01
4.032494723796844482e-01
2.501199245452880859e-01
2.297137379646301270e-01
-9.321527183055877686e-02
3.960408568382263184e-01
-9.372498840093612671e-02
-8.337657898664474487e-02
-9.785421425476670265e-04
-1.412448585033416748e-01
-1.973096132278442383e-01
4.493791759014129639e-01
-7.645068764686584473e-01
-4.502350091934204102e-02
9.372267872095108032e-02
-1.276979595422744751e-01
-2.986899018287658691e-01
8.560591936111450195e-02
-6.588297337293624878e-02
-1.327910304069519043e+00
-2.936519682407379150e-01
8.428983390331268311e-02
6.197394728660583496e-01
-9.931939840316772461e-02
-1.069132983684539795e-01
-1.512718796730041504e-01
-7.362755537033081055e-01
-1.532673388719558716e-01
2.699490487575531006e-01
-9.973697364330291748e-02
-1.362775266170501709e-01
3.360776603221893311e-01
-6.429617851972579956e-02
2.897315621376037598e-01
-7.559816539287567139e-02
3.596905991435050964e-02
2.985124588012695312e-01
1.294505503028631210e-02
3.007697463035583496e-01
-3.111474514007568359e-01
-3.491009771823883057e-01
-1.524666398763656616e-01
4.149593114852905273e-01
7.406293749809265137e-01
5.719168782234191895e-01
1.574552059173583984e-02
3.057375848293304443e-01
1.089114695787429810e-01
4.611288905143737793e-01
-2.077209949493408203e-01
3.187112808227539062e-01
2.317759841680526733e-01
-1.359913796186447144e-01
-1.835015714168548584e-01
-2.722351551055908203e-01
-7.105996608734130859e-01
5.258766189217567444e-02
1.094867661595344543e-01
-5.303425788879394531e-01
-6.406513601541519165e-02
3.111176490783691406e-01
-9.382567554712295532e-02
-8.473204821348190308e-02
-4.611791372299194336e-01
7.515747845172882080e-02
-1.922847628593444824e-01
-2.408820837736129761e-01
-4.098467230796813965e-01
-6.498232483863830566e-01
1.723041199147701263e-02
-4.798673689365386963e-01
-2.871887572109699249e-02
2.953761219978332520e-01
5.744094252586364746e-01
5.233159065246582031e-01
4.075832664966583252e-01
1.650219224393367767e-02
-3.865141868591308594e-01
5.144311189651489258e-01
3.123318590223789215e-02
4.002760648727416992e-01
2.100505232810974121e-01
1.553061455488204956e-01
4.201760292053222656e-01
1.180452406406402588e-01
5.534858703613281250e-01
3.963450789451599121e-01
-4.672671556472778320e-01
-6.570248603820800781e-01
7.985392212867736816e-02
-5.590888261795043945e-01
1.767110265791416168e-02
1.800884678959846497e-02
4.214726388454437256e-01
4.905200004577636719e-01
4.169432520866394043e-01
4.857243299484252930e-01
1.145278334617614746e+00
4.074242413043975830e-01
1.235722973942756653e-01
-2.464594841003417969e-01
-2.624725103378295898e-01
2.627409100532531738e-01
5.431561470031738281e-01
9.955396056175231934e-01
3.695877194404602051e-01
-5.242396593093872070e-01
-3.562954962253570557e-01
-3.178307712078094482e-01
1.802196204662322998e-01
-1.713723689317703247e-02
-1.317930370569229126e-01
2.223885506391525269e-01
7.716421037912368774e-02
1.761458516120910645e-01
6.752514839172363281e-02
-1.011209413409233093e-01
-2.378140203654766083e-02
1.080691535025835037e-02
6.751822233200073242e-01
-3.413408994674682617e-02
2.239803969860076904e-01
5.174138396978378296e-02
2.191422134637832642e-01
-5.108395707793533802e-04
1.942953020334243774e-01
1.530406773090362549e-01
1.054572537541389465e-01
-3.640753924846649170e-01
-1.957613676786422729e-01
-3.285723626613616943e-01
1.459775120019912720e-01
2.810733914375305176e-01
1.170418411493301392e-01
1.212341040372848511e-01
2.299000620841979980e-01
1.732892692089080811e-01
-1.258987188339233398e-01
2.674430310726165771e-01
-4.088931083679199219e-01
5.605741962790489197e-02
-3.049482107162475586e-01
2.556612491607666016e-01
3.322761058807373047e-01
2.546547651290893555e-01
8.614351153373718262e-01
-2.415551543235778809e-01
-7.198726385831832886e-02
-4.627321064472198486e-01
-1.296802703291177750e-02
-2.595248520374298096e-01
1.424375176429748535e-01
1.730076819658279419e-01
6.314242482185363770e-01
4.533798396587371826e-01
8.919665962457656860e-02
4.296287596225738525e-01
2.051111906766891479e-01
2.492066174745559692e-01
5.869204401969909668e-01
-3.603856563568115234e-01
-4.731101095676422119e-01
-4.872637987136840820e-01
1.096898838877677917e-01
5.347046852111816406e-01
2.217563539743423462e-01
5.360155701637268066e-01
-6.123248487710952759e-02
2.177558541297912598e-01
-6.443692743778228760e-02
2.658875584602355957e-01
9.374206513166427612e-02
-4.829239845275878906e-01
-1.906477063894271851e-01
-3.121127784252166748e-01
-8.448993787169456482e-03
1.214080676436424255e-01
6.170799315441399813e-05
-1.183382514864206314e-02
-1.609044969081878662e-01
1.093466952443122864e-02
1.245932951569557190e-01
-1.264618933200836182e-01
-1.995147466659545898e-01
2.556913495063781738e-01
-4.378942251205444336e-01
-1.772261597216129303e-02
-3.594083711504936218e-02
-5.223433971405029297e-01
-1.183308362960815430e-01
-1.386299133300781250e-01
-3.095639050006866455e-01
1.322727054357528687e-01
5.263572931289672852e-01
2.830937504768371582e-01
-2.115779966115951538e-01
-1.007057577371597290e-01
-4.591794312000274658e-01
-9.158086776733398438e-02
-1.276776790618896484e-01
-4.683425277471542358e-02
4.716362357139587402e-01
7.108925580978393555e-01
7.549316622316837311e-03
-2.761994302272796631e-01
-1.362603753805160522e-01
4.705512523651123047e-01
5.184218287467956543e-01
4.004896804690361023e-02
-1.547817587852478027e-01
1.009618863463401794e-02
-1.369858235120773315e-01
-2.073798924684524536e-01
-5.353837609291076660e-01
-2.896075248718261719e-01
-5.884404852986335754e-02
2.729024291038513184e-01
-1.214825734496116638e-01
-1.700174063444137573e-01
-3.577949404716491699e-01
-8.101726323366165161e-02
-1.162248030304908752e-01
-1.843422353267669678e-01
-1.308024972677230835e-01
-3.426350355148315430e-01
9.599687904119491577e-02
-8.118752837181091309e-01
1.622571945190429688e-01
5.946768075227737427e-02
1.697982549667358398e-01
-2.652660608291625977e-01
-5.686685070395469666e-02
7.946663349866867065e-02
2.504281103610992432e-01
-9.033341705799102783e-02
2.851541638374328613e-01
-8.915607631206512451e-02
-3.354113399982452393e-01
2.507334649562835693e-01
6.775236725807189941e-01
7.797996699810028076e-02
2.326404303312301636e-01
4.038439318537712097e-02
-8.726712316274642944e-02
5.633730441331863403e-02
4.314446151256561279e-01
-2.919910550117492676e-01
-3.584187626838684082e-01
1.280006468296051025e-01
1.102541163563728333e-01
-9.440296888351440430e-02
-2.555180788040161133e-01
-1.115535758435726166e-02
8.596560359001159668e-02
-3.134602904319763184e-01
-1.668407022953033447e-01
-3.411825597286224365e-01
-1.793860644102096558e-01
-1.221019327640533447e-01
2.083160430192947388e-01
-1.508891731500625610e-01
3.298709392547607422e-01
2.755500674247741699e-01
1.520708799362182617e-01
-4.009871184825897217e-01
-1.374205201864242554e-01
-6.260886192321777344e-01
9.759638458490371704e-02
1.780333369970321655e-01
-9.194754064083099365e-02
1.754260659217834473e-01
4.200652241706848145e-01
3.092229133471846581e-03
-3.910048902034759521e-01
-9.587954729795455933e-02
-2.006863504648208618e-01
-1.486668288707733154e-01
7.222861796617507935e-02
-3.993501663208007812e-01
4.583862423896789551e-01
-4.310125708580017090e-01
-4.871433973312377930e-01
3.129734471440315247e-02
-1.467861980199813843e-01
5.389156937599182129e-02
2.629690766334533691e-01
3.019017875194549561e-01
3.924062848091125488e-01
-1.214976981282234192e-01
-3.873063325881958008e-01
1.949742138385772705e-01
-3.996341302990913391e-02
1.444010138511657715e-01
1.641375124454498291e-01
1.018307879567146301e-01
-8.117695152759552002e-02
-9.909047186374664307e-02
-7.081869244575500488e-01
1.507765892893075943e-02
9.121438860893249512e-02
5.861471891403198242e-01
1.038807854056358337e-01
8.826650977134704590e-01
-1.251729112118482590e-02
1.457960437983274460e-02
-5.352849513292312622e-02
-2.752631306648254395e-01
-3.313903510570526123e-01
-2.820730209350585938e-01
-1.980825513601303101e-01
-4.399578571319580078e-01
-3.718254864215850830e-01
2.920731604099273682e-01
5.671773552894592285e-01
5.596916079521179199e-01
3.691264688968658447e-01
5.948044061660766602e-01
6.277059316635131836e-01
4.241355955600738525e-01
8.625178784132003784e-02
-3.654761314392089844e-01
-4.159887433052062988e-01
4.390803351998329163e-02
4.196211993694305420e-01
6.157369613647460938e-01
1.815032958984375000e-01
7.138101458549499512e-01
5.042623728513717651e-03
-5.502524971961975098e-02
1.951592862606048584e-01
-1.505502909421920776e-01
2.730359137058258057e-01
-6.051201373338699341e-02
1.022512465715408325e-01
-1.184639334678649902e-02
1.572463512420654297e-01
3.164641559123992920e-01
-1.919438838958740234e-01
1.698376089334487915e-01
-3.321453034877777100e-01
8.909910172224044800e-02
8.451002836227416992e-02
-6.871043145656585693e-02
-4.219916835427284241e-02
-1.148203983902931213e-01
-1.328725069761276245e-01
-3.169573247432708740e-01
-3.871976211667060852e-02
-4.776173084974288940e-02
5.680208802223205566e-01
2.339549176394939423e-02
-4.740529693663120270e-03
-4.570374190807342529e-01
-3.788005709648132324e-01
-1.156221255660057068e-01
8.479931205511093140e-02
-4.388445317745208740e-01
6.183768510818481445e-01
2.546150237321853638e-02
1.553357094526290894e-01
5.383749008178710938e-01
-1.836448609828948975e-01
-4.529203474521636963e-01
1.656708568334579468e-01
7.685974240303039551e-01
-7.121512889862060547e-01
-5.458235368132591248e-02
-1.890973001718521118e-02
2.248712070286273956e-02
3.123726546764373779e-01
2.665970027446746826e-01
-1.542435437440872192e-01
-6.446571350097656250e-01
-4.553835988044738770e-01
-4.147516191005706787e-01
-3.374375030398368835e-02
-2.128652930259704590e-01
3.940926790237426758e-01
-9.179265797138214111e-02
-3.420471549034118652e-01
2.275464981794357300e-01
-1.163704618811607361e-01
-2.774652540683746338e-01
-1.120051071047782898e-01
4.521063342690467834e-02
-4.350226819515228271e-01
-1.094664856791496277e-01
-4.688939370680600405e-04
-1.690813601016998291e-01
8.853843063116073608e-02
-1.897919923067092896e-01
-1.069678459316492081e-02
3.641515076160430908e-01
8.307608962059020996e-01
-1.961604505777359009e-01
-1.570382714271545410e-01
1.672614812850952148e-01
2.558108046650886536e-02
-1.735438704490661621e-01
2.131751552224159241e-02
-2.631520032882690430e-01
1.770813763141632080e-01
6.522291302680969238e-01
2.467605620622634888e-01
-2.700699307024478912e-02
3.128653168678283691e-01
-1.700165569782257080e-01
4.344036877155303955e-01
3.998233377933502197e-01
1.934893876314163208e-01
1.623303294181823730e-01
1.925793588161468506e-01
-2.620982564985752106e-02
-3.630695044994354248e-01
-2.518233954906463623e-01
-3.202727437019348145e-01
-2.943903505802154541e-01
3.940469026565551758e-02
-3.824727237224578857e-01
7.609871774911880493e-02
-2.187563031911849976e-01
-2.710283696651458740e-01
-1.255700588226318359e-01
-3.402000665664672852e-01
-1.166523694992065430e-01
-2.311972230672836304e-01
-3.187111318111419678e-01
-5.461585149168968201e-02
-1.375723630189895630e-01
3.461281210184097290e-02
-3.643974065780639648e-01
-2.938583493232727051e-01
4.716334342956542969e-01
9.268604218959808350e-02
3.507313132286071777e-01
2.243923842906951904e-01
2.165279388427734375e-01
-5.906802415847778320e-01
3.766115903854370117e-01
-2.197960317134857178e-01
-3.791068494319915771e-01
-2.481234520673751831e-01
4.935881495475769043e-01
3.011631071567535400e-01
2.175313085317611694e-01
1.567917764186859131e-01
-4.616620764136314392e-02
4.050857722759246826e-01
2.827663719654083252e-01
3.162813559174537659e-02
-4.368111491203308105e-02
-3.217771351337432861e-01
2.912527509033679962e-02
-4.094270467758178711e-01
-1.465312391519546509e-01
-1.626683622598648071e-01
-9.267166256904602051e-02
-2.593132555484771729e-01
-1.913467608392238617e-02
-1.825269013643264771e-01
1.807038672268390656e-03
1.682557864114642143e-03
-3.981240466237068176e-02
-2.125881910324096680e-01
1.036728844046592712e-01
-1.774742007255554199e-01
-3.139055073261260986e-01
-3.109765052795410156e-01
-6.959655135869979858e-02
-3.421153128147125244e-01
-4.883773922920227051e-01
3.635040521621704102e-01
-3.681215047836303711e-01
2.761433422565460205e-01
-3.090183809399604797e-02
1.115633100271224976e-01
3.426050543785095215e-01
-4.986106976866722107e-02
-3.715444505214691162e-01
-1.651904135942459106e-01
3.783209323883056641e-01
3.651788532733917236e-01
1.494802236557006836e-01
4.826466143131256104e-01
-8.294162154197692871e-02
-1.004615146666765213e-02
-1.136759817600250244e-01
4.386874660849571228e-02
-1.320077031850814819e-01
-6.045097112655639648e-02
-3.261089324951171875e-02
1.888997256755828857e-01
-1.212431073188781738e+00
2.195664048194885254e-01
-2.277160584926605225e-01
-4.553514122962951660e-01
1.846542023122310638e-02
-4.614988267421722412e-01
-1.400919854640960693e-01
-8.772130124270915985e-03
5.535840988159179688e-01
1.835556775331497192e-01
-7.214661836624145508e-01
3.948906436562538147e-02
-9.109677746891975403e-03
1.763889640569686890e-01
-2.434343844652175903e-01
-1.505616009235382080e-01
-2.992000663653016090e-04
2.964555025100708008e-01
-3.009906411170959473e-02
-1.231666877865791321e-01
-7.201006263494491577e-02
-3.586847335100173950e-02
-4.910546541213989258e-02
-4.072123672813177109e-03
1.210050135850906372e-01
-6.650258600711822510e-02
-2.454142272472381592e-01
-3.924803063273429871e-02
-2.368047088384628296e-01
-1.627700179815292358e-01
-1.039895880967378616e-02
1.690569519996643066e-01
3.053442239761352539e-01
-2.153957635164260864e-02
-5.990778282284736633e-02
-3.762061521410942078e-02
1.584712266921997070e-01
-3.012204542756080627e-02
1.561705023050308228e-01
-2.409312129020690918e-01
-4.785315319895744324e-02
-2.803158387541770935e-02
4.603911936283111572e-01
3.961965441703796387e-02
9.497180581092834473e-02
-2.421257086098194122e-02
1.945900917053222656e-01
-2.604958713054656982e-01
1.984524913132190704e-02
-1.281830221414566040e-01
-3.338999673724174500e-02
1.540201604366302490e-01
-2.609752863645553589e-02
1.050273999571800232e-01
-9.541910886764526367e-02
6.876930594444274902e-02
-1.870627142488956451e-02
