1.057479023933410645e+00
-1.256634443998336792e-01
-8.079736232757568359e-01
1.611080602742731571e-03
-6.078359484672546387e-01
5.401237010955810547e-01
-6.301172971725463867e-01
-3.323040306568145752e-01
1.810796856880187988e-01
-9.274848550558090210e-02
7.571105957031250000e-01
6.296578794717788696e-02
4.548101425170898438e-01
3.324449062347412109e-01
1.199062764644622803e-01
5.617654696106910706e-02
3.363911509513854980e-01
4.838613569736480713e-01
8.050732612609863281e-01
8.516615629196166992e-01
-1.112735509872436523e+00
-1.492469757795333862e-01
-7.791554927825927734e-01
-6.804477423429489136e-02
-6.804713010787963867e-01
-2.877130806446075439e-01
7.088629603385925293e-01
2.654319107532501221e-01
-4.916603267192840576e-01
1.514539271593093872e-01
3.214521408081054688e-01
-5.985463261604309082e-01
6.801601052284240723e-01
-9.287948906421661377e-02
-1.185017824172973633e+00
-3.552101850509643555e-01
1.085078358650207520e+00
1.574192494153976440e-01
7.905926704406738281e-01
-5.750440433621406555e-02
7.694453001022338867e-01
-4.994189739227294922e-01
-1.290994696319103241e-02
7.830381509847939014e-04
-1.139988005161285400e-01
4.636071622371673584e-01
-1.727887839078903198e-01
-5.272334907203912735e-03
2.417504042387008667e-02
1.331313550472259521e-01
-5.174564123153686523e-01
-3.372098505496978760e-01
-7.845295593142509460e-03
6.189857423305511475e-02
-2.747144699096679688e-01
2.606028020381927490e-01
4.435733854770660400e-01
-5.557649731636047363e-01
6.753486990928649902e-01
5.164386630058288574e-01
-1.915538460016250610e-01
1.730796545743942261e-01
-4.119476675987243652e-02
1.184477448463439941e+00
-1.165972370654344559e-02
-3.332381844520568848e-01
-6.731337308883666992e-01
-1.633120477199554443e-01
-5.984033346176147461e-01
-1.824476122856140137e+00
6.293506026268005371e-01
3.240334093570709229e-01
6.731991767883300781e-01
-7.037742137908935547e-01
-2.854442298412322998e-01
7.252216339111328125e-01
3.323051035404205322e-01
1.273257374763488770e+00
-9.497178196907043457e-01
7.706759870052337646e-02
3.787162303924560547e-01
-1.063827991485595703e+00
-7.917275279760360718e-02
-7.233489155769348145e-01
3.642043769359588623e-01
5.076137185096740723e-01
-4.377538710832595825e-02
-2.002528160810470581e-01
3.066626191139221191e-01
-1.750985682010650635e-01
-3.075661957263946533e-01
-1.003767967224121094e+00
-1.980421841144561768e-01
2.708600163459777832e-01
-2.584982812404632568e-01
2.244937121868133545e-01
6.660146713256835938e-01
1.346390247344970703e-01
-5.286336690187454224e-02
6.401441097259521484e-01
-4.786112159490585327e-02
1.971348077058792114e-01
2.471008151769638062e-01
1.376837375573813915e-03
-9.430828690528869629e-02
-3.625082969665527344e-01
3.258938789367675781e-01
1.487966328859329224e-01
1.600545132532715797e-03
1.347264349460601807e-01
2.163019627332687378e-01
1.307250410318374634e-01
-8.781403303146362305e-02
5.140490084886550903e-02
1.788606941699981689e-01
7.379905879497528076e-02
-1.130772903561592102e-01
1.563267409801483154e-01
-3.360139727592468262e-01
-4.304628670215606689e-01
-5.531528592109680176e-01
1.348892748355865479e-01
-1.704013347625732422e-02
-2.491575777530670166e-01
3.314615786075592041e-01
-3.051212728023529053e-01
-7.984566688537597656e-02
-2.581224739551544189e-01
2.596295773983001709e-01
1.506172716617584229e-01
1.145883873105049133e-01
1.363419443368911743e-01
1.149138584733009338e-01
1.157594472169876099e-01
-9.371452778577804565e-02
2.053398340940475464e-01
1.348478496074676514e-01
3.988049328327178955e-01
-7.435154914855957031e-01
-3.782761991024017334e-01
-7.611333131790161133e-01
4.554353058338165283e-01
3.395550847053527832e-01
-9.399564564228057861e-02
7.544475793838500977e-02
-4.812622666358947754e-01
6.234717741608619690e-02
-1.210746318101882935e-01
2.742394506931304932e-01
1.764972656965255737e-01
2.648952007293701172e-01
5.550063848495483398e-01
-3.793444484472274780e-02
-6.842108070850372314e-02
3.886508941650390625e-01
-2.757828235626220703e-01
-5.087518692016601562e-01
1.899639368057250977e-01
-2.930352687835693359e-01
-6.982691287994384766e-01
-1.078876018524169922e+00
8.285701870918273926e-01
1.001093983650207520e-01
4.551494717597961426e-01
-2.321781963109970093e-01
-4.712258577346801758e-01
4.754503443837165833e-02
-4.790451005101203918e-02
-4.795397222042083740e-01
-2.078673690557479858e-01
4.596751928329467773e-01
6.895325183868408203e-01
9.163369983434677124e-02
-1.895011514425277710e-01
4.074692130088806152e-01
-4.889668524265289307e-01
-4.299839138984680176e-01
2.646199166774749756e-01
-5.369389653205871582e-01
-6.547912359237670898e-01
3.348960280418395996e-01
-2.386284321546554565e-01
-1.986473500728607178e-01
-1.244291290640830994e-02
-1.950445175170898438e-01
5.352838635444641113e-01
-7.537614554166793823e-02
-2.746375091373920441e-02
-5.746765732765197754e-01
1.453034728765487671e-01
-3.100653290748596191e-01
-3.050726056098937988e-01
-1.020210757851600647e-01
2.518853843212127686e-01
8.025971055030822754e-02
-6.756615638732910156e-02
2.070531994104385376e-01
-1.785371750593185425e-01
7.003961205482482910e-01
2.818063199520111084e-01
8.826869130134582520e-01
-5.975621342658996582e-01
-9.619672596454620361e-02
-2.780749462544918060e-02
1.913683563470840454e-01
2.693352103233337402e-01
-5.698973312973976135e-02
2.856959998607635498e-01
-8.449246734380722046e-02
5.161366239190101624e-02
-3.667389750480651855e-01
-2.222924232482910156e-01
-6.148141250014305115e-02
1.020143032073974609e-01
-1.668909788131713867e-01
4.635717868804931641e-01
4.887137413024902344e-01
-7.546372413635253906e-01
5.677632093429565430e-01
6.809086203575134277e-01
-4.095023274421691895e-01
5.593663454055786133e-01
-1.486091292463243008e-03
1.906212419271469116e-01
-2.127632200717926025e-01
-4.589994847774505615e-01
1.147573664784431458e-01
5.128815174102783203e-01
-3.053427934646606445e-01
4.392022490501403809e-01
1.734076142311096191e-01
3.790650963783264160e-01
3.656603395938873291e-01
-1.137053444981575012e-01
2.848419845104217529e-01
-3.063653111457824707e-01
-5.380815267562866211e-01
1.782335937023162842e-01
1.099661141633987427e-01
-5.361580252647399902e-01
6.613867282867431641e-01
-6.982997655868530273e-01
-3.747208118438720703e-01
6.214413791894912720e-02
1.429574787616729736e-01
4.974656105041503906e-01
-1.390663087368011475e-01
-2.344674766063690186e-01
2.183600217103958130e-01
-3.681930527091026306e-02
-2.194211483001708984e-01
-4.570829868316650391e-01
1.644467264413833618e-01
-1.394423935562372208e-02
-4.936055839061737061e-01
1.499040126800537109e-01
6.878162026405334473e-01
-3.170663416385650635e-01
5.110943317413330078e-01
6.282330155372619629e-01
1.397996068000793457e+00
-8.011237382888793945e-01
-2.261521220207214355e-01
5.428594350814819336e-01
-1.077904552221298218e-02
3.980784118175506592e-01
-2.938763797283172607e-01
1.499159038066864014e-01
-2.167764678597450256e-02
-7.516226172447204590e-01
-2.449971288442611694e-01
-3.892636895179748535e-01
2.708508074283599854e-01
7.835730165243148804e-02
-4.392046332359313965e-01
7.646430134773254395e-01
3.028448522090911865e-01
2.570081353187561035e-01
2.890762686729431152e-01
1.140794515609741211e+00
-2.385120987892150879e-01
-2.136375382542610168e-02
-1.999917626380920410e-01
4.663921892642974854e-02
2.631470561027526855e-01
-3.607386350631713867e-01
-3.480549156665802002e-01
-1.149782463908195496e-01
-2.504039108753204346e-01
-5.972215533256530762e-01
3.297381699085235596e-01
2.565173059701919556e-02
3.299459517002105713e-01
-1.797718554735183716e-01
-6.426491141319274902e-01
2.990682721138000488e-01
2.190692871809005737e-01
8.381573557853698730e-01
-8.287752866744995117e-01
-6.420162320137023926e-02
-5.688789486885070801e-01
2.256024628877639771e-01
-8.248995542526245117e-01
-3.937711715698242188e-01
3.547250106930732727e-02
2.267256611958146095e-03
1.452275633811950684e+00
4.435240328311920166e-01
-7.517409324645996094e-01
9.364233016967773438e-01
-2.501226365566253662e-01
-7.257826328277587891e-01
-1.996352910995483398e+00
1.822406053543090820e+00
8.825217187404632568e-02
-8.707045316696166992e-01
-6.295896768569946289e-01
-6.279515027999877930e-01
3.720666766166687012e-01
-2.474561184644699097e-01
-6.645095348358154297e-01
6.239553689956665039e-01
1.376682817935943604e-01
5.581636428833007812e-01
-1.546015739440917969e-01
-5.561043620109558105e-01
-3.819258511066436768e-02
-5.740577727556228638e-02
-1.492649763822555542e-01
1.206015273928642273e-01
5.718201398849487305e-01
8.606392741203308105e-01
3.231888711452484131e-01
-3.767098188400268555e-01
1.072432845830917358e-01
-2.877184450626373291e-01
-6.358886361122131348e-01
2.316732555627822876e-01
-3.395336270332336426e-01
-5.809431672096252441e-01
3.202416002750396729e-01
-2.637363970279693604e-01
-2.875902354717254639e-01
2.472864538431167603e-01
-4.127129912376403809e-02
3.620443046092987061e-01
1.123459786176681519e-01
1.448947191238403320e-01
-3.028443455696105957e-01
1.860409379005432129e-01
-2.620188295841217041e-01
-2.158822715282440186e-01
-2.518492639064788818e-01
1.945348531007766724e-01
9.542704559862613678e-03
2.824757695198059082e-01
2.779307961463928223e-01
-7.672564387321472168e-01
8.439275622367858887e-01
2.292090207338333130e-01
-2.199582606554031372e-01
-2.144603990018367767e-02
2.294748574495315552e-01
6.122517213225364685e-02
-9.006954729557037354e-02
-1.259807050228118896e-01
-1.340216100215911865e-01
4.933751747012138367e-02
-2.021931409835815430e-01
7.430650293827056885e-02
-2.824422717094421387e-01
7.468281686305999756e-02
1.407928168773651123e-01
-1.571191698312759399e-01
1.924660801887512207e-01
5.041638389229774475e-02
-2.107591778039932251e-01
-2.251227013766765594e-02
1.024532392621040344e-01
-1.609319895505905151e-01
8.899155259132385254e-01
-9.762494564056396484e-01
3.090216815471649170e-01
-1.158446073532104492e-01
8.583256602287292480e-02
7.663738727569580078e-01
2.883289754390716553e-01
3.310381770133972168e-01
9.787375107407569885e-03
-1.429466456174850464e-01
-6.303861737251281738e-01
-5.504044890403747559e-01
-2.524140477180480957e-01
1.931921578943729401e-02
5.523525550961494446e-02
4.054024517536163330e-01
5.112439990043640137e-01
-1.937598884105682373e-01
6.896030306816101074e-01
1.048346161842346191e+00
-3.686161935329437256e-01
1.884202212095260620e-01
-1.934561431407928467e-01
6.156660243868827820e-02
3.646974638104438782e-02
-5.157369971275329590e-01
-3.077454268932342529e-01
-9.539493918418884277e-02
-1.174436882138252258e-01
-7.049006223678588867e-01
2.487107515335083008e-01
2.237630039453506470e-01
2.088589519262313843e-01
-3.774515688419342041e-01
-3.668831884860992432e-01
3.438354432582855225e-01
-2.576433308422565460e-02
1.035576581954956055e+00
-8.246232867240905762e-01
-2.165464758872985840e-01
5.353857278823852539e-01
-3.243604302406311035e-01
-3.147280961275100708e-02
-4.884483292698860168e-02
7.871825248003005981e-02
4.299915730953216553e-01
1.976482197642326355e-02
8.933447301387786865e-02
5.464728474617004395e-01
-6.697425246238708496e-02
-3.675495982170104980e-01
-4.330245554447174072e-01
-4.369557648897171021e-02
1.196575239300727844e-01
-2.139676958322525024e-01
3.816740512847900391e-01
6.652345657348632812e-01
-1.604844033718109131e-01
4.652596712112426758e-01
8.369680047035217285e-01
-7.643414735794067383e-01
5.651455521583557129e-01
-6.756495684385299683e-03
1.850142776966094971e-01
-2.698785364627838135e-01
-5.258769392967224121e-01
-4.210161045193672180e-02
1.290570646524429321e-01
1.229650303721427917e-01
-5.916321277618408203e-01
4.626508653163909912e-01
6.128056049346923828e-01
2.318433374166488647e-01
-2.961150407791137695e-01
2.959970831871032715e-01
-5.549993515014648438e-01
-2.067000120878219604e-01
6.218208670616149902e-01
-7.793266773223876953e-01
-6.608170866966247559e-01
-1.369757503271102905e-01
-2.199539393186569214e-01
-1.110252588987350464e-01
-3.295594453811645508e-01
4.163141921162605286e-02
2.013511210680007935e-01
2.257893830537796021e-01
-2.373877614736557007e-01
2.483106851577758789e-01
-1.142528057098388672e-01
9.848147630691528320e-02
-4.969559311866760254e-01
-4.644107818603515625e-01
2.571562230587005615e-01
5.001756548881530762e-01
1.890916675329208374e-01
-3.329838514328002930e-01
-3.069007396697998047e-01
-6.583192944526672363e-02
-5.449562668800354004e-01
5.825068801641464233e-02
-6.774291396141052246e-01
3.877013027667999268e-01
4.300836622714996338e-01
6.208354830741882324e-01
1.218082085251808167e-01
-4.145585596561431885e-01
-3.357042372226715088e-01
6.461235284805297852e-01
-5.899713635444641113e-01
-5.634106993675231934e-01
5.446302890777587891e-02
-3.023048341274261475e-01
4.674625396728515625e-01
-6.719521433115005493e-02
3.159319758415222168e-01
-5.922609567642211914e-02
-2.734503746032714844e-01
-1.757970750331878662e-01
2.128461897373199463e-01
-2.287166714668273926e-01
7.737460732460021973e-02
-1.302653998136520386e-01
-1.054797023534774780e-01
-6.839857697486877441e-01
-3.599149584770202637e-01
1.068990826606750488e-01
3.560452759265899658e-01
-1.758026629686355591e-01
3.883292675018310547e-01
1.685994565486907959e-01
1.580271869897842407e-02
2.767662107944488525e-01
-3.445030152797698975e-01
2.715350389480590820e-01
-1.819787174463272095e-01
1.632308363914489746e-01
-2.014442831277847290e-01
1.301781535148620605e-01
-9.611347317695617676e-02
-3.309923708438873291e-01
-3.384317457675933838e-01
3.279714882373809814e-01
-6.291598677635192871e-01
-1.368480734527111053e-02
-2.303494326770305634e-02
3.250642493367195129e-02
-3.732620924711227417e-02
5.241343975067138672e-01
-3.959839642047882080e-01
-6.061531603336334229e-02
-5.557436943054199219e-01
1.502206027507781982e-01
5.385433137416839600e-02
1.439346671104431152e-01
1.603065431118011475e-01
1.430163905024528503e-02
-4.937840700149536133e-01
-1.716492176055908203e-01
-4.560122266411781311e-02
2.791331708431243896e-01
-5.373536348342895508e-01
3.003466129302978516e-01
-7.575345039367675781e-02
6.332976222038269043e-01
5.267036557197570801e-01
-5.605796575546264648e-01
-6.631339788436889648e-01
4.788926541805267334e-01
-7.522768974304199219e-01
-4.435551166534423828e-01
-1.216104626655578613e-01
-3.692468702793121338e-01
6.235055923461914062e-01
-2.974836826324462891e-01
2.042729407548904419e-02
-4.413608610630035400e-01
-9.818331897258758545e-02
-5.081343650817871094e-01
-2.819038741290569305e-02
2.262371405959129333e-02
4.147385954856872559e-01
-9.269993007183074951e-02
-4.290857315063476562e-01
-5.004402995109558105e-01
-9.635313600301742554e-02
1.409574896097183228e-01
3.100979030132293701e-01
-2.714155912399291992e-01
1.323626488447189331e-01
-1.610853224992752075e-01
-7.660567760467529297e-02
5.541089773178100586e-01
-7.131094932556152344e-01
-4.034297540783882141e-02
-1.310740858316421509e-01
1.995226889848709106e-01
-1.454827934503555298e-01
1.144609302282333374e-01
-1.189147606492042542e-01
7.035896778106689453e-01
5.966232717037200928e-02
3.293341025710105896e-02
3.716012239456176758e-01
3.933655470609664917e-02
1.989272683858871460e-01
-2.828146815299987793e-01
-1.802254617214202881e-01
1.724015548825263977e-02
-6.893672794103622437e-02
2.205058187246322632e-01
5.808697342872619629e-01
-1.894953548908233643e-01
3.134963810443878174e-01
-3.367743194103240967e-01
7.793811708688735962e-02
4.388931393623352051e-02
5.672495961189270020e-01
-2.101064473390579224e-01
6.581590175628662109e-01
3.245111405849456787e-01
-1.646607369184494019e-01
-2.865980006754398346e-02
1.772855520248413086e-01
2.969028353691101074e-01
3.982060030102729797e-02
1.255941540002822876e-01
-2.126673161983489990e-01
1.051060631871223450e-01
-2.242524325847625732e-01
-3.155282437801361084e-01
7.538550347089767456e-02
-1.226468235254287720e-01
2.894623875617980957e-01
5.690602958202362061e-02
1.152054816484451294e-01
-1.711557954549789429e-01
2.497202306985855103e-01
-3.757222369313240051e-02
1.585323065519332886e-01
9.886830300092697144e-02
5.259858816862106323e-02
5.296999812126159668e-01
5.130720138549804688e-01
5.828355550765991211e-01
5.057680606842041016e-01
-3.893080651760101318e-01
-4.073875248432159424e-01
-4.285751283168792725e-01
-6.096866726875305176e-01
-3.487991094589233398e-01
1.285122036933898926e-01
5.840434134006500244e-02
-1.733792871236801147e-01
-2.896511554718017578e-01
4.079298973083496094e-01
-3.648529052734375000e-01
-8.943115174770355225e-02
-3.972104191780090332e-01
-5.795798823237419128e-02
4.290472269058227539e-01
-1.006081700325012207e-01
1.879566311836242676e-01
4.534845054149627686e-01
1.866720765829086304e-01
5.109570026397705078e-01
-2.789385914802551270e-01
-1.721554696559906006e-01
-2.368608117103576660e-01
-2.883555889129638672e-01
-4.449756443500518799e-02
7.142437696456909180e-01
-5.609382987022399902e-01
1.378353536128997803e-01
-4.188300371170043945e-01
-3.729520142078399658e-01
-2.956853508949279785e-01
1.129438638687133789e+00
-2.939088642597198486e-01
5.938619971275329590e-01
-7.316491007804870605e-02
4.763599038124084473e-01
6.234095990657806396e-02
-1.659868210554122925e-01
-6.241208314895629883e-01
2.442163042724132538e-02
1.689559370279312134e-01
3.156661689281463623e-01
-6.028400063514709473e-01
5.907607078552246094e-02
2.959814965724945068e-01
1.040755882859230042e-01
3.205641806125640869e-01
-2.823042273521423340e-01
-8.707708865404129028e-02
1.086786836385726929e-01
-1.631317436695098877e-01
-1.438699364662170410e-01
2.512579411268234253e-02
-2.277616411447525024e-01
-5.651479363441467285e-01
1.668104976415634155e-01
-1.416035294532775879e-01
-3.856934905052185059e-01
1.204912201501429081e-03
-1.970067024230957031e-01
3.056308627128601074e-01
-9.068085998296737671e-02
3.817210495471954346e-01
-3.488820791244506836e-01
3.990722447633743286e-02
-8.316501975059509277e-01
2.591008841991424561e-01
-6.614568084478378296e-02
5.204595327377319336e-01
-1.690086871385574341e-01
1.400349661707878113e-02
-7.475028038024902344e-01
1.037839055061340332e-02
-4.759367182850837708e-02
3.290648013353347778e-02
1.731177568435668945e-01
2.261349856853485107e-01
6.938661336898803711e-01
2.437462955713272095e-01
4.939031600952148438e-02
-1.734685599803924561e-01
-5.131696537137031555e-02
3.440854698419570923e-02
-2.836537361145019531e-01
-3.181927278637886047e-02
8.293715119361877441e-02
-1.566463895142078400e-02
-2.460471093654632568e-01
-1.645368635654449463e-01
7.645552158355712891e-01
-1.486656814813613892e-01
3.722464293241500854e-02
-1.885488070547580719e-02
-4.099509119987487793e-01
-1.084878221154212952e-01
5.039940476417541504e-01
1.840534359216690063e-01
-1.450791597366333008e+00
3.844592571258544922e-01
-1.647367238998413086e+00
1.241965591907501221e-02
8.271664381027221680e-02
1.726771444082260132e-01
-3.168410360813140869e-01
6.854757070541381836e-01
-8.492392897605895996e-01
-1.816070079803466797e+00
-3.252013623714447021e-01
9.078629612922668457e-01
4.045678973197937012e-01
1.931905865669250488e+00
-6.166481375694274902e-01
1.713278293609619141e+00
-4.799522459506988525e-01
-1.518739014863967896e-02
-5.729374289512634277e-01
1.243413537740707397e-01
3.352204263210296631e-01
5.239721536636352539e-01
7.745714485645294189e-02
-8.738646656274795532e-02
-5.438525695353746414e-03
2.670801281929016113e-01
-1.275081071071326733e-03
-5.239037871360778809e-01
2.213122844696044922e-01
-4.478980898857116699e-01
6.013931632041931152e-01
-3.815520405769348145e-01
2.547870874404907227e-01
2.169908210635185242e-02
2.128182202577590942e-01
-9.070560336112976074e-03
7.750490307807922363e-02
-7.478495240211486816e-01
-1.759958416223526001e-01
4.102674424648284912e-01
-2.701210081577301025e-01
1.675589084625244141e-01
-2.911713160574436188e-02
-3.017834620550274849e-03
1.106560602784156799e-01
9.547406435012817383e-02
3.635876625776290894e-02
-4.688696265220642090e-01
-5.529904365539550781e-01
2.016835361719131470e-01
-1.955263875424861908e-02
3.556300103664398193e-01
1.376245319843292236e-01
5.279821157455444336e-02
-1.063317894935607910e+00
-2.495262958109378815e-02
-4.770364761352539062e-01
-9.142015576362609863e-01
2.720766067504882812e-01
-3.152095973491668701e-01
-3.037111461162567139e-01
-1.223029792308807373e-01
-1.138964056968688965e+00
1.093830838799476624e-01
9.963909387588500977e-01
-6.945125460624694824e-01
5.276795625686645508e-01
-3.410709202289581299e-01
-7.365142703056335449e-01
2.551901042461395264e-01
-2.723360359668731689e-01
1.017377853393554688e+00
4.772258400917053223e-01
8.214949965476989746e-01
-7.932029962539672852e-01
1.197761893272399902e+00
-1.169778108596801758e+00
-5.477350950241088867e-01
4.821874201297760010e-01
-2.691652178764343262e-01
-5.630675330758094788e-02
-2.480770051479339600e-01
-1.874555647373199463e-01
4.479923248291015625e-01
3.127352893352508545e-01
-4.183759391307830811e-01
1.731928586959838867e-01
8.475777506828308105e-02
-3.119770884513854980e-01
5.578377097845077515e-02
-2.281945347785949707e-01
2.145844995975494385e-01
-1.761917024850845337e-01
2.336473912000656128e-01
1.226436421275138855e-01
2.818049192428588867e-01
-2.198045700788497925e-01
5.271594226360321045e-02
-4.188380539417266846e-01
-2.674215435981750488e-01
-2.400916442275047302e-02
-1.904384940862655640e-01
-7.567552924156188965e-01
1.196873709559440613e-01
5.846522450447082520e-01
1.040710434317588806e-01
5.960447788238525391e-01
1.639607548713684082e-01
1.256151646375656128e-01
8.094322681427001953e-02
2.844059765338897705e-01
2.249403446912765503e-01
-5.251621007919311523e-01
8.894148468971252441e-01
-1.502158045768737793e-01
3.774594366550445557e-01
2.744895517826080322e-01
2.478267848491668701e-01
-4.011467099189758301e-01
-3.205979987978935242e-02
2.220933884382247925e-01
1.724721677601337433e-02
-1.242003291845321655e-01
-1.268037855625152588e-01
-2.704255580902099609e-01
2.592071294784545898e-01
-1.042246352881193161e-02
-6.269119977951049805e-01
2.910052239894866943e-02
-5.781013369560241699e-01
2.926189005374908447e-01
-5.198191106319427490e-02
1.371230781078338623e-01
7.132021710276603699e-03
-2.659722268581390381e-01
-1.141825690865516663e-01
-1.144768521189689636e-01
4.689218699932098389e-01
-2.070047706365585327e-01
-9.676220268011093140e-02
8.973700404167175293e-01
1.557157635688781738e-01
-1.592808030545711517e-02
1.557417809963226318e-01
2.763704396784305573e-02
-1.524456143379211426e-01
8.244032859802246094e-01
-3.422015905380249023e-01
8.313750028610229492e-01
3.007946610450744629e-01
3.561439216136932373e-01
-3.548009693622589111e-01
-3.095650374889373779e-01
-1.494666188955307007e-01
5.642393231391906738e-01
-2.486183047294616699e-01
3.186511695384979248e-01
-4.195963144302368164e-01
-4.166756197810173035e-02
4.557197988033294678e-01
3.383234441280364990e-01
2.453494668006896973e-01
-5.251963138580322266e-01
6.961257755756378174e-02
7.176514714956283569e-02
-4.829580783843994141e-01
2.440207004547119141e-01
1.642091870307922363e-01
8.506374955177307129e-01
6.787214875221252441e-01
-1.037177816033363342e-01
3.590309619903564453e-01
6.377383470535278320e-01
-4.237606525421142578e-01
-1.348470449447631836e-01
-3.216912448406219482e-01
-5.942375063896179199e-01
-6.252095699310302734e-01
-1.446899492293596268e-02
4.368436336517333984e-02
-6.491998583078384399e-02
3.731044530868530273e-01
-3.387755751609802246e-01
-2.048389054834842682e-02
-2.356989681720733643e-01
-4.327983558177947998e-01
6.811348199844360352e-01
1.545087397098541260e-01
4.369237422943115234e-01
4.900836348533630371e-01
-1.930663287639617920e-01
6.159712560474872589e-03
2.567214965820312500e-01
-1.598065942525863647e-01
1.170942038297653198e-01
-4.613734185695648193e-01
-6.059838533401489258e-01
1.920619457960128784e-01
-5.201745033264160156e-01
-3.052623569965362549e-01
9.211051464080810547e-02
-1.955815106630325317e-01
-2.966601550579071045e-01
5.297909975051879883e-01
4.549247622489929199e-01
-7.177863270044326782e-02
8.368536084890365601e-02
-8.875527977943420410e-02
-3.127835318446159363e-02
-4.529858753085136414e-02
5.021261572837829590e-01
-1.327868252992630005e-01
2.846091985702514648e-01
-1.936355382204055786e-01
-3.468902111053466797e-01
1.129357293248176575e-01
7.690688222646713257e-02
1.527124643325805664e-02
-1.070669740438461304e-01
1.634766757488250732e-01
3.670893907546997070e-01
3.619195222854614258e-01
-9.865784645080566406e-02
1.756448857486248016e-02
1.505930274724960327e-01
-2.579890191555023193e-01
1.636281460523605347e-01
2.452896684408187866e-01
-9.937453269958496094e-02
-9.383212029933929443e-02
1.642758250236511230e-01
-7.787487469613552094e-03
8.217292279005050659e-02
-2.096310704946517944e-01
-1.439439654350280762e-01
3.476323485374450684e-01
-2.704554498195648193e-01
6.903305053710937500e-01
-1.520283054560422897e-02
-1.649348437786102295e-01
-1.384376138448715210e-01
1.535585969686508179e-01
2.068088799715042114e-01
-5.370461940765380859e-02
5.074516683816909790e-02
2.564024329185485840e-01
-3.350600004196166992e-01
2.084808200597763062e-01
-1.505891233682632446e-01
-1.349593847990036011e-01
2.059750258922576904e-01
1.078915074467658997e-01
-2.090591751039028168e-02
4.509710073471069336e-01
-1.968066841363906860e-01
5.775695443153381348e-01
3.194744288921356201e-01
6.520367264747619629e-01
-6.717813611030578613e-01
-2.986041605472564697e-01
4.050409793853759766e-01
-5.349169373512268066e-01
-1.766690760850906372e-01
6.620585322380065918e-01
2.300188988447189331e-01
-3.666105270385742188e-01
-3.181435763835906982e-01
-2.533228397369384766e-01
8.114265203475952148e-01
-1.972744911909103394e-01
4.850966334342956543e-01
-1.598981320858001709e-01
5.355168581008911133e-01
-3.969241678714752197e-01
-2.750267386436462402e-01
5.266364216804504395e-01
-1.896817237138748169e-02
6.598522663116455078e-01
-1.685832887887954712e-01
7.709372788667678833e-02
5.160782113671302795e-02
-1.906148046255111694e-01
1.275596171617507935e-01
6.678462773561477661e-02
2.011225223541259766e-01
9.238483384251594543e-03
-4.144131839275360107e-01
2.221442572772502899e-02
4.426595866680145264e-01
6.328744441270828247e-02
4.809938073158264160e-01
-2.207963615655899048e-01
1.108218058943748474e-01
2.638026475906372070e-01
-1.924511045217514038e-01
4.501106142997741699e-01
-1.114484891295433044e-01
-1.709007471799850464e-01
8.957733958959579468e-02
1.652043610811233521e-01
2.023442387580871582e-01
2.388378828763961792e-01
-2.083924114704132080e-01
6.881868466734886169e-03
1.822476834058761597e-02
-4.130991697311401367e-01
1.480990946292877197e-01
-1.046236790716648102e-02
3.312687277793884277e-01
1.144004017114639282e-01
7.402165792882442474e-03
2.618462145328521729e-01
1.748597621917724609e-01
-5.060586333274841309e-01
-1.844243854284286499e-01
-1.915006488561630249e-01
-1.078338921070098877e-01
-6.279253959655761719e-02
3.349401950836181641e-01
-2.369849383831024170e-01
-1.547981202602386475e-01
3.363400101661682129e-01
3.886360228061676025e-01
4.493453353643417358e-02
-2.473109811544418335e-01
1.230716481804847717e-01
-1.346811503171920776e-01
-1.941806972026824951e-01
-6.819337010383605957e-01
3.774871677160263062e-02
1.145980805158615112e-01
-1.866517961025238037e-01
5.759716033935546875e-02
8.234896510839462280e-02
3.231912255287170410e-01
2.092568576335906982e-01
5.476041883230209351e-02
-1.214012950658798218e-01
-3.911745548248291016e-02
-8.863824605941772461e-01
-3.893440961837768555e-01
-5.556652545928955078e-01
4.968727827072143555e-01
2.633719146251678467e-01
-2.368329614400863647e-01
2.114383727312088013e-01
-4.726410508155822754e-01
-5.612834692001342773e-01
1.370636969804763794e-01
-8.312498778104782104e-02
-1.189692169427871704e-01
-9.331952929496765137e-01
-8.567847013473510742e-01
-3.025941848754882812e-01
2.244959324598312378e-01
1.309622526168823242e-01
5.019019842147827148e-01
5.271681398153305054e-02
-1.384693980216979980e-01
8.638626933097839355e-01
4.267295598983764648e-01
2.615606486797332764e-01
-1.859730780124664307e-01
-6.050512194633483887e-02
-1.513415724039077759e-01
-2.036145180463790894e-01
1.801451444625854492e-01
4.827744364738464355e-01
4.868559539318084717e-01
1.235904097557067871e-01
-2.312657833099365234e-01
4.694454371929168701e-01
-4.095088690519332886e-02
-5.680652260780334473e-01
-1.141408905386924744e-01
1.625867784023284912e-01
-3.243966996669769287e-01
1.322050839662551880e-01
-2.902756631374359131e-01
-5.243499875068664551e-01
-2.055453956127166748e-01
-1.363130509853363037e-01
-1.323866397142410278e-01
3.664994835853576660e-01
2.235530465841293335e-01
-1.822528801858425140e-02
2.688165903091430664e-01
-6.548461318016052246e-01
7.779517769813537598e-01
-4.599633216857910156e-01
3.478714078664779663e-02
1.281038522720336914e-01
7.679530382156372070e-01
1.025432944297790527e-01
-3.451333642005920410e-01
2.400440126657485962e-01
2.631304562091827393e-01
3.063077628612518311e-01
-3.131010234355926514e-01
1.113245338201522827e-01
1.253580600023269653e-01
-2.731202244758605957e-01
-1.102156713604927063e-01
2.550486326217651367e-01
8.040753602981567383e-01
-2.317006140947341919e-01
-1.235287413001060486e-01
-1.721297800540924072e-01
7.361554503440856934e-01
-1.758867353200912476e-01
3.035779297351837158e-01
-1.494790464639663696e-01
1.525777280330657959e-01
2.073359675705432892e-02
-4.809206724166870117e-01
1.541419923305511475e-01
9.560937434434890747e-02
-6.312074065208435059e-01
2.882758155465126038e-02
1.144204568117856979e-02
-8.189572095870971680e-01
1.989823728799819946e-01
-1.390522718429565430e-01
-6.025448907166719437e-03
6.798399984836578369e-02
-1.450814902782440186e-01
-2.053559385240077972e-02
-3.280468583106994629e-01
-1.844542920589447021e-01
-1.191192567348480225e-01
-2.828030288219451904e-01
1.889908462762832642e-01
-1.281955391168594360e-01
8.228432387113571167e-02
-1.893988996744155884e-01
-3.028513491153717041e-02
-1.666747778654098511e-01
-2.705709934234619141e-01
-4.391308128833770752e-01
1.736466646194458008e+00
1.345552682876586914e+00
1.061982750892639160e+00
-1.593854725360870361e-01
2.166909724473953247e-01
2.256249487400054932e-01
-6.818605065345764160e-01
1.871668249368667603e-01
5.207470655441284180e-01
2.143085598945617676e-01
2.060759067535400391e+00
1.912242025136947632e-01
6.240376830101013184e-01
5.590153932571411133e-01
-1.614934056997299194e-01
-4.991264641284942627e-01
-6.093414425849914551e-01
-1.612565040588378906e+00
-3.737343549728393555e-01
2.752633094787597656e-01
1.504752486944198608e-01
-2.239534258842468262e-01
-2.875073067843914032e-02
3.361334204673767090e-01
-1.589157618582248688e-03
-3.255805969238281250e-01
3.593170046806335449e-01
-1.727586984634399414e-02
2.331480830907821655e-01
-8.625882118940353394e-02
2.101575434207916260e-01
-1.926298737525939941e-01
8.041315525770187378e-02
2.389742620289325714e-02
3.159805238246917725e-01
2.217023819684982300e-01
-3.038606047630310059e-01
1.198672596365213394e-02
-3.123990893363952637e-01
1.781182289123535156e-01
3.887137174606323242e-01
2.249884903430938721e-01
1.136844456195831299e-01
-3.736669123172760010e-01
-1.114072054624557495e-01
2.170377224683761597e-02
-2.907009720802307129e-01
-2.004421502351760864e-01
4.545876383781433105e-01
2.204602509737014771e-01
-8.354796469211578369e-02
-9.149461984634399414e-02
3.543083071708679199e-01
1.414190828800201416e-01
1.181195303797721863e-01
1.142385648563504219e-03
-4.420725628733634949e-02
-2.474078983068466187e-01
6.298027187585830688e-02
-4.292953610420227051e-01
1.583582013845443726e-01
4.956004619598388672e-01
-2.708667814731597900e-01
-8.376940339803695679e-02
1.148762255907058716e-01
2.518863677978515625e-01
-1.045902147889137268e-01
-4.178348779678344727e-01
-7.158738374710083008e-02
2.649245560169219971e-01
2.459711395204067230e-02
4.274749159812927246e-01
-1.677387803792953491e-01
1.083106473088264465e-01
-6.201849877834320068e-02
-2.103111147880554199e-01
1.892107427120208740e-01
-4.132838174700737000e-02
1.379850953817367554e-01
-1.814705431461334229e-01
-1.344446688890457153e-01
2.838347852230072021e-02
-2.821971178054809570e-01
-1.295761615037918091e-01
2.361881136894226074e-01
2.373570650815963745e-01
-1.281175911426544189e-01
-1.602491736412048340e-01
3.120849467813968658e-02
8.285977244377136230e-01
1.228690445423126221e-01
-3.618005290627479553e-02
-1.611486226320266724e-01
1.552001982927322388e-01
2.894583642482757568e-01
-3.023344576358795166e-01
-4.525863230228424072e-01
-4.773125797510147095e-02
2.975972294807434082e-01
-1.228502243757247925e-01
-1.884816288948059082e-01
-2.829785924404859543e-03
-1.671494357287883759e-02
-5.548346415162086487e-02
2.835525274276733398e-01
4.172586500644683838e-01
-1.196049526333808899e-01
-1.396514177322387695e-01
-1.546881347894668579e-01
4.721205830574035645e-01
-3.993076086044311523e-02
7.226871699094772339e-02
-1.670895963907241821e-01
4.060867056250572205e-02
-2.325476706027984619e-01
-5.022734999656677246e-01
1.664143651723861694e-01
-1.855777055025100708e-01
-5.158714652061462402e-01
9.360542148351669312e-02
-5.515882372856140137e-01
-6.212533712387084961e-01
-1.343652885407209396e-02
1.855396479368209839e-01
6.583520770072937012e-02
-2.248023077845573425e-02
1.785847544670104980e-01
-8.248213678598403931e-02
-8.947807550430297852e-02
-1.598379760980606079e-01
7.063091546297073364e-02
-6.366799026727676392e-02
-4.053895175457000732e-01
-2.679617106914520264e-01
-4.726092889904975891e-02
1.017252653837203979e-01
-2.601253241300582886e-02
6.096695065498352051e-01
4.345279932022094727e-01
9.962253272533416748e-02
5.057545378804206848e-02
-2.077219635248184204e-01
7.706901431083679199e-01
1.423819214105606079e-01
4.573544561862945557e-01
3.507043719291687012e-01
-6.373985409736633301e-01
4.568662941455841064e-01
6.529054641723632812e-01
-1.721441000699996948e-01
-4.498367756605148315e-02
7.025834321975708008e-01
-2.056237459182739258e-01
2.596303224563598633e-01
2.493987828493118286e-01
4.895316660404205322e-01
2.107307910919189453e-01
-3.764519691467285156e-01
-3.741450011730194092e-01
-2.988080680370330811e-01
-1.239470541477203369e-01
3.508958518505096436e-01
7.255859673023223877e-02
-2.193264216184616089e-01
-3.976703584194183350e-01
-3.179458081722259521e-01
3.689545020461082458e-02
-3.994950950145721436e-01
-5.199285969138145447e-02
-3.910019695758819580e-01
-2.634724676609039307e-01
1.930722445249557495e-01
1.996736824512481689e-01
2.876554848626255989e-03
-1.039292290806770325e-02
1.586349308490753174e-01
-3.524270951747894287e-01
1.596446186304092407e-01
-2.516445219516754150e-01
-8.447787165641784668e-02
-1.540126800537109375e-01
4.490183200687170029e-03
-1.187152639031410217e-01
-4.341252446174621582e-01
-1.706440746784210205e-01
-5.435255765914916992e-01
3.516463041305541992e-01
-1.434908807277679443e-01
-1.451864689588546753e-01
-1.151048615574836731e-01
-4.664434790611267090e-01
8.526869863271713257e-02
2.068935632705688477e-01
-8.592645078897476196e-02
-3.217099905014038086e-01
6.633262634277343750e-01
-2.857651375234127045e-02
1.237539052963256836e-01
1.167680844664573669e-01
6.596614718437194824e-01
1.263926476240158081e-01
-3.845224156975746155e-02
8.369569778442382812e-01
2.359092421829700470e-02
2.422348409891128540e-01
5.459504202008247375e-02
1.294886767864227295e-01
1.875398606061935425e-01
3.540548384189605713e-01
3.885614573955535889e-01
-4.172850251197814941e-01
-9.923649430274963379e-01
-1.686548627912998199e-02
1.875219196081161499e-01
1.135542631149291992e+00
2.300390005111694336e-01
2.877358794212341309e-01
2.301421761512756348e-01
1.458560526371002197e-01
-8.823398500680923462e-02
6.017768289893865585e-03
6.968867778778076172e-02
-1.753003001213073730e-01
-1.487091481685638428e-01
-1.078769117593765259e-01
1.760674864053726196e-01
-1.233307570219039917e-01
3.004818968474864960e-02
-3.460781574249267578e-01
-1.342215389013290405e-01
1.494113057851791382e-01
2.316279113292694092e-01
-2.183365672826766968e-01
1.886918693780899048e-01
-1.546858549118041992e-01
-5.443809628486633301e-01
-1.838233023881912231e-01
-3.995924256742000580e-03
4.226767718791961670e-01
3.510763123631477356e-02
3.908921182155609131e-01
-7.701993584632873535e-01
-1.459737271070480347e-01
-3.794798552989959717e-01
9.231823086738586426e-01
2.377092391252517700e-01
-5.782328248023986816e-01
7.531831860542297363e-01
4.657214581966400146e-01
-4.550547301769256592e-01
4.738871455192565918e-01
-3.577459454536437988e-01
-5.284695625305175781e-01
6.947529315948486328e-01
2.479726225137710571e-01
4.477079510688781738e-01
-3.887890279293060303e-02
-2.871658205986022949e-01
-3.250678181648254395e-01
-1.809345781803131104e-01
-2.040709108114242554e-01
4.823712706565856934e-01
-1.241145059466362000e-01
1.742070615291595459e-01
-3.623200654983520508e-01
-5.392220616340637207e-01
4.277389049530029297e-01
-2.460309714078903198e-01
-6.851158291101455688e-02
3.998595476150512695e-01
-1.127217188477516174e-01
8.123189210891723633e-02
3.364565372467041016e-01
-4.018138349056243896e-01
6.438649445772171021e-02
-1.689970120787620544e-02
2.595333755016326904e-01
2.188080400228500366e-01
3.745429962873458862e-02
-3.227522671222686768e-01
-6.001247838139533997e-02
-4.752401635050773621e-02
-1.027509450912475586e+00
-1.693422198295593262e-01
-2.724560201168060303e-01
7.850105315446853638e-02
6.667359918355941772e-02
-1.470049470663070679e-01
-4.520026147365570068e-01
-2.308080941438674927e-01
2.561739385128021240e-01
7.038894575089216232e-03
2.069270908832550049e-01
-8.994933962821960449e-02
-2.442267835140228271e-01
-4.771061539649963379e-01
-1.865620613098144531e-01
9.930128604173660278e-02
-4.491045475006103516e-01
-3.768812716007232666e-01
2.690479159355163574e-02
6.518655419349670410e-01
-7.620978355407714844e-01
2.782942540943622589e-02
-5.717335939407348633e-01
-4.252812564373016357e-01
2.298170328140258789e-01
-5.440734624862670898e-01
-3.313141167163848877e-01
9.794631041586399078e-03
3.823554143309593201e-02
-4.082009792327880859e-01
6.711217164993286133e-01
-7.178795933723449707e-01
-4.625382721424102783e-01
-8.290022611618041992e-01
-3.834489285945892334e-01
-9.408240020275115967e-02
-9.041192010045051575e-03
-1.529168933629989624e-01
-1.624066941440105438e-02
-2.397690713405609131e-01
-9.872464537620544434e-01
-4.571772813796997070e-01
5.812387168407440186e-02
7.601679861545562744e-02
2.416110634803771973e-01
1.946999877691268921e-01
-3.908513486385345459e-01
-2.757833302021026611e-01
1.919823139905929565e-01
-5.066564083099365234e-01
1.992773711681365967e-01
5.939488485455513000e-02
-3.283643722534179688e-01
-5.762325525283813477e-01
-1.893678903579711914e-01
2.261820733547210693e-01
-4.537199139595031738e-01
-1.089846193790435791e-01
-2.607848346233367920e-01
2.707064151763916016e-01
-1.470519453287124634e-01
1.814898103475570679e-01
-2.579206526279449463e-01
-5.501821637153625488e-01
1.065552458167076111e-01
-2.868365645408630371e-01
-3.354473114013671875e-01
3.689419031143188477e-01
-4.656960666179656982e-01
1.264587640762329102e-01
9.689858555793762207e-02
-2.882645428180694580e-01
2.384523600339889526e-01
4.343462362885475159e-02
1.442506164312362671e-02
1.011164262890815735e-01
-1.140782535076141357e-01
2.129628956317901611e-01
-1.392114907503128052e-01
2.154635265469551086e-02
2.821265459060668945e-01
3.477858304977416992e-01
-1.444298177957534790e-01
-1.205535605549812317e-01
-2.330410182476043701e-01
-2.479456067085266113e-01
4.377591013908386230e-01
1.486029177904129028e-01
-1.262551546096801758e-01
3.750129938125610352e-01
1.269419342279434204e-01
-5.282375589013099670e-02
1.075605377554893494e-01
3.942542672157287598e-01
2.498149573802947998e-01
-8.590950816869735718e-02
1.578400582075119019e-01
3.231106996536254883e-01
-1.520344465970993042e-01
-2.721649706363677979e-01
5.957329273223876953e-01
4.932574927806854248e-01
-3.025746345520019531e-01
-8.423618078231811523e-01
4.351233839988708496e-01
1.672151982784271240e-01
4.211041033267974854e-01
1.068085789680480957e+00
-2.195378094911575317e-01
-7.697737812995910645e-01
-1.448166221380233765e-01
-2.755160257220268250e-02
3.463381826877593994e-01
7.421922683715820312e-01
7.965401411056518555e-01
8.460646122694015503e-02
2.121695876121520996e-02
-2.868939936161041260e-01
1.054588854312896729e-01
-1.901189424097537994e-02
-4.112112820148468018e-01
-4.320276081562042236e-01
1.723787337541580200e-01
-2.076029479503631592e-01
4.917068481445312500e-01
1.813129894435405731e-02
-8.309229016304016113e-01
-5.635669827461242676e-01
7.203105371445417404e-03
1.670755147933959961e-01
-1.585376709699630737e-01
2.987558543682098389e-01
-1.681982427835464478e-01
-3.934160470962524414e-01
-1.419614255428314209e-01
-2.967337071895599365e-01
5.055137872695922852e-01
2.877733111381530762e-01
1.611843258142471313e-01
-5.420461297035217285e-01
2.947162985801696777e-01
-5.204426124691963196e-02
4.002540409564971924e-01
-9.107214212417602539e-01
5.084660649299621582e-01
6.723329424858093262e-01
3.662303090095520020e-01
1.750131547451019287e-01
1.980569958686828613e-01
1.360123157501220703e-01
-4.603320956230163574e-01
3.591383695602416992e-01
2.597210407257080078e-01
3.729708790779113770e-01
2.760855257511138916e-01
1.077669858932495117e-01
-1.138550415635108948e-01
3.106092475354671478e-02
-2.526012957096099854e-01
3.497070074081420898e-01
-1.901463270187377930e-01
7.621371001005172729e-02
9.121111780405044556e-02
7.674946635961532593e-02
-3.036485910415649414e-01
-2.364705950021743774e-01
2.738487422466278076e-01
4.000108242034912109e-01
-1.378891430795192719e-02
-6.158204674720764160e-01
2.565944492816925049e-01
-2.389788180589675903e-01
5.189826712012290955e-02
9.920422732830047607e-02
3.131109774112701416e-01
-1.631511300802230835e-01
2.427972853183746338e-01
4.457882046699523926e-02
4.703341051936149597e-02
-1.423430591821670532e-01
2.615698277950286865e-01
1.376320272684097290e-01
3.989073336124420166e-01
2.826734185218811035e-01
1.608618348836898804e-01
4.120152294635772705e-01
6.540710926055908203e-01
-2.166735231876373291e-01
-6.577759236097335815e-02
1.004346162080764771e-01
-5.468184351921081543e-01
3.053079843521118164e-01
2.336358726024627686e-01
2.817651331424713135e-01
-5.156563594937324524e-02
2.552387118339538574e-01
-3.074731230735778809e-01
-1.694117439910769463e-03
1.232325285673141479e-01
2.163122147321701050e-01
-6.872913986444473267e-02
-4.589834809303283691e-02
-3.998329639434814453e-01
-3.815506100654602051e-01
6.698014140129089355e-01
-2.156423628330230713e-01
-2.791780531406402588e-01
1.695119440555572510e-01
3.089197278022766113e-01
4.183983504772186279e-01
2.131145596504211426e-01
-1.745414733886718750e-01
-1.300866808742284775e-02
-1.880287826061248779e-01
-3.187488913536071777e-01
1.205266267061233521e-02
-7.595244646072387695e-01
1.509776264429092407e-01
-8.688287809491157532e-03
5.493247509002685547e-01
-2.635685205459594727e-01
1.931445598602294922e-01
-7.840207815170288086e-01
-5.234299302101135254e-01
6.044577956199645996e-01
-4.723362624645233154e-01
-6.092210412025451660e-01
2.724891901016235352e-01
-4.022348821163177490e-01
-5.731943845748901367e-01
3.177497088909149170e-01
-8.320134878158569336e-01
7.165822386741638184e-02
-2.384526282548904419e-01
-1.902665942907333374e-01
1.412997841835021973e-01
1.071724854409694672e-02
-1.319128274917602539e-01
-2.333507873117923737e-02
1.280190944671630859e-01
-9.442421048879623413e-02
-1.441939324140548706e-01
-3.836047276854515076e-02
-3.591532409191131592e-01
-1.367490291595458984e-01
-5.829104036092758179e-02
-2.270628213882446289e-01
-7.854881882667541504e-02
-3.019506335258483887e-01
-3.849690780043601990e-02
-1.535266637802124023e-01
2.291449345648288727e-02
-3.625226765871047974e-02
3.953984379768371582e-01
-3.645665049552917480e-01
-7.480394840240478516e-02
-4.456494450569152832e-01
-3.040516562759876251e-02
-5.585783720016479492e-02
1.499311625957489014e-01
-4.723799228668212891e-01
1.720998622477054596e-02
1.940657012164592743e-02
7.362347841262817383e-01
-4.884659051895141602e-01
7.810349017381668091e-02
1.166384890675544739e-01
9.517328813672065735e-03
1.638381034135818481e-01
-1.740224510431289673e-01
-2.094925493001937866e-01
-2.089069634675979614e-01
1.256241947412490845e-01
-6.044575572013854980e-01
1.521400213241577148e-01
4.741466790437698364e-02
3.104033172130584717e-01
1.420196741819381714e-01
4.941706061363220215e-01
-4.689592421054840088e-01
5.920577645301818848e-01
-1.637482494115829468e-01
-4.209329485893249512e-01
-6.924903988838195801e-01
-2.537989914417266846e-01
-5.497543811798095703e-01
1.594036519527435303e-01
8.176626637578010559e-03
-5.670518279075622559e-01
1.060165911912918091e-01
2.525723874568939209e-01
1.252039372920989990e-01
-2.530591487884521484e-01
-1.045805811882019043e+00
2.667045891284942627e-01
-9.850527346134185791e-02
8.001194149255752563e-02
-3.133421242237091064e-01
-8.867732882499694824e-01
3.239694237709045410e-01
-4.261099994182586670e-01
-2.613196969032287598e-01
-4.078494906425476074e-01
5.423025488853454590e-01
-6.067712306976318359e-01
1.554395705461502075e-01
8.519914746284484863e-02
-4.802108407020568848e-01
2.714544236660003662e-01
2.179658114910125732e-01
-1.206887215375900269e-01
-1.087605655193328857e-01
-6.228934973478317261e-02
5.269611477851867676e-01
-1.451053321361541748e-01
-1.028080508112907410e-01
5.739067792892456055e-01
3.835985958576202393e-01
2.247859537601470947e-01
-1.907972842454910278e-01
2.148762345314025879e-01
-5.975387524813413620e-03
-1.014391660690307617e+00
-2.724801898002624512e-01
-4.964852035045623779e-01
-8.772023022174835205e-02
5.616740584373474121e-01
4.931294023990631104e-01
-1.297580450773239136e-01
3.183860182762145996e-01
-1.049666181206703186e-01
1.581479236483573914e-02
-9.208754450082778931e-02
-4.278889000415802002e-01
2.080088555812835693e-01
-2.411839365959167480e-01
3.816792368888854980e-02
-9.433022141456604004e-01
-2.055921703577041626e-01
1.563456505537033081e-01
1.637070029973983765e-01
-5.146372914314270020e-01
-1.131600048393011093e-02
-4.676689580082893372e-02
-5.009188652038574219e-01
-2.482812851667404175e-01
1.712260842323303223e-01
2.670507431030273438e-01
-3.309178948402404785e-01
3.124791979789733887e-01
7.627756893634796143e-02
4.455094933509826660e-01
-1.429213583469390869e-01
3.187639266252517700e-02
-1.568713635206222534e-01
8.322795033454895020e-01
1.094104796648025513e-01
-4.300440847873687744e-01
-3.885047733783721924e-01
1.872564256191253662e-01
-1.822987198829650879e-01
2.407006621360778809e-01
-3.570838272571563721e-02
7.762826085090637207e-01
-8.047107607126235962e-02
3.419725298881530762e-01
-1.044802963733673096e-01
-4.306974112987518311e-01
3.138506114482879639e-01
-1.082126975059509277e+00
-9.794972836971282959e-03
-1.037034869194030762e+00
2.270535975694656372e-01
2.563675045967102051e-01
4.578258693218231201e-01
1.497249007225036621e-01
-2.438644617795944214e-01
8.100554347038269043e-02
-5.740925669670104980e-01
7.672896981239318848e-02
-8.960215449333190918e-01
3.679481446743011475e-01
-4.220075607299804688e-01
7.890790104866027832e-01
5.304156988859176636e-02
4.671030342578887939e-01
5.974560976028442383e-02
-1.598079204559326172e-01
1.546732634305953979e-01
-1.935821473598480225e-01
-2.566937208175659180e-01
-5.143188834190368652e-01
8.668245077133178711e-01
1.006614685058593750e+00
-1.880956292152404785e-01
-1.628494262695312500e-01
1.067437410354614258e+00
3.884354233741760254e-01
5.471945181488990784e-02
-5.126458406448364258e-01
4.976202845573425293e-01
1.427719891071319580e-01
-1.093612074851989746e+00
-6.778575778007507324e-01
-1.220251321792602539e+00
-1.355497241020202637e-01
9.392001032829284668e-01
1.221091486513614655e-02
-1.537480652332305908e-01
5.317355394363403320e-01
-1.826692372560501099e-01
3.040502369403839111e-01
-2.159315049648284912e-01
-6.455454230308532715e-01
2.563711404800415039e-01
-3.317606449127197266e-01
4.462761580944061279e-01
6.431442499160766602e-02
5.618411581963300705e-03
-3.414198160171508789e-01
-3.645538911223411560e-02
1.370908319950103760e-01
-6.772206425666809082e-01
-1.492277383804321289e-01
-4.650802612304687500e-01
5.266524478793144226e-02
3.593023717403411865e-01
-7.743693422526121140e-03
-2.625612616539001465e-01
-1.729052662849426270e-01
-2.098478190600872040e-02
-1.288520246744155884e-01
1.534283757209777832e-01
5.588351190090179443e-02
2.333987206220626831e-01
-5.761694163084030151e-02
3.978311419486999512e-01
4.807951748371124268e-01
1.814451366662979126e-01
-1.670812219381332397e-01
2.240054607391357422e-01
7.467290014028549194e-02
-4.702940881252288818e-01
-4.671870172023773193e-01
-1.705347299575805664e-01
-3.067585527896881104e-01
4.654160887002944946e-02
1.773160696029663086e-01
-1.640541106462478638e-01
2.802264690399169922e-01
-1.689134389162063599e-01
1.152381598949432373e-01
-2.462479323148727417e-01
-4.596056044101715088e-01
-2.575105428695678711e-01
8.215712010860443115e-02
-6.923118829727172852e-01
-2.270188927650451660e-02
-1.656865924596786499e-01
6.835080385208129883e-01
-3.318468332290649414e-01
7.879417389631271362e-03
-9.792028367519378662e-02
4.555525481700897217e-01
-3.480938076972961426e-01
7.117482274770736694e-02
-2.980824708938598633e-01
-5.034013986587524414e-01
3.370832502841949463e-01
2.147054076194763184e-01
-7.612816691398620605e-01
1.583912968635559082e-01
-1.562293469905853271e-01
2.063096612691879272e-01
-2.406864911317825317e-01
7.815543562173843384e-02
-1.024789456278085709e-02
-1.239356637001037598e+00
1.027676537632942200e-01
1.060343980789184570e-01
1.644969731569290161e-02
-4.299507737159729004e-01
-3.345784544944763184e-01
-1.715260446071624756e-01
-5.312159061431884766e-01
-3.110322952270507812e-01
1.580482423305511475e-01
4.716272000223398209e-03
-3.751494288444519043e-01
2.940843813121318817e-02
1.693398319184780121e-02
4.158727824687957764e-01
-1.922690570354461670e-01
-1.872496306896209717e-01
-7.133719325065612793e-01
4.557835757732391357e-01
-1.688080132007598877e-01
-3.138941824436187744e-01
5.227571353316307068e-02
4.665355384349822998e-01
-6.122826784849166870e-02
-2.210285067558288574e-01
5.305029153823852539e-01
-2.235127389430999756e-01
6.882613897323608398e-01
-7.077855616807937622e-02
-1.996010839939117432e-01
2.433621510863304138e-02
-1.861223578453063965e-01
3.795980811119079590e-01
-5.100788548588752747e-02
2.242766171693801880e-01
-1.180566921830177307e-01
1.334986537694931030e-01
-8.669894933700561523e-02
3.833242654800415039e-01
-4.209677577018737793e-01
-1.515144109725952148e-01
2.741465270519256592e-01
1.975325942039489746e-01
1.009819433093070984e-01
-9.967455267906188965e-02
7.133505940437316895e-01
1.714143157005310059e-01
7.891268730163574219e-01
-2.616230845451354980e-01
-6.123653054237365723e-01
3.152508735656738281e-01
8.870232105255126953e-02
4.702730476856231689e-01
5.754802376031875610e-02
2.668982148170471191e-01
-2.792615443468093872e-03
1.739998906850814819e-01
-4.460444748401641846e-01
1.553516834974288940e-01
-2.236595004796981812e-01
-6.263694725930690765e-03
-2.081332951784133911e-01
-1.522245407104492188e-01
-9.914345145225524902e-01
1.187659427523612976e-01
-1.755959689617156982e-01
8.903384804725646973e-01
2.170713618397712708e-02
7.374508380889892578e-01
1.007096096873283386e-01
2.193839251995086670e-01
1.231816038489341736e-01
-3.357288539409637451e-01
1.506475806236267090e-01
-1.756131350994110107e-01
6.551861763000488281e-01
9.802197813987731934e-01
-1.618872433900833130e-01
-2.132145017385482788e-01
-9.002068638801574707e-02
3.005173206329345703e-01
3.680860623717308044e-02
2.335492819547653198e-01
-1.006531000137329102e+00
4.954903125762939453e-01
-5.781388878822326660e-01
9.105407595634460449e-01
1.058366242796182632e-02
6.165336370468139648e-01
-2.729256749153137207e-01
2.954051792621612549e-01
2.928911745548248291e-01
-4.543379843235015869e-01
2.011556178331375122e-02
-4.445182979106903076e-01
5.995501279830932617e-01
9.574456810951232910e-01
-9.480110555887222290e-02
-8.769652992486953735e-02
-4.485142529010772705e-01
-4.071780443191528320e-01
2.225950658321380615e-01
9.231765270233154297e-01
-1.190110370516777039e-01
-6.591377854347229004e-01
8.090422153472900391e-01
1.578955799341201782e-01
1.174819469451904297e+00
-2.605366408824920654e-01
-1.193648815155029297e+00
5.715652108192443848e-01
5.089714527130126953e-01
7.298721373081207275e-02
3.134741187095642090e-01
1.363351494073867798e-01
1.676930785179138184e-01
4.087078571319580078e-01
-3.744103610515594482e-01
3.084194362163543701e-01
-2.380928546190261841e-01
1.602736413478851318e-01
3.782513365149497986e-02
-5.135692954063415527e-01
2.863052487373352051e-01
1.252253800630569458e-01
-8.376013636589050293e-01
-3.701388835906982422e-01
-3.550517559051513672e-01
1.335034519433975220e-01
-8.755080634728074074e-04
8.945975899696350098e-01
2.790230512619018555e-01
-2.253113538026809692e-01
1.192447394132614136e-01
-2.739706933498382568e-01
-1.520289778709411621e-01
-9.556318819522857666e-02
3.360605239868164062e-01
-4.333809912204742432e-01
-6.739867329597473145e-01
-7.661503553390502930e-01
-2.685267031192779541e-01
3.524855673313140869e-01
-1.844730079174041748e-01
-3.812220990657806396e-01
-1.592398881912231445e-01
1.552685946226119995e-01
-2.021911591291427612e-01
-3.017190992832183838e-01
1.337714046239852905e-01
2.490561902523040771e-01
-3.528896272182464600e-01
4.161319732666015625e-01
-3.205263614654541016e-01
5.529397130012512207e-01
3.241889551281929016e-02
1.947069317102432251e-01
-3.188948929309844971e-01
1.919205933809280396e-01
-1.006706729531288147e-01
1.134342908859252930e+00
-2.763778865337371826e-01
4.942275881767272949e-01
-2.414433807134628296e-01
2.005410492420196533e-01
7.222948968410491943e-02
1.883018016815185547e-01
3.564626872539520264e-01
-1.709520630538463593e-02
-5.759477019309997559e-01
-2.053099125623703003e-02
3.289939463138580322e-01
7.450427114963531494e-02
-5.039792060852050781e-01
-8.240912854671478271e-02
3.645305037498474121e-01
3.564882576465606689e-01
7.528463006019592285e-02
-7.270246148109436035e-01
2.044893205165863037e-01
3.546135872602462769e-02
2.825076319277286530e-02
-1.486859321594238281e-01
9.928952902555465698e-02
1.763959676027297974e-01
-1.144431233406066895e+00
-2.994827330112457275e-01
-9.186804890632629395e-01
7.114739716053009033e-02
7.170885801315307617e-01
-2.070230664685368538e-03
-3.351144194602966309e-01
-1.350884139537811279e-01
-7.768159359693527222e-02
-1.944959908723831177e-01
-8.989882469177246094e-02
-2.145764529705047607e-01
1.274838149547576904e-01
-1.976369321346282959e-01
-2.015785276889801025e-01
1.204548403620719910e-02
4.201831519603729248e-01
5.048910379409790039e-01
-8.588664233684539795e-02
-2.093070000410079956e-02
5.906979441642761230e-01
-1.299325823783874512e-01
4.945301711559295654e-01
-7.219200581312179565e-02
-6.970932483673095703e-01
1.547571569681167603e-01
1.641172915697097778e-01
2.513923645019531250e-01
1.357428729534149170e-01
1.782170087099075317e-01
-4.273896664381027222e-02
-2.350804805755615234e-01
-1.900373101234436035e-01
2.265226840972900391e-01
-4.330490231513977051e-01
4.469203352928161621e-01
5.728358775377273560e-02
-2.515346109867095947e-01
-1.024063944816589355e+00
7.827741503715515137e-01
9.505593031644821167e-02
5.641927123069763184e-01
-3.014391064643859863e-01
3.200480043888092041e-01
4.665057361125946045e-02
-6.174883991479873657e-02
-9.588119983673095703e-01
-9.997781515121459961e-01
-1.146387867629528046e-02
3.533512949943542480e-01
1.452893912792205811e-01
-1.272089332342147827e-01
3.937388956546783447e-01
-1.124881058931350708e-01
-2.848284542560577393e-01
2.217834815382957458e-02
-1.784586459398269653e-01
-2.671255171298980713e-01
-8.500335365533828735e-02
9.681993722915649414e-01
-2.793327271938323975e-01
3.451113402843475342e-01
-1.734182834625244141e-01
-1.963049471378326416e-01
2.006622552871704102e-01
4.155407845973968506e-01
-1.053219512104988098e-01
1.256120800971984863e-01
5.081695318222045898e-01
-3.823897242546081543e-02
-2.278864383697509766e-01
2.316397428512573242e-01
-5.431064367294311523e-01
3.196767568588256836e-01
-7.918818593025207520e-01
1.270103305578231812e-01
1.238201651722192764e-02
5.983946919441223145e-01
-4.450322389602661133e-01
-9.258752465248107910e-01
5.210900306701660156e-01
5.221871137619018555e-01
-5.307462811470031738e-01
2.916828393936157227e-01
-4.019227325916290283e-01
-5.488933920860290527e-01
-6.128209829330444336e-01
-3.020469248294830322e-01
-4.858793318271636963e-01
3.567861616611480713e-01
-7.735115289688110352e-02
-2.614170908927917480e-01
5.853241086006164551e-01
-4.799323379993438721e-01
9.561477899551391602e-01
-1.120385646820068359e+00
5.304064750671386719e-01
-2.200205475091934204e-01
1.155269145965576172e+00
-1.536772608757019043e+00
-5.143035650253295898e-01
-9.058864712715148926e-01
3.168498575687408447e-01
6.156551837921142578e-01
1.858059614896774292e-01
9.610273689031600952e-02
1.181155562400817871e+00
7.090615630149841309e-01
-6.246141791343688965e-01
-1.129005908966064453e+00
7.384560704231262207e-01
2.098371833562850952e-01
-3.976158797740936279e-01
1.716687977313995361e-01
-5.625655129551887512e-02
5.579082369804382324e-01
-8.632919192314147949e-01
