1.383127093315124512e+00
1.833177357912063599e-01
-9.958644509315490723e-01
-7.828484475612640381e-02
-1.245253443717956543e+00
6.640482544898986816e-01
-8.030045032501220703e-01
-2.195866256952285767e-01
4.398970305919647217e-01
6.980681419372558594e-02
1.106806635856628418e+00
6.343496590852737427e-02
5.927649140357971191e-01
1.642183214426040649e-01
-5.855100750923156738e-01
-1.792103797197341919e-01
4.367647171020507812e-01
1.179140582680702209e-01
1.257748484611511230e+00
1.886877603828907013e-02
-1.236959695816040039e+00
-2.599196434020996094e-01
-1.100317001342773438e+00
-1.482389569282531738e-01
-6.264963746070861816e-01
-1.864723563194274902e-01
3.800739645957946777e-01
5.626237988471984863e-01
-6.567422747611999512e-01
3.614812195301055908e-01
1.410091876983642578e+00
2.999518513679504395e-01
7.584637999534606934e-01
-1.501726031303405762e+00
-1.502319216728210449e+00
-6.813517957925796509e-02
1.413274407386779785e+00
2.639039754867553711e-01
7.950471043586730957e-01
2.114546895027160645e-01
5.957011580467224121e-01
-5.795071721076965332e-01
-5.681630373001098633e-01
-6.455170512199401855e-01
-2.374246418476104736e-01
6.336308717727661133e-01
4.766928851604461670e-01
-4.671103358268737793e-01
3.464098572731018066e-01
6.734316349029541016e-01
-6.096109747886657715e-01
-5.434759259223937988e-01
-3.971693217754364014e-01
4.275954961776733398e-01
-2.763681113719940186e-01
4.405820965766906738e-01
1.113983392715454102e+00
-7.419200539588928223e-01
9.187442064285278320e-01
6.257068514823913574e-01
-3.367731869220733643e-01
5.139780044555664062e-01
-1.744804024696350098e+00
3.040710687637329102e-01
5.701753869652748108e-02
-5.242505073547363281e-01
-1.684851646423339844e-01
6.852195858955383301e-01
-5.255704522132873535e-01
-9.681236147880554199e-01
4.393817484378814697e-01
1.938740760087966919e-01
3.729014992713928223e-01
-9.415488839149475098e-01
-6.205788850784301758e-01
8.590041543357074261e-04
1.298381686210632324e+00
7.759090065956115723e-01
-4.253491759300231934e-01
-1.290216445922851562e-01
4.163957238197326660e-01
-6.199816465377807617e-01
-8.862215876579284668e-01
-8.275206089019775391e-01
1.721231192350387573e-01
3.459072411060333252e-01
5.837032198905944824e-01
-4.513569474220275879e-01
7.324779033660888672e-01
5.260978937149047852e-01
-2.414195835590362549e-01
-5.969198346138000488e-01
-7.810671329498291016e-01
3.056397736072540283e-01
-6.211622357368469238e-01
3.414347171783447266e-01
1.637168288230895996e+00
-3.972184956073760986e-01
5.808930397033691406e-01
4.640942215919494629e-01
-4.444845914840698242e-01
5.129339694976806641e-01
1.027259588241577148e+00
8.654302358627319336e-01
8.640899509191513062e-02
-7.342121601104736328e-01
-1.310938596725463867e-01
5.430821180343627930e-01
3.520891442894935608e-02
-7.914367914199829102e-01
4.782832860946655273e-01
7.051262259483337402e-01
5.442651510238647461e-01
-5.213051661849021912e-02
4.643890559673309326e-01
-3.232036232948303223e-01
2.662116102874279022e-02
9.184340238571166992e-01
-1.211956262588500977e+00
-7.354508042335510254e-01
-1.006592392921447754e+00
7.837532162666320801e-01
-8.619270920753479004e-01
3.374561965465545654e-01
5.999619364738464355e-01
-9.903641939163208008e-01
-4.909501075744628906e-01
8.629744648933410645e-01
-2.866095006465911865e-01
-9.428531527519226074e-01
5.805992484092712402e-01
1.131017446517944336e+00
5.946611762046813965e-01
-5.580642223358154297e-01
-4.558141529560089111e-01
-3.257963061332702637e-01
6.904538273811340332e-01
1.576088190078735352e+00
-5.485185980796813965e-01
-8.065897226333618164e-01
-8.006774783134460449e-01
4.380137920379638672e-01
5.808433294296264648e-01
9.336567521095275879e-01
2.027752064168453217e-02
-4.880692362785339355e-01
-4.070007503032684326e-01
3.049726486206054688e-01
-1.141623482108116150e-01
-4.584785997867584229e-01
2.536104023456573486e-01
6.766900420188903809e-01
3.209798634052276611e-01
4.792726039886474609e-02
-1.202102228999137878e-01
-8.583487272262573242e-01
-1.845821261405944824e+00
5.492668151855468750e-01
-7.876755595207214355e-01
-6.923608779907226562e-01
-7.204667925834655762e-01
5.750699639320373535e-01
1.430388927459716797e+00
6.817808151245117188e-01
-1.213275268673896790e-01
-4.678006172180175781e-01
-8.203071355819702148e-01
6.149674057960510254e-01
-7.758395671844482422e-01
-9.555287957191467285e-01
2.585918605327606201e-01
6.135716438293457031e-01
8.691506385803222656e-01
6.182513758540153503e-02
9.574955105781555176e-01
-4.444186985492706299e-01
4.775100350379943848e-01
7.001205086708068848e-01
-1.240635871887207031e+00
-2.375746965408325195e-01
8.063247799873352051e-01
-8.563802838325500488e-01
4.471168816089630127e-01
-1.167329430580139160e+00
-6.361197829246520996e-01
1.099694848060607910e+00
5.282402038574218750e-01
-1.295551419258117676e+00
5.097510218620300293e-01
1.161014080047607422e+00
-7.571774721145629883e-01
-7.619189023971557617e-01
-8.544327616691589355e-01
9.411951303482055664e-01
4.631528854370117188e-01
7.307671010494232178e-02
-2.416729032993316650e-01
-9.865527749061584473e-01
1.192449808120727539e+00
8.043789863586425781e-01
-6.579536795616149902e-01
2.602925598621368408e-01
5.238342285156250000e-01
4.643618762493133545e-01
4.397288262844085693e-01
-4.930469095706939697e-01
-2.016869783401489258e-01
4.466812908649444580e-01
4.529196396470069885e-02
-5.328081250190734863e-01
3.530061244964599609e-01
6.376308202743530273e-01
4.924694541841745377e-03
1.206329315900802612e-01
1.597577333450317383e-01
-2.809640765190124512e-01
-5.312487483024597168e-01
5.153998732566833496e-01
-8.395174741744995117e-01
-3.222807943820953369e-01
-3.420365154743194580e-01
2.498759776353836060e-01
3.063937723636627197e-01
3.982346951961517334e-01
-4.753839075565338135e-01
-2.389295697212219238e-01
-5.850058794021606445e-01
6.217043399810791016e-01
-4.981895983219146729e-01
-1.347312480211257935e-01
4.255239665508270264e-02
1.073567047715187073e-01
8.490441441535949707e-01
-2.874932587146759033e-01
1.178156659007072449e-01
-4.552106261253356934e-01
-5.468336343765258789e-01
3.030557334423065186e-01
-2.814075946807861328e-01
-3.094330132007598877e-01
-7.188749909400939941e-01
3.472384810447692871e-01
1.012331843376159668e+00
3.638939559459686279e-01
-6.413382291793823242e-02
-3.210171461105346680e-01
-1.659802347421646118e-01
1.256068795919418335e-01
3.086517751216888428e-01
-9.937205910682678223e-02
5.177491307258605957e-01
3.417805433273315430e-01
-5.067304242402315140e-03
3.290146291255950928e-01
5.219371318817138672e-01
-9.620626568794250488e-01
1.632126122713088989e-01
5.992906093597412109e-01
-6.229183673858642578e-01
-2.702741026878356934e-01
1.116482138633728027e+00
-6.378588080406188965e-01
5.393142104148864746e-01
-8.554230332374572754e-01
-4.951533079147338867e-01
7.180906534194946289e-01
8.272847533226013184e-01
-1.256897330284118652e+00
3.680373728275299072e-01
7.066177725791931152e-01
-7.550960779190063477e-01
-7.492271661758422852e-01
-4.746776521205902100e-01
7.469660639762878418e-01
2.907041311264038086e-01
2.347976118326187134e-01
-2.066655457019805908e-01
-1.054744362831115723e+00
8.534435033798217773e-01
9.998326301574707031e-01
-3.189159333705902100e-01
1.661302804946899414e+00
4.084981083869934082e-01
7.220700979232788086e-01
5.138330459594726562e-01
-1.735242605209350586e+00
-1.111090421676635742e+00
1.433006525039672852e+00
-1.380129337310791016e+00
-1.063531637191772461e+00
4.029825329780578613e-01
7.040895819664001465e-01
1.264173388481140137e+00
-5.174964070320129395e-01
5.769039988517761230e-01
-2.573406696319580078e-01
3.459666073322296143e-01
1.070746898651123047e+00
-1.059975147247314453e+00
-8.261368274688720703e-01
-7.452333569526672363e-01
4.021603167057037354e-01
-1.755619347095489502e-01
9.394049644470214844e-01
6.909183263778686523e-01
-6.532957553863525391e-01
-8.497737646102905273e-01
1.009823560714721680e+00
-1.731701344251632690e-01
-5.081481337547302246e-01
4.726570546627044678e-01
6.144831180572509766e-01
-1.818364672362804413e-02
-5.000207424163818359e-01
-2.566652595996856689e-01
-1.867562681436538696e-01
-7.522571086883544922e-01
9.580022692680358887e-01
-8.945301771163940430e-01
-8.599781990051269531e-01
-8.829086422920227051e-01
7.967499494552612305e-01
-7.224127650260925293e-01
1.084098696708679199e+00
5.530911087989807129e-01
-9.177044034004211426e-01
-9.231781959533691406e-01
1.098809480667114258e+00
-5.003218054771423340e-01
-8.551529049873352051e-01
9.651230573654174805e-01
7.883669137954711914e-01
8.359213471412658691e-01
-5.815134048461914062e-01
-3.730392754077911377e-01
-2.572314441204071045e-01
-9.739244729280471802e-02
9.539124369621276855e-01
-8.637490272521972656e-01
-9.118230938911437988e-01
-6.205983757972717285e-01
2.253829389810562134e-01
4.952064752578735352e-01
9.333254098892211914e-01
-1.517197191715240479e-01
-3.904943764209747314e-01
-7.254033684730529785e-01
3.314879238605499268e-01
-4.023018777370452881e-01
-3.702561557292938232e-01
4.508213996887207031e-01
4.199375808238983154e-01
4.979009330272674561e-01
-2.518818378448486328e-01
6.084799766540527344e-01
-2.368511855602264404e-01
1.004680693149566650e-01
4.655371904373168945e-01
-6.147080063819885254e-01
-5.797376036643981934e-01
-7.642812132835388184e-01
1.231094300746917725e-01
7.004693746566772461e-01
5.615475773811340332e-01
2.488200068473815918e-01
-4.275863170623779297e-01
-5.975444912910461426e-01
3.562712073326110840e-01
-3.475737199187278748e-02
-8.514050841331481934e-01
3.050310611724853516e-01
5.458260774612426758e-01
3.095796704292297363e-01
-1.495721191167831421e-01
3.470480740070343018e-01
-3.072787821292877197e-01
-8.135022222995758057e-02
9.922677278518676758e-01
-6.862637400627136230e-01
-3.947220146656036377e-01
-1.252964138984680176e-01
2.479173988103866577e-02
-6.308708339929580688e-02
-3.300632834434509277e-01
5.685382485389709473e-01
-2.324879169464111328e-02
3.493480384349822998e-01
-1.710163205862045288e-01
3.491515219211578369e-01
5.521234124898910522e-02
1.016008034348487854e-01
6.821699440479278564e-02
-1.545192301273345947e-01
-1.688824146986007690e-01
-3.430455625057220459e-01
-2.415979206562042236e-01
-3.221410885453224182e-02
-1.788886450231075287e-02
2.959356009960174561e-01
1.618805378675460815e-01
-1.068466901779174805e+00
7.428154945373535156e-01
8.006148934364318848e-01
-8.138469606637954712e-02
2.484000325202941895e-01
-1.292590498924255371e+00
1.782124862074851990e-02
2.284616529941558838e-01
2.585154175758361816e-01
-1.442365407943725586e+00
4.265575110912322998e-01
1.235389471054077148e+00
5.690738558769226074e-02
7.152392715215682983e-02
5.410913228988647461e-01
-6.931769847869873047e-01
-1.142413735389709473e+00
1.606237649917602539e+00
-6.766297817230224609e-01
-1.587650626897811890e-01
-8.423182368278503418e-01
7.259551882743835449e-01
1.414510130882263184e+00
1.034238696098327637e+00
-6.932512670755386353e-02
-3.963521718978881836e-01
-8.548551797866821289e-01
4.575945138931274414e-01
-3.796899020671844482e-01
-7.897663116455078125e-01
3.313129544258117676e-01
4.329295754432678223e-01
7.829140424728393555e-01
-1.491931378841400146e-01
8.675850033760070801e-01
-7.251835465431213379e-01
3.109800219535827637e-01
7.683236598968505859e-01
-1.189923048019409180e+00
-5.718719363212585449e-01
-1.499147415161132812e+00
1.481166124343872070e+00
1.736115097999572754e+00
6.425773501396179199e-01
-3.125665783882141113e-01
-1.553106069564819336e+00
-4.638182520866394043e-01
1.108720541000366211e+00
-7.761338949203491211e-01
-3.077646255493164062e+00
1.358923792839050293e+00
1.949456334114074707e+00
9.362983703613281250e-01
-1.609205640852451324e-02
1.744093894958496094e+00
-1.108839869499206543e+00
4.277226924896240234e-01
2.492055892944335938e+00
-1.404145598411560059e+00
-5.419559478759765625e-01
-1.883938461542129517e-01
5.510700494050979614e-02
-1.472735553979873657e-01
-4.982379078865051270e-01
-2.039884179830551147e-01
-5.125290527939796448e-02
3.935506343841552734e-01
-4.376135468482971191e-01
1.788012534379959106e-01
-1.684457063674926758e-01
5.804588198661804199e-01
-8.505252599716186523e-01
-6.670687198638916016e-01
-3.795421719551086426e-01
1.202894225716590881e-01
-7.292871177196502686e-02
-3.988187313079833984e-01
-4.274096190929412842e-01
7.855582982301712036e-02
-2.185719013214111328e-01
2.665239274501800537e-01
4.463327229022979736e-01
-1.197793409228324890e-01
2.093828171491622925e-01
-3.667784333229064941e-01
-3.218052089214324951e-01
-1.390372812747955322e-01
-8.112754672765731812e-03
8.451151847839355469e-02
-3.573146462440490723e-01
1.414843499660491943e-01
2.048269845545291901e-02
1.766745932400226593e-02
-1.868897378444671631e-01
-3.134628832340240479e-01
-1.044442784041166306e-02
6.199889183044433594e-01
-1.277596652507781982e-01
-4.018556773662567139e-01
1.587391346693038940e-01
-1.949562132358551025e-01
-9.637323021888732910e-01
1.598889827728271484e-01
-1.017999276518821716e-02
4.515098631381988525e-01
2.268116027116775513e-01
-4.686121940612792969e-01
1.997311264276504517e-01
3.956374526023864746e-01
3.134205639362335205e-01
-4.792491495609283447e-01
1.747473478317260742e-01
2.741472125053405762e-01
4.762284457683563232e-01
6.770067811012268066e-01
1.071161702275276184e-01
-5.226289629936218262e-01
-2.082561850547790527e-01
3.221248388290405273e-01
-1.153141856193542480e-01
-2.667041122913360596e-01
-6.808815002441406250e-01
3.212668895721435547e-01
-5.157319828867912292e-02
2.703808844089508057e-01
2.049016021192073822e-02
-6.935174018144607544e-02
2.981720864772796631e-01
1.928299367427825928e-01
3.045666515827178955e-01
-2.251777946949005127e-01
7.150384783744812012e-02
2.860905528068542480e-01
2.623799145221710205e-01
2.011332213878631592e-01
5.905916541814804077e-02
-5.239535570144653320e-01
8.638746291399002075e-02
1.403524577617645264e-01
2.367505282163619995e-01
2.909104824066162109e-01
-1.484432339668273926e+00
1.878044754266738892e-01
9.803902357816696167e-02
2.906007170677185059e-01
6.272544264793395996e-01
-4.331608116626739502e-01
5.247889161109924316e-01
3.166826069355010986e-02
2.806034088134765625e-01
-3.096382319927215576e-01
-3.811531141400337219e-02
3.799507617950439453e-01
1.496579945087432861e-01
1.312312126159667969e+00
4.086514115333557129e-01
2.663610279560089111e-01
-6.986927241086959839e-02
3.154909610748291016e-01
-1.751174926757812500e-01
-1.771129071712493896e-01
2.191215455532073975e-01
1.206820681691169739e-01
3.001065552234649658e-02
1.699623912572860718e-01
3.027574717998504639e-01
-2.059428244829177856e-01
1.892500370740890503e-01
-1.390487849712371826e-01
8.140403032302856445e-01
6.383527815341949463e-02
4.639665782451629639e-02
-6.609273701906204224e-02
-1.068970859050750732e-01
-1.773185431957244873e-01
1.851040273904800415e-01
1.097161412239074707e+00
-9.665384888648986816e-02
6.103659868240356445e-01
1.508073359727859497e-01
-1.294551342725753784e-01
7.687208056449890137e-01
-4.279191493988037109e-01
-9.940872341394424438e-02
-3.382611870765686035e-01
-6.072710752487182617e-01
3.584396839141845703e-01
-3.954957425594329834e-01
5.736496299505233765e-02
-7.447161525487899780e-02
5.127963423728942871e-01
4.109090194106101990e-02
-3.010978102684020996e-01
-3.543304502964019775e-01
-1.176445126533508301e+00
-2.229603976011276245e-01
-1.121437102556228638e-01
-1.585297286510467529e-01
-5.247784256935119629e-01
1.762039810419082642e-01
1.788203120231628418e-01
3.126071989536285400e-01
1.514965202659368515e-02
3.053821809589862823e-02
-5.513832569122314453e-01
-4.316509664058685303e-01
2.774845957756042480e-01
-1.044792011380195618e-01
-5.706439018249511719e-01
-4.433532655239105225e-01
3.091132044792175293e-01
-8.852097392082214355e-02
-2.543572783470153809e-01
-1.936932951211929321e-01
-2.291498035192489624e-01
-1.222701519727706909e-01
4.563701152801513672e-01
8.722178608877584338e-05
-1.081198975443840027e-01
-6.730799376964569092e-02
6.884316354990005493e-02
9.258513897657394409e-02
5.463985726237297058e-02
1.718408763408660889e-01
-8.753356337547302246e-02
-1.419383734464645386e-01
-2.069114297628402710e-01
9.044610708951950073e-02
-6.125084161758422852e-01
-4.036270380020141602e-01
1.952864229679107666e-01
-6.211684644222259521e-02
4.782594740390777588e-02
1.570237241685390472e-02
-4.790975153446197510e-01
-2.273358851671218872e-01
6.235783100128173828e-01
-2.010102570056915283e-01
-5.127553343772888184e-01
-4.612038433551788330e-01
-2.550381124019622803e-01
-9.558392316102981567e-02
-1.352944225072860718e-01
-4.932010471820831299e-01
1.005207151174545288e-01
-3.415606617927551270e-01
4.881873130798339844e-01
-6.655720621347427368e-02
-4.813997447490692139e-01
-8.581016659736633301e-01
4.933296144008636475e-01
6.674486398696899414e-02
-3.670523166656494141e-01
-6.912864446640014648e-01
-9.145267009735107422e-01
-5.133931636810302734e-01
3.717247769236564636e-02
3.936821520328521729e-01
-5.106943845748901367e-01
-1.118839159607887268e-01
-9.347516298294067383e-02
1.647673100233078003e-01
4.998078048229217529e-01
8.105561137199401855e-03
5.002515316009521484e-01
4.703307449817657471e-01
-3.780792951583862305e-01
6.171509623527526855e-01
-7.864842563867568970e-02
3.864185214042663574e-01
-5.015373229980468750e-01
2.443992644548416138e-01
4.027741551399230957e-01
6.193688511848449707e-01
9.768117219209671021e-02
6.756907105445861816e-01
-8.351792395114898682e-02
4.224150627851486206e-02
7.468364238739013672e-01
-1.277406811714172363e-01
2.688925564289093018e-01
1.721035987138748169e-01
-6.410922408103942871e-01
-3.047258555889129639e-01
-4.479481279850006104e-01
-7.478312849998474121e-01
4.615838527679443359e-01
-5.913133025169372559e-01
-1.988781988620758057e-02
-3.470550179481506348e-01
5.913394689559936523e-01
-2.267644703388214111e-01
-5.942413806915283203e-01
-4.675410985946655273e-01
-1.473583579063415527e-01
-6.615031957626342773e-01
1.059195864945650101e-02
-2.130628079175949097e-01
-2.167103141546249390e-01
1.361667513847351074e-01
2.729514241218566895e-01
2.927655875682830811e-01
-7.690093666315078735e-02
3.294861614704132080e-01
-4.570133686065673828e-01
-2.555803656578063965e-01
-1.047735065221786499e-01
2.229167222976684570e-01
-4.767941534519195557e-01
-5.185229778289794922e-01
-1.185589134693145752e-01
7.304661720991134644e-02
2.899217605590820312e-01
9.311227500438690186e-02
-5.159206986427307129e-01
-1.202396824955940247e-01
1.913385868072509766e+00
-9.302496910095214844e-02
-2.305258214473724365e-01
-2.593914568424224854e-01
5.633021593093872070e-01
8.633316755294799805e-01
2.553634159266948700e-02
3.116557374596595764e-02
-2.560262084007263184e-01
1.493053585290908813e-01
-3.341393172740936279e-02
-2.285897433757781982e-01
-6.940721869468688965e-01
-4.144952595233917236e-01
2.584950029850006104e-01
4.846972823143005371e-01
-4.890637099742889404e-02
-1.363414227962493896e-01
-2.706732451915740967e-01
-2.035412704572081566e-03
8.740127086639404297e-01
-9.539417177438735962e-02
-1.905021220445632935e-01
3.301515877246856689e-01
-1.089749112725257874e-01
-1.345853567123413086e+00
3.965595066547393799e-01
1.316833049058914185e-01
1.267902851104736328e+00
5.592578649520874023e-01
-1.177502982318401337e-02
4.880928695201873779e-01
6.417945027351379395e-01
3.810312747955322266e-01
-3.029606342315673828e-01
2.947682738304138184e-01
4.606406390666961670e-01
3.329895138740539551e-01
1.146760359406471252e-01
6.362892985343933105e-01
-9.248649701476097107e-03
1.608257927000522614e-02
2.576577663421630859e-01
-1.716820597648620605e-01
-1.650672852993011475e-01
2.221643626689910889e-01
4.585946723818778992e-02
9.359163790941238403e-02
-4.985884428024291992e-01
-1.342622041702270508e-01
-3.449252843856811523e-01
5.518148839473724365e-02
-5.440671443939208984e-01
-2.568410038948059082e-01
-3.079878687858581543e-01
1.849654614925384521e-01
-1.294043213129043579e-01
3.453614711761474609e-01
-2.114973515272140503e-01
-2.337971627712249756e-01
1.429212331771850586e+00
-3.388937711715698242e-01
-3.521199226379394531e-01
-1.854553073644638062e-01
5.193501338362693787e-02
1.889850050210952759e-01
-1.017680689692497253e-01
2.243252694606781006e-01
-5.159068703651428223e-01
-3.016597032546997070e-01
-4.171572029590606689e-01
-1.554960310459136963e-01
-3.600128591060638428e-01
-2.998221814632415771e-01
-3.544626235961914062e-01
-4.949996247887611389e-02
1.172905787825584412e-01
3.288442492485046387e-01
-1.535347849130630493e-01
-8.270069211721420288e-02
1.187775850296020508e+00
-2.203292399644851685e-01
-2.432238310575485229e-01
-2.119830101728439331e-01
9.934335947036743164e-02
8.687925338745117188e-01
-3.672355115413665771e-01
-1.097212657332420349e-01
-5.236576795578002930e-01
-5.819610357284545898e-01
5.747526288032531738e-01
-4.206656813621520996e-01
-4.326193034648895264e-01
-1.643981635570526123e-01
5.919519662857055664e-01
-4.032661318778991699e-01
-4.539567828178405762e-01
-5.805889964103698730e-01
-7.486994266510009766e-01
-4.350253641605377197e-01
1.646237373352050781e-01
1.460250914096832275e-01
-3.886209726333618164e-01
-9.552885591983795166e-02
-1.113458037376403809e+00
-2.787517607212066650e-01
-5.928387045860290527e-01
-9.262197613716125488e-01
6.562585234642028809e-01
-7.335129380226135254e-01
2.536837756633758545e-01
-2.293058298528194427e-02
1.538251433521509171e-02
-4.151148796081542969e-01
2.448538690805435181e-01
-9.458315372467041016e-01
-1.050907075405120850e-01
-4.116995930671691895e-01
-2.713924944400787354e-01
-1.613867282867431641e-01
7.000706195831298828e-01
-1.748733520507812500e-01
-6.392053961753845215e-01
-4.022610187530517578e-01
2.604364454746246338e-01
-2.088518887758255005e-01
-4.589096009731292725e-01
-1.214122772216796875e-01
-9.467265009880065918e-02
-8.902047276496887207e-01
4.710979759693145752e-02
-3.099638819694519043e-01
8.865751326084136963e-02
-2.383434325456619263e-01
1.446544472128152847e-02
-1.131016239523887634e-01
-3.332817852497100830e-01
-2.279632985591888428e-01
-1.343619823455810547e-01
-2.087530791759490967e-01
-1.295853704214096069e-01
-1.136319935321807861e-01
-5.648391842842102051e-01
-2.466514557600021362e-01
1.082819551229476929e-01
2.129126340150833130e-01
-2.480681240558624268e-01
8.151046931743621826e-02
-2.990339696407318115e-01
-1.425090432167053223e-01
-3.182040527462959290e-02
-3.762057423591613770e-01
-1.666046828031539917e-01
-4.817448556423187256e-01
9.023317135870456696e-03
-2.167584374547004700e-02
-1.353770960122346878e-02
-1.547844111919403076e-01
-2.400946319103240967e-01
-2.812303602695465088e-01
1.383478641510009766e-01
-8.274883963167667389e-03
-4.495526254177093506e-01
-5.105570554733276367e-01
-8.184072375297546387e-02
-3.901808857917785645e-01
-1.777009218931198120e-01
3.595176339149475098e-02
2.839058935642242432e-01
-2.559121698141098022e-02
4.168244004249572754e-01
2.964046299457550049e-01
-1.327356696128845215e-01
-1.453735083341598511e-01
3.227725923061370850e-01
2.819112837314605713e-01
2.099145948886871338e-01
-2.822716236114501953e-01
6.135633215308189392e-02
1.979486271739006042e-02
1.106681302189826965e-01
7.527897134423255920e-03
-1.220863461494445801e-01
1.630239933729171753e-01
2.091644555330276489e-01
-2.350720167160034180e-01
-4.674476087093353271e-01
-2.319631725549697876e-01
2.113227397203445435e-01
-2.388307154178619385e-01
2.906989157199859619e-01
5.022091865539550781e-01
-3.074064552783966064e-01
2.205433100461959839e-01
3.726742789149284363e-02
2.227359861135482788e-01
5.938349366188049316e-01
-3.640196621417999268e-01
1.400924086570739746e+00
8.435943126678466797e-01
1.321046799421310425e-01
-1.831408292055130005e-01
-1.569139957427978516e-01
2.641102373600006104e-01
1.545522809028625488e-01
4.400930926203727722e-02
-2.542580962181091309e-01
2.602824866771697998e-01
3.473180904984474182e-02
-4.395678639411926270e-01
-6.925496459007263184e-02
3.046057224273681641e-01
6.076802313327789307e-02
2.222341895103454590e-01
3.920356556773185730e-02
4.881365001201629639e-01
4.060109257698059082e-01
2.808730006217956543e-01
1.768082380294799805e-01
2.046395063400268555e+00
3.240640833973884583e-02
2.681254744529724121e-01
1.464926749467849731e-01
-5.580102559179067612e-03
-4.785140752792358398e-01
3.568505346775054932e-01
7.338687181472778320e-01
1.843260079622268677e-01
4.775334894657135010e-01
-1.615350991487503052e-01
-4.931731820106506348e-01
-2.670429944992065430e-01
-3.094161152839660645e-01
3.426660299301147461e-01
1.748915910720825195e-01
-1.931332349777221680e-01
-2.549952566623687744e-01
2.554049789905548096e-01
-2.845412790775299072e-01
-9.383570402860641479e-02
7.736440747976303101e-02
1.947653144598007202e-01
4.861859604716300964e-02
-4.861507117748260498e-01
-2.799567878246307373e-01
-1.234975755214691162e-01
-1.370326578617095947e-01
-1.797085553407669067e-01
2.618442475795745850e-01
2.812977731227874756e-01
4.677257500588893890e-03
-2.117186039686203003e-01
2.468865215778350830e-01
9.342178702354431152e-03
1.490939855575561523e-01
-4.408678412437438965e-01
-4.080355167388916016e-01
3.608209546655416489e-03
-2.291307002305984497e-01
-1.560289740562438965e+00
1.724334657192230225e-01
-4.309267103672027588e-01
-2.631183451740071177e-05
2.893548272550106049e-02
2.810615347698330879e-03
1.585390865802764893e-01
-4.591920971870422363e-02
3.560173511505126953e-01
-2.286771535873413086e-01
-2.972540259361267090e-01
4.879436641931533813e-02
4.668322503566741943e-01
-1.464876681566238403e-01
-2.785791456699371338e-01
4.758749902248382568e-02
1.752635836601257324e+00
5.923606753349304199e-01
-9.608513116836547852e-02
2.844192981719970703e-01
1.485372185707092285e+00
-2.125018537044525146e-01
-3.136414885520935059e-01
-1.643938422203063965e-01
1.715444922447204590e-01
-3.398848474025726318e-01
1.285070180892944336e-01
3.143450915813446045e-01
-1.079148519784212112e-02
9.053818881511688232e-03
1.713460385799407959e-01
-2.517973184585571289e-01
-6.637014150619506836e-01
7.190772891044616699e-02
-1.922926157712936401e-01
1.230076774954795837e-01
1.846302673220634460e-02
-4.106776118278503418e-01
6.203432083129882812e-01
-5.827142596244812012e-01
-5.208374261856079102e-01
1.716177165508270264e-01
1.226977910846471786e-03
2.244918197393417358e-01
-4.828742742538452148e-01
3.652777895331382751e-02
-3.953632414340972900e-01
-4.510441720485687256e-01
-3.049518167972564697e-01
3.524478524923324585e-02
2.238504216074943542e-02
5.842617154121398926e-01
8.813772797584533691e-01
-1.331232339143753052e-01
-1.355741620063781738e-01
-6.962881237268447876e-02
-4.020730778574943542e-02
7.144683003425598145e-01
-1.864924877882003784e-01
9.644275903701782227e-02
4.585767537355422974e-02
-1.587817221879959106e-01
5.812728032469749451e-02
-6.577298045158386230e-01
4.179995059967041016e-01
8.775986731052398682e-02
-2.617352008819580078e-01
-5.950620174407958984e-01
-3.342595323920249939e-02
-3.300251662731170654e-01
5.495352149009704590e-01
6.074748635292053223e-01
5.308686494827270508e-01
4.054050743579864502e-01
-3.369767367839813232e-01
-9.597466140985488892e-02
-9.585235267877578735e-02
6.094937324523925781e-01
-1.781622022390365601e-01
2.676798701286315918e-01
-1.751695643179118633e-03
2.599157392978668213e-01
-1.149054914712905884e-01
-3.776829242706298828e-01
5.840895175933837891e-01
-1.942773908376693726e-01
2.827393412590026855e-01
-1.399180144071578979e-01
1.663935929536819458e-02
3.109705448150634766e-01
-2.769077122211456299e-01
-2.225707620382308960e-01
-1.370217800140380859e-01
-6.195533275604248047e-01
2.179569303989410400e-01
2.289911508560180664e-01
4.857493042945861816e-01
2.197930067777633667e-01
-5.636770650744438171e-02
1.186011955142021179e-01
6.276287436485290527e-01
-2.990208268165588379e-01
2.396248131990432739e-01
-6.974153965711593628e-02
-1.579162031412124634e-01
3.780333995819091797e-01
-3.017589263617992401e-02
6.020031869411468506e-02
1.557643562555313110e-01
1.703184992074966431e-01
-9.397356212139129639e-02
-1.625305600464344025e-02
1.603110581636428833e-01
-9.511243551969528198e-02
2.258507907390594482e-02
2.086101174354553223e-01
6.543089151382446289e-01
3.173863887786865234e-01
-2.252225279808044434e-01
8.817811608314514160e-01
1.140861511230468750e+00
-3.037301898002624512e-01
3.928980231285095215e-01
-1.884937472641468048e-02
1.965081095695495605e-01
2.278848886489868164e-01
-1.341558396816253662e-01
-3.791970908641815186e-01
-8.723289519548416138e-02
-3.133801817893981934e-01
1.103675737977027893e-01
4.095176160335540771e-01
7.365199327468872070e-01
4.654363095760345459e-01
-4.333464801311492920e-02
-2.796457409858703613e-01
1.003050878643989563e-01
-1.199944168329238892e-01
-2.094634994864463806e-02
2.277430593967437744e-01
1.753426492214202881e-01
-1.418783962726593018e-01
-2.272811979055404663e-01
-3.514853715896606445e-01
2.633678913116455078e-01
2.406482025980949402e-02
3.565412163734436035e-01
4.271678924560546875e-01
8.720420300960540771e-02
-3.374974429607391357e-01
-1.074047759175300598e-02
-4.077586531639099121e-01
-4.876594841480255127e-01
-1.495597958564758301e-01
-1.612837165594100952e-01
2.409324198961257935e-01
-6.558772921562194824e-02
-9.516957402229309082e-01
3.018668889999389648e-01
-7.450587153434753418e-01
-3.617675006389617920e-01
2.112024575471878052e-01
3.218852579593658447e-01
1.272217780351638794e-01
2.966358326375484467e-02
-5.723544359207153320e-01
4.360972642898559570e-01
3.312190473079681396e-01
1.513910740613937378e-01
3.457022607326507568e-01
-4.420665800571441650e-01
-4.542945027351379395e-01
-1.033682376146316528e-01
-2.750336825847625732e-01
-2.834592480212450027e-03
-1.646613329648971558e-01
6.555049866437911987e-02
-1.651934385299682617e-01
8.901274949312210083e-02
1.269945949316024780e-01
8.441949635744094849e-02
-1.819459348917007446e-01
-1.138468682765960693e-01
-1.571525931358337402e-01
-3.004966974258422852e-01
-6.693768501281738281e-01
5.668103694915771484e-01
2.221607565879821777e-01
1.210448294878005981e-01
3.896583020687103271e-01
-2.378316819667816162e-01
-4.234770536422729492e-01
5.261577293276786804e-02
-6.409978270530700684e-01
2.347874790430068970e-01
-1.780930459499359131e-01
3.469323366880416870e-02
-3.275375068187713623e-01
2.265214025974273682e-01
1.800319105386734009e-01
4.524514079093933105e-02
-2.176887094974517822e-01
7.917673885822296143e-02
-2.252654433250427246e-01
-3.740671873092651367e-01
5.249817296862602234e-02
1.891772747039794922e-01
-2.937601804733276367e-01
-6.804849952459335327e-02
-1.020635366439819336e-01
2.120577245950698853e-01
2.494753599166870117e-01
4.928306639194488525e-01
2.439416795969009399e-01
-8.738736808300018311e-02
4.608333110809326172e-01
2.975038886070251465e-01
2.870395183563232422e-01
-4.070560634136199951e-01
5.524161458015441895e-01
1.544348478317260742e+00
2.756701111793518066e-01
-6.625936366617679596e-03
-4.078248515725135803e-02
2.932662367820739746e-01
-5.520561337471008301e-02
3.257512152194976807e-01
1.587957143783569336e-01
2.357378453016281128e-01
5.100154280662536621e-01
-5.271740555763244629e-01
-2.535690665245056152e-01
2.069109976291656494e-01
-2.856339812278747559e-01
-1.192550659179687500e-01
1.010010018944740295e-01
2.613183557987213135e-01
1.785089820623397827e-01
2.850048542022705078e-01
4.731255471706390381e-01
1.470270276069641113e+00
3.578064963221549988e-02
-1.027244105935096741e-01
6.754015386104583740e-02
-2.813675403594970703e-01
-3.428678512573242188e-01
1.040455400943756104e-01
5.829197168350219727e-01
3.856796324253082275e-01
1.694364100694656372e-01
-5.725131928920745850e-02
-4.196771383285522461e-01
-1.458328068256378174e-01
3.002290800213813782e-02
-1.406508237123489380e-01
-6.948301196098327637e-02
5.425438284873962402e-02
-3.178271949291229248e-01
4.444462358951568604e-01
6.186033785343170166e-02
-2.518415749073028564e-01
-1.126362904906272888e-01
6.275768578052520752e-02
1.529774218797683716e-01
-4.792871475219726562e-01
4.888826012611389160e-01
-6.160826086997985840e-01
9.438655525445938110e-02
-4.355809986591339111e-01
-4.970988035202026367e-01
3.804110288619995117e-01
3.332082629203796387e-01
5.184021964669227600e-02
1.928488463163375854e-01
-4.162692427635192871e-01
2.413529455661773682e-01
2.208507619798183441e-02
1.405130475759506226e-01
-2.276871502399444580e-01
-1.363244354724884033e-01
-6.058821454644203186e-02
3.869329094886779785e-01
1.107782870531082153e-01
2.644724249839782715e-01
1.460605263710021973e-01
2.695242464542388916e-01
-3.528041541576385498e-01
-5.290601253509521484e-01
-2.751175463199615479e-01
1.778269410133361816e-01
1.177163571119308472e-01
6.367803215980529785e-01
3.033336997032165527e-01
5.922139808535575867e-02
-1.131124347448348999e-01
-6.902796030044555664e-02
-5.555409193038940430e-02
7.142150998115539551e-01
-1.222328990697860718e-01
-1.965331584215164185e-01
-2.366386055946350098e-01
-7.859054952859878540e-02
-1.467641144990921021e-01
-3.400403559207916260e-01
1.662217080593109131e-01
3.579583764076232910e-01
-4.778285026550292969e-01
-2.701311409473419189e-01
-2.817226052284240723e-01
4.719196632504463196e-02
2.083309292793273926e-01
6.286239624023437500e-01
-4.381179809570312500e-02
3.895574808120727539e-02
-3.530303016304969788e-02
3.351715207099914551e-01
-9.586586058139801025e-02
7.231414914131164551e-01
-3.990913927555084229e-01
-1.488995552062988281e-01
1.943561136722564697e-01
1.151514872908592224e-01
1.180959679186344147e-02
-3.719709580764174461e-03
1.650998443365097046e-01
1.511429995298385620e-01
6.578963249921798706e-02
-9.293980896472930908e-02
-2.819497883319854736e-01
4.725415110588073730e-01
2.689404063858091831e-04
2.191349864006042480e-01
5.631117820739746094e-01
-7.029208540916442871e-02
5.064077973365783691e-01
1.784284114837646484e-01
-3.967141211032867432e-01
-8.784972876310348511e-02
-1.371011734008789062e-01
3.141084313392639160e-01
2.161572277545928955e-01
-1.122543066740036011e-01
2.446933686733245850e-01
2.951726019382476807e-01
-1.473344862461090088e-01
-4.893483519554138184e-01
-1.385059058666229248e-01
1.076896861195564270e-02
5.034797787666320801e-01
-7.824113368988037109e-01
2.971978187561035156e-01
-3.520582914352416992e-01
-4.084515273571014404e-01
-4.767297580838203430e-02
-1.076210141181945801e+00
-3.167322874069213867e-01
4.423540234565734863e-01
-1.713462024927139282e-01
2.304002940654754639e-01
-2.495830357074737549e-01
-8.232174068689346313e-02
6.622201949357986450e-02
-2.584570273756980896e-02
-3.078848719596862793e-01
8.913663774728775024e-02
-5.280162394046783447e-02
5.791218951344490051e-02
-6.399403214454650879e-01
-7.805424928665161133e-02
-8.176148682832717896e-02
-1.178444474935531616e-01
3.579201102256774902e-01
6.391348838806152344e-01
-3.388593196868896484e-01
8.704096823930740356e-02
1.319191306829452515e-01
-2.804141342639923096e-01
-3.380203545093536377e-01
-4.265908896923065186e-01
1.260800361633300781e-01
-2.224478125572204590e-01
-3.026949465274810791e-01
3.946429491043090820e-01
5.753938555717468262e-01
1.678868383169174194e-01
3.694267272949218750e-01
3.626900613307952881e-01
-2.631816565990447998e-01
-2.849294841289520264e-01
4.216247498989105225e-01
-3.395787477493286133e-01
3.539520502090454102e-01
5.997264385223388672e-01
1.424283683300018311e-01
5.535582304000854492e-01
3.310716450214385986e-01
-4.272534549236297607e-01
-3.225796520709991455e-01
-2.320667207241058350e-01
8.275669813156127930e-01
5.035198926925659180e-01
3.485517948865890503e-02
1.649490296840667725e-01
3.251788914203643799e-01
2.177094072103500366e-01
-4.202264547348022461e-01
-2.922115027904510498e-01
5.675302743911743164e-01
2.829526364803314209e-01
-6.513606309890747070e-01
3.636299371719360352e-01
-3.865024745464324951e-01
-4.657715559005737305e-01
1.500791758298873901e-01
-5.330483317375183105e-01
-5.609188079833984375e-01
3.739275038242340088e-01
1.696752607822418213e-01
3.102408945560455322e-01
-8.706694245338439941e-01
2.082076817750930786e-01
1.237131208181381226e-01
-3.748674690723419189e-01
-5.614151358604431152e-01
-7.172062993049621582e-02
-1.395892947912216187e-01
-4.426824748516082764e-01
-5.627704858779907227e-01
3.845598548650741577e-02
-1.502726227045059204e-01
-3.048034757375717163e-02
9.239976108074188232e-02
-5.466261878609657288e-02
-7.167236804962158203e-01
1.827548295259475708e-01
1.110795587301254272e-01
8.493313193321228027e-02
-7.456670999526977539e-01
-7.096644639968872070e-01
-3.239866495132446289e-01
-5.855776071548461914e-01
7.068627327680587769e-02
4.396897256374359131e-01
2.147452384233474731e-01
-1.102331578731536865e-01
1.134862191975116730e-02
2.751047611236572266e-01
4.902255833148956299e-01
-6.508695483207702637e-01
3.598031401634216309e-01
2.936501204967498779e-01
-1.988209187984466553e-01
2.311309128999710083e-01
2.395477741956710815e-01
4.193211495876312256e-01
9.900627285242080688e-02
-2.932898700237274170e-01
3.368155360221862793e-01
3.531698882579803467e-01
1.877020746469497681e-01
4.503118395805358887e-01
4.542343616485595703e-01
-3.163163959980010986e-01
5.165114626288414001e-02
-7.368054389953613281e-01
-8.228376507759094238e-02
-5.411146879196166992e-01
-1.910060942173004150e-01
6.885692477226257324e-01
-7.631761431694030762e-01
3.412796929478645325e-02
-1.043138094246387482e-02
3.935993611812591553e-01
-5.141896605491638184e-01
-1.351479649543762207e+00
2.913116216659545898e-01
7.967373728752136230e-02
-3.335626721382141113e-01
-3.231469690799713135e-01
-2.472762316465377808e-01
-8.227866291999816895e-01
-2.425693422555923462e-01
3.164538443088531494e-01
3.620231747627258301e-01
1.095638051629066467e-01
-6.108460426330566406e-01
-1.570914089679718018e-01
2.150204777717590332e-01
3.804306387901306152e-01
-6.217458844184875488e-01
5.460959672927856445e-01
-6.204246878623962402e-01
-3.746587038040161133e-01
4.011103883385658264e-02
-6.502125859260559082e-01
-4.500858485698699951e-01
8.719404339790344238e-01
9.759247303009033203e-02
5.749869719147682190e-02
-3.742935657501220703e-01
-2.420254796743392944e-01
-3.783634677529335022e-02
-1.056307628750801086e-01
-4.066389799118041992e-01
1.976498365402221680e-01
-2.991452515125274658e-01
1.569536775350570679e-01
8.899633586406707764e-02
-6.993266195058822632e-02
-2.422039061784744263e-01
2.610982656478881836e-01
-7.740067243576049805e-01
-5.198918581008911133e-01
1.065021678805351257e-01
-1.442956328392028809e-01
-2.871659100055694580e-01
7.295957207679748535e-01
-2.851231954991817474e-02
3.037298619747161865e-01
2.829875424504280090e-02
-5.069474130868911743e-02
5.363711342215538025e-02
-2.248482853174209595e-01
-4.714619219303131104e-01
-1.637140661478042603e-01
2.401928603649139404e-01
1.853355914354324341e-01
2.084467746317386627e-02
-4.971257448196411133e-01
1.922190427780151367e+00
-2.425259649753570557e-01
2.127674221992492676e-01
1.896059364080429077e-01
4.013753831386566162e-01
4.148097932338714600e-01
2.195624411106109619e-01
1.781286597251892090e-01
3.871780633926391602e-02
2.456856667995452881e-01
9.589979648590087891e-01
2.429849058389663696e-01
-8.014203608036041260e-02
-7.488939911127090454e-02
-8.717662841081619263e-02
7.752687484025955200e-02
7.585395127534866333e-02
-1.435475200414657593e-01
-1.001360535621643066e+00
1.367931067943572998e-02
1.405377686023712158e-01
6.606876105070114136e-02
2.187513709068298340e-01
7.518979310989379883e-01
5.764209851622581482e-02
-3.350808098912239075e-02
2.844775021076202393e-01
-2.795503735542297363e-01
-4.481601417064666748e-01
-3.196935653686523438e-01
2.048029005527496338e-01
-3.769778609275817871e-01
-6.135477423667907715e-01
3.641109466552734375e-01
6.240724921226501465e-01
5.513362288475036621e-01
6.894393563270568848e-01
5.000524520874023438e-01
-3.193632960319519043e-01
-6.529186367988586426e-01
2.752924859523773193e-01
-3.955793976783752441e-01
2.068832218647003174e-01
1.032538414001464844e-01
-5.902380216866731644e-03
1.313021183013916016e+00
1.137975230813026428e-01
-4.666694104671478271e-01
4.571346938610076904e-02
-2.690150141716003418e-01
5.539442300796508789e-01
2.575516402721405029e-01
-3.249804377555847168e-01
-6.023971736431121826e-02
3.608589768409729004e-01
2.734543383121490479e-01
-2.398643493652343750e-01
-7.107203006744384766e-01
-2.144663631916046143e-01
1.171351909637451172e+00
-5.222976207733154297e-01
-1.314583271741867065e-01
1.230832785367965698e-01
-2.217275649309158325e-01
-9.110420197248458862e-02
-3.932008147239685059e-01
-2.674280107021331787e-01
1.136929318308830261e-01
-3.412895798683166504e-01
-4.018435776233673096e-01
8.459365926682949066e-03
-2.798417210578918457e-01
-1.575430035591125488e-01
1.766091287136077881e-01
2.270559221506118774e-01
4.746613204479217529e-01
2.972049713134765625e-01
2.569343149662017822e-01
8.458762168884277344e-01
-4.252429902553558350e-01
3.147628158330917358e-02
1.622367650270462036e-01
-1.275086998939514160e-01
-2.648204565048217773e-01
5.851889252662658691e-01
4.059183597564697266e-01
6.738821417093276978e-02
1.910851299762725830e-01
2.776678204536437988e-01
3.854588866233825684e-01
6.088907644152641296e-02
3.046879470348358154e-01
3.487267494201660156e-01
-1.808126121759414673e-01
-3.520371019840240479e-01
-4.993876516819000244e-01
-4.323308765888214111e-01
-2.892370223999023438e+00
-4.189406037330627441e-01
1.777132511138916016e+00
-1.941535472869873047e-01
2.482007592916488647e-01
-1.344353109598159790e-01
6.029342859983444214e-02
-5.764645338058471680e-01
-4.551528990268707275e-01
4.564005509018898010e-02
7.845876738429069519e-03
-3.846958577632904053e-01
-2.674992680549621582e-01
-3.083470463752746582e-01
-4.117213487625122070e-01
4.137994647026062012e-01
4.612151384353637695e-01
-1.277775466442108154e-01
-2.176450639963150024e-01
6.994674801826477051e-01
1.064397394657135010e-01
7.735402137041091919e-02
-1.388374418020248413e-01
1.247459411621093750e+00
-4.104433357715606689e-01
5.493793487548828125e-01
2.977550327777862549e-01
-5.237326398491859436e-02
1.305189013481140137e+00
4.669200479984283447e-01
-3.418736755847930908e-01
-9.313674271106719971e-02
-1.802504211664199829e-01
2.514260411262512207e-01
2.147000730037689209e-01
-1.534223929047584534e-02
2.438348084688186646e-01
-3.568249940872192383e-01
2.712752819061279297e-01
-9.781859517097473145e-01
-5.093369632959365845e-02
1.604323238134384155e-01
2.486319392919540405e-01
-2.613195478916168213e-01
4.218704104423522949e-01
-5.752811431884765625e-01
-1.315992027521133423e-01
1.105840951204299927e-01
-3.472389578819274902e-01
-3.626993596553802490e-01
5.991573929786682129e-01
1.781330704689025879e-01
1.769266091287136078e-02
-1.109583526849746704e-01
-1.461361199617385864e-01
-1.768419705331325531e-02
-1.355219632387161255e-01
-2.145384997129440308e-01
-7.969062030315399170e-02
-2.392743974924087524e-01
-9.055713415145874023e-01
3.800374642014503479e-02
1.365167737007141113e+00
-7.139117121696472168e-01
-1.545397639274597168e-01
5.748844891786575317e-02
-1.510688513517379761e-01
-3.187076747417449951e-01
-4.145956039428710938e-01
-2.607565820217132568e-01
2.861715853214263916e-01
-4.314119815826416016e-01
-1.582401990890502930e-01
-1.070716679096221924e-01
-9.919561743736267090e-01
-1.022844091057777405e-01
9.018997550010681152e-01
-3.851387277245521545e-02
3.040267527103424072e-01
3.274444639682769775e-01
-3.310700505971908569e-02
-4.435763061046600342e-01
6.496345251798629761e-02
3.002533614635467529e-01
-2.465882897377014160e-01
4.196128547191619873e-01
4.138399958610534668e-01
-7.574797607958316803e-03
3.393654823303222656e-01
4.677664339542388916e-01
-4.912303984165191650e-01
-4.059748947620391846e-01
-5.804547071456909180e-01
1.341862380504608154e-01
-3.466396033763885498e-01
-2.719928324222564697e-01
3.043812811374664307e-01
4.297570884227752686e-01
5.096628665924072266e-01
-7.595185637474060059e-01
-1.279722005128860474e-01
2.295741438865661621e-01
4.383185505867004395e-01
-1.613989621400833130e-01
4.394735395908355713e-01
-2.507988549768924713e-02
-1.574866771697998047e-01
-4.485655575990676880e-02
-3.589662313461303711e-01
-1.733396947383880615e-01
4.850465953350067139e-01
1.170419752597808838e-01
1.890500187873840332e-01
-6.291519403457641602e-01
-1.212625354528427124e-01
2.724463343620300293e-01
6.103141605854034424e-02
-8.812651783227920532e-02
1.734807714819908142e-02
-9.889039397239685059e-02
3.306502401828765869e-01
7.016851902008056641e-01
4.350175261497497559e-01
-5.276837199926376343e-02
6.533311009407043457e-01
2.412705868482589722e-01
-2.556435018777847290e-02
-2.054803669452667236e-01
-9.976760745048522949e-01
-3.299455940723419189e-01
4.949220642447471619e-02
-6.390022635459899902e-01
-3.188133612275123596e-02
1.499578356742858887e-02
-1.330631226301193237e-01
-5.611594766378402710e-02
-5.049226880073547363e-01
-2.333975732326507568e-01
-4.125570356845855713e-01
-4.380125999450683594e-01
-5.389239788055419922e-01
-5.458056926727294922e-01
1.083684802055358887e+00
-8.041120767593383789e-01
8.456743955612182617e-01
-7.155362367630004883e-01
6.022063493728637695e-01
-5.891596432775259018e-03
1.135340094566345215e+00
-2.415473908185958862e-01
-3.920607268810272217e-01
-2.548277080059051514e-01
1.336704790592193604e-01
-4.354422092437744141e-01
3.960499912500381470e-02
-2.657069265842437744e-02
-7.719768285751342773e-01
-4.448339641094207764e-01
1.554835289716720581e-01
-1.284223496913909912e-01
-4.552786946296691895e-01
-5.373119711875915527e-01
1.149546265602111816e+00
-8.084058165550231934e-01
6.026892066001892090e-01
-4.553999900817871094e-01
5.316528081893920898e-01
1.879358291625976562e-01
1.083160161972045898e+00
-2.127936929464340210e-01
-2.765545547008514404e-01
-3.812698423862457275e-01
4.793336987495422363e-01
-4.381451606750488281e-01
3.618648275732994080e-02
2.907454669475555420e-01
-8.282020688056945801e-01
-3.587802052497863770e-01
1.419035643339157104e-01
2.101127803325653076e-01
5.359987542033195496e-02
-6.037691831588745117e-01
-4.688197374343872070e-01
8.437209129333496094e-01
-1.940572857856750488e-01
-9.492943435907363892e-02
2.975569851696491241e-02
1.472089737653732300e-01
1.254530310630798340e+00
2.622781991958618164e-01
-1.068513318896293640e-01
2.463586479425430298e-01
-5.792288109660148621e-02
5.456610918045043945e-01
-1.153480727225542068e-02
3.407716751098632812e-02
8.225019574165344238e-01
5.208741426467895508e-01
2.748621702194213867e-01
-2.255558669567108154e-01
-4.613417088985443115e-01
-3.055281937122344971e-01
7.452448606491088867e-01
-9.624524712562561035e-01
1.470915317535400391e+00
-3.459623098373413086e+00
3.445380628108978271e-01
2.819426357746124268e-01
2.767785787582397461e-01
-2.546048462390899658e-01
6.557505577802658081e-02
-4.167213141918182373e-01
2.781153917312622070e-01
-4.285789281129837036e-02
-2.715613506734371185e-02
1.227424666285514832e-01
-1.600097894668579102e+00
-3.213923275470733643e-01
-1.952739208936691284e-01
2.400980889797210693e-02
-2.243038862943649292e-01
-2.705873548984527588e-01
9.384422302246093750e-01
-9.712759405374526978e-02
-2.169883549213409424e-01
1.762682050466537476e-01
7.317908406257629395e-01
5.077310800552368164e-01
-7.764353156089782715e-01
-5.275018215179443359e-01
-3.808923959732055664e-01
9.715378284454345703e-03
4.428104460239410400e-01
-1.927459686994552612e-01
-3.032060265541076660e-01
7.937670350074768066e-01
2.807860374450683594e-01
-2.779984176158905029e-01
1.978320479393005371e-01
3.490220988169312477e-03
-8.267730474472045898e-01
1.007888838648796082e-01
8.834786415100097656e-01
-3.934845328330993652e-01
4.647502303123474121e-01
-2.812597155570983887e-01
1.992361098527908325e-01
3.005833327770233154e-01
-4.367471933364868164e-01
-7.353572845458984375e-01
-1.119434386491775513e-01
-1.335514187812805176e-01
6.488543748855590820e-01
-4.864399507641792297e-02
9.921001270413398743e-03
2.260001599788665771e-01
-2.577775418758392334e-01
-6.618137359619140625e-01
-1.061405465006828308e-01
-9.591089487075805664e-01
2.228951454162597656e-01
5.960743501782417297e-02
-1.530885696411132812e-01
1.289367973804473877e-01
4.330953210592269897e-02
-1.264388561248779297e+00
-5.762531757354736328e-01
-3.065895438194274902e-01
5.099441409111022949e-01
-1.643455028533935547e-02
6.466234922409057617e-01
-2.874608337879180908e-01
-5.202797055244445801e-01
-6.415415555238723755e-02
9.901175498962402344e-01
-6.881305575370788574e-01
5.553153902292251587e-02
2.617650926113128662e-01
-7.458965778350830078e-01
3.079421222209930420e-01
2.607827484607696533e-01
1.054409593343734741e-01
2.396295368671417236e-01
1.822397112846374512e-01
-3.910256326198577881e-01
1.050926804542541504e+00
-1.547172367572784424e-01
-3.426032960414886475e-01
-9.679546356201171875e-01
-1.368763670325279236e-02
-3.369851708412170410e-01
6.655095219612121582e-01
-3.345335833728313446e-03
1.273657798767089844e+00
-3.471151888370513916e-01
-9.988576918840408325e-02
7.163487076759338379e-01
-1.734150806441903114e-03
1.360467374324798584e-01
2.666686773300170898e-01
-1.849296838045120239e-01
-3.538952171802520752e-01
6.809597611427307129e-01
-2.651568949222564697e-01
-2.966054379940032959e-01
3.675965666770935059e-01
5.532280802726745605e-01
4.287269413471221924e-01
-3.600109517574310303e-01
-6.758624911308288574e-01
-3.186181187629699707e-01
2.528938949108123779e-01
2.441394776105880737e-01
-2.261525988578796387e-01
-1.061422303318977356e-01
4.796692132949829102e-01
1.145125776529312134e-01
-2.058971226215362549e-01
4.941981136798858643e-01
1.236038058996200562e-01
1.515828669071197510e-01
-4.028039574623107910e-01
-5.506299734115600586e-01
1.337727010250091553e-01
-1.031290173530578613e+00
-3.838662803173065186e-01
1.226704493165016174e-01
-1.372097432613372803e-01
6.481745243072509766e-01
3.424937129020690918e-01
1.022611737251281738e+00
6.976280212402343750e-01
-1.504085212945938110e-01
4.102083146572113037e-01
-4.046333581209182739e-02
8.100717514753341675e-02
8.567161560058593750e-01
5.131806731224060059e-01
4.550604149699211121e-02
-5.676652789115905762e-01
-3.826572299003601074e-01
3.985090181231498718e-02
5.372211337089538574e-01
-5.035469532012939453e-01
1.192803025245666504e+00
-2.489682435989379883e+00
1.104322895407676697e-01
5.891869664192199707e-01
-4.901424646377563477e-01
-7.711791396141052246e-01
-2.342232130467891693e-02
-9.602573513984680176e-01
6.209349036216735840e-01
-3.363986313343048096e-01
5.529586691409349442e-03
3.350156247615814209e-01
-1.584025502204895020e+00
-3.984993696212768555e-01
1.426948904991149902e-01
1.531276106834411621e-01
7.981863617897033691e-02
-2.907658815383911133e-01
4.679801166057586670e-01
3.207297027111053467e-01
-1.866250187158584595e-01
3.627397716045379639e-01
8.974748253822326660e-01
5.370295047760009766e-01
-2.769671976566314697e-01
-1.333565711975097656e-01
-5.381994247436523438e-01
1.260462999343872070e-01
1.379263252019882202e-01
2.001299858093261719e-01
-1.649274677038192749e-01
2.968372702598571777e-01
2.839909493923187256e-01
-1.804944574832916260e-01
1.619383133947849274e-02
-7.337636351585388184e-01
-1.945224106311798096e-01
-1.335740685462951660e-01
5.607709884643554688e-01
-7.826259732246398926e-01
4.693256616592407227e-01
5.171515345573425293e-01
3.705865442752838135e-01
1.726821362972259521e-01
1.352066636085510254e+00
-8.258552849292755127e-02
-1.061940938234329224e-01
-5.169435143470764160e-01
-5.445561930537223816e-02
-8.529259562492370605e-01
3.578155934810638428e-01
2.758164482656866312e-04
1.159488260746002197e-01
-2.719871997833251953e-01
-7.213754951953887939e-02
5.920984745025634766e-01
-2.252587378025054932e-01
-6.363341212272644043e-01
3.093679547309875488e-01
-1.040545478463172913e-01
-5.963681340217590332e-01
6.199988126754760742e-01
1.112101674079895020e+00
3.393190205097198486e-01
2.720601856708526611e-01
5.845069289207458496e-01
-8.924254775047302246e-01
9.553623199462890625e-01
-3.669972345232963562e-02
-3.484649062156677246e-01
-7.234955430030822754e-01
4.207799136638641357e-01
5.318108797073364258e-01
3.669944405555725098e-01
5.251658558845520020e-01
-7.262171506881713867e-01
-6.749743968248367310e-02
-7.608046531677246094e-01
6.461038589477539062e-01
3.548010885715484619e-01
-1.486326098442077637e+00
-8.063772320747375488e-01
-2.802443206310272217e-01
-1.504164095968008041e-02
4.875292479991912842e-01
-4.559159874916076660e-01
9.536535143852233887e-01
1.193026900291442871e+00
1.956517249345779419e-01
3.186183273792266846e-01
8.201569318771362305e-01
-2.827751338481903076e-01
1.085154533386230469e+00
-1.060855686664581299e-01
-2.716015875339508057e-01
-8.504690527915954590e-01
-2.940343320369720459e-01
2.674375176429748535e-01
4.828448891639709473e-01
-1.257216483354568481e-01
7.347680330276489258e-01
-1.358012437820434570e+00
-2.831863760948181152e-01
-2.850412428379058838e-01
1.473908722400665283e-01
-3.256880044937133789e-01
1.496258229017257690e-01
-2.368977785110473633e+00
4.580252617597579956e-02
-3.797412514686584473e-01
5.060490965843200684e-01
-3.582905232906341553e-02
-1.003327369689941406e+00
-3.324961364269256592e-01
-2.963476777076721191e-01
1.226107683032751083e-02
1.951016634702682495e-01
-1.378792524337768555e-01
-6.098517179489135742e-01
4.396038055419921875e-01
-1.526660203933715820e+00
1.721414089202880859e+00
2.037176489830017090e-02
-2.753657996654510498e-01
2.394086271524429321e-01
9.056721329689025879e-01
4.534535482525825500e-02
4.081799387931823730e-01
-4.312318265438079834e-01
-7.938415557146072388e-02
4.924268648028373718e-02
-1.316560506820678711e-01
1.691007018089294434e+00
6.235153079032897949e-01
1.237493529915809631e-01
1.693073958158493042e-01
3.570443987846374512e-01
1.356527656316757202e-01
-3.622390031814575195e-01
4.227062165737152100e-01
-3.839212059974670410e-01
1.236502304673194885e-01
-3.721128106117248535e-01
-1.426773220300674438e-01
-9.540516734123229980e-01
6.123941764235496521e-02
-8.231993019580841064e-02
2.397695630788803101e-01
-1.685690432786941528e-01
5.405840873718261719e-01
-2.002856582403182983e-01
1.558255590498447418e-02
5.506803989410400391e-01
1.866414546966552734e-01
-5.536874011158943176e-02
1.761594265699386597e-01
2.653297185897827148e-01
-3.145228922367095947e-01
1.265149116516113281e-01
1.784144490957260132e-01
-2.169547379016876221e-01
-1.391758024692535400e-01
4.574865847826004028e-02
1.613549292087554932e-01
2.803132236003875732e-01
3.694896399974822998e-01
-4.748060107231140137e-01
5.905156135559082031e-01
-1.012590169906616211e+00
4.048817455768585205e-01
-2.796606421470642090e-01
2.078063786029815674e-03
2.784160673618316650e-01
6.309826970100402832e-01
1.366795599460601807e-01
5.533115267753601074e-01
3.829814866185188293e-02
1.056572720408439636e-01
-1.248593255877494812e-01
1.829455792903900146e-01
-3.291174173355102539e-01
-1.215710490942001343e-01
-8.853691071271896362e-02
-6.846384145319461823e-03
-1.062513351440429688e+00
-3.020874559879302979e-01
-1.210054829716682434e-01
1.830498725175857544e-01
9.062848985195159912e-02
1.048863649368286133e+00
-2.959616780281066895e-01
1.679704338312149048e-01
1.021118462085723877e-02
1.466336101293563843e-01
8.106980472803115845e-02
-1.267031550407409668e+00
-1.484718918800354004e+00
-2.247418910264968872e-01
-1.310033440589904785e+00
3.098175227642059326e-01
5.141422152519226074e-01
-3.519805669784545898e-01
1.071855545043945312e+00
3.900760114192962646e-01
1.936808601021766663e-02
-2.087123692035675049e-01
4.090501964092254639e-01
-1.159226655960083008e+00
-1.008324474096298218e-01
5.428591370582580566e-02
2.534394860267639160e-01
3.711992204189300537e-01
1.184677004814147949e+00
-2.202817499637603760e-01
4.780075252056121826e-01
-8.956981450319290161e-02
3.773694112896919250e-02
-3.493766486644744873e-02
-4.952602982521057129e-01
1.262789964675903320e-01
-3.590855300426483154e-01
-2.732694149017333984e-01
-5.981524586677551270e-01
-5.899440869688987732e-02
1.088853552937507629e-01
-1.798040270805358887e-01
-3.111872673034667969e-01
1.404041945934295654e-01
2.845592796802520752e-01
4.688766002655029297e-01
3.590682744979858398e-01
1.985463052988052368e-01
-9.264217689633369446e-03
-9.524402767419815063e-02
-1.066311225295066833e-01
-7.729660868644714355e-01
-7.100024223327636719e-01
-2.203842699527740479e-01
3.775433003902435303e-01
2.435941249132156372e-01
3.846555054187774658e-01
3.556652367115020752e-01
5.578506588935852051e-01
2.293076962232589722e-01
-4.184768497943878174e-01
1.039694026112556458e-01
3.607718050479888916e-01
-7.026667594909667969e-01
9.866123646497726440e-02
-4.470428526401519775e-01
-3.603813052177429199e-01
-1.613213121891021729e-02
6.380215287208557129e-01
6.577664054930210114e-03
4.255284965038299561e-01
5.400421842932701111e-02
6.292583793401718140e-02
4.085413217544555664e-01
6.744698286056518555e-01
-2.260221987962722778e-01
1.446986943483352661e-01
3.182041272521018982e-02
-1.214492842555046082e-01
3.621772304177284241e-02
1.588699035346508026e-02
7.321699857711791992e-01
4.146004021167755127e-01
5.558288097381591797e-01
-8.905842304229736328e-01
-3.118430674076080322e-01
-1.236373633146286011e-01
2.800967395305633545e-01
6.223113089799880981e-02
1.369600594043731689e-01
-3.696804493665695190e-02
-9.308843314647674561e-02
7.056418061256408691e-01
-1.643039435148239136e-01
