1.197975158691406250e+00
1.150839999318122864e-01
-9.197236299514770508e-01
-1.502492129802703857e-01
-9.206776022911071777e-01
7.748524546623229980e-01
-7.904312014579772949e-01
6.999140977859497070e-01
4.891840219497680664e-01
1.290451288223266602e-01
6.841681003570556641e-01
3.996608406305313110e-02
9.102826118469238281e-01
1.350822150707244873e-01
-6.672449111938476562e-01
-9.821052104234695435e-02
8.277361392974853516e-01
1.208925172686576843e-01
1.108960628509521484e+00
2.220195233821868896e-01
-7.730566859245300293e-01
-1.740532219409942627e-01
-4.573709070682525635e-01
-8.713763207197189331e-02
-6.435626745223999023e-01
-1.765052080154418945e-01
-1.506557594984769821e-02
3.068609535694122314e-01
-9.816240668296813965e-01
2.785128057003021240e-01
1.060607075691223145e+00
3.653776049613952637e-01
5.226769447326660156e-01
-4.970458149909973145e-01
-1.261721491813659668e+00
-1.438054293394088745e-01
1.102195262908935547e+00
3.956654295325279236e-02
8.954429030418395996e-01
1.041780486702919006e-01
7.346363663673400879e-01
-5.597518682479858398e-01
-7.123211026191711426e-01
-7.069850564002990723e-01
4.116402193903923035e-02
3.792082369327545166e-01
3.919454813003540039e-01
-2.397612333297729492e-01
4.996978938579559326e-01
4.496778249740600586e-01
-1.116191148757934570e+00
-6.580436229705810547e-01
-1.658498793840408325e-01
-4.404213279485702515e-02
-3.180414438247680664e-01
6.213355064392089844e-01
2.955570220947265625e-01
-5.950736999511718750e-01
7.595801353454589844e-01
5.217991471290588379e-01
-6.333141922950744629e-01
6.763491034507751465e-01
-1.532816737890243530e-01
9.654745459556579590e-02
1.236771941184997559e-01
-8.359630107879638672e-01
1.875159293413162231e-01
3.114863336086273193e-01
-6.898872256278991699e-01
-3.328095972537994385e-01
7.669922709465026855e-01
6.441383957862854004e-01
-1.037980522960424423e-02
-1.573262214660644531e-01
-2.819186151027679443e-01
-6.048193573951721191e-01
1.235231235623359680e-01
5.237243771553039551e-01
-8.140003085136413574e-01
-2.480827867984771729e-01
1.285626888275146484e-01
-3.209946453571319580e-01
-3.836272656917572021e-01
-2.034869492053985596e-01
3.124654889106750488e-01
2.427400462329387665e-02
5.749256014823913574e-01
-2.306004762649536133e-01
5.455119609832763672e-01
1.805940419435501099e-01
-1.948448829352855682e-02
-2.840738594532012939e-01
-4.467311203479766846e-01
2.646511793136596680e-01
-3.766069114208221436e-01
-1.476958394050598145e-02
1.523432135581970215e-01
-3.328826129436492920e-01
3.569712042808532715e-01
3.057881891727447510e-01
-1.884286403656005859e-01
2.500210702419281006e-01
-1.894656866788864136e-01
-2.630557119846343994e-01
-8.744534850120544434e-02
-6.071963906288146973e-01
-1.436751037836074829e-01
4.321721792221069336e-01
-2.328792512416839600e-01
-5.552604198455810547e-01
3.812406957149505615e-01
3.488582670688629150e-01
3.060253560543060303e-01
-2.617513537406921387e-01
1.027551814913749695e-01
-1.070662885904312134e-01
1.916364878416061401e-01
1.185724139213562012e+00
-6.948230266571044922e-01
-4.845610857009887695e-01
-5.684694647789001465e-01
4.196910858154296875e-01
-3.405944705009460449e-01
-5.441722273826599121e-01
1.112853959202766418e-01
-6.462643146514892578e-01
-4.423853158950805664e-01
4.074549078941345215e-01
-1.830290108919143677e-01
-3.962759971618652344e-01
2.212118208408355713e-01
4.219705164432525635e-01
3.797588348388671875e-01
-1.964849829673767090e-01
3.144406080245971680e-01
-2.018619477748870850e-01
2.390032112598419189e-01
6.857469677925109863e-01
-7.211480140686035156e-01
-6.904968023300170898e-01
-2.912400066852569580e-01
6.756111234426498413e-02
3.203833997249603271e-01
6.479070782661437988e-01
4.462462663650512695e-01
-2.979842126369476318e-01
1.504234224557876587e-01
2.081781439483165741e-02
-1.023722812533378601e-01
-1.913652122020721436e-01
2.050094902515411377e-01
5.601229667663574219e-01
-4.059202075004577637e-01
3.160861730575561523e-01
-7.728127390146255493e-02
-2.821198403835296631e-01
-1.775612980127334595e-01
3.085384070873260498e-01
-1.127493903040885925e-01
-7.388050854206085205e-02
-6.824588179588317871e-01
4.111095666885375977e-01
6.779239177703857422e-01
5.056847333908081055e-01
-1.726523637771606445e-01
-2.706455290317535400e-01
-1.012140512466430664e+00
3.157255649566650391e-01
-6.351924538612365723e-01
-1.444867998361587524e-01
1.086720526218414307e-01
1.822816133499145508e-01
5.649615526199340820e-01
2.403234131634235382e-02
6.187178492546081543e-01
1.383942812681198120e-01
-1.215399727225303650e-01
4.100871682167053223e-01
-8.145238161087036133e-01
-3.919333815574645996e-01
4.443694055080413818e-01
-4.268862009048461914e-01
2.820596396923065186e-01
4.004752635955810547e-01
-9.422760456800460815e-02
6.909408569335937500e-01
2.587527930736541748e-01
-8.388707637786865234e-01
4.749239385128021240e-01
7.793768644332885742e-01
-1.732075661420822144e-01
-3.227330446243286133e-01
-3.916215896606445312e-01
9.131180495023727417e-02
6.636289414018392563e-03
9.226673841476440430e-02
3.139366209506988525e-01
-1.369406223297119141e+00
8.614134192466735840e-01
3.739108443260192871e-01
-4.263253509998321533e-01
2.380344644188880920e-02
1.530746579170227051e+00
1.114277124404907227e+00
1.993536502122879028e-01
-1.732903271913528442e-01
-1.044209241867065430e+00
6.916508823633193970e-02
-3.480584919452667236e-01
5.309640616178512573e-02
2.493056356906890869e-01
1.216549351811408997e-01
-1.353630870580673218e-01
6.168007850646972656e-01
8.563873171806335449e-01
1.807863116264343262e-01
-6.739599704742431641e-01
2.773556411266326904e-01
-7.672552466392517090e-01
-4.160420000553131104e-01
5.624490976333618164e-02
-7.314628362655639648e-02
-3.771680966019630432e-02
-8.399557322263717651e-02
-5.839520096778869629e-01
1.953440252691507339e-03
-4.432696700096130371e-01
4.467162787914276123e-01
-1.619482040405273438e-01
1.598411649465560913e-01
-3.694764077663421631e-01
-2.109731137752532959e-01
4.540393352508544922e-01
1.292246282100677490e-01
6.033642888069152832e-01
3.562091886997222900e-01
-4.923444241285324097e-02
4.770649597048759460e-03
1.598493009805679321e-01
-1.689674109220504761e-01
-6.035812497138977051e-01
2.873427271842956543e-01
3.840925097465515137e-01
3.158077299594879150e-01
-1.880719661712646484e-01
-2.304929941892623901e-01
-5.088301897048950195e-01
3.049108199775218964e-02
-4.911927580833435059e-01
-1.917061805725097656e-01
4.164103269577026367e-01
1.315352506935596466e-02
2.184994220733642578e-01
4.683547466993331909e-02
1.971589326858520508e-01
-2.439421713352203369e-01
-9.735378623008728027e-02
6.313626766204833984e-01
-5.415785312652587891e-01
-4.222110807895660400e-01
7.718776464462280273e-01
-4.773765206336975098e-01
4.641880691051483154e-01
9.846884608268737793e-01
1.997762024402618408e-01
1.615907251834869385e-01
7.410811185836791992e-01
-1.043152570724487305e+00
8.427709937095642090e-01
7.943934798240661621e-01
2.493722923099994659e-02
8.532872051000595093e-02
-8.677475452423095703e-01
3.495134413242340088e-01
-3.818730413913726807e-01
1.707734912633895874e-02
-5.041964054107666016e-01
-1.156809568405151367e+00
5.033529400825500488e-01
6.830985546112060547e-01
-6.874978542327880859e-01
7.998509407043457031e-01
-5.684158205986022949e-01
-7.204214334487915039e-01
-1.790936142206192017e-01
-9.921533465385437012e-01
-3.160819709300994873e-01
8.631721735000610352e-01
-8.764430880546569824e-01
-5.945152640342712402e-01
4.776243269443511963e-01
4.810487627983093262e-01
3.884384036064147949e-01
6.633224338293075562e-02
7.243856787681579590e-02
-7.861148118972778320e-01
6.802608817815780640e-02
9.090021252632141113e-01
-7.945375442504882812e-01
-6.944182515144348145e-01
-6.338385939598083496e-01
3.192615509033203125e-01
3.865919113159179688e-01
2.587832324206829071e-02
-1.684205085039138794e-01
-4.840030670166015625e-01
-7.514609098434448242e-01
5.827202200889587402e-01
-3.495276868343353271e-01
-2.765617966651916504e-01
2.541410028934478760e-01
5.037778988480567932e-02
3.392686247825622559e-01
-7.337461411952972412e-02
3.444579541683197021e-01
-4.185941815376281738e-01
-3.123406469821929932e-01
8.855729103088378906e-01
-6.295370459556579590e-01
-4.530421793460845947e-01
-7.742447257041931152e-01
6.952949166297912598e-01
1.849257349967956543e-01
-1.270949691534042358e-01
2.360660880804061890e-01
-6.302286982536315918e-01
-6.175573468208312988e-01
4.991062283515930176e-01
-8.178757429122924805e-01
-5.426325798034667969e-01
3.683209717273712158e-01
2.887945771217346191e-01
5.301766991615295410e-01
-1.764326728880405426e-02
4.257034957408905029e-01
-3.469393253326416016e-01
-3.245647251605987549e-01
6.687670350074768066e-01
-7.500455379486083984e-01
-7.751361727714538574e-01
-3.769048750400543213e-01
1.368067860603332520e-01
-2.529235482215881348e-01
2.381915450096130371e-01
-2.341612428426742554e-01
-1.380052566528320312e-01
-4.769244194030761719e-01
-3.164202719926834106e-02
-5.109378695487976074e-01
-2.243008613586425781e-01
1.689535677433013916e-01
1.050906553864479065e-01
2.864355742931365967e-01
8.017789572477340698e-02
8.597916364669799805e-02
4.662758484482765198e-02
9.263964891433715820e-01
1.413040235638618469e-02
-1.841549575328826904e-01
-5.469625592231750488e-01
-8.180422782897949219e-01
3.254661858081817627e-01
2.795213162899017334e-01
-1.582773476839065552e-01
2.096693068742752075e-01
-5.975608825683593750e-01
-6.023388504981994629e-01
5.742861032485961914e-01
-7.961859703063964844e-01
-6.793692708015441895e-01
1.715935617685317993e-01
3.644424676895141602e-01
2.712272405624389648e-01
1.001543104648590088e-01
4.522885978221893311e-01
-3.154246807098388672e-01
-5.017480254173278809e-01
1.055834889411926270e+00
-6.523253321647644043e-01
-6.092447638511657715e-01
3.172443211078643799e-01
-3.701387941837310791e-01
-3.836626708507537842e-01
-3.242881894111633301e-01
6.225661188364028931e-02
3.588514626026153564e-01
8.925712108612060547e-01
-4.566121101379394531e-01
7.818036675453186035e-01
2.809589505195617676e-01
-1.862255930900573730e-01
-1.364441663026809692e-01
-3.886806368827819824e-01
-1.150377988815307617e-01
-2.369731962680816650e-01
1.948986202478408813e-01
4.421412944793701172e-01
-5.154573321342468262e-01
7.461382150650024414e-01
6.406605839729309082e-01
-6.836245656013488770e-01
8.075136542320251465e-01
-8.383127450942993164e-01
-9.075598716735839844e-01
-1.096589043736457825e-01
-1.040839195251464844e+00
-2.258468568325042725e-01
4.565525054931640625e-01
-4.897345900535583496e-01
-5.653569698333740234e-01
4.555256664752960205e-01
6.970434188842773438e-01
3.024640381336212158e-01
-2.625906467437744141e-01
1.413118690252304077e-01
-4.890012145042419434e-01
-1.566092297434806824e-02
9.204139113426208496e-01
-7.316224575042724609e-01
-5.849504470825195312e-01
-7.169736623764038086e-01
5.708833336830139160e-01
7.659749388694763184e-01
5.173262357711791992e-01
-3.134121298789978027e-01
-1.321632415056228638e-01
-1.300049901008605957e+00
5.777807235717773438e-01
-7.916503548622131348e-01
-7.004363536834716797e-01
1.148686707019805908e-01
1.350335031747817993e-01
8.165700435638427734e-01
2.931326255202293396e-02
7.094528079032897949e-01
-2.787655591964721680e-01
7.233310490846633911e-02
6.894122362136840820e-01
-5.244634747505187988e-01
-5.992516875267028809e-01
-9.884780049324035645e-01
1.094966530799865723e+00
-8.056025505065917969e-01
-7.588033676147460938e-01
-9.193667769432067871e-01
-5.102968215942382812e-01
-1.398781180381774902e+00
1.535053610801696777e+00
-9.647883772850036621e-01
-1.812733054161071777e+00
4.645334482192993164e-01
6.490746736526489258e-01
1.371694445610046387e+00
-2.055501043796539307e-01
1.266416311264038086e+00
-5.964439511299133301e-01
-2.072247564792633057e-01
1.324094295501708984e+00
-7.323641180992126465e-01
-9.015780687332153320e-01
-4.399400651454925537e-01
-1.759971827268600464e-01
-1.132650151848793030e-01
-2.085708528757095337e-01
-2.635063230991363525e-01
-3.586861863732337952e-02
1.830179803073406219e-02
-2.800657749176025391e-01
4.609472751617431641e-01
-3.412235081195831299e-01
-1.101684942841529846e-01
-4.082957506179809570e-01
-5.429286137223243713e-02
3.802660852670669556e-02
1.856075376272201538e-01
-1.450518369674682617e-01
-5.209313333034515381e-02
-2.524444162845611572e-01
4.904031008481979370e-02
-2.897319793701171875e-01
-1.466686651110649109e-02
-3.609361359849572182e-03
-4.470922797918319702e-02
-1.637438386678695679e-01
1.352039277553558350e-01
-3.068448305130004883e-01
-1.582494750618934631e-02
-1.083507910370826721e-01
-1.792297661304473877e-01
-2.571865618228912354e-01
5.370804667472839355e-01
-1.481253802776336670e-01
-5.589984357357025146e-02
-3.891149759292602539e-01
3.245098888874053955e-02
1.506367232650518417e-02
2.699706852436065674e-01
-2.789000868797302246e-01
-3.362806737422943115e-01
1.604433208703994751e-01
-3.211207091808319092e-01
-8.898554444313049316e-01
4.483286663889884949e-02
-1.190045699477195740e-01
8.424336463212966919e-02
4.693216681480407715e-01
-1.154580935835838318e-01
5.484665632247924805e-01
1.044934868812561035e+00
2.879663109779357910e-01
-5.242386460304260254e-01
-9.130180627107620239e-02
1.587914824485778809e-01
4.212242364883422852e-01
-3.939733840525150299e-03
1.169636473059654236e-02
-5.420450568199157715e-01
-3.066833317279815674e-01
1.300245165824890137e+00
3.150703310966491699e-01
-1.008916020393371582e+00
8.178823441267013550e-02
-4.114812016487121582e-01
-6.810206174850463867e-01
-5.812178850173950195e-01
-5.175063610076904297e-01
5.947235822677612305e-01
-3.957628309726715088e-01
2.244972437620162964e-01
-4.624218940734863281e-01
2.517186701297760010e-01
-7.341481447219848633e-01
-3.951376676559448242e-01
-3.650103807449340820e-01
-1.163207180798053741e-02
-5.977367162704467773e-01
3.492304384708404541e-01
-5.928189158439636230e-01
-3.158724009990692139e-01
-3.023621141910552979e-01
-2.661935985088348389e-01
-1.933626644313335419e-02
-5.467239022254943848e-01
-7.660778760910034180e-01
-1.811514943838119507e-01
-1.350071132183074951e-01
7.577423006296157837e-02
-3.086293339729309082e-01
-2.539812922477722168e-01
-2.078201323747634888e-01
6.823414564132690430e-01
-6.063072681427001953e-01
-1.174627467989921570e-01
-7.147065401077270508e-01
-3.880454003810882568e-01
-2.891411185264587402e-01
2.647260427474975586e-01
-7.720509767532348633e-01
-1.375932991504669189e-01
-4.628824591636657715e-01
-5.840961933135986328e-01
1.416478753089904785e-01
-9.846233725547790527e-01
-1.104994416236877441e+00
-1.200573742389678955e-01
-1.627916991710662842e-01
3.255281150341033936e-01
-3.553377389907836914e-01
-1.124437078833580017e-01
-1.753374934196472168e-01
5.584855079650878906e-01
-7.674853801727294922e-01
-3.771710693836212158e-01
-5.271085500717163086e-01
-2.330061644315719604e-01
-4.114677906036376953e-01
9.170897305011749268e-02
-1.070913791656494141e+00
4.313698410987854004e-01
-6.968722343444824219e-01
6.217280626296997070e-01
-1.246170178055763245e-01
2.617217898368835449e-01
6.622114181518554688e-01
9.551158547401428223e-02
9.819375351071357727e-03
-3.938809335231781006e-01
1.755592823028564453e-01
-3.155373334884643555e-01
4.009006917476654053e-01
-7.392729818820953369e-02
7.092693448066711426e-01
4.549295008182525635e-01
3.364003300666809082e-01
-2.267254516482353210e-02
4.386874139308929443e-01
-3.946229815483093262e-02
3.772440552711486816e-01
7.098252326250076294e-02
7.805396914482116699e-01
6.842204332351684570e-01
-4.373236894607543945e-01
1.173180818557739258e+00
1.147466063499450684e+00
2.386191487312316895e-01
-3.360761329531669617e-02
-7.240647077560424805e-01
4.539272785186767578e-01
-2.559806108474731445e-01
3.268701136112213135e-01
-3.475178182125091553e-01
7.197434306144714355e-01
2.802640795707702637e-01
4.354234635829925537e-01
2.199615836143493652e-01
4.404458999633789062e-01
-2.138109412044286728e-04
1.122931361198425293e+00
4.238816797733306885e-01
7.291968464851379395e-01
7.020011544227600098e-01
-2.969639003276824951e-01
5.864017605781555176e-01
6.034747362136840820e-01
3.959167599678039551e-01
9.131783843040466309e-01
-3.307389914989471436e-01
8.045608997344970703e-01
-3.749465346336364746e-01
6.884371042251586914e-01
-1.631915122270584106e-01
3.785212039947509766e-01
6.182000637054443359e-01
5.995864868164062500e-01
-5.438154190778732300e-02
3.463630080223083496e-01
-4.037102758884429932e-01
1.147212460637092590e-01
6.470683962106704712e-02
-9.501615166664123535e-02
7.913926988840103149e-02
2.660529017448425293e-01
6.068844348192214966e-02
1.729428172111511230e-01
-1.144418418407440186e-01
-1.714287400245666504e-01
-3.655008226633071899e-02
3.016949817538261414e-02
-9.486953020095825195e-01
-2.384395450353622437e-01
9.204601868987083435e-03
2.285284250974655151e-01
-3.290610611438751221e-01
-3.307249844074249268e-01
-8.351095020771026611e-02
-3.615605533123016357e-01
3.110715150833129883e-01
3.100074529647827148e-01
-8.321622610092163086e-01
3.211995959281921387e-01
-1.905580312013626099e-01
-3.997851908206939697e-01
2.195447981357574463e-01
-3.795284545049071312e-03
3.011660277843475342e-01
3.880343735218048096e-01
-1.776327788829803467e-01
4.225127696990966797e-01
8.040246963500976562e-01
3.158550262451171875e-01
-5.456446409225463867e-01
6.035956088453531265e-03
1.385017484426498413e-01
4.092784821987152100e-01
1.540389209985733032e-01
4.467053711414337158e-01
-5.616620779037475586e-01
-8.238781243562698364e-02
8.385983109474182129e-01
-1.164044886827468872e-01
2.311184108257293701e-01
5.738878250122070312e-01
-2.326028943061828613e-01
-6.945860981941223145e-01
1.078683882951736450e-01
-1.014194607734680176e+00
5.010795593261718750e-01
-3.912279009819030762e-01
-3.172704577445983887e-01
-6.859614253044128418e-01
8.117622733116149902e-01
-6.721340864896774292e-02
-7.843516469001770020e-01
-5.411797761917114258e-01
-2.178852409124374390e-01
-3.925833702087402344e-01
1.735053658485412598e-01
9.321252256631851196e-02
-3.331724703311920166e-01
1.629576086997985840e-01
-1.035914048552513123e-01
-9.760503768920898438e-01
1.788831353187561035e-01
3.036869466304779053e-01
-7.333884388208389282e-02
5.277192592620849609e-01
-3.113183658570051193e-03
5.138137340545654297e-01
3.522970676422119141e-01
-1.604452729225158691e-01
-5.746108889579772949e-01
-1.191263869404792786e-01
4.852572381496429443e-01
1.495430022478103638e-01
-2.031970024108886719e-01
2.523657381534576416e-01
-7.163038253784179688e-01
-3.044829517602920532e-02
4.808999300003051758e-01
-2.241674438118934631e-02
3.330450356006622314e-01
3.664745390415191650e-01
-3.191428259015083313e-02
-1.631088107824325562e-01
-1.526414006948471069e-01
-1.239115148782730103e-01
-7.136055082082748413e-02
-3.089756071567535400e-01
-1.608146190643310547e+00
-1.905881762504577637e-01
6.532366275787353516e-01
2.700290083885192871e-01
3.154372330754995346e-03
-2.690316438674926758e-01
-5.925955176353454590e-01
-3.882698342204093933e-02
4.931311905384063721e-01
-1.967836022377014160e-01
-7.070801854133605957e-01
-1.339131444692611694e-01
-8.138795495033264160e-01
-1.934459060430526733e-02
-5.162190198898315430e-01
-7.631581425666809082e-01
-2.174070328474044800e-01
-9.102042764425277710e-03
5.967655181884765625e-01
-2.438506484031677246e-01
1.746668666601181030e-02
-2.273649573326110840e-01
6.906003952026367188e-01
-6.957027912139892578e-01
-1.265421807765960693e-01
-6.198288798332214355e-01
-2.963461279869079590e-01
-1.555744111537933350e-01
1.413755118846893311e-01
-8.542523980140686035e-01
3.629231452941894531e-01
-6.065720319747924805e-01
-2.023613005876541138e-01
6.170547604560852051e-01
-1.974066793918609619e-01
-2.635552585124969482e-01
-6.127695441246032715e-01
-8.524150848388671875e-01
-4.423883557319641113e-02
-6.642436385154724121e-01
-5.298254489898681641e-01
-3.027345240116119385e-01
-4.724172130227088928e-02
1.000246107578277588e-01
-4.871988892555236816e-01
-1.574324443936347961e-03
3.634798824787139893e-01
-2.477454692125320435e-01
7.810369133949279785e-01
-2.594203650951385498e-01
-4.179761707782745361e-01
-9.940172731876373291e-02
3.357113003730773926e-01
5.019040107727050781e-01
4.832806289196014404e-01
9.869313240051269531e-01
4.680477678775787354e-01
-2.861402928829193115e-01
-8.044095635414123535e-01
2.428456395864486694e-01
-2.714620828628540039e-01
5.547178983688354492e-01
-6.994004845619201660e-01
4.471842646598815918e-01
2.643678784370422363e-01
4.681676328182220459e-01
6.702482700347900391e-02
7.561725378036499023e-02
5.844904780387878418e-01
5.494392514228820801e-01
-8.023965358734130859e-01
5.497283861041069031e-02
-1.888504922389984131e-01
5.992099642753601074e-01
-2.705589830875396729e-01
-1.630830764770507812e-01
-3.561284542083740234e-01
-7.709473967552185059e-01
3.643851578235626221e-01
-6.793833971023559570e-01
9.860320016741752625e-03
-4.588671922683715820e-01
4.503471553325653076e-01
-4.085101187229156494e-01
-4.240786731243133545e-01
-4.720208048820495605e-01
2.647700607776641846e-01
-3.799663186073303223e-01
7.252674102783203125e-01
2.235784381628036499e-01
-1.535888165235519409e-01
-9.068272262811660767e-02
-1.215054746717214584e-02
4.753503203392028809e-01
-3.639371097087860107e-01
-1.950772851705551147e-01
1.168800741434097290e-01
-8.569541573524475098e-01
1.483754217624664307e-01
-8.015918731689453125e-01
-7.917773723602294922e-02
-1.818626821041107178e-01
4.368351399898529053e-01
7.192289829254150391e-02
-3.282640874385833740e-01
-5.636442303657531738e-01
-8.708903938531875610e-02
-3.305643200874328613e-01
1.982907503843307495e-01
-2.032667249441146851e-01
-3.662884831428527832e-01
1.424828320741653442e-01
2.418111711740493774e-01
2.970914244651794434e-01
-2.573909461498260498e-01
-4.668319597840309143e-02
-1.074501425027847290e-01
-9.033217430114746094e-01
5.329834669828414917e-02
-6.501905918121337891e-01
-2.934324741363525391e-01
7.477012928575277328e-03
9.940289705991744995e-02
6.863053888082504272e-02
-3.924452066421508789e-01
-2.410892844200134277e-01
-2.091807276010513306e-01
-1.007069125771522522e-01
4.960128664970397949e-02
-5.213597789406776428e-02
-4.190243482589721680e-01
5.460029467940330505e-02
5.769553780555725098e-01
-7.287741303443908691e-01
4.696741998195648193e-01
8.462070226669311523e-01
1.248249784111976624e-01
3.327248990535736084e-01
-5.876204371452331543e-01
9.900480508804321289e-03
-2.020385563373565674e-01
1.898422688245773315e-01
-6.439260244369506836e-01
5.122807025909423828e-01
4.100570082664489746e-01
4.935807585716247559e-01
1.907374113798141479e-01
2.937594056129455566e-01
-3.941105306148529053e-01
4.590501487255096436e-01
3.014123141765594482e-01
6.157036423683166504e-01
-8.893106132745742798e-02
-3.801984339952468872e-02
6.045851111412048340e-01
3.470260798931121826e-01
4.886485636234283447e-01
-5.916493535041809082e-01
-2.532067000865936279e-01
-1.120214164257049561e-01
-5.115145072340965271e-02
8.719898015260696411e-02
-1.070753931999206543e-01
3.803208172321319580e-01
2.337052375078201294e-01
3.720946609973907471e-01
9.532420337200164795e-02
-2.183942794799804688e-01
-4.672521725296974182e-02
1.521477699279785156e-01
-2.411547452211380005e-01
-2.130760997533798218e-01
-1.537366509437561035e-01
8.132925629615783691e-01
-4.389687627553939819e-02
-1.360152661800384521e-01
3.782562911510467529e-01
-4.286111295223236084e-01
-1.725851595401763916e-01
-3.214202076196670532e-02
-1.317756772041320801e+00
5.910249352455139160e-01
-1.919095516204833984e-01
3.498022854328155518e-01
-3.841568529605865479e-01
1.567816585302352905e-01
-3.984134495258331299e-01
1.442600935697555542e-01
-5.479834601283073425e-02
-1.968724578619003296e-01
-1.759105175733566284e-01
-1.559837758541107178e-01
1.600697636604309082e-01
4.201405122876167297e-02
5.337862372398376465e-01
4.731192886829376221e-01
5.918337106704711914e-01
-3.094958662986755371e-01
-5.002804398536682129e-01
-3.112189173698425293e-01
2.622945010662078857e-01
1.161470860242843628e-01
2.065416723489761353e-01
-4.171591103076934814e-01
-3.260384872555732727e-02
5.971616506576538086e-01
-1.520283222198486328e-01
-3.459160402417182922e-02
2.600448131561279297e-01
1.763423532247543335e-01
3.793749511241912842e-01
6.992373615503311157e-02
-1.164743676781654358e-01
-3.821985737886279821e-04
1.775097548961639404e-01
-2.945523336529731750e-02
2.855253815650939941e-01
5.309413373470306396e-02
-1.768131107091903687e-01
-1.987371295690536499e-01
1.984188705682754517e-01
3.213373711332678795e-04
6.032097935676574707e-01
-3.514370918273925781e-01
1.615063101053237915e-01
1.321292221546173096e-01
-3.408132493495941162e-01
-4.490109682083129883e-01
4.626916646957397461e-01
5.322880744934082031e-01
3.712463676929473877e-01
-1.416837573051452637e-01
1.953486502170562744e-01
-3.155010342597961426e-01
-1.669408828020095825e-01
8.647140860557556152e-02
1.816120594739913940e-01
3.021589517593383789e-01
8.461974561214447021e-02
-2.851393520832061768e-01
1.316398498602211475e-03
8.680476993322372437e-02
3.260121047496795654e-01
-5.416430830955505371e-01
-2.304957658052444458e-01
1.993407122790813446e-02
-3.141797184944152832e-01
-3.461008369922637939e-01
6.993661522865295410e-01
5.594091117382049561e-02
2.735603749752044678e-01
5.575545504689216614e-02
2.429264783859252930e-01
3.402010500431060791e-01
7.090756297111511230e-01
9.614629149436950684e-01
6.075896024703979492e-01
-1.908407509326934814e-01
-7.663974165916442871e-01
-2.523896992206573486e-01
-5.058973431587219238e-01
1.663107722997665405e-01
1.548345237970352173e-01
3.493313789367675781e-01
1.208595186471939087e-01
6.537007689476013184e-01
-5.526654124259948730e-01
-3.811392486095428467e-01
1.184844002127647400e-01
7.580506801605224609e-02
1.403537988662719727e-01
4.888894408941268921e-02
2.261485159397125244e-01
-2.970032989978790283e-01
1.002424433827400208e-01
4.148890674114227295e-01
4.297102391719818115e-01
2.212507091462612152e-02
-2.884493470191955566e-01
-4.069246947765350342e-01
1.098813638091087341e-01
-4.664766490459442139e-01
7.678372263908386230e-01
-3.971213996410369873e-01
-2.358256140723824501e-03
6.817120909690856934e-01
-2.382173575460910797e-02
-6.820840239524841309e-01
7.256261706352233887e-01
2.822594344615936279e-01
2.020118981599807739e-01
-7.247421741485595703e-01
-3.274599015712738037e-01
4.767539203166961670e-01
-1.885683275759220123e-02
-3.833346068859100342e-02
2.340404242277145386e-01
-3.353137373924255371e-01
3.394373133778572083e-02
7.513989508152008057e-02
-4.651039540767669678e-01
4.810988530516624451e-02
-2.734739780426025391e-01
3.501985073089599609e-01
5.693898350000381470e-02
1.896285861730575562e-01
4.868573248386383057e-01
5.034397169947624207e-02
-8.933678865432739258e-01
-7.921955734491348267e-02
-5.998266339302062988e-01
2.016388252377510071e-02
5.635451078414916992e-01
-4.449574649333953857e-01
-1.238057836890220642e-01
3.772360384464263916e-01
1.588912010192871094e-01
2.080629318952560425e-01
1.784811466932296753e-01
-3.003739416599273682e-01
1.088498830795288086e+00
-1.116543054580688477e+00
2.618721127510070801e-01
-6.136251091957092285e-01
2.773389518260955811e-01
2.435449659824371338e-01
6.654810160398483276e-02
-4.216859638690948486e-01
5.709630250930786133e-01
3.319985568523406982e-01
1.702725440263748169e-01
1.752287000417709351e-01
-1.235716566443443298e-01
9.229413270950317383e-01
2.271988689899444580e-01
2.233226150274276733e-01
1.521876305341720581e-01
-5.205026865005493164e-01
-3.905608355998992920e-01
-4.523697197437286377e-01
-1.566991686820983887e+00
-6.271176040172576904e-03
4.160388708114624023e-01
3.784612938761711121e-02
-3.144572675228118896e-01
8.069916814565658569e-02
-1.769054383039474487e-01
-2.638145387172698975e-01
-1.358326151967048645e-02
3.068909943103790283e-01
-1.719736754894256592e-01
-3.999427258968353271e-01
6.097123622894287109e-01
2.450788021087646484e-01
4.024941623210906982e-01
1.336475729942321777e+00
1.400475382804870605e+00
-1.090078130364418030e-01
-1.023234367370605469e+00
-1.201012283563613892e-01
-6.408080458641052246e-01
3.993624448776245117e-01
3.075568079948425293e-01
2.150050252676010132e-01
1.849353015422821045e-01
1.056885123252868652e+00
-4.760551154613494873e-01
-6.662933230400085449e-01
-2.931330502033233643e-01
-6.399265676736831665e-02
-6.414094474166631699e-03
-3.765420019626617432e-01
5.246543884277343750e-02
3.222260773181915283e-01
-7.117302156984806061e-03
1.613470762968063354e-01
8.514867722988128662e-02
-1.583539843559265137e-01
9.288714081048965454e-02
1.215158924460411072e-01
-7.063236087560653687e-03
1.699275523424148560e-02
-4.952576458454132080e-01
1.888436973094940186e-01
-1.612296104431152344e-01
2.505870759487152100e-01
3.787717819213867188e-01
3.212862908840179443e-01
3.273496404290199280e-02
-3.375643789768218994e-01
-4.623539447784423828e-01
5.432258360087871552e-03
-1.359109878540039062e-01
-2.547401487827301025e-01
-5.259608030319213867e-01
-8.883169889450073242e-01
-1.024147391319274902e+00
2.894714474678039551e-01
6.315678358078002930e-01
5.397650003433227539e-01
4.151280224323272705e-01
-5.101954340934753418e-01
-1.800454780459403992e-02
-1.499858498573303223e-01
-8.280690014362335205e-02
-7.079598903656005859e-01
2.898620963096618652e-01
5.120730400085449219e-01
1.244461759924888611e-01
-6.553443521261215210e-02
-2.711573243141174316e-01
2.732501327991485596e-01
3.683222457766532898e-02
-3.934635967016220093e-02
7.343522310256958008e-01
3.442134559154510498e-01
5.679314136505126953e-01
-3.677193447947502136e-02
-5.788135528564453125e-01
-4.052801430225372314e-01
4.811209067702293396e-02
-1.056898012757301331e-01
6.922741234302520752e-02
-3.273447453975677490e-01
-4.210659861564636230e-02
3.040007650852203369e-01
-2.057540565729141235e-01
-1.965741515159606934e-01
3.220767676830291748e-01
6.845585256814956665e-02
8.033199608325958252e-02
-1.010196134448051453e-01
-3.709283769130706787e-01
3.360090851783752441e-01
8.805316686630249023e-01
2.266137488186359406e-02
5.136626362800598145e-01
-2.471735924482345581e-01
-6.668235659599304199e-01
-3.051621913909912109e-01
-7.005362510681152344e-01
9.381682612001895905e-03
2.349604070186614990e-01
-2.693125009536743164e-01
-8.103839159011840820e-01
2.730551660060882568e-01
-7.971244305372238159e-02
-1.832006126642227173e-01
2.207541912794113159e-01
3.996568620204925537e-01
-4.733772575855255127e-02
-6.126654148101806641e-01
-1.074445843696594238e+00
9.680241942405700684e-01
6.065148487687110901e-02
-1.397746324539184570e+00
-1.167581081390380859e+00
1.247280836105346680e-01
6.184378862380981445e-01
-2.921344637870788574e-01
-1.327538043260574341e-01
4.153896570205688477e-01
-1.181619241833686829e-01
8.436237573623657227e-01
-5.652835965156555176e-01
-1.560221672058105469e+00
8.101937770843505859e-01
4.896173775196075439e-01
4.331237375736236572e-01
4.400194808840751648e-02
-2.930929362773895264e-01
7.268195748329162598e-01
1.799460202455520630e-01
2.026630192995071411e-01
8.537269830703735352e-01
4.687259197235107422e-01
6.660050153732299805e-01
-3.754145801067352295e-01
-6.432405710220336914e-01
-4.316387772560119629e-01
4.342615720815956593e-04
-2.729867100715637207e-01
3.843600749969482422e-01
-1.395781040191650391e-01
-1.878428459167480469e-01
6.524764895439147949e-01
-7.570735178887844086e-03
-7.077167928218841553e-02
4.238741099834442139e-01
2.274695038795471191e-01
4.545879065990447998e-01
-2.662792205810546875e-01
2.757518291473388672e-01
1.712242364883422852e-01
-1.105134189128875732e-01
6.873883605003356934e-01
1.750953048467636108e-01
2.939181588590145111e-02
8.405683189630508423e-02
1.233869194984436035e-01
-1.260358452796936035e+00
-1.158640906214714050e-01
3.762241005897521973e-01
3.613645732402801514e-01
1.007547378540039062e-01
3.844920992851257324e-01
-1.823295652866363525e-01
-6.453780531883239746e-01
1.852046325802803040e-02
3.199761807918548584e-01
1.354960203170776367e-01
-8.227276057004928589e-02
-9.472081810235977173e-02
-1.234091371297836304e-01
-6.690255403518676758e-01
-4.451694488525390625e-01
-6.146736145019531250e-01
-1.139647960662841797e-01
7.753632664680480957e-01
5.792933702468872070e-01
-4.170604050159454346e-01
-3.885326087474822998e-01
-1.108901649713516235e-01
4.093590378761291504e-01
2.281512171030044556e-01
-5.484279394149780273e-01
2.140242010354995728e-01
3.582955002784729004e-01
-3.076294362545013428e-01
-2.483159452676773071e-01
-1.320450752973556519e-01
1.125173866748809814e-01
3.814739286899566650e-01
-7.998809814453125000e-01
-2.433984875679016113e-01
-3.259584605693817139e-01
-3.822448477149009705e-02
-1.212034076452255249e-01
4.408205151557922363e-01
3.540617823600769043e-01
8.779700994491577148e-01
-3.691643476486206055e-01
1.548289507627487183e-01
-3.534973561763763428e-01
2.885161340236663818e-01
-1.329149007797241211e-01
7.138667106628417969e-01
5.316701531410217285e-01
2.584125846624374390e-02
1.260390728712081909e-01
6.128764748573303223e-01
4.742395132780075073e-02
4.674708098173141479e-02
2.941330373287200928e-01
-1.999217458069324493e-02
5.410479307174682617e-01
1.205323934555053711e-01
1.329484432935714722e-01
1.422862410545349121e-01
-4.422533810138702393e-01
-2.200714945793151855e-01
8.120664954185485840e-02
8.733047246932983398e-01
2.703439593315124512e-01
-7.051356136798858643e-02
-3.636327106505632401e-03
-3.598074913024902344e-01
-1.103948336094617844e-02
-3.152868449687957764e-01
-1.426123082637786865e-01
3.907242417335510254e-01
-1.986523568630218506e-01
1.235096380114555359e-01
5.250309705734252930e-01
-1.313460022211074829e-01
-7.597151398658752441e-02
7.390625476837158203e-01
7.302626222372055054e-02
1.960995346307754517e-01
3.607975542545318604e-01
1.697118580341339111e-01
3.615864813327789307e-01
1.221705600619316101e-01
-1.009664177894592285e+00
3.084039688110351562e-01
4.889662861824035645e-01
3.053160905838012695e-01
5.196904540061950684e-01
-1.024958565831184387e-01
-3.358283042907714844e-01
2.425763458013534546e-01
-4.155427515506744385e-01
-5.125195384025573730e-01
7.652039080858230591e-02
-3.838512301445007324e-01
4.682933539152145386e-02
2.139494568109512329e-02
-1.279028654098510742e-01
-1.214669719338417053e-01
3.113363385200500488e-01
3.604297712445259094e-02
-3.644793629646301270e-01
-2.644197456538677216e-02
2.517870366573333740e-01
1.204442232847213745e-01
4.963150620460510254e-01
1.905075311660766602e-01
9.915991127490997314e-02
-6.263815760612487793e-01
-8.906554430723190308e-02
7.167380452156066895e-01
-3.514848053455352783e-01
-1.649883240461349487e-01
3.073681890964508057e-01
-6.865151524543762207e-01
-7.955384850502014160e-01
3.480308949947357178e-01
-7.858838438987731934e-01
6.603695154190063477e-01
-1.288171671330928802e-02
2.567178942263126373e-02
4.120707511901855469e-01
5.078100562095642090e-01
-5.424552559852600098e-01
2.455604635179042816e-02
1.851283311843872070e-01
9.901760220527648926e-01
-9.992512874305248260e-03
-7.278553843498229980e-01
2.497390061616897583e-01
5.179713368415832520e-01
-3.599599301815032959e-01
-1.652460843324661255e-01
1.966030746698379517e-01
3.614367246627807617e-01
2.407303601503372192e-01
4.470312297344207764e-01
2.141617685556411743e-01
2.811177633702754974e-02
-1.292709112167358398e-01
2.061980366706848145e-01
2.510096430778503418e-01
-2.826760113239288330e-01
-5.046537518501281738e-01
-2.410774528980255127e-01
-2.001621723175048828e-01
-1.932034641504287720e-01
3.723415136337280273e-01
4.980166852474212646e-01
-1.018910929560661316e-01
-1.331577897071838379e-01
2.815018892288208008e-01
4.405204951763153076e-02
-1.135910674929618835e-01
3.217765092849731445e-01
2.646407186985015869e-01
-2.833878099918365479e-01
9.957079589366912842e-02
-2.658049166202545166e-01
3.767268955707550049e-01
-6.462416648864746094e-01
1.140042394399642944e-01
-3.607879877090454102e-01
3.451775759458541870e-02
-2.948302626609802246e-01
-9.572421759366989136e-02
-8.981937170028686523e-01
2.973695695400238037e-01
-1.506637334823608398e-01
7.489003241062164307e-03
6.553820800036191940e-03
3.633451163768768311e-01
2.366817712783813477e+00
3.225971162319183350e-01
-7.259009033441543579e-02
-6.622793674468994141e-01
1.636906713247299194e-02
-6.702551990747451782e-02
3.538990616798400879e-01
-7.639331221580505371e-01
3.734100461006164551e-01
5.824114680290222168e-01
2.103745937347412109e-01
-5.188152194023132324e-02
-5.157250165939331055e-02
8.792397379875183105e-02
-4.813317358493804932e-01
2.077335417270660400e-01
-2.230355888605117798e-01
-1.499371528625488281e-01
-1.034487271681427956e-03
-3.484029769897460938e-01
-1.197363018989562988e+00
-6.550750732421875000e-01
1.931900382041931152e-01
1.751690059900283813e-01
3.096306929364800453e-03
3.068624734878540039e-01
-1.984595954418182373e-01
7.484069466590881348e-01
-9.878497719764709473e-01
2.561494410037994385e-01
2.209058962762355804e-02
-3.342818021774291992e-01
-5.184917449951171875e-01
-7.130947709083557129e-01
4.756024479866027832e-01
-5.494627356529235840e-01
3.640116751194000244e-01
5.429204702377319336e-01
3.547235429286956787e-01
-2.901879511773586273e-02
-4.429875910282135010e-01
-2.933730185031890869e-01
2.660590112209320068e-01
-4.516268149018287659e-02
-8.154247999191284180e-01
2.898070812225341797e-01
-3.348933458328247070e-01
6.364752054214477539e-01
-2.006200700998306274e-01
-6.653814315795898438e-01
-3.200297057628631592e-02
7.246312499046325684e-01
-4.624203145503997803e-01
-6.252771615982055664e-01
-2.919575870037078857e-01
-1.168826594948768616e-01
2.537178341299295425e-03
3.510664105415344238e-01
2.351312488317489624e-01
-3.034450709819793701e-01
3.030730187892913818e-01
-9.075619280338287354e-03
-5.096398591995239258e-01
-9.023287147283554077e-02
-6.621661782264709473e-01
-7.376533150672912598e-01
2.102776616811752319e-01
-1.542869806289672852e-01
1.811489462852478027e-02
-8.801084160804748535e-01
1.738259345293045044e-01
1.099298954010009766e+00
1.491132527589797974e-01
-4.717858135700225830e-02
7.748379111289978027e-01
-1.000432297587394714e-01
-5.175821185111999512e-01
-1.048943325877189636e-01
1.758233904838562012e-01
-2.793790996074676514e-01
-3.890755176544189453e-01
1.554902195930480957e-01
7.512075304985046387e-01
1.748325824737548828e-01
-1.962733268737792969e-01
4.260089397430419922e-01
-4.316527247428894043e-01
-1.078117191791534424e-01
-2.148878723382949829e-01
1.040139049291610718e-02
-4.452329874038696289e-01
2.015052884817123413e-01
-1.089561879634857178e-01
5.822165682911872864e-02
-4.101486206054687500e-01
1.262133121490478516e-01
4.958403408527374268e-01
-2.579141855239868164e-01
-6.793241500854492188e-01
7.164977788925170898e-01
-2.856512665748596191e-01
2.384957373142242432e-01
-2.394284456968307495e-01
-1.316811889410018921e-01
1.558920443058013916e-01
-1.265707910060882568e-01
4.565007984638214111e-02
2.748520076274871826e-01
3.644315302371978760e-01
-1.345476806163787842e-01
-1.790997236967086792e-01
4.087978601455688477e-01
2.301432341337203979e-01
6.284003257751464844e-01
3.962104916572570801e-01
2.997326254844665527e-01
-4.496208950877189636e-02
-1.897146552801132202e-01
7.145451903343200684e-01
-8.361677825450897217e-02
-1.298912167549133301e-01
-2.048876583576202393e-01
-6.603978872299194336e-01
-3.216709941625595093e-02
5.806598812341690063e-02
1.392631828784942627e-01
1.164199039340019226e-01
5.978093147277832031e-01
-4.050050675868988037e-01
-4.271774888038635254e-01
2.265044152736663818e-01
-9.164701402187347412e-02
-5.248898863792419434e-01
-6.032522320747375488e-01
2.620681822299957275e-01
-2.736051082611083984e-01
-6.657249927520751953e-01
2.387434095144271851e-01
2.384431064128875732e-01
-4.246025532484054565e-02
4.171507954597473145e-01
1.100573539733886719e-01
-7.633014321327209473e-01
-6.612081527709960938e-01
-2.419529408216476440e-01
-2.419423609972000122e-01
2.896922826766967773e-01
-1.666717678308486938e-01
2.468028664588928223e-02
-1.505388915538787842e-01
2.364657372236251831e-01
6.080936193466186523e-01
-2.068950831890106201e-01
-1.861867755651473999e-01
6.372345685958862305e-01
-4.982329159975051880e-02
-1.131506934762001038e-01
3.182407021522521973e-01
7.469629049301147461e-01
-5.494368076324462891e-01
-3.268905282020568848e-01
1.058315932750701904e-01
-2.656214237213134766e-01
6.798926740884780884e-02
-2.706612050533294678e-01
-2.815442085266113281e-01
2.789809182286262512e-02
1.239608824253082275e-01
3.657339811325073242e-01
-1.218053579330444336e+00
-4.166108071804046631e-01
7.392414808273315430e-01
1.334190070629119873e-01
4.104154184460639954e-02
1.190295338630676270e+00
3.654169440269470215e-01
-1.119765162467956543e+00
-2.295813709497451782e-01
1.021050691604614258e+00
-4.622392058372497559e-01
1.479530334472656250e+00
1.792290657758712769e-01
6.080883145332336426e-01
-1.205875799059867859e-01
2.010778896510601044e-02
3.060331642627716064e-01
-1.526919305324554443e-01
-9.626304358243942261e-02
-1.281976401805877686e-01
9.198870658874511719e-01
8.115589618682861328e-02
-2.806680202484130859e-01
1.232971176505088806e-01
9.957177937030792236e-02
-1.065753459930419922e+00
2.869013249874114990e-01
4.248506724834442139e-01
1.376467198133468628e-01
-1.061788558959960938e+00
1.164832189679145813e-01
-2.350467890501022339e-01
-1.282075196504592896e-01
4.573569595813751221e-01
2.623693048954010010e-01
1.779769808053970337e-01
2.885245382785797119e-01
5.319200456142425537e-02
8.604700118303298950e-02
-3.795665800571441650e-01
5.678451657295227051e-01
1.191434040665626526e-01
-8.431930541992187500e-01
2.443575300276279449e-02
-1.545246243476867676e-01
-1.083897590637207031e+00
-1.454485356807708740e-01
6.949679255485534668e-01
2.075629234313964844e-01
-5.759029388427734375e-01
5.682947859168052673e-02
-2.655168771743774414e-01
3.292478322982788086e-01
4.368576705455780029e-01
3.276666104793548584e-01
-1.933894306421279907e-01
4.572040736675262451e-01
-1.054463386535644531e-01
4.037850722670555115e-02
9.481844492256641388e-03
2.079374045133590698e-01
-2.292616814374923706e-01
-1.577313430607318878e-02
2.137318104505538940e-01
1.228836551308631897e-01
-9.273481965065002441e-01
4.858438670635223389e-01
4.758412241935729980e-01
-7.307166606187820435e-02
-1.448702216148376465e-01
7.576307654380798340e-01
-6.106818318367004395e-01
-1.534831076860427856e-01
3.920877352356910706e-02
3.169150650501251221e-01
-2.745718657970428467e-01
4.475423321127891541e-02
-5.724977850914001465e-01
-2.020184844732284546e-01
9.897449053823947906e-03
-2.809429764747619629e-01
-1.402377188205718994e-01
2.736414074897766113e-01
6.718992441892623901e-02
-1.050424575805664062e-01
-1.446134876459836960e-02
-2.550171911716461182e-01
3.064256608486175537e-01
-5.791382491588592529e-02
3.028707802295684814e-01
-1.714007556438446045e-01
4.492312073707580566e-01
-4.558543115854263306e-02
3.861117660999298096e-01
-1.561406850814819336e-01
-2.977376282215118408e-01
9.043674170970916748e-02
2.526838779449462891e-01
-3.916289806365966797e-01
1.244165182113647461e+00
3.807808086276054382e-02
1.294992119073867798e-01
2.094888836145401001e-01
-2.968462705612182617e-01
-1.289664953947067261e-01
-5.713415145874023438e-01
-1.782146990299224854e-01
4.194427430629730225e-01
3.084671199321746826e-01
-2.705844163894653320e+00
-9.064641594886779785e-02
2.391571521759033203e+00
2.013087719678878784e-01
-6.064527034759521484e-01
-1.082757487893104553e-01
4.382489919662475586e-01
-2.407337874174118042e-01
2.033495157957077026e-01
-7.813783884048461914e-01
5.081813931465148926e-01
1.797841042280197144e-01
1.742214560508728027e-01
-2.410254925489425659e-01
3.816546201705932617e-01
2.719752788543701172e-01
6.742531061172485352e-02
-1.135630309581756592e-01
-4.611067175865173340e-01
-3.336434662342071533e-01
-1.127068251371383667e-01
-1.447014808654785156e-01
-8.445620536804199219e-01
1.378684584051370621e-02
5.249778032302856445e-01
4.884199798107147217e-01
2.685997486114501953e-01
7.763469219207763672e-01
-2.896659076213836670e-01
2.780991196632385254e-01
-6.258423328399658203e-01
3.007196485996246338e-01
-3.560363352298736572e-01
-3.702887594699859619e-01
2.848342657089233398e-01
3.708918094635009766e-01
-3.964952826499938965e-01
-6.735952943563461304e-02
6.117760539054870605e-01
-5.462650209665298462e-02
-3.160620480775833130e-02
3.456792831420898438e-01
-1.415512710809707642e-01
4.960237145423889160e-01
7.341637015342712402e-01
-2.140713483095169067e-01
3.227936923503875732e-01
3.476653695106506348e-01
-6.016316413879394531e-01
-7.438831925392150879e-01
1.746403425931930542e-01
-6.951178908348083496e-01
-1.390970498323440552e-01
-3.566906452178955078e-01
-7.013698816299438477e-01
3.015917539596557617e-01
7.392067909240722656e-01
-1.665267944335937500e-01
-1.614253818988800049e-01
-3.517273068428039551e-01
2.904288768768310547e-01
2.174512892961502075e-01
-1.301828622817993164e-01
2.098478376865386963e-01
-2.217180728912353516e-01
-2.801460623741149902e-01
-1.534635573625564575e-01
5.226857215166091919e-02
-6.263469457626342773e-01
5.667532086372375488e-01
-4.569741487503051758e-01
4.777525663375854492e-01
-1.003522723913192749e-01
-2.211438119411468506e-01
3.463350534439086914e-01
2.255049198865890503e-01
-1.922661066055297852e-01
-6.837057471275329590e-01
-5.321896076202392578e-01
-2.294049561023712158e-01
3.133605718612670898e-01
-2.097266167402267456e-01
2.736799120903015137e-01
6.979146599769592285e-02
-7.139855623245239258e-02
2.841470539569854736e-01
6.751282811164855957e-01
-7.184057831764221191e-01
-4.327253699302673340e-01
2.762378156185150146e-01
1.460733711719512939e-01
1.259051114320755005e-01
-1.502371132373809814e-01
5.070523917675018311e-02
2.038684934377670288e-01
2.473902255296707153e-01
-2.854728400707244873e-01
-6.910094618797302246e-02
-6.726751476526260376e-02
1.469902396202087402e-01
1.311708569526672363e+00
-2.118297666311264038e-01
-2.911089658737182617e-01
-1.595888137817382812e-01
5.372752435505390167e-03
3.335737287998199463e-01
4.106144607067108154e-01
-5.021185874938964844e-01
5.284590125083923340e-01
-6.096906960010528564e-02
-7.256443798542022705e-02
-1.133953928947448730e-01
-6.752330660820007324e-01
-1.582762971520423889e-02
-1.467521935701370239e-01
8.097836971282958984e-01
8.865649998188018799e-02
3.262784183025360107e-01
-1.733741611242294312e-01
3.263352811336517334e-01
2.227291017770767212e-01
-4.270206391811370850e-02
-1.169205084443092346e-01
5.895345807075500488e-01
2.410607635974884033e-01
-5.016882717609405518e-02
1.307315826416015625e+00
4.231586158275604248e-01
-8.228990435600280762e-01
-3.069145679473876953e-01
-3.318329453468322754e-01
-3.292514681816101074e-01
2.163995802402496338e-02
-4.089483916759490967e-01
-2.894692122936248779e-01
-1.987334042787551880e-01
5.725842118263244629e-01
-7.479125261306762695e-01
-9.803270548582077026e-02
3.394214436411857605e-02
9.392239451408386230e-01
-3.348741829395294189e-01
-3.548631966114044189e-01
-2.365319877862930298e-01
-3.402643278241157532e-02
7.205269336700439453e-01
-5.261566955596208572e-03
-7.572082430124282837e-02
-1.676288843154907227e-01
-8.355058729648590088e-02
4.039135277271270752e-01
-4.007539451122283936e-01
6.870734691619873047e-02
-2.089143693447113037e-01
-6.230188608169555664e-01
8.713587522506713867e-01
8.321569114923477173e-02
3.224208950996398926e-01
1.383475363254547119e-01
3.418125510215759277e-01
-4.160960912704467773e-01
-5.556017905473709106e-02
-3.688643872737884521e-01
8.844024538993835449e-01
7.685682773590087891e-01
-2.030750662088394165e-01
1.715234071016311646e-01
-1.300535947084426880e-01
-2.342916965484619141e+00
-8.769552707672119141e-01
6.950224936008453369e-02
-1.805905997753143311e-01
-2.572326660156250000e-01
-7.031511664390563965e-01
-4.930600225925445557e-01
2.728075683116912842e-01
4.277288615703582764e-01
-4.349821805953979492e-01
1.700834631919860840e-01
-1.571118682622909546e-01
-5.060708522796630859e-01
-6.405209749937057495e-02
1.679186522960662842e-02
3.330588042736053467e-01
-3.369371965527534485e-02
-5.589522719383239746e-01
1.306442975997924805e+00
9.885281324386596680e-02
-8.358128070831298828e-01
-2.494680881500244141e-01
-6.142046675086021423e-02
-1.991386711597442627e-01
1.812245696783065796e-01
1.134702116250991821e-01
-4.007948637008666992e-01
-4.051191210746765137e-01
1.149175390601158142e-01
-1.865742951631546021e-01
-2.651376426219940186e-01
-3.097750544548034668e-01
8.816938996315002441e-01
-7.207723259925842285e-01
3.984118700027465820e-01
-1.009992044419050217e-02
-3.168094456195831299e-01
1.420038640499114990e-01
-2.863257825374603271e-01
-8.920712396502494812e-03
-1.954110115766525269e-01
-5.964463576674461365e-02
1.304782629013061523e-01
2.615685164928436279e-01
2.000355720520019531e-01
2.815309762954711914e-01
6.464575231075286865e-02
-2.573772072792053223e-01
-8.299752324819564819e-02
2.139553874731063843e-01
3.687753342092037201e-03
-5.508752539753913879e-02
-4.525247812271118164e-01
2.822482883930206299e-01
-3.465106487274169922e-01
-1.209119483828544617e-01
4.292322397232055664e-01
8.795413188636302948e-03
-6.314416527748107910e-01
1.849146008491516113e+00
-5.857624411582946777e-01
-1.989347189664840698e-01
-4.393432736396789551e-01
-2.327057868242263794e-01
-4.488519728183746338e-01
-5.106993317604064941e-01
-8.856014907360076904e-02
5.598389506340026855e-01
9.694042801856994629e-02
-2.545527555048465729e-02
-9.433683753013610840e-02
-2.733033299446105957e-01
-1.610174477100372314e-01
1.465398818254470825e-01
1.140253171324729919e-01
-8.223611712455749512e-01
-1.028059720993041992e-01
-1.581129245460033417e-02
-9.598831534385681152e-01
6.363069415092468262e-01
2.909001410007476807e-01
2.909798026084899902e-01
-1.444411277770996094e-01
1.550448685884475708e-01
-9.516131132841110229e-02
-2.012048363685607910e-01
1.214462295174598694e-01
8.579095453023910522e-02
-2.250134348869323730e-01
2.215890437364578247e-01
3.672671020030975342e-01
-2.816472053527832031e-01
-7.882236242294311523e-01
-6.951802968978881836e-02
1.834280602633953094e-02
8.411767333745956421e-02
-2.778770923614501953e-01
1.476168930530548096e-01
-7.447294145822525024e-02
-6.382167339324951172e-01
3.817973136901855469e-01
-7.070367783308029175e-02
2.645170092582702637e-01
-3.915936499834060669e-02
9.243253618478775024e-02
2.500607669353485107e-01
-6.291247159242630005e-02
-1.459971964359283447e-01
-2.615509331226348877e-01
-1.134164556860923767e-01
4.616599157452583313e-02
5.424467325210571289e-01
1.841826736927032471e-01
-1.581435352563858032e-01
4.668238759040832520e-01
-2.380658984184265137e-01
-2.713962793350219727e-01
1.143310219049453735e-01
-8.013936877250671387e-02
-2.935014009475708008e+00
3.208939731121063232e-01
-2.381762303411960602e-02
6.827168464660644531e-01
4.128907620906829834e-01
6.157491356134414673e-02
1.582670770585536957e-02
1.239657700061798096e-01
-2.125088591128587723e-03
8.788517862558364868e-02
4.183980226516723633e-01
5.817075371742248535e-01
5.521862506866455078e-01
2.478393260389566422e-03
5.249468237161636353e-02
-3.661678135395050049e-01
6.896709650754928589e-02
8.302828669548034668e-02
-4.292944073677062988e-01
-4.192519783973693848e-01
-3.407876193523406982e-01
-3.044290244579315186e-01
2.529543042182922363e-01
3.203750401735305786e-02
8.559887856245040894e-02
3.700436279177665710e-02
-1.939110904932022095e-01
7.658399641513824463e-02
7.022181898355484009e-02
-1.491855233907699585e-01
-7.104497868567705154e-03
-1.688526868820190430e-01
-5.821329951286315918e-01
-2.490455508232116699e-01
-1.474722325801849365e-01
1.338775642216205597e-02
-2.304609715938568115e-01
-1.312987785786390305e-02
5.802323222160339355e-01
-1.405012458562850952e-01
-3.107087686657905579e-02
3.242671787738800049e-01
2.288388088345527649e-02
3.331993520259857178e-01
3.330022096633911133e-01
3.894567191600799561e-01
-4.956660047173500061e-02
2.088034749031066895e-01
-2.597359120845794678e-01
-1.395197659730911255e-01
4.318172633647918701e-01
2.531645298004150391e-01
1.930345594882965088e-01
-3.178744912147521973e-01
8.956657350063323975e-02
4.809598252177238464e-02
-7.034695148468017578e-01
-3.421812057495117188e-01
7.190420627593994141e-01
2.525810003280639648e-01
-3.500162363052368164e+00
4.372258782386779785e-01
1.135102733969688416e-01
1.974390149116516113e-01
1.639383435249328613e-01
-3.716169297695159912e-01
3.346755802631378174e-01
2.598021328449249268e-01
1.990462243556976318e-01
-1.537333335727453232e-02
7.032091617584228516e-01
-8.710236102342605591e-02
2.468092739582061768e-01
-2.144545465707778931e-01
3.194903731346130371e-01
-2.177601307630538940e-01
3.701634407043457031e-01
-6.745783984661102295e-02
-6.536305546760559082e-01
9.447393417358398438e-01
-1.453055500984191895e+00
-7.407892346382141113e-01
-4.037226140499114990e-01
-5.196017026901245117e-01
-1.016919985413551331e-01
3.406342864036560059e-01
2.365777343511581421e-01
-2.619975507259368896e-01
-2.823809087276458740e-01
4.486268758773803711e-01
-9.160659313201904297e-01
-6.666481494903564453e-02
-3.497975878417491913e-03
4.653400480747222900e-01
-2.246455401182174683e-01
-2.623460888862609863e-01
-8.280336856842041016e-01
1.598299741744995117e-01
3.894713222980499268e-01
-2.067490667104721069e-01
-3.019248247146606445e-01
4.987267851829528809e-01
-2.063256055116653442e-01
3.846537768840789795e-01
5.835345759987831116e-02
-6.034281104803085327e-02
-6.663044095039367676e-01
-3.412190377712249756e-01
4.766155183315277100e-01
-4.212508350610733032e-02
6.635068655014038086e-01
5.713384151458740234e-01
2.477192878723144531e-01
-4.290677309036254883e-01
1.184408307075500488e+00
1.013951823115348816e-01
-1.482998728752136230e-01
-8.280506730079650879e-02
4.331843852996826172e-01
-1.712603718042373657e-01
1.625680923461914062e-02
3.545468449592590332e-01
-4.787645339965820312e-01
4.586996138095855713e-01
-3.709968030452728271e-01
7.030814141035079956e-02
-7.705421745777130127e-02
-2.542886734008789062e-01
-1.714339703321456909e-01
2.036882787942886353e-01
2.043515443801879883e-01
4.726751148700714111e-01
3.089083433151245117e-01
-2.164565026760101318e-01
2.985109984874725342e-01
4.045367836952209473e-01
3.326980471611022949e-01
-2.216623574495315552e-01
7.276970148086547852e-02
-3.377549350261688232e-01
-2.668043375015258789e-01
9.751734323799610138e-03
2.656366229057312012e-01
6.972234696149826050e-03
4.453029632568359375e-01
2.290608137845993042e-01
-1.284004151821136475e-01
5.578386187553405762e-01
-4.684633314609527588e-01
-3.607986867427825928e-01
-5.150569081306457520e-01
3.087481297552585602e-02
2.919417573139071465e-03
8.495211601257324219e-01
3.142711222171783447e-01
5.098658800125122070e-01
-5.685225129127502441e-02
-3.779443353414535522e-02
4.622402489185333252e-01
-6.650703400373458862e-02
3.246396780014038086e-01
3.895639181137084961e-01
-3.328199982643127441e-01
2.549092173576354980e-01
-1.959834098815917969e-01
-9.426342695951461792e-02
-4.800255596637725830e-02
-2.632687799632549286e-02
-1.442502737045288086e-01
2.274303585290908813e-01
3.824349045753479004e-01
2.847741842269897461e-01
1.701647639274597168e+00
1.628867834806442261e-01
1.924600750207901001e-01
-7.160378694534301758e-01
-3.497485443949699402e-02
2.195343375205993652e-03
2.221615016460418701e-01
-2.053117379546165466e-02
1.060296058654785156e+00
1.358482837677001953e-01
6.082796454429626465e-01
-2.242728322744369507e-01
-1.243348270654678345e-01
-3.224452212452888489e-02
4.269724488258361816e-01
-6.724022030830383301e-01
3.501971065998077393e-01
5.524093657732009888e-02
3.644110262393951416e-01
5.300698876380920410e-01
8.975902795791625977e-01
-2.286959290504455566e-01
3.712409138679504395e-01
-5.456070974469184875e-02
-2.749226987361907959e-01
3.516518697142601013e-02
-4.687789976596832275e-01
-3.073178231716156006e-01
1.255764365196228027e-01
-2.268717736005783081e-01
8.700623363256454468e-02
1.940423995256423950e-01
3.082203269004821777e-01
-1.697111129760742188e-01
4.044294655323028564e-01
3.155961930751800537e-01
2.501250058412551880e-02
6.654722690582275391e-01
-3.549766540527343750e-01
-4.585916921496391296e-02
-1.437598024494946003e-03
3.010708987712860107e-01
-4.572984576225280762e-01
-7.423195242881774902e-01
3.039221763610839844e-01
-2.394756972789764404e-01
4.238101243972778320e-01
-2.598819732666015625e-01
1.332078594714403152e-02
4.313797652721405029e-01
5.494587868452072144e-02
-5.127967596054077148e-01
-2.852826416492462158e-01
5.074075460433959961e-01
3.184036016464233398e-01
-4.114671945571899414e-01
2.122303843498229980e-02
-7.886053323745727539e-01
4.325159192085266113e-01
3.889340758323669434e-01
6.352996826171875000e-01
1.946868896484375000e-01
4.350666403770446777e-01
-1.081830933690071106e-01
-3.333727717399597168e-01
2.758771181106567383e-02
4.483001232147216797e-01
1.410581022500991821e-01
-7.778845429420471191e-01
6.190193071961402893e-02
-3.690390586853027344e-01
6.279356479644775391e-01
9.568593651056289673e-02
-3.914326801896095276e-02
-1.936888396739959717e-01
3.385334014892578125e-01
-1.078655421733856201e-01
-1.533130288124084473e+00
-3.018947541713714600e-01
1.674990952014923096e-01
1.850813180208206177e-01
-3.153870701789855957e-01
1.273419857025146484e-01
1.669488288462162018e-02
9.911932349205017090e-01
-4.550930261611938477e-01
