-4.560215175151824951e-01
-1.994322091341018677e-01
4.733462929725646973e-01
-4.581466019153594971e-01
1.066796854138374329e-01
1.016662597656250000e+00
-4.712603390216827393e-01
-5.450049638748168945e-01
-4.807182550430297852e-01
-1.367430984973907471e-01
-8.051550388336181641e-01
-3.847721815109252930e-01
-2.557436823844909668e-01
-1.577038288116455078e+00
4.648983776569366455e-01
1.726699918508529663e-01
3.871970772743225098e-01
-6.630818843841552734e-01
-9.863889217376708984e-02
3.891042470932006836e-01
-6.818128228187561035e-01
1.034104675054550171e-01
-3.959302306175231934e-01
8.348970413208007812e-01
-2.023569680750370026e-02
1.661831021308898926e+00
-2.718019187450408936e-01
1.378260999917984009e-01
5.919049382209777832e-01
2.357970178127288818e-01
1.784423440694808960e-01
-6.917043775320053101e-02
2.121152430772781372e-01
1.418545991182327271e-01
1.634930223226547241e-01
-9.873359799385070801e-01
-4.823857545852661133e-02
-7.973994612693786621e-01
3.702822923660278320e-01
1.009393692016601562e+00
4.055358469486236572e-01
-6.340347528457641602e-01
-6.380220055580139160e-01
-3.836304843425750732e-01
3.890910446643829346e-01
1.924870163202285767e-01
-6.574824452400207520e-01
7.040311098098754883e-01
6.656177043914794922e-01
4.949509501457214355e-01
-6.010815501213073730e-01
-5.915380716323852539e-01
-5.278244242072105408e-02
5.140479803085327148e-01
-1.931897103786468506e-01
6.851114630699157715e-01
3.011439442634582520e-01
1.117416739463806152e+00
4.515521526336669922e-01
-4.474813342094421387e-01
-7.073386013507843018e-02
1.739095896482467651e-01
-2.149013876914978027e-01
-2.843989804387092590e-02
2.042237371206283569e-01
-2.956304699182510376e-02
-4.532855749130249023e-01
4.787760227918624878e-02
2.443015724420547485e-01
9.642750024795532227e-02
1.269383430480957031e-01
3.513857349753379822e-02
7.858127951622009277e-01
-1.785591542720794678e-01
2.484998852014541626e-01
3.929758444428443909e-02
-1.718483716249465942e-01
5.565580725669860840e-01
2.718297243118286133e-01
-1.015643924474716187e-01
1.513923257589340210e-01
2.206756472587585449e-01
2.708902955055236816e-01
2.420611381530761719e-01
7.528606802225112915e-02
3.410194441676139832e-02
-1.608566194772720337e-01
-9.252148866653442383e-02
-1.025956049561500549e-01
-1.394555419683456421e-01
2.703192830085754395e-01
2.081039845943450928e-01
1.543717533349990845e-01
-3.863047063350677490e-02
-2.026365697383880615e-01
-1.356239765882492065e-01
-2.876754105091094971e-01
5.511787906289100647e-02
-1.488691717386245728e-01
-1.346181035041809082e-01
1.161451414227485657e-01
5.666234344244003296e-02
-1.015877053141593933e-01
2.526326775550842285e-01
3.772106394171714783e-02
1.916212588548660278e-01
-1.215399578213691711e-01
-3.067711889743804932e-01
-1.676267087459564209e-01
-2.382122129201889038e-01
6.723961234092712402e-02
3.707997873425483704e-02
-9.749992936849594116e-02
-2.759648561477661133e-01
1.172724887728691101e-01
-9.851679950952529907e-02
-3.017195761203765869e-01
1.840651482343673706e-01
9.914171695709228516e-02
1.247481815516948700e-02
1.360193192958831787e-01
-1.536404639482498169e-01
-6.960459053516387939e-02
-5.065318197011947632e-02
5.170060694217681885e-02
-6.817351281642913818e-02
4.579358175396919250e-02
6.576756387948989868e-02
3.084907773882150650e-03
-9.224592894315719604e-02
-1.227360069751739502e-01
-1.583849936723709106e-01
-9.924533218145370483e-02
-9.398853778839111328e-02
-8.177862316370010376e-02
2.568905055522918701e-01
1.918679922819137573e-01
1.766746789216995239e-01
-8.644631132483482361e-03
1.464965492486953735e-01
5.317811667919158936e-02
-2.865576185286045074e-02
4.371883571147918701e-01
-8.458144217729568481e-02
1.600401848554611206e-02
-1.588311046361923218e-01
-3.740718364715576172e-01
1.134524568915367126e-01
-3.847369551658630371e-01
2.536074817180633545e-01
1.514186710119247437e-01
3.703981041908264160e-01
8.625840544700622559e-01
-1.121411696076393127e-01
1.920760050415992737e-02
-2.702659964561462402e-01
-2.289445698261260986e-01
-4.266057312488555908e-01
-4.316266775131225586e-01
3.398016691207885742e-01
-9.080332517623901367e-02
-1.699107885360717773e-01
-2.866167128086090088e-01
-1.182267535477876663e-02
-1.162778288125991821e-01
3.001206368207931519e-02
-6.396267414093017578e-01
-1.038231328129768372e-01
1.918740868568420410e-01
-1.588884145021438599e-01
-2.294896543025970459e-02
1.131268665194511414e-01
9.664230942726135254e-01
-2.254382371902465820e-01
1.079451888799667358e-01
-2.375765740871429443e-01
-2.951590716838836670e-01
5.834233164787292480e-01
2.122937440872192383e-01
-2.893906235694885254e-01
-3.488510847091674805e-02
2.755404412746429443e-01
-2.991620004177093506e-01
1.307733505964279175e-01
8.277681469917297363e-02
-2.597979605197906494e-01
7.027627725619822741e-05
7.505585998296737671e-02
-1.149949505925178528e-01
3.701263107359409332e-03
1.592139005661010742e-01
5.975897610187530518e-02
3.270657062530517578e-01
-1.660842895507812500e-01
5.620092526078224182e-02
-1.299972683191299438e-01
-9.849993139505386353e-02
-3.158878535032272339e-02
2.765928804874420166e-01
-1.645353138446807861e-01
-8.011239022016525269e-02
6.968220323324203491e-02
-8.836666345596313477e-01
-6.191709544509649277e-03
9.090081602334976196e-02
-7.104551047086715698e-02
9.459567815065383911e-02
-8.664291352033615112e-02
8.346321433782577515e-02
-3.125222027301788330e-01
9.737722575664520264e-02
-4.947954416275024414e-01
-1.043674200773239136e-01
8.384238183498382568e-02
-1.535523086786270142e-01
1.534798741340637207e-01
-2.069938229396939278e-03
5.869283676147460938e-01
9.214524626731872559e-01
-5.865966677665710449e-01
1.904353797435760498e-01
-5.721841007471084595e-02
-2.031210362911224365e-01
2.042794972658157349e-01
-9.172563441097736359e-03
-6.610063463449478149e-02
6.874547153711318970e-02
5.733481422066688538e-02
2.929036915302276611e-01
2.188250720500946045e-01
6.520476937294006348e-02
-1.439335197210311890e-01
-3.741635382175445557e-01
-1.333519369363784790e-01
-2.375420741736888885e-02
1.721876710653305054e-01
-2.237014621496200562e-01
9.713432937860488892e-02
4.857540428638458252e-01
-3.189849853515625000e-01
-4.040134325623512268e-02
-2.335477769374847412e-01
-5.613923072814941406e-02
-2.811325192451477051e-01
-2.195516824722290039e-01
1.295247226953506470e-01
-1.392182409763336182e-01
3.443050086498260498e-01
-7.327865809202194214e-02
2.895281463861465454e-02
-1.124389693140983582e-01
-2.456571459770202637e-01
2.649732828140258789e-01
2.099552005529403687e-01
5.901660025119781494e-02
2.857723236083984375e-01
2.225979715585708618e-01
3.552541434764862061e-01
1.051126718521118164e-01
-4.696809500455856323e-02
4.191029444336891174e-02
-2.055904567241668701e-01
2.292030155658721924e-01
1.271931082010269165e-01
4.961598198860883713e-03
-2.338363677263259888e-01
-1.942149698734283447e-01
-2.330687493085861206e-01
-2.425415366888046265e-01
1.128340065479278564e-01
-6.397920846939086914e-02
1.778324693441390991e-01
4.368090033531188965e-01
-1.693219542503356934e-01
-1.568624526262283325e-01
7.620706409215927124e-02
-1.696351766586303711e-01
9.609282016754150391e-02
-3.176304744556546211e-03
-4.212713241577148438e-02
-1.184993982315063477e-01
9.175819158554077148e-02
-2.406313419342041016e-01
-1.141849681735038757e-01
-3.063860237598419189e-01
-2.630857825279235840e-01
-2.277210652828216553e-01
9.600228071212768555e-02
3.927328623831272125e-03
-1.120414137840270996e-01
2.068724017590284348e-03
1.728630214929580688e-01
4.835729598999023438e-01
-9.690473973751068115e-02
7.546750456094741821e-02
-4.709420725703239441e-02
1.700775623321533203e-01
2.660418152809143066e-01
-9.801664203405380249e-02
-1.906301826238632202e-01
-4.586350172758102417e-02
-1.612805128097534180e-01
-7.650104165077209473e-02
4.832858964800834656e-02
1.120305806398391724e-01
1.565166264772415161e-01
1.470766812562942505e-01
1.932252757251262665e-02
-1.534785479307174683e-01
1.233908236026763916e-01
-6.130937021225690842e-03
1.869101226329803467e-01
1.558109670877456665e-01
2.134709805250167847e-01
-2.516212463378906250e-01
-2.097385227680206299e-01
-2.179488986730575562e-01
1.225016638636589050e-01
-2.606797516345977783e-01
1.779351830482482910e-01
-1.742639988660812378e-01
-1.191786490380764008e-02
-8.933419734239578247e-02
3.218531012535095215e-01
3.841724246740341187e-02
8.914189785718917847e-02
1.551187131553888321e-02
2.756564617156982422e-01
4.555364847183227539e-01
-2.072056755423545837e-03
-3.839088976383209229e-01
-6.503084301948547363e-01
-4.631795287132263184e-01
-1.189686730504035950e-01
-6.198541074991226196e-02
-7.513029128313064575e-02
-3.304554149508476257e-02
2.243412435054779053e-01
5.045424029231071472e-02
-1.336396783590316772e-01
-2.446307092905044556e-01
-1.324857175350189209e-01
-1.325081009417772293e-02
-5.331623554229736328e-01
-1.896373331546783447e-01
-4.551498889923095703e-01
-1.947200298309326172e-01
3.847284913063049316e-01
4.077450037002563477e-01
6.736806780099868774e-02
-5.667854547500610352e-01
-4.488579630851745605e-01
2.626955807209014893e-01
1.685417294502258301e-01
3.665952980518341064e-01
8.914781361818313599e-02
5.205100178718566895e-01
2.799305021762847900e-01
-5.726867541670799255e-02
-1.244837976992130280e-02
-6.269059330224990845e-02
-1.268068999052047729e-01
-2.909611165523529053e-02
-3.049473464488983154e-02
-1.930890381336212158e-01
-1.605351567268371582e-01
-1.686834841966629028e-01
-1.699162125587463379e-01
1.423342227935791016e-01
-1.114403828978538513e-01
1.750232130289077759e-01
-1.889364570379257202e-01
-1.242122706025838852e-02
-4.233744740486145020e-02
2.940042018890380859e-01
-2.149212956428527832e-01
1.287748366594314575e-01
-6.461200863122940063e-02
-7.300236076116561890e-02
-1.328825056552886963e-01
1.187299937009811401e-01
3.395397588610649109e-02
3.538976907730102539e-01
-2.346942946314811707e-02
-3.159747226163744926e-03
-6.698077917098999023e-02
5.774695277214050293e-01
-3.336543450132012367e-03
-1.189825907349586487e-01
1.779732704162597656e-01
-1.597132682800292969e-01
3.202765583992004395e-01
-7.820554971694946289e-01
1.814198046922683716e-01
9.361076354980468750e-02
3.781637921929359436e-02
2.623718976974487305e-01
-6.077165007591247559e-01
-4.910297691822052002e-01
1.367077976465225220e-01
1.973382383584976196e-01
-8.487088978290557861e-02
-9.491705894470214844e-02
9.060025913640856743e-04
-1.743217259645462036e-01
-1.979646086692810059e-01
1.952202320098876953e-01
2.176463603973388672e-01
-2.059619128704071045e-01
2.584304511547088623e-01
-9.475103020668029785e-02
-2.177533805370330811e-01
-2.746902108192443848e-01
-5.284365266561508179e-03
1.619436293840408325e-01
-2.356430701911449432e-02
2.335384488105773926e-01
-1.481887847185134888e-01
8.483434794470667839e-04
2.439083456993103027e-01
1.408407837152481079e-02
-8.652020990848541260e-02
-4.057191014289855957e-01
-1.163871884346008301e-01
1.253701448440551758e-01
-1.838264912366867065e-01
-8.978085219860076904e-02
-2.479482740163803101e-01
1.430399343371391296e-02
9.950060397386550903e-02
-1.115209539420902729e-03
-1.414928585290908813e-01
5.537646412849426270e-01
-1.378166377544403076e-01
6.596362590789794922e-02
-2.967754304409027100e-01
-3.763195872306823730e-02
2.388817071914672852e-01
2.887868285179138184e-01
-8.234275877475738525e-02
-2.593080997467041016e-01
1.728388965129852295e-01
3.572449088096618652e-01
2.803653776645660400e-01
-7.644145935773849487e-02
6.965996325016021729e-02
4.709700047969818115e-01
2.447253279387950897e-02
-1.433109194040298462e-01
-2.348607033491134644e-02
-2.085714600980281830e-02
2.682626247406005859e-01
-2.723255455493927002e-01
-4.803251847624778748e-02
-1.427538096904754639e-01
6.958159152418375015e-03
2.156493514776229858e-01
-4.923045337200164795e-01
-4.275541901588439941e-01
2.245713584125041962e-02
1.264121830463409424e-01
-3.585770726203918457e-02
-3.096531927585601807e-01
2.108611911535263062e-01
5.646946281194686890e-02
-3.920096457004547119e-01
2.045426964759826660e-01
-5.719756707549095154e-03
8.544395677745342255e-04
2.245426177978515625e-01
-1.599837541580200195e-01
5.507985875010490417e-02
-1.769821792840957642e-01
1.726498603820800781e-01
-2.480923198163509369e-03
-1.503691375255584717e-01
3.520507812500000000e-01
3.574061021208763123e-02
-1.843355745077133179e-01
7.717786729335784912e-02
1.432889848947525024e-01
3.977434635162353516e-01
-4.114674520678818226e-04
-7.301332801580429077e-02
5.965626239776611328e-02
1.522202789783477783e-01
2.876861486583948135e-03
2.177049666643142700e-01
1.148820519447326660e-01
-4.668505117297172546e-02
1.797621995210647583e-01
-9.338429570198059082e-02
1.990759819746017456e-01
-2.425195872783660889e-01
-2.263741046190261841e-01
-1.818663775920867920e-01
-1.000209376215934753e-01
-4.629493355751037598e-01
1.064998507499694824e-01
-2.409741729497909546e-01
-2.503044307231903076e-01
1.537079513072967529e-01
2.031922340393066406e-01
-1.603053808212280273e-01
2.877941131591796875e-01
-1.883646994829177856e-01
5.614038109779357910e-01
2.977778613567352295e-01
-9.819619357585906982e-03
-1.998283565044403076e-01
2.431738823652267456e-01
7.889097183942794800e-02
3.280192613601684570e-01
-4.428964257240295410e-01
-3.190622031688690186e-01
1.259323358535766602e-01
1.223834324628114700e-02
-5.550794601440429688e-01
4.635238274931907654e-02
1.916221827268600464e-01
4.564858227968215942e-02
7.694390602409839630e-03
8.834514766931533813e-02
-1.598047763109207153e-01
-7.580623030662536621e-02
-2.138704061508178711e-01
9.573817253112792969e-02
-3.519608080387115479e-01
-8.553326874971389771e-02
-1.557128727436065674e-01
2.514491081237792969e-01
9.972447901964187622e-02
-6.849040742963552475e-03
-1.185494959354400635e-01
1.878186166286468506e-01
-2.121832370758056641e-01
7.906971871852874756e-02
2.125402092933654785e-01
-2.364939302206039429e-01
-1.271468102931976318e-01
3.993247747421264648e-01
7.040275633335113525e-02
-1.020752862095832825e-01
-1.783179044723510742e-01
4.203516840934753418e-01
4.982686638832092285e-01
1.584218442440032959e-01
-3.332805261015892029e-02
-3.759193792939186096e-02
2.270641028881072998e-01
2.192794084548950195e-01
3.911086916923522949e-01
-1.294319182634353638e-01
6.043308973312377930e-02
4.826759397983551025e-01
2.468710839748382568e-01
-7.114222049713134766e-01
4.200638830661773682e-02
2.281263619661331177e-01
-2.801083326339721680e-01
-4.948981106281280518e-02
2.707968652248382568e-01
-7.804531604051589966e-02
-1.996102333068847656e-01
-7.313175499439239502e-02
-7.801195234060287476e-02
-4.586453363299369812e-02
-6.161308288574218750e-01
-3.097443580627441406e-01
3.161694109439849854e-02
1.705202758312225342e-01
6.918950378894805908e-02
3.075006306171417236e-01
-2.378749102354049683e-02
-1.577973961830139160e-01
-3.572924062609672546e-02
5.075964927673339844e-01
2.032005637884140015e-01
-2.853636145591735840e-01
2.248620837926864624e-01
2.256615310907363892e-01
3.040688671171665192e-02
-3.891674429178237915e-02
3.036630153656005859e-02
-3.774723410606384277e-01
9.179978072643280029e-02
-1.039476990699768066e-01
-4.655164182186126709e-01
1.861485303379595280e-03
-8.456795662641525269e-02
-1.874621659517288208e-01
-2.006765753030776978e-01
2.172631919384002686e-01
6.427231431007385254e-02
-5.029382929205894470e-02
1.019860357046127319e-01
1.204075813293457031e-01
-9.895703196525573730e-02
-2.187725603580474854e-01
-1.899230629205703735e-01
-1.218189969658851624e-01
-3.009987175464630127e-01
-2.401615977287292480e-01
2.910462021827697754e-01
4.280277192592620850e-01
-3.511468768119812012e-01
-8.390204608440399170e-02
3.163896501064300537e-01
-3.304313123226165771e-02
9.363017231225967407e-02
-1.047962978482246399e-01
-9.606694430112838745e-02
-1.451809853315353394e-01
2.728232741355895996e-01
2.866736948490142822e-01
-1.253173053264617920e-01
1.394354254007339478e-01
2.388817220926284790e-01
4.888406395912170410e-02
2.544115483760833740e-01
9.527102112770080566e-02
-1.389707177877426147e-01
-1.689004749059677124e-01
1.563879288733005524e-02
1.790333092212677002e-01
2.077368199825286865e-01
2.221149057149887085e-01
3.202828466892242432e-01
-2.711281478404998779e-01
8.068796247243881226e-02
2.382242307066917419e-02
-1.279139071702957153e-01
-6.898450106382369995e-02
-3.111156523227691650e-01
-1.574472934007644653e-01
-4.376084357500076294e-02
2.672600150108337402e-01
1.169206053018569946e-01
6.784441322088241577e-02
-4.816760122776031494e-02
-4.264820516109466553e-01
4.066398739814758301e-02
-1.033892482519149780e-01
-8.301789872348308563e-03
-4.336416348814964294e-02
-4.621131420135498047e-01
-7.039833813905715942e-02
1.519262790679931641e-01
6.567089259624481201e-02
-2.103504538536071777e-01
3.030660748481750488e-02
-4.056456089019775391e-01
2.065924853086471558e-01
1.528391540050506592e-01
-2.357433438301086426e-01
-2.636857330799102783e-01
9.773523211479187012e-01
-4.097072035074234009e-02
-4.150044918060302734e-01
1.876765191555023193e-01
-1.992778331041336060e-01
7.260527461767196655e-02
-1.763012856245040894e-01
2.461341321468353271e-01
-2.668764069676399231e-02
3.874132037162780762e-02
1.042407155036926270e-01
2.528022527694702148e-01
1.141599789261817932e-01
2.458004057407379150e-01
1.206087693572044373e-01
1.581681221723556519e-01
-1.545586436986923218e-01
8.726864121854305267e-03
-1.358977258205413818e-01
-7.872668653726577759e-02
3.093009814620018005e-02
4.460702091455459595e-02
-5.994480103254318237e-02
-8.390412479639053345e-02
-4.595619067549705505e-02
1.803820580244064331e-02
-2.621520757675170898e-01
1.398371160030364990e-01
4.096731916069984436e-02
-4.701322019100189209e-01
9.429100155830383301e-02
-1.411408185958862305e-01
5.784794315695762634e-02
1.352947056293487549e-01
1.742559522390365601e-01
-4.343365132808685303e-02
6.862814724445343018e-02
-1.567556709051132202e-01
1.118183806538581848e-01
-1.005479395389556885e-01
2.946629524230957031e-01
1.406310498714447021e-01
-4.046911490149796009e-04
1.247236356139183044e-01
-5.216267108917236328e-01
1.907202452421188354e-01
1.257400866597890854e-02
6.426497548818588257e-02
6.433331221342086792e-02
-2.101429253816604614e-01
-2.549671232700347900e-01
-4.143547117710113525e-01
-6.423096358776092529e-02
-3.452076613903045654e-01
-1.778074949979782104e-01
-2.379300743341445923e-01
8.908781409263610840e-02
1.678704619407653809e-01
1.446562167257070541e-02
2.360402643680572510e-01
5.003945827484130859e-01
1.737963259220123291e-01
-1.038901135325431824e-01
6.318972706794738770e-01
-1.849568039178848267e-01
-1.996085643768310547e-01
1.012748032808303833e-01
6.800466775894165039e-02
1.023015007376670837e-01
-3.110389113426208496e-01
2.656635642051696777e-01
-1.463100314140319824e-01
-1.752294450998306274e-01
1.115498971194028854e-02
-3.160088956356048584e-01
-2.009185962378978729e-03
1.877956539392471313e-01
1.853500902652740479e-01
-3.803559020161628723e-02
-2.325615435838699341e-01
4.092122614383697510e-01
-1.704348623752593994e-01
-3.999450802803039551e-01
9.522972255945205688e-02
-2.406455427408218384e-01
7.275871932506561279e-02
-1.341984272003173828e-01
2.159404456615447998e-01
-5.395610928535461426e-01
-4.008790254592895508e-01
3.172838315367698669e-02
-2.947621047496795654e-01
2.207227945327758789e-01
4.224788770079612732e-02
1.488701552152633667e-01
9.939730167388916016e-02
-2.927334047853946686e-02
3.588724136352539062e-02
-2.594565451145172119e-01
3.122124634683132172e-02
3.044415414333343506e-01
1.180306598544120789e-01
-7.016805559396743774e-02
-1.704285740852355957e-01
-1.080266684293746948e-01
1.704213917255401611e-01
-1.024696305394172668e-01
-9.074652940034866333e-02
-2.695599794387817383e-01
1.254134923219680786e-01
1.837723851203918457e-01
1.329212188720703125e-01
4.153013229370117188e-01
-3.616971522569656372e-02
-1.451295316219329834e-01
-2.299278825521469116e-01
4.285395517945289612e-02
1.980811208486557007e-01
2.801991701126098633e-01
1.617075353860855103e-01
4.952456802129745483e-02
-8.385550975799560547e-02
-1.886890083551406860e-01
-2.027353942394256592e-01
2.596866488456726074e-01
1.031466946005821228e-01
3.127244710922241211e-01
-2.147218734025955200e-01
2.881168127059936523e-01
9.395402669906616211e-01
1.111006364226341248e-01
3.106322884559631348e-01
-2.342593669891357422e-02
1.657399348914623260e-02
3.351977169513702393e-01
1.739452034235000610e-01
2.851655483245849609e-01
-1.329199969768524170e-01
-1.712040603160858154e-01
2.469553649425506592e-01
-1.026963114738464355e+00
-2.726351916790008545e-01
4.028010964393615723e-01
-3.955869674682617188e-01
3.576116561889648438e-01
5.386151671409606934e-01
-1.459489911794662476e-01
-2.078010141849517822e-01
3.001393973827362061e-01
3.251274824142456055e-01
1.630820780992507935e-01
5.452590808272361755e-02
-2.843279391527175903e-02
-1.971366405487060547e-01
2.512455284595489502e-01
-2.291558235883712769e-01
1.649157255887985229e-01
-3.562246263027191162e-01
2.898277714848518372e-02
-1.676804870367050171e-01
-5.821648836135864258e-01
-1.619466990232467651e-01
3.229663968086242676e-01
-5.410110950469970703e-01
-2.343650907278060913e-02
7.198260724544525146e-02
9.154106676578521729e-02
-1.999438256025314331e-01
-4.503046870231628418e-01
1.935291439294815063e-01
-1.034248154610395432e-02
-5.632529035210609436e-02
3.049331307411193848e-01
7.723455876111984253e-02
1.255447044968605042e-02
-2.473317980766296387e-01
-1.759522706270217896e-01
2.561087254434823990e-03
-4.308369383215904236e-02
1.985607445240020752e-01
1.892082840204238892e-01
3.002655208110809326e-01
-1.132184918969869614e-02
4.121726006269454956e-02
-4.494411405175924301e-04
5.345362052321434021e-02
5.612965300679206848e-02
1.120527908205986023e-01
-1.141916066408157349e-01
1.425725668668746948e-01
-2.297171950340270996e-02
-2.362823933362960815e-01
-1.527480781078338623e-01
-9.055563807487487793e-02
-8.395026624202728271e-02
-1.716098487377166748e-01
-1.720754206180572510e-01
4.637280106544494629e-01
5.602096673101186752e-03
6.243740767240524292e-02
-1.627764552831649780e-01
8.945148438215255737e-03
8.784963190555572510e-02
1.499565392732620239e-01
4.800985008478164673e-02
-1.109206303954124451e-01
-3.101555109024047852e-01
-2.142626643180847168e-01
2.971299290657043457e-01
2.188098728656768799e-01
-1.186432167887687683e-01
-4.644404947757720947e-01
-4.758413434028625488e-01
-2.053353637456893921e-01
2.169678211212158203e-01
2.257981747388839722e-01
-3.392755389213562012e-01
3.249325975775718689e-02
2.821384668350219727e-01
6.197421997785568237e-02
9.819230437278747559e-02
2.416892498731613159e-01
-1.281846612691879272e-01
-2.172685712575912476e-01
6.182949244976043701e-02
7.366850972175598145e-02
-1.171720921993255615e-01
1.138379499316215515e-01
-7.310143858194351196e-02
-1.835207939147949219e-01
-9.103743731975555420e-02
-4.646557942032814026e-02
1.019096225500106812e-01
2.482870966196060181e-01
1.726903766393661499e-01
-1.818725019693374634e-01
1.506173014640808105e-01
3.073165714740753174e-01
-1.604025661945343018e-01
-2.184898406267166138e-01
-2.085092961788177490e-01
-5.388544127345085144e-02
-1.030253320932388306e-01
9.260512143373489380e-02
2.398409135639667511e-02
-1.650507599115371704e-01
2.850034832954406738e-01
-7.623057812452316284e-02
2.953193485736846924e-01
2.358376681804656982e-01
6.404039263725280762e-02
-2.608642578125000000e-01
-4.725015908479690552e-02
-1.570880115032196045e-01
-4.162235185503959656e-03
1.192542463541030884e-01
1.917425245046615601e-01
1.348325014114379883e-01
1.792034655809402466e-01
4.067112803459167480e-01
-4.492034763097763062e-02
4.250090941786766052e-02
-2.753301523625850677e-02
3.422387838363647461e-01
3.219216316938400269e-02
-2.148082405328750610e-01
-9.493707865476608276e-02
3.402523994445800781e-01
2.855002582073211670e-01
2.065174728631973267e-01
-1.869119703769683838e-01
-3.218754827976226807e-01
-4.126847721636295319e-03
3.684126734733581543e-01
-9.834144264459609985e-02
-2.234803289175033569e-01
5.697977542877197266e-02
4.867816865444183350e-01
3.900724649429321289e-01
2.460205703973770142e-01
-2.170763164758682251e-01
4.537357985973358154e-01
2.658284604549407959e-01
-2.847331948578357697e-02
9.713790565729141235e-02
-1.820744723081588745e-01
2.144807726144790649e-01
-1.599369943141937256e-01
3.629191219806671143e-01
2.221634089946746826e-01
-3.167793154716491699e-01
-1.943039298057556152e-01
9.714793413877487183e-02
1.510797906666994095e-02
-1.888571381568908691e-01
-3.206466091796755791e-03
7.090573757886886597e-02
2.513444423675537109e-01
-1.330396253615617752e-02
1.653411984443664551e-01
2.424007207155227661e-01
-2.437807992100715637e-02
1.765526384115219116e-01
-1.443771719932556152e-01
4.197570085525512695e-01
1.444697827100753784e-01
-2.225792035460472107e-02
-1.491185426712036133e-01
2.065667510032653809e-01
3.056527376174926758e-01
-2.704126238822937012e-01
5.802610516548156738e-02
4.047616571187973022e-02
-8.456260710954666138e-02
8.394701778888702393e-02
-3.140264749526977539e-01
-1.266824752092361450e-01
-4.229312762618064880e-02
1.669303514063358307e-02
1.624975055456161499e-01
1.039979904890060425e-01
-6.329055875539779663e-02
-1.644145846366882324e-01
8.330289274454116821e-02
9.454140812158584595e-02
1.294612288475036621e-01
-1.098928973078727722e-01
-1.747992336750030518e-01
-3.528162240982055664e-01
-1.480388641357421875e-01
1.129556968808174133e-01
2.998979091644287109e-01
2.669685482978820801e-01
2.401534020900726318e-01
-1.449220478534698486e-01
4.983123019337654114e-02
-1.808623410761356354e-02
-4.452819749712944031e-02
-6.190004944801330566e-02
-3.413416445255279541e-02
1.461289376020431519e-01
-2.868920266628265381e-01
-3.570714592933654785e-02
-1.563281565904617310e-01
-9.647331386804580688e-02
7.881686091423034668e-02
-2.053982913494110107e-01
1.744327694177627563e-02
2.770563364028930664e-01
-5.192459747195243835e-02
-2.181535661220550537e-01
-1.568933129310607910e-01
4.614808559417724609e-01
1.443269997835159302e-01
8.489599451422691345e-03
4.909084737300872803e-01
-1.012045238167047501e-02
1.578455567359924316e-01
4.755559563636779785e-02
-2.474851757287979126e-01
-3.100918829441070557e-01
2.396314740180969238e-01
1.804048866033554077e-01
-2.033923268318176270e-01
1.419413089752197266e-01
1.572663187980651855e-01
2.816917598247528076e-01
2.144995182752609253e-01
1.963092535734176636e-01
1.939526498317718506e-01
-1.921805888414382935e-01
3.944485262036323547e-02
-3.612448275089263916e-01
-9.267618507146835327e-02
-1.811297833919525146e-01
-3.478571772575378418e-02
7.307524234056472778e-02
8.780768141150474548e-03
-6.201570481061935425e-02
3.015632033348083496e-01
1.752508878707885742e-01
3.674001097679138184e-01
1.834170371294021606e-01
4.354855418205261230e-02
-1.274507120251655579e-02
2.961294651031494141e-01
-4.352947324514389038e-02
-4.688588902354240417e-02
-3.881286978721618652e-01
-1.597930490970611572e-01
-8.697920292615890503e-02
-6.296693813055753708e-03
9.374800324440002441e-02
-8.881088346242904663e-02
-2.063693851232528687e-01
1.610062457621097565e-02
-2.562521100044250488e-01
-4.849718213081359863e-01
-1.345132589340209961e-01
-1.405898928642272949e-01
-3.816591948270797729e-02
-1.817357987165451050e-01
8.958564698696136475e-02
1.751410961151123047e-01
-2.800589986145496368e-02
3.149541839957237244e-02
-2.754054963588714600e-01
-6.581849604845046997e-02
-4.240362048149108887e-01
-3.294660747051239014e-01
2.801144421100616455e-01
-7.492186129093170166e-02
-8.794437348842620850e-02
8.796843141317367554e-02
3.042765893042087555e-02
-2.177753895521163940e-01
-3.475551307201385498e-02
-1.194207519292831421e-01
-1.314497292041778564e-01
-3.379769623279571533e-01
1.728515923023223877e-01
-2.566468119621276855e-01
-1.527279615402221680e-01
1.729667186737060547e-01
-1.367830485105514526e-01
-1.703975945711135864e-01
-1.224200576543807983e-01
-1.951606571674346924e-01
-2.466011792421340942e-01
-2.932815849781036377e-01
-8.888125419616699219e-02
1.529658138751983643e-01
-1.218620389699935913e-01
2.242873609066009521e-01
-1.927135139703750610e-01
-1.703482568264007568e-01
1.535582095384597778e-01
-3.542223274707794189e-01
-2.158040106296539307e-01
-4.180823564529418945e-01
1.095591485500335693e-01
-1.040505096316337585e-01
-8.461815118789672852e-02
1.885756701231002808e-01
1.032810658216476440e-02
1.109906136989593506e-01
-1.187535896897315979e-01
5.304749608039855957e-01
-2.264560312032699585e-01
1.031083241105079651e-01
3.237707912921905518e-02
-1.922381967306137085e-01
-5.534539818763732910e-01
1.608594693243503571e-02
-2.285061776638031006e-01
1.671631187200546265e-01
-1.312049329280853271e-01
-2.823642492294311523e-01
2.916918992996215820e-01
4.247480630874633789e-01
-1.536768674850463867e-01
-6.233170628547668457e-02
-1.055384203791618347e-01
4.179244861006736755e-02
-3.393687605857849121e-01
-1.996513903141021729e-01
3.119274675846099854e-01
1.713228523731231689e-01
2.579538151621818542e-02
1.152425259351730347e-01
-2.268323302268981934e-01
-1.131629943847656250e-01
-2.024831473827362061e-01
-7.025089114904403687e-02
-3.719837591052055359e-02
4.971778392791748047e-01
-7.347534410655498505e-03
2.347518801689147949e-01
3.938746452331542969e-02
-1.545149385929107666e-01
-1.584038883447647095e-01
-4.207564890384674072e-02
-9.122171998023986816e-02
-2.768467664718627930e-01
-3.400346636772155762e-02
-8.495636284351348877e-02
-5.860713124275207520e-02
-1.938393861055374146e-01
3.114051222801208496e-01
2.923263907432556152e-01
-1.958453953266143799e-01
5.727171152830123901e-02
-1.306603103876113892e-01
2.096032202243804932e-01
3.067219257354736328e-01
-2.159779667854309082e-01
3.325593471527099609e-01
2.064243257045745850e-01
-8.227117359638214111e-02
-2.772739157080650330e-02
-1.769635081291198730e-01
-8.779974654316902161e-03
-5.930804461240768433e-02
-7.263135910034179688e-02
1.426928341388702393e-01
2.512482702732086182e-01
9.323040395975112915e-02
4.557811319828033447e-01
-8.455358445644378662e-02
5.265916138887405396e-02
-2.878457009792327881e-01
-7.127916906028985977e-04
-5.190568566322326660e-01
-1.815264970064163208e-01
-2.866617031395435333e-02
-1.153082326054573059e-01
-2.118567973375320435e-01
-4.035767912864685059e-02
8.642240427434444427e-03
6.701904535293579102e-01
5.259415507316589355e-01
1.997910737991333008e-01
1.529089827090501785e-02
2.949594557285308838e-01
-2.348596900701522827e-01
-8.501420170068740845e-02
2.165808975696563721e-01
2.062888443470001221e-01
8.111283183097839355e-02
2.645785212516784668e-01
-5.173480138182640076e-02
-2.736128270626068115e-01
-2.308523952960968018e-01
-1.147263795137405396e-01
-5.238832533359527588e-02
-1.551323384046554565e-01
-7.355679571628570557e-02
1.717556118965148926e-01
2.270012199878692627e-01
1.963475495576858521e-01
-2.112862169742584229e-01
2.765497863292694092e-01
1.951745003461837769e-01
-1.578756272792816162e-01
1.944864988327026367e-01
-1.656476110219955444e-01
9.923646599054336548e-02
3.531527817249298096e-01
-1.913481652736663818e-01
5.035005509853363037e-02
-3.816708624362945557e-01
-8.681274205446243286e-02
-4.411293268203735352e-01
-1.763834804296493530e-01
-2.309899181127548218e-01
-3.220615983009338379e-01
-1.856801211833953857e-01
-1.845087707042694092e-01
5.663466826081275940e-02
7.757686376571655273e-01
3.916873931884765625e-01
-7.238338142633438110e-02
-8.021710813045501709e-02
-3.181695044040679932e-01
2.376497387886047363e-01
2.376550808548927307e-02
-1.435434371232986450e-01
1.327126054093241692e-03
-2.344983667135238647e-01
-6.469606608152389526e-02
2.693805098533630371e-01
-8.542089909315109253e-02
1.113462895154953003e-01
1.538349390029907227e-01
-2.091160118579864502e-01
-1.265718340873718262e-01
7.644109427928924561e-02
1.400586813688278198e-01
1.561525315046310425e-01
-2.100171148777008057e-01
-2.205305695533752441e-01
-9.566903859376907349e-02
-2.717331610620021820e-02
-2.570577859878540039e-01
4.016235470771789551e-02
1.490885019302368164e-01
-3.680946528911590576e-01
-1.678350754082202911e-02
-3.737660944461822510e-01
-5.788320302963256836e-02
2.050241976976394653e-01
1.968518346548080444e-01
2.803345620632171631e-01
-1.903144828975200653e-02
8.201350271701812744e-02
-1.340328250080347061e-02
-9.260746091604232788e-02
-5.687149986624717712e-02
1.073389872908592224e-01
-5.249341949820518494e-03
-7.824596762657165527e-02
-2.494720816612243652e-01
-1.374354362487792969e-01
-1.363216191530227661e-01
-3.225832879543304443e-01
-1.387181282043457031e-01
6.667334586381912231e-02
1.729926317930221558e-01
1.724854856729507446e-02
-2.339249551296234131e-01
3.673245906829833984e-01
5.827311053872108459e-02
-1.226129829883575439e-01
1.243073195219039917e-01
1.330137103796005249e-01
2.532265894114971161e-02
-2.908900976181030273e-01
-2.788547873497009277e-01
-1.100816205143928528e-01
-3.347987234592437744e-01
-2.046074122190475464e-01
-9.557326883077621460e-02
1.159636899828910828e-01
3.446739912033081055e-01
-2.253955453634262085e-01
-3.831994533538818359e-01
-9.415501356124877930e-02
4.367560744285583496e-01
3.725844994187355042e-02
5.214689671993255615e-02
3.362592160701751709e-01
-1.919664144515991211e-01
-3.637039065361022949e-01
-4.946643486618995667e-02
3.937301039695739746e-02
2.595467567443847656e-01
-2.249241173267364502e-01
2.742182835936546326e-02
-2.128090858459472656e-01
-7.789880782365798950e-02
-2.705160677433013916e-01
1.018003895878791809e-01
2.859066426753997803e-01
2.235423028469085693e-01
-4.471548646688461304e-02
4.800604656338691711e-02
-1.568001657724380493e-01
-2.427135966718196869e-02
8.720047026872634888e-02
9.597247093915939331e-02
-1.512811332941055298e-01
4.063607007265090942e-02
-1.434560716152191162e-01
1.229947060346603394e-01
-6.260347366333007812e-02
-1.624834090471267700e-01
-3.724964335560798645e-02
-1.644171476364135742e-01
-1.893150806427001953e-02
-2.608798146247863770e-01
2.765834629535675049e-01
2.071263082325458527e-02
-2.910072542726993561e-02
-1.516262441873550415e-01
-2.887008190155029297e-01
-1.297705322504043579e-01
-2.990365326404571533e-01
1.845862865447998047e-01
1.075386330485343933e-01
1.436599195003509521e-01
-1.560200452804565430e-01
-6.345503032207489014e-02
-1.434910390526056290e-02
3.021416068077087402e-01
-2.079318650066852570e-02
-1.303903162479400635e-01
-1.676923185586929321e-01
-2.598334290087223053e-02
-2.520840167999267578e-01
-1.046869158744812012e-01
2.474492788314819336e-01
1.040109023451805115e-01
8.717875927686691284e-02
-1.962463110685348511e-01
3.034929633140563965e-01
3.282135725021362305e-01
8.429569751024246216e-02
4.124356433749198914e-02
7.399471849203109741e-02
8.896599523723125458e-03
2.349410802125930786e-01
-3.006118237972259521e-01
-4.504573345184326172e-02
-3.086942732334136963e-01
5.486534163355827332e-02
1.888940930366516113e-01
-1.263961493968963623e-01
-5.181837081909179688e-02
2.670990526676177979e-01
3.491924703121185303e-01
-1.100386753678321838e-01
8.194425702095031738e-02
-6.789834797382354736e-02
2.596938610076904297e-01
1.739316135644912720e-01
1.960648596286773682e-02
2.657520174980163574e-01
5.209336802363395691e-02
-3.788229078054428101e-02
-3.310062736272811890e-02
2.713292241096496582e-01
-2.276483029127120972e-01
-2.472903430461883545e-01
-2.133940607309341431e-01
1.398754119873046875e-01
6.156272441148757935e-02
7.947168499231338501e-02
-6.188685074448585510e-03
1.138223558664321899e-01
4.105289652943611145e-02
4.582910798490047455e-03
-2.587127089500427246e-01
-1.705215722322463989e-01
1.560014337301254272e-01
5.932534858584403992e-02
-2.166215516626834869e-02
-8.868962526321411133e-02
-4.862320423126220703e-02
2.149087488651275635e-01
-1.967421025037765503e-01
-8.492345362901687622e-02
-2.568936944007873535e-01
-3.243878483772277832e-02
-2.463927567005157471e-01
2.584240138530731201e-01
-5.157255381345748901e-02
3.626275360584259033e-01
-1.283289790153503418e-01
-4.778519272804260254e-02
3.934459984302520752e-01
-2.207359969615936279e-01
-2.121356874704360962e-01
-3.954912126064300537e-01
-1.717942021787166595e-02
1.815089583396911621e-02
1.408263742923736572e-01
9.327329462394118309e-04
4.650921374559402466e-02
-2.281692177057266235e-01
1.627332270145416260e-01
1.341751031577587128e-02
-2.731019854545593262e-01
-8.544878661632537842e-02
-1.122485026717185974e-01
1.273554414510726929e-01
2.083287388086318970e-01
4.073559343814849854e-01
1.129169315099716187e-01
2.771050631999969482e-01
2.822557389736175537e-01
-1.648450344800949097e-01
9.527873247861862183e-02
1.063561365008354187e-01
1.195798888802528381e-01
-3.584817349910736084e-01
-2.651038765907287598e-01
-2.909285724163055420e-01
-1.303975731134414673e-01
1.635603010654449463e-01
-2.565818727016448975e-01
1.031529530882835388e-01
3.768966794013977051e-01
1.667486578226089478e-01
8.743049949407577515e-02
-1.001839786767959595e-01
7.206452637910842896e-02
-1.120124757289886475e-01
7.425542920827865601e-02
8.820202946662902832e-02
-3.585565686225891113e-01
1.069279462099075317e-01
-3.346072509884834290e-02
-1.262530982494354248e-01
7.647288590669631958e-02
2.376561313867568970e-01
1.982787996530532837e-01
2.855751514434814453e-01
-6.978520005941390991e-02
-1.005978286266326904e-01
4.660339280962944031e-02
1.118162944912910461e-01
-4.605495333671569824e-01
-2.139862775802612305e-01
-2.777146399021148682e-01
2.019523642957210541e-02
2.647403180599212646e-01
-4.295920208096504211e-02
3.363739550113677979e-01
-9.190298616886138916e-02
1.103960424661636353e-01
-1.718806326389312744e-01
-5.312682688236236572e-02
-2.122995704412460327e-01
-5.782717838883399963e-02
-2.143131941556930542e-01
-1.708582043647766113e-01
-1.557629108428955078e-01
-1.338098943233489990e-01
5.154525861144065857e-02
-1.420402973890304565e-01
-1.064475327730178833e-01
4.936118125915527344e-01
3.252469301223754883e-01
3.536282777786254883e-01
-1.305445730686187744e-01
-2.918777465820312500e-01
-6.694766692817211151e-03
-1.452933698892593384e-01
-2.371477633714675903e-01
-1.764668226242065430e-01
1.027100980281829834e-01
8.990661054849624634e-02
2.380894422531127930e-01
1.450989395380020142e-01
2.535798549652099609e-01
1.309022009372711182e-01
-1.435529347509145737e-02
-3.206942975521087646e-01
1.291008144617080688e-01
7.069559097290039062e-01
6.527744978666305542e-02
-2.472620457410812378e-01
1.063253730535507202e-02
-2.512974441051483154e-01
3.661993145942687988e-01
3.332158029079437256e-01
-2.170605957508087158e-01
-1.684948503971099854e-01
7.997361570596694946e-02
-2.119408100843429565e-01
-1.709142476320266724e-01
1.230861321091651917e-01
-2.467987313866615295e-02
4.582899212837219238e-01
2.700361311435699463e-01
2.050417065620422363e-01
2.813858091831207275e-01
-1.675674319267272949e-02
-9.299848973751068115e-02
-6.707023829221725464e-02
-1.419073194265365601e-01
-1.476629972457885742e-01
-2.616493701934814453e-01
1.211643740534782410e-01
-1.187199354171752930e-01
4.236768465489149094e-03
3.486268818378448486e-01
-1.747436225414276123e-01
2.435425817966461182e-01
2.014047801494598389e-01
6.422091275453567505e-02
2.235579490661621094e-02
-4.410817325115203857e-01
-1.951161026954650879e-01
3.380177021026611328e-01
1.138949468731880188e-01
1.798545122146606445e-01
5.577978864312171936e-02
-2.032873928546905518e-01
-3.260370343923568726e-02
8.121729642152786255e-02
-1.265010088682174683e-01
-4.525363445281982422e-02
-3.660772740840911865e-01
9.554819017648696899e-02
2.941871760413050652e-03
2.513158023357391357e-01
5.763466283679008484e-02
-7.924062013626098633e-02
1.295008808374404907e-01
-2.891822159290313721e-01
-2.881963253021240234e-01
-2.171720713376998901e-01
8.414904028177261353e-02
2.901075780391693115e-02
-4.663800448179244995e-02
-2.357551604509353638e-01
-1.262165158987045288e-01
2.216288745403289795e-01
-1.844990625977516174e-02
-2.067647278308868408e-01
3.837166726589202881e-01
2.832708358764648438e-01
2.426641136407852173e-01
-5.919995158910751343e-02
-1.214326545596122742e-01
-1.890612244606018066e-01
-9.023456275463104248e-02
-2.829290032386779785e-01
-2.095698416233062744e-01
-3.466907888650894165e-02
6.415943801403045654e-02
-7.335966825485229492e-02
-7.286267727613449097e-02
-1.863676011562347412e-01
2.591210305690765381e-01
1.934167146682739258e-01
-9.909223765134811401e-02
7.175143063068389893e-02
-1.164146512746810913e-01
-4.985706508159637451e-02
-4.124375879764556885e-01
-2.531831860542297363e-01
-2.508878707885742188e-01
-1.593625289388000965e-03
8.014345169067382812e-02
1.637225002050399780e-01
5.561698973178863525e-02
2.791418507695198059e-02
4.558474197983741760e-02
2.044759839773178101e-01
-2.195413410663604736e-02
-1.128393970429897308e-02
-1.415508240461349487e-01
-2.865889668464660645e-01
8.861896395683288574e-02
-1.725748181343078613e-01
1.589985378086566925e-02
2.325286865234375000e-01
7.782936841249465942e-02
2.879788167774677277e-02
-6.132623180747032166e-02
2.161410599946975708e-01
-1.125303283333778381e-02
-3.270971477031707764e-01
-1.394102629274129868e-02
4.896655306220054626e-02
9.621346741914749146e-02
5.736606661230325699e-03
4.274423420429229736e-02
5.841972678899765015e-02
2.180477678775787354e-01
-1.971795558929443359e-01
-3.512726128101348877e-01
-2.416551113128662109e-01
-2.644838988780975342e-01
-2.086272090673446655e-01
-1.749233454465866089e-01
2.904968857765197754e-01
2.304497957229614258e-01
-3.441769480705261230e-01
1.588367074728012085e-01
9.619374573230743408e-02
1.695511639118194580e-01
5.743107572197914124e-02
-1.499347239732742310e-01
-1.008787453174591064e-01
-2.595849633216857910e-01
-3.232947587966918945e-01
-4.731944501399993896e-01
3.985431790351867676e-01
4.783499538898468018e-01
1.819314211606979370e-01
-1.292336136102676392e-01
3.673429787158966064e-01
-1.396875977516174316e-01
-1.504854205995798111e-02
-6.059426814317703247e-02
-3.616893291473388672e-02
6.445321440696716309e-02
2.543615400791168213e-01
-1.032299622893333435e-01
-2.129883319139480591e-01
1.621236838400363922e-02
2.445853650569915771e-01
-2.121471613645553589e-01
-4.428382962942123413e-02
3.444207310676574707e-01
2.273873239755630493e-01
1.840749233961105347e-01
-5.487970635294914246e-02
-1.644461601972579956e-01
-7.714378833770751953e-02
9.332752227783203125e-02
-8.502525091171264648e-02
-2.470338717103004456e-02
8.734261989593505859e-02
1.555722206830978394e-01
2.300787530839443207e-02
7.379970978945493698e-03
1.501073539257049561e-01
-1.975398212671279907e-01
-1.926617175340652466e-01
-4.645472392439842224e-02
-2.063175439834594727e-01
-1.591575741767883301e-01
2.684041261672973633e-01
1.455520652234554291e-02
-8.874277770519256592e-02
2.148717194795608521e-01
-4.654630087316036224e-03
-1.652490049600601196e-01
-1.462340503931045532e-01
-1.791302263736724854e-01
2.582820653915405273e-01
4.719227254390716553e-01
-1.460935622453689575e-01
-3.463703989982604980e-01
-1.520244181156158447e-01
2.585374563932418823e-02
-5.234887823462486267e-02
-4.846501946449279785e-01
-2.189021557569503784e-01
5.869707465171813965e-02
2.494132518768310547e-01
3.133883327245712280e-02
2.638719975948333740e-01
2.224480658769607544e-01
3.419269025325775146e-01
7.291643321514129639e-02
2.011134922504425049e-01
4.756099358201026917e-02
1.451147068291902542e-02
2.106361091136932373e-01
2.692828774452209473e-01
2.200146019458770752e-01
2.384024113416671753e-01
-1.114323362708091736e-01
2.798176137730479240e-03
5.965433642268180847e-02
1.860397756099700928e-01
-4.091100394725799561e-01
-1.145758107304573059e-01
-2.312847077846527100e-01
1.495529413223266602e-01
3.178490400314331055e-01
8.556405454874038696e-02
3.493939340114593506e-01
3.891815245151519775e-02
-7.742264424450695515e-04
-1.122322827577590942e-01
-3.539950400590896606e-02
-2.105858176946640015e-02
7.159971445798873901e-02
-1.202562525868415833e-01
-6.808315217494964600e-02
-9.218394011259078979e-02
4.028370678424835205e-01
2.072322666645050049e-01
9.163887798786163330e-02
-1.651121228933334351e-01
2.870578467845916748e-01
3.080464601516723633e-01
9.006322920322418213e-02
-9.814588725566864014e-02
-2.818201780319213867e-01
-2.618086934089660645e-01
-3.583027720451354980e-01
8.883159607648849487e-03
-7.252176851034164429e-02
3.310381621122360229e-02
3.894261717796325684e-01
-2.448008060455322266e-01
-2.034484781324863434e-02
-1.436375733464956284e-02
-1.938730925321578979e-01
-2.793033719062805176e-01
1.328511983156204224e-01
-2.185167819261550903e-01
5.905042216181755066e-02
-1.597834378480911255e-01
3.309798240661621094e-02
8.037531375885009766e-02
5.255987495183944702e-02
1.351390779018402100e-01
1.890423744916915894e-01
1.927001476287841797e-01
1.314860731363296509e-01
-8.857143670320510864e-02
-1.336099654436111450e-01
-2.711928449571132660e-02
1.760511249303817749e-01
-3.543265163898468018e-01
8.083242923021316528e-02
2.262836843729019165e-01
-2.845607995986938477e-01
-2.150659263134002686e-01
-3.436310589313507080e-02
-3.829017579555511475e-01
1.881684213876724243e-01
-2.799407243728637695e-01
5.472101569175720215e-01
-2.345091402530670166e-01
-1.357991844415664673e-01
-3.134191334247589111e-01
2.460140585899353027e-01
-2.380788922309875488e-01
3.497533798217773438e-01
2.836107611656188965e-01
-2.328385561704635620e-01
-1.150540709495544434e-01
-3.428965806961059570e-01
-2.589669823646545410e-01
3.506676554679870605e-01
-1.180208250880241394e-01
9.429848939180374146e-02
-1.838073879480361938e-01
2.048535346984863281e-01
-1.278814077377319336e-01
-9.830368310213088989e-02
-2.020449638366699219e-01
-1.115417778491973877e-01
3.503327071666717529e-01
2.951754927635192871e-01
2.957597188651561737e-02
1.245192904025316238e-02
-1.910873651504516602e-01
-2.694663703441619873e-01
-1.042311917990446091e-02
1.751053482294082642e-01
-3.056066296994686127e-02
-2.209023684263229370e-01
-8.809389173984527588e-02
1.761150956153869629e-01
4.733206005766987801e-04
-2.158459648489952087e-02
-1.141881048679351807e-01
-2.708139121532440186e-01
-6.019196286797523499e-02
-3.127299714833498001e-03
9.555507451295852661e-02
-4.893280193209648132e-02
3.234340846538543701e-01
-3.144531250000000000e-01
-1.123205274343490601e-01
9.032140672206878662e-02
-2.556819915771484375e-01
-1.759847700595855713e-01
8.446418493986129761e-02
1.749946177005767822e-01
-3.023856580257415771e-01
3.308726251125335693e-01
1.018831580877304077e-01
-4.551793038845062256e-01
-8.961672894656658173e-03
1.303344070911407471e-01
-3.325776457786560059e-01
