1.189936995506286621e+00
2.112751901149749756e-01
2.474573403596878052e-01
-1.811549440026283264e-02
-1.101610183715820312e+00
7.561955451965332031e-01
-7.154850959777832031e-01
-1.919291168451309204e-01
3.692664802074432373e-01
4.478675723075866699e-01
1.083343148231506348e+00
2.108131796121597290e-01
8.425009250640869141e-01
2.169051021337509155e-01
-6.631036996841430664e-01
-2.593944966793060303e-01
5.953797698020935059e-01
3.024730980396270752e-01
7.612239718437194824e-01
4.147675335407257080e-01
-9.505817890167236328e-01
-2.871983528137207031e+00
-1.255984306335449219e+00
-6.621885299682617188e-01
-7.029985189437866211e-01
-2.446507364511489868e-01
-3.271583616733551025e-01
4.592261910438537598e-01
-8.900972008705139160e-01
2.150607854127883911e-01
1.145798489451408386e-01
8.475872874259948730e-01
9.950851798057556152e-01
1.208179369568824768e-01
-1.464983224868774414e+00
-2.242154181003570557e-01
8.593652248382568359e-01
3.452726304531097412e-01
1.225275278091430664e+00
2.376163005828857422e-01
6.125390529632568359e-01
-1.912958174943923950e-01
-8.578323125839233398e-01
-7.071081399917602539e-01
-1.293339431285858154e-01
3.846787810325622559e-01
5.904979705810546875e-01
-6.445658802986145020e-01
3.122088015079498291e-01
9.847925901412963867e-01
8.350206166505813599e-02
-3.516475260257720947e-01
-5.662248730659484863e-01
7.088449597358703613e-01
-6.669718027114868164e-01
-8.028741925954818726e-02
9.186443686485290527e-01
-9.464067220687866211e-01
8.366214632987976074e-01
2.550748884677886963e-01
3.577380478382110596e-01
8.292410373687744141e-01
-7.699943780899047852e-01
4.639294445514678955e-01
1.972424983978271484e-01
3.362600505352020264e-01
-1.552437338978052139e-02
5.296930074691772461e-01
-3.550595939159393311e-01
-1.218126893043518066e+00
7.268787622451782227e-01
7.306889891624450684e-01
2.448905259370803833e-01
-4.487449824810028076e-01
-6.471345424652099609e-01
-1.043732762336730957e+00
1.743138581514358521e-01
6.510479450225830078e-01
-6.852859258651733398e-01
2.698228955268859863e-01
-1.423428952693939209e-01
-4.956968128681182861e-01
4.294570535421371460e-02
-3.763936758041381836e-01
-7.110873237252235413e-03
3.077510595321655273e-01
3.592300415039062500e-02
-4.188613593578338623e-02
-3.144138753414154053e-01
8.067435771226882935e-02
-6.967109441757202148e-01
-3.732237219810485840e-01
-9.470628201961517334e-02
-4.506315886974334717e-01
-2.567980205640196800e-03
3.123027682304382324e-01
4.252988100051879883e-01
6.572501361370086670e-02
2.105905711650848389e-01
6.200659275054931641e-01
4.013338685035705566e-01
5.265923142433166504e-01
-6.001995801925659180e-01
1.648712605237960815e-01
1.642572432756423950e-01
1.008121073246002197e-01
3.077385425567626953e-01
2.416220605373382568e-01
6.088817119598388672e-01
-6.643966585397720337e-02
7.222148180007934570e-01
5.317861437797546387e-01
1.687505245208740234e-01
-2.844665646553039551e-01
-7.131259441375732422e-01
-1.165763735771179199e+00
3.876602947711944580e-01
1.582850515842437744e-01
-6.337562799453735352e-01
-2.883788645267486572e-01
1.798553019762039185e-01
-2.016515284776687622e-02
-8.455976247787475586e-01
-7.132663130760192871e-01
3.054978549480438232e-01
1.343988776206970215e-01
5.247914195060729980e-01
-5.155773758888244629e-01
8.376488685607910156e-01
7.152304649353027344e-01
-4.990753233432769775e-01
-3.438160717487335205e-01
-4.381181299686431885e-01
-5.194449331611394882e-04
-4.123505055904388428e-01
8.882954716682434082e-02
4.451704919338226318e-01
-5.143216252326965332e-01
4.475142061710357666e-01
1.467084288597106934e-01
8.359619230031967163e-02
-7.222515940666198730e-01
3.297840356826782227e-01
8.623110502958297729e-02
-7.791067957878112793e-01
2.487908899784088135e-01
-3.208662569522857666e-01
1.855690926313400269e-01
-5.478396415710449219e-01
-2.080949544906616211e-01
-7.136131078004837036e-02
1.750048100948333740e-01
4.285533726215362549e-01
-6.442469954490661621e-01
2.585995197296142578e-01
7.205661535263061523e-01
-4.395988881587982178e-01
8.032280206680297852e-02
3.870409429073333740e-01
3.975915014743804932e-01
-7.237679958343505859e-01
2.798336148262023926e-01
5.977865457534790039e-01
3.193049430847167969e-01
1.593645811080932617e-01
-6.884377598762512207e-01
-2.541863024234771729e-01
3.023073375225067139e-01
2.987546473741531372e-02
-3.981825709342956543e-01
1.168226376175880432e-01
5.095431804656982422e-01
2.178928107023239136e-01
2.239341288805007935e-01
6.924233436584472656e-01
4.422281682491302490e-01
1.566189900040626526e-02
5.137209296226501465e-01
-6.396801471710205078e-01
-3.197886049747467041e-01
9.629094600677490234e-01
-3.234855085611343384e-02
-6.764029860496520996e-01
-3.446626365184783936e-01
-6.248768419027328491e-02
8.404557108879089355e-01
9.253414273262023926e-01
-1.138458371162414551e+00
9.231335520744323730e-01
1.921282291412353516e+00
-9.144608378410339355e-01
-6.049271225929260254e-01
-1.419684171676635742e+00
1.634389400482177734e+00
-1.216164112091064453e+00
-8.341565728187561035e-01
1.101346731185913086e+00
-2.592254638671875000e+00
1.302441477775573730e+00
3.090442717075347900e-01
-6.977801769971847534e-02
2.491789311170578003e-01
-1.787031739950180054e-01
4.236245155334472656e-01
1.737556755542755127e-01
-5.576849579811096191e-01
-6.022037267684936523e-01
7.382749319076538086e-01
-4.695217907428741455e-01
-1.349350214004516602e+00
6.027606725692749023e-01
7.655962705612182617e-01
4.875912964344024658e-01
-4.128682315349578857e-01
2.735260175541043282e-03
-5.213633775711059570e-01
-1.152401790022850037e-01
4.015451371669769287e-01
-1.086958050727844238e+00
-5.145641565322875977e-01
-4.459102153778076172e-01
-3.868033876642584801e-03
1.059788241982460022e-01
2.330061048269271851e-01
-9.352841377258300781e-01
-3.418466150760650635e-01
-6.065982580184936523e-01
6.044391989707946777e-01
-4.657652974128723145e-02
2.864102423191070557e-01
-1.469691872596740723e+00
-6.893298625946044922e-01
7.753543853759765625e-01
-3.277850747108459473e-01
2.309173345565795898e-01
1.397289276123046875e+00
-9.120829701423645020e-01
4.514183700084686279e-01
-1.457152962684631348e-01
-3.127776384353637695e-01
-2.760320603847503662e-01
-2.577391862869262695e-01
7.584656476974487305e-01
3.127284348011016846e-01
-8.337235450744628906e-01
-4.149049818515777588e-01
-7.029259800910949707e-01
2.371899187564849854e-01
-5.280620455741882324e-01
5.494046583771705627e-02
-2.213317453861236572e-01
1.299228966236114502e-01
4.776799976825714111e-01
4.164873063564300537e-01
5.373136997222900391e-01
2.957705259323120117e-01
-7.118528336286544800e-02
2.842179536819458008e-01
-3.647493943572044373e-02
-3.038182258605957031e-01
8.102295994758605957e-01
-1.369147598743438721e-01
-6.783635616302490234e-01
-1.880031675100326538e-01
-1.462247818708419800e-01
3.191972970962524414e-01
2.336087673902511597e-01
-5.035721063613891602e-01
6.353032588958740234e-02
-1.673796400427818298e-02
-2.293289005756378174e-01
-1.482554674148559570e-01
-6.613778322935104370e-02
-2.655826508998870850e-01
-2.389212548732757568e-01
-4.298309981822967529e-02
-1.979809999465942383e-02
-2.340983450412750244e-01
2.874696552753448486e-01
6.253597140312194824e-01
-1.306504845619201660e+00
6.544336080551147461e-01
2.064930349588394165e-01
6.355449557304382324e-01
3.350140750408172607e-01
-1.890942335128784180e+00
-6.577343344688415527e-01
1.089845538139343262e+00
-2.276042252779006958e-01
-1.435113191604614258e+00
4.415059387683868408e-01
1.119096994400024414e+00
7.525513768196105957e-01
-1.729525253176689148e-02
1.729188710451126099e-01
-5.151749849319458008e-01
-4.211892783641815186e-01
2.124509096145629883e+00
-9.936894178390502930e-01
-9.128876924514770508e-01
-1.070369124412536621e+00
1.398238241672515869e-01
4.869612455368041992e-01
1.739632189273834229e-01
1.724972873926162720e-01
-9.203625321388244629e-01
-9.263553619384765625e-01
8.329203724861145020e-01
-4.760282337665557861e-01
-7.203628420829772949e-01
8.499405980110168457e-01
1.521893441677093506e-01
6.033056974411010742e-01
-1.025540590286254883e+00
1.154780507087707520e+00
-4.285301268100738525e-02
-8.668999671936035156e-01
1.585342407226562500e+00
-8.167960047721862793e-01
-4.808145761489868164e-01
2.332116365432739258e-01
2.684228587895631790e-03
-5.872711539268493652e-01
-8.297210186719894409e-02
-5.133023262023925781e-01
4.197288155555725098e-01
-2.355283685028553009e-02
3.798339143395423889e-02
1.510585099458694458e-01
2.556160092353820801e-01
9.163608551025390625e-01
5.988039374351501465e-01
7.500201463699340820e-02
4.528343975543975830e-01
-7.987529635429382324e-01
-5.225458145141601562e-01
-8.699782937765121460e-02
-3.175668716430664062e-01
-1.556954532861709595e-01
-2.748360037803649902e-01
-5.879544615745544434e-01
8.960091508924961090e-03
8.968256115913391113e-01
6.270491480827331543e-01
-7.280750572681427002e-02
-4.589349031448364258e-01
-7.204530835151672363e-01
2.254368811845779419e-01
-5.648416280746459961e-01
-4.824189841747283936e-01
3.010505437850952148e-01
3.393602371215820312e-01
4.221948981285095215e-01
3.088329136371612549e-01
9.201086759567260742e-01
4.002437293529510498e-01
-2.574779391288757324e-01
6.762449741363525391e-01
-4.468858242034912109e-01
-4.495380818843841553e-01
-4.422627687454223633e-01
3.462645709514617920e-01
3.065745830535888672e-01
6.561849117279052734e-01
4.875909984111785889e-01
-2.661424577236175537e-01
-6.983640789985656738e-01
7.179608941078186035e-01
2.478407770395278931e-01
-5.970636010169982910e-01
5.259440094232559204e-02
2.066769748926162720e-01
5.963924527168273926e-01
-5.019628405570983887e-01
1.834854334592819214e-01
-2.115234434604644775e-01
-5.186676383018493652e-01
5.742810964584350586e-01
-8.291080594062805176e-01
-3.814482688903808594e-01
-1.271739751100540161e-01
-2.917085886001586914e-01
-8.375276923179626465e-01
-6.226387619972229004e-01
2.323922812938690186e-01
8.816693723201751709e-02
8.031460046768188477e-01
-5.650390386581420898e-01
7.896296381950378418e-01
3.146272003650665283e-01
-8.106099441647529602e-03
2.686912938952445984e-02
-6.417145133018493652e-01
1.529614478349685669e-01
-4.913084805011749268e-01
-1.172795370221138000e-01
4.743058681488037109e-01
-8.270806074142456055e-02
8.383175134658813477e-01
2.761915326118469238e-01
-7.980539798736572266e-01
6.246609091758728027e-01
-4.351820796728134155e-02
7.265747785568237305e-01
2.765738070011138916e-01
-9.661991596221923828e-01
-9.297854304313659668e-01
1.202389717102050781e+00
-4.052632153034210205e-01
-1.818262577056884766e+00
3.332100510597229004e-01
1.067613005638122559e+00
1.128806948661804199e+00
-1.156853795051574707e+00
1.300937682390213013e-01
-6.077485084533691406e-01
-6.750823855400085449e-01
2.334165334701538086e+00
-1.581425189971923828e+00
-4.880053102970123291e-01
1.285880655050277710e-01
6.065800786018371582e-01
-1.208779662847518921e-01
9.041418433189392090e-01
-2.012074366211891174e-02
5.056528747081756592e-02
-5.325458645820617676e-01
6.332086920738220215e-01
-2.748365402221679688e-01
-6.594240665435791016e-01
3.633518815040588379e-01
3.026565313339233398e-01
6.101415157318115234e-01
-5.144584774971008301e-01
-1.272267401218414307e-01
-1.031887650489807129e+00
-5.347546190023422241e-02
6.869149953126907349e-02
-9.281311631202697754e-01
-3.903549313545227051e-01
4.835806787014007568e-01
4.594733472913503647e-03
-2.295244455337524414e+00
-4.593596458435058594e-01
-2.873076125979423523e-02
7.692852020263671875e-01
5.919011235237121582e-01
-3.938258290290832520e-01
-6.579221785068511963e-02
-2.227547764778137207e-01
1.192955613136291504e+00
1.640396863222122192e-01
-4.707606434822082520e-01
-4.773835837841033936e-02
-2.230787992477416992e+00
2.719260156154632568e-01
1.212040901184082031e+00
-5.278971195220947266e-01
5.016410350799560547e-01
5.843125581741333008e-01
-3.873108029365539551e-01
-1.355974972248077393e-01
1.426046639680862427e-01
1.177639514207839966e-01
4.308379590511322021e-01
-8.696637302637100220e-02
1.538883745670318604e-01
-4.425992369651794434e-01
1.004995331168174744e-01
1.509360074996948242e-01
2.299458533525466919e-01
-6.611210107803344727e-01
-2.194978743791580200e-01
3.478122949600219727e-01
5.539641901850700378e-02
-4.020714759826660156e-01
-1.151270195841789246e-01
-6.043563485145568848e-01
-1.381285041570663452e-01
1.225101426243782043e-01
3.878415822982788086e-01
2.352056056261062622e-01
-2.546925842761993408e-01
1.143212676048278809e+00
1.400059163570404053e-01
-3.733007013797760010e-01
-5.120784044265747070e-01
7.450133562088012695e-02
-4.472960531711578369e-02
-4.417684078216552734e-01
2.994785904884338379e-01
2.395122349262237549e-01
3.116876482963562012e-01
-5.131165385246276855e-01
-3.637904226779937744e-01
-1.216956824064254761e-01
1.023048520088195801e+00
2.045586407184600830e-01
-3.817972242832183838e-01
2.096247822046279907e-01
1.287113726139068604e-01
-5.917477607727050781e-01
6.260942220687866211e-01
-4.141740500926971436e-02
-1.654767394065856934e-01
7.787133008241653442e-02
-2.974503338336944580e-01
9.039416909217834473e-02
4.091606661677360535e-02
4.322549402713775635e-01
-3.727347552776336670e-01
1.988274417817592621e-02
2.940155379474163055e-02
5.724067687988281250e-01
4.131682515144348145e-01
8.530403673648834229e-02
-6.610921621322631836e-01
-1.951597034931182861e-01
3.113653063774108887e-01
9.118440747261047363e-02
-1.626488566398620605e-01
-6.179137825965881348e-01
6.294546127319335938e-01
-4.539440274238586426e-01
-3.761797845363616943e-01
8.349612355232238770e-02
-1.128372736275196075e-02
-2.194576896727085114e-03
-3.512655198574066162e-01
4.909572601318359375e-01
-7.425668835639953613e-02
5.182655900716781616e-02
3.361164331436157227e-01
4.507641792297363281e-01
4.427885711193084717e-01
-2.377651780843734741e-01
-8.190513402223587036e-02
6.121370941400527954e-02
-4.022408425807952881e-01
8.830116987228393555e-01
-7.191675715148448944e-03
-4.056011438369750977e-01
1.119265779852867126e-01
-8.422642946243286133e-01
-8.671733736991882324e-02
4.558941423892974854e-01
-3.811319172382354736e-01
4.430715441703796387e-01
-1.449330449104309082e-01
2.076070070266723633e+00
-3.130294978618621826e-01
-2.316690385341644287e-01
3.661758005619049072e-01
6.030832603573799133e-02
4.056420922279357910e-01
3.672292530536651611e-01
-2.324932664632797241e-01
-1.392863392829895020e-01
1.498656272888183594e-01
-2.845360934734344482e-01
-7.139299511909484863e-01
-6.176357865333557129e-01
3.633977174758911133e-01
-6.128932237625122070e-01
-3.095691502094268799e-01
1.957427859306335449e-01
-5.048847198486328125e-01
6.509265303611755371e-02
-4.981856346130371094e-01
2.367533445358276367e-01
-3.072132728993892670e-02
-2.523456811904907227e-01
4.103372693061828613e-01
4.815402626991271973e-01
3.089907467365264893e-01
2.186740487813949585e-01
-3.512005805969238281e-01
-1.848133802413940430e-01
2.456223815679550171e-01
2.931825518608093262e-01
3.960655331611633301e-01
3.701135516166687012e-01
-1.490474343299865723e-01
7.818553447723388672e-01
2.354334741830825806e-01
-4.212401211261749268e-01
3.666017353534698486e-01
-1.197188124060630798e-01
1.882207989692687988e-01
-1.192470788955688477e+00
3.996421396732330322e-01
2.211682945489883423e-01
-2.906226515769958496e-01
-1.958620399236679077e-01
-4.699636697769165039e-01
-1.375597417354583740e-01
4.123398065567016602e-01
-6.397116184234619141e-02
-3.093627691268920898e-01
2.589658796787261963e-01
1.368849128484725952e-01
2.306506931781768799e-01
-1.013463512063026428e-01
4.402170777320861816e-01
-5.551220476627349854e-02
-4.870117902755737305e-01
4.819588065147399902e-01
-1.283299624919891357e-01
-1.343303173780441284e-01
-7.159353494644165039e-01
2.685410082340240479e-01
-1.020928099751472473e-01
-5.080907344818115234e-01
-9.790617227554321289e-02
-4.043008387088775635e-01
-1.370080858469009399e-01
7.132039666175842285e-01
-3.463843837380409241e-02
-4.025309160351753235e-02
1.159914284944534302e-01
3.017225265502929688e-01
2.437948882579803467e-01
1.460994780063629150e-02
7.476418614387512207e-01
-6.125898957252502441e-01
-4.244853276759386063e-03
3.549552857875823975e-01
3.381355106830596924e-01
-2.484940458089113235e-03
-1.166895270347595215e+00
3.540264666080474854e-01
-1.222780793905258179e-01
-3.870223760604858398e-01
-3.317868709564208984e-01
-4.715160429477691650e-01
-7.879666239023208618e-02
4.713840782642364502e-01
-2.001480460166931152e-01
-3.229339793324470520e-02
-6.048781275749206543e-01
3.635727465152740479e-01
-1.335234791040420532e-01
2.533669173717498779e-01
-1.888553798198699951e-02
3.967539072036743164e-01
-8.759170770645141602e-02
6.767451018095016479e-02
6.459411978721618652e-02
-3.768191337585449219e-01
-9.042190313339233398e-01
3.466538339853286743e-02
1.480033248662948608e-01
-3.865640759468078613e-01
-3.548852503299713135e-01
-6.185879111289978027e-01
-3.732689023017883301e-01
6.810957193374633789e-01
2.922317981719970703e-01
-2.238754332065582275e-01
4.443630203604698181e-02
-2.208838313817977905e-01
1.825134269893169403e-02
1.116141527891159058e-01
-2.602081298828125000e-01
-1.962045133113861084e-01
2.706761658191680908e-01
-8.004105091094970703e-02
2.167597413063049316e-01
-1.797263920307159424e-01
4.225138723850250244e-01
-2.219146341085433960e-01
-1.946076191961765289e-02
1.109375804662704468e-01
1.826027631759643555e-01
5.893874168395996094e-01
3.635063469409942627e-01
-9.871079921722412109e-01
-2.223074287176132202e-01
4.763132333755493164e-01
-4.374798536300659180e-01
-2.056782990694046021e-01
5.740272402763366699e-01
-5.363583564758300781e-01
6.609305143356323242e-01
6.930619478225708008e-03
-5.484699606895446777e-01
-1.974449157714843750e-01
-5.689849853515625000e-01
-5.888860323466360569e-04
-9.216445088386535645e-01
5.665329098701477051e-01
-1.973637193441390991e-01
-1.272217184305191040e-01
-4.028796851634979248e-01
-9.602762460708618164e-01
-3.168146908283233643e-01
9.815643429756164551e-01
2.776419520378112793e-01
-1.554742008447647095e-01
4.012375473976135254e-01
1.686734259128570557e-01
-6.226810067892074585e-02
-1.575391441583633423e-01
6.211122274398803711e-01
-1.520396709442138672e+00
-1.894191280007362366e-02
-2.145480364561080933e-01
7.279151082038879395e-01
2.666117548942565918e-01
-4.275654554367065430e-01
-1.926488988101482391e-02
3.137807548046112061e-01
4.591771662235260010e-01
2.076756767928600311e-02
-2.710004150867462158e-01
4.042575955390930176e-01
1.176191866397857666e-01
3.332635164260864258e-01
5.054508447647094727e-01
2.875991463661193848e-01
2.012780308723449707e-01
4.588065743446350098e-01
-5.700824260711669922e-01
3.625158965587615967e-01
2.676920294761657715e-01
1.269399225711822510e-01
1.129626780748367310e-01
-3.527935147285461426e-01
2.030111253261566162e-01
-8.345643877983093262e-01
2.925637364387512207e-01
1.869285404682159424e-01
2.195118181407451630e-02
-4.486054778099060059e-01
-7.269148528575897217e-02
3.333495557308197021e-02
7.768924236297607422e-01
-1.780464947223663330e-01
-8.099409192800521851e-02
-2.860663533210754395e-01
-2.238651365041732788e-01
2.514919340610504150e-01
-1.562981307506561279e-01
-2.497345954179763794e-01
2.403028160333633423e-01
-6.264989376068115234e-01
5.890762209892272949e-01
-1.942146122455596924e-01
3.618088662624359131e-01
1.223253831267356873e-01
9.666491746902465820e-01
2.750223577022552490e-01
-3.916352689266204834e-01
-1.191689491271972656e+00
-1.055398434400558472e-01
-4.458665251731872559e-01
9.323957562446594238e-02
1.900585740804672241e-01
-6.119277477264404297e-01
-1.723563373088836670e-01
-1.322077661752700806e-01
-3.736392259597778320e-01
3.179250955581665039e-01
4.256469383835792542e-02
-1.841221898794174194e-01
3.995014429092407227e-01
-3.427753448486328125e-01
9.571218490600585938e-02
1.340676564723253250e-02
8.447544574737548828e-01
-5.125428438186645508e-01
-1.692965626716613770e-01
1.613637059926986694e-02
4.966754615306854248e-01
1.560612797737121582e+00
1.689254194498062134e-01
-1.066329598426818848e+00
-2.324519008398056030e-01
8.180249482393264771e-02
-1.723333001136779785e-01
1.379203647375106812e-01
-1.378128491342067719e-02
5.457954406738281250e-01
4.127534031867980957e-01
-5.324832797050476074e-01
9.776212573051452637e-01
-4.206613004207611084e-01
1.741728633642196655e-01
-2.927870862185955048e-02
-1.354722864925861359e-02
-7.297974824905395508e-01
2.723836898803710938e-01
2.370328754186630249e-01
9.347582459449768066e-01
5.585258007049560547e-01
3.536420762538909912e-01
3.229726552963256836e-01
-1.073630824685096741e-01
1.127896755933761597e-01
-4.810255020856857300e-03
3.142805770039558411e-02
1.347603648900985718e-01
3.030313849449157715e-01
-3.280485570430755615e-01
-2.190634906291961670e-01
-1.005432486534118652e+00
2.254208624362945557e-01
-1.884512305259704590e-01
2.390173971652984619e-01
-1.295251399278640747e-01
3.441418707370758057e-01
-2.362165004014968872e-01
-9.079630672931671143e-02
-9.505433440208435059e-01
-2.619399726390838623e-01
-1.760625392198562622e-01
-1.396664083003997803e-01
3.304541409015655518e-01
-8.164517581462860107e-02
-6.369314789772033691e-01
-7.002089917659759521e-02
-2.929743006825447083e-02
-1.260444968938827515e-01
-4.381375014781951904e-01
1.529939889907836914e+00
1.102779731154441833e-01
3.293076157569885254e-01
-7.800256460905075073e-02
5.462000146508216858e-02
1.879985094070434570e+00
-1.763774752616882324e-01
8.986096829175949097e-02
-1.776094883680343628e-01
1.197461634874343872e-01
4.110800325870513916e-01
-6.124274805188179016e-02
-1.021339371800422668e-01
-2.105595171451568604e-01
-1.638744920492172241e-01
-7.872382402420043945e-01
1.165434598922729492e+00
-1.611415296792984009e-01
1.303821563720703125e+00
2.366641461849212646e-01
-6.288318634033203125e-01
-3.534196019172668457e-01
-2.470001578330993652e-01
2.848229706287384033e-01
-7.397084832191467285e-01
-3.025239408016204834e-01
-2.385046333074569702e-01
6.892400979995727539e-01
-1.541413217782974243e-01
1.760935038328170776e-01
-5.896111130714416504e-01
2.964757382869720459e-01
-2.173787206411361694e-01
5.748685002326965332e-01
1.300094872713088989e-01
2.409942001104354858e-01
1.979791820049285889e-01
5.917606353759765625e-01
-7.464357614517211914e-01
6.264036893844604492e-02
4.758995473384857178e-01
-5.224318504333496094e-01
2.477557063102722168e-01
-5.411735177040100098e-01
4.039756655693054199e-01
1.746571063995361328e-01
4.090937674045562744e-01
1.289447396993637085e-01
-3.303519785404205322e-01
-1.379117131233215332e+00
-9.639400988817214966e-03
-3.486354351043701172e-01
-2.474889904260635376e-01
9.555121511220932007e-02
-3.965565562248229980e-01
-3.305554389953613281e-01
-8.566524833440780640e-02
-2.285819500684738159e-01
9.245420247316360474e-02
1.639477312564849854e-01
2.908557057380676270e-01
-6.492668390274047852e-02
3.303728699684143066e-01
4.663462340831756592e-01
-3.628786653280258179e-02
6.302671134471893311e-02
-3.505546227097511292e-02
1.599404364824295044e-01
2.902108728885650635e-01
1.623595952987670898e-01
2.300841547548770905e-02
1.009242981672286987e-02
-1.969054639339447021e-01
1.251468658447265625e-01
-6.238005757331848145e-01
-5.268583819270133972e-02
1.994911432266235352e-01
-2.855779826641082764e-01
-4.673670232295989990e-01
-3.326151967048645020e-01
3.585380734875798225e-03
-1.740401089191436768e-01
2.310786992311477661e-01
3.552858531475067139e-01
-5.279994606971740723e-01
7.855107635259628296e-02
3.654637187719345093e-02
9.362166523933410645e-01
4.014990627765655518e-01
-1.547144651412963867e-01
7.131645679473876953e-01
4.786056280136108398e-01
1.567765325307846069e-01
-7.412260770797729492e-01
-1.997451484203338623e-01
-1.477338075637817383e-01
4.824709147214889526e-02
9.188459515571594238e-01
-5.789758563041687012e-01
-1.254674643278121948e-01
-6.257019937038421631e-02
-1.798660159111022949e-01
1.245845928788185120e-01
4.699058234691619873e-01
-2.785363197326660156e-01
5.502800941467285156e-01
3.137513399124145508e-01
-5.148419365286827087e-02
1.381107717752456665e-01
1.085474565625190735e-01
4.304738715291023254e-02
4.944124519824981689e-01
-2.385922968387603760e-01
-9.600323438644409180e-01
4.163727164268493652e-01
-1.583448052406311035e-01
-1.936621665954589844e-01
1.823862791061401367e-01
4.986088573932647705e-01
6.163317561149597168e-01
2.762003839015960693e-01
-6.011832971125841141e-03
-4.001704454421997070e-01
-2.765994966030120850e-01
-8.663780242204666138e-02
1.295962184667587280e-01
2.838929295539855957e-01
-8.520649671554565430e-01
-1.289652884006500244e-01
2.446779906749725342e-01
-3.795754909515380859e-01
-2.635745406150817871e-01
3.954868018627166748e-01
6.021586656570434570e-01
-2.057677209377288818e-01
7.070262730121612549e-02
-4.536254405975341797e-01
2.905042469501495361e-01
2.979657948017120361e-01
5.510399937629699707e-01
5.480151772499084473e-01
-1.743666976690292358e-01
-3.858648538589477539e-01
-1.198696970939636230e+00
1.552912145853042603e-01
2.679389715194702148e-01
-1.564872115850448608e-01
-1.376111507415771484e-01
-5.727533102035522461e-01
1.513230949640274048e-01
2.628265619277954102e-01
-1.365201026201248169e-01
1.419291794300079346e-01
1.096604466438293457e+00
2.051233947277069092e-01
5.236954987049102783e-02
-5.794185400009155273e-01
6.154322624206542969e-01
4.268094301223754883e-01
6.458154320716857910e-01
4.735758900642395020e-01
-9.738296270370483398e-01
-1.102913379669189453e+00
-8.506449311971664429e-02
-7.643433809280395508e-01
4.764184653759002686e-01
-5.236498117446899414e-01
2.328508347272872925e-01
-4.750401675701141357e-01
-1.152922436594963074e-01
4.209008812904357910e-01
1.290841400623321533e-01
-4.658017307519912720e-02
-6.153560429811477661e-02
-4.999251365661621094e-01
3.780428171157836914e-01
-4.392053186893463135e-01
-2.850767076015472412e-01
4.484599232673645020e-01
4.718496799468994141e-01
4.894005358219146729e-01
-8.218365907669067383e-02
-2.653420865535736084e-01
-1.479521989822387695e+00
3.926792144775390625e-01
-6.190400123596191406e-01
-2.393771857023239136e-01
8.746805787086486816e-01
-1.080695539712905884e-01
4.581831395626068115e-01
-3.274181783199310303e-01
-2.691457271575927734e-01
2.662607729434967041e-01
-7.664934396743774414e-01
-2.893946468830108643e-01
-1.237119808793067932e-01
-3.339399993419647217e-01
-3.120776712894439697e-01
-1.873233616352081299e-01
-2.144881039857864380e-01
1.404961347579956055e-01
-3.278241157531738281e-01
4.656137228012084961e-01
-2.444489300251007080e-02
-1.273687332868576050e-01
-3.850868642330169678e-01
-8.227545768022537231e-02
-5.138282775878906250e-01
4.690297544002532959e-01
-2.757028639316558838e-01
-3.658708930015563965e-02
-2.239902913570404053e-01
-7.275494337081909180e-01
4.923191666603088379e-01
-8.593723773956298828e-01
-2.620011866092681885e-01
-6.568654179573059082e-01
6.314888000488281250e-01
3.060714602470397949e-01
2.170426100492477417e-01
2.272353768348693848e-01
2.274043411016464233e-01
-2.118588685989379883e-01
-5.861137509346008301e-01
7.427228987216949463e-02
-3.246865049004554749e-02
-1.969467103481292725e-01
-6.518724560737609863e-01
-1.857270747423171997e-01
8.596075773239135742e-01
1.506146192550659180e-01
-4.599784314632415771e-01
1.868901401758193970e-01
1.713692069053649902e+00
7.798649370670318604e-02
5.064883828163146973e-01
-5.247205868363380432e-02
2.588878571987152100e-01
-3.264444470405578613e-01
3.850570647045969963e-03
-7.506398856639862061e-02
-3.389117419719696045e-01
-1.642169952392578125e-01
-3.252943754196166992e-01
-1.258162260055541992e+00
7.227653264999389648e-01
1.316926926374435425e-01
5.102870240807533264e-02
-1.778530627489089966e-01
-1.910231262445449829e-01
2.236933112144470215e-01
-3.684308007359504700e-02
-1.761618852615356445e-01
4.286658763885498047e-01
-1.866913028061389923e-02
-1.072550415992736816e-01
-4.829939901828765869e-01
4.077231287956237793e-01
2.244898350909352303e-03
1.339748799800872803e-01
2.349738329648971558e-01
-5.390782952308654785e-01
-6.570714712142944336e-01
-3.003639280796051025e-01
-9.283744692802429199e-01
9.247627258300781250e-01
-6.212545633316040039e-01
1.843106299638748169e-01
-7.154614329338073730e-01
-4.991659522056579590e-02
6.218884587287902832e-01
-4.200458526611328125e-02
-1.462860107421875000e-01
1.019215956330299377e-01
-2.689182758331298828e-01
2.748465836048126221e-01
-6.696201562881469727e-01
5.970700979232788086e-01
7.218226045370101929e-02
2.637428343296051025e-01
3.485186994075775146e-01
-4.431084990501403809e-01
-8.505852222442626953e-01
-1.811304986476898193e-01
-2.725504338741302490e-01
6.790491342544555664e-01
-5.010940432548522949e-01
1.849793456494808197e-02
-8.249149322509765625e-01
1.897246837615966797e-01
5.375884175300598145e-01
2.794997021555900574e-02
-2.725311815738677979e-01
5.677680671215057373e-02
-6.509851813316345215e-01
4.080428481101989746e-01
5.685777664184570312e-01
-9.686040133237838745e-02
-6.311448812484741211e-01
-2.225936055183410645e-01
-9.157592058181762695e-01
2.736527025699615479e-01
9.100167155265808105e-01
2.408802658319473267e-01
3.324824571609497070e-01
-5.399988889694213867e-01
5.191920995712280273e-01
5.743385553359985352e-01
-6.669908016920089722e-02
-1.863769888877868652e-01
-5.679425001144409180e-01
7.720196843147277832e-01
3.198686540126800537e-01
7.897607050836086273e-03
9.000200033187866211e-01
-2.319789677858352661e-01
-4.884293675422668457e-01
5.413916110992431641e-01
5.455690622329711914e-02
1.995579898357391357e-01
4.933109879493713379e-01
-6.695964932441711426e-01
-8.728347420692443848e-01
-2.904180884361267090e-01
-6.214525699615478516e-01
4.837754964828491211e-01
-4.481436610221862793e-01
-1.981746032834053040e-02
-4.567345082759857178e-01
-1.951591968536376953e-01
3.788173496723175049e-01
-2.949750125408172607e-01
2.812922894954681396e-01
-4.738049209117889404e-02
-4.417433738708496094e-01
-4.687008634209632874e-02
-4.145844876766204834e-01
5.698046684265136719e-01
4.795078337192535400e-01
-1.644990146160125732e-01
-2.801584005355834961e-01
2.869417965412139893e-01
-3.937969803810119629e-01
-5.547165125608444214e-02
-4.332840740680694580e-01
1.634027957916259766e-01
-2.197007238864898682e-01
-2.749864161014556885e-01
-5.155071020126342773e-01
-4.890656769275665283e-01
1.050923988223075867e-01
4.782027751207351685e-02
2.940994687378406525e-02
-3.541171848773956299e-01
1.827497780323028564e-01
-7.024268060922622681e-02
1.296715289354324341e-01
-9.308141469955444336e-02
-3.010026514530181885e-01
-1.325244903564453125e+00
-4.000266194343566895e-01
7.564494609832763672e-01
4.141629636287689209e-01
7.306832671165466309e-01
1.981122046709060669e-01
-3.386994823813438416e-02
3.842976391315460205e-01
4.416719973087310791e-01
1.864147037267684937e-01
-3.827868103981018066e-01
-1.410986334085464478e-01
2.710272371768951416e-01
3.508517146110534668e-01
-8.564596176147460938e-01
7.685480117797851562e-01
-4.000679552555084229e-01
-8.022945374250411987e-03
2.717787027359008789e-01
9.652152657508850098e-02
-1.096858382225036621e-01
1.583142131567001343e-01
-1.654203087091445923e-01
1.728815138339996338e-01
3.131715357303619385e-01
-8.168105483055114746e-01
4.057483375072479248e-01
2.111461758613586426e-01
-7.965762913227081299e-02
-5.829086527228355408e-02
-5.910120904445648193e-02
8.398979306221008301e-01
9.640198200941085815e-02
-1.756769716739654541e-01
-3.591065406799316406e-01
2.923890650272369385e-01
-4.741863608360290527e-01
2.161754518747329712e-01
-3.990999162197113037e-01
-4.399044811725616455e-01
-2.628863453865051270e-01
-1.026694700121879578e-01
1.732259541749954224e-01
2.361807078123092651e-01
2.772545814514160156e-01
5.820050090551376343e-02
-3.134409189224243164e-01
1.495696604251861572e-01
5.124462246894836426e-01
4.821806252002716064e-01
-1.467475652694702148e+00
2.159873247146606445e-01
1.897370368242263794e-01
-9.447231143712997437e-02
-1.791845440864562988e+00
-1.394839882850646973e-01
-4.572049677371978760e-01
-3.872418403625488281e-02
-1.565981209278106689e-01
-2.623955011367797852e-01
-7.243866920471191406e-01
-4.437122344970703125e-01
3.732497692108154297e-01
1.878580451011657715e-01
1.975885778665542603e-01
3.344658762216567993e-02
-3.479583263397216797e-01
1.639021188020706177e-01
4.969176650047302246e-01
8.216197043657302856e-02
-3.758387267589569092e-01
3.476662039756774902e-01
4.678190648555755615e-01
-2.573899924755096436e-01
-1.139637678861618042e-01
6.620904207229614258e-01
3.427236154675483704e-02
3.087559342384338379e-01
-2.619236707687377930e-01
-6.531107425689697266e-01
-1.416723728179931641e+00
-1.195146739482879639e-01
3.493532538414001465e-01
6.257453560829162598e-01
6.220034956932067871e-01
-2.827996015548706055e-02
-1.332854032516479492e-01
-6.523955613374710083e-02
7.317227125167846680e-01
4.884495437145233154e-01
1.480749547481536865e-01
-5.726899951696395874e-02
-2.491120994091033936e-02
-2.204823344945907593e-01
-2.940620481967926025e-01
1.395726650953292847e-01
-1.875891685485839844e-01
3.700805008411407471e-01
-2.464338988065719604e-01
-3.927182555198669434e-01
-2.767166197299957275e-01
8.373872935771942139e-02
7.256433367729187012e-02
5.034477710723876953e-01
5.497413873672485352e-01
-5.259479582309722900e-02
1.846370287239551544e-02
3.414550423622131348e-01
4.317692816257476807e-01
5.446981191635131836e-01
-9.507417082786560059e-01
-1.273041516542434692e-01
5.845668315887451172e-01
-2.758032679557800293e-01
-1.901412844657897949e+00
-1.983705535531044006e-02
-4.990733563899993896e-01
1.090134158730506897e-01
2.135132700204849243e-01
2.379224002361297607e-01
-5.465905647724866867e-03
-1.321796178817749023e-01
4.905357062816619873e-01
-1.099447011947631836e-01
2.067672833800315857e-02
-3.316213488578796387e-01
2.191963046789169312e-01
-1.841216683387756348e-01
-3.960997164249420166e-01
-2.303152382373809814e-01
5.684421584010124207e-02
-6.361043453216552734e-01
1.993575543165206909e-01
3.930445387959480286e-02
-1.652566939592361450e-01
5.483632162213325500e-02
-2.306184619665145874e-01
-2.311235219240188599e-01
-9.321505427360534668e-01
-6.309066712856292725e-02
2.895666956901550293e-01
-5.331221818923950195e-01
6.517673134803771973e-01
-3.739133179187774658e-01
-1.731509566307067871e-01
3.922905027866363525e-01
-5.026296898722648621e-02
-6.033376604318618774e-02
5.518421530723571777e-01
-2.004817426204681396e-01
1.048733741044998169e-01
4.800026305019855499e-03
1.593063324689865112e-01
2.700430452823638916e-01
7.747503519058227539e-01
1.176455989480018616e-01
1.236393228173255920e-01
-9.845774620771408081e-02
-1.124874576926231384e-01
-6.723963618278503418e-01
-2.095722556114196777e-01
-4.154070019721984863e-01
2.056631892919540405e-01
1.751668900251388550e-01
-3.235297799110412598e-01
-1.579599529504776001e-01
1.063435226678848267e-01
-5.336084216833114624e-02
1.169963553547859192e-01
-4.650973379611968994e-01
-2.972210049629211426e-01
8.213426172733306885e-02
-2.576699256896972656e-01
3.633120954036712646e-01
7.491688728332519531e-01
8.992418646812438965e-01
1.042572185397148132e-01
1.013635396957397461e+00
-5.884855389595031738e-01
-3.902679979801177979e-01
2.346106469631195068e-01
4.527775943279266357e-01
6.826919317245483398e-01
9.071483612060546875e-01
7.510122060775756836e-01
-1.283055264502763748e-02
-3.466967940330505371e-01
-1.251152455806732178e-01
2.246419489383697510e-01
-2.108291983604431152e-01
-3.518107533454895020e-01
-1.477292925119400024e-01
-5.869906395673751831e-02
-4.629904031753540039e-01
7.434125989675521851e-02
-2.718507647514343262e-01
-3.912762105464935303e-01
-1.085626006126403809e+00
6.600636988878250122e-02
5.682855844497680664e-01
3.837408125400543213e-01
-3.045195639133453369e-01
-1.832914948463439941e-01
-7.462093234062194824e-02
1.508793473243713379e+00
-2.129068225622177124e-01
-5.625268816947937012e-01
-5.077858567237854004e-01
2.659426033496856689e-01
-9.768337756395339966e-02
1.130296811461448669e-01
1.086170151829719543e-01
8.322820067405700684e-03
-1.113458156585693359e+00
5.847557261586189270e-02
-3.653958439826965332e-01
-1.163469433784484863e+00
-5.429314970970153809e-01
-1.741054534912109375e+00
8.887321688234806061e-03
-8.877453207969665527e-02
-3.634695708751678467e-02
2.249759733676910400e-01
-5.307297110557556152e-01
6.934335082769393921e-02
-4.769320487976074219e-01
1.385363936424255371e-01
1.857815682888031006e-01
6.472025066614151001e-02
-5.483424663543701172e-01
3.487391397356987000e-02
-2.349565923213958740e-01
-4.728040993213653564e-01
-4.044722020626068115e-02
3.540191352367401123e-01
4.345538914203643799e-01
-3.405829668045043945e-01
6.398762464523315430e-01
-2.970223724842071533e-01
6.222109198570251465e-01
-6.108841300010681152e-01
4.181896448135375977e-01
5.894187688827514648e-01
3.152428567409515381e-01
1.472202837467193604e-01
-2.505239099264144897e-03
2.250932753086090088e-01
3.174725472927093506e-01
-2.259129285812377930e-01
1.212638840079307556e-01
-1.865775138139724731e-01
3.941864147782325745e-02
2.708406448364257812e-01
6.620742082595825195e-01
-2.561677098274230957e-01
1.297781765460968018e-01
-1.400521993637084961e-01
1.304049938917160034e-01
-6.366438865661621094e-01
-7.830372452735900879e-01
-2.409353554248809814e-01
9.363978356122970581e-02
7.131671905517578125e-01
-7.283188402652740479e-02
-5.840465426445007324e-01
-3.060109913349151611e-01
6.208105012774467468e-02
2.880442142486572266e-01
-3.131352365016937256e-01
1.447434574365615845e-01
-2.406336218118667603e-01
-5.996827781200408936e-02
-1.304901838302612305e-01
1.165243268013000488e+00
8.455071598291397095e-02
7.897190451622009277e-01
2.327352017164230347e-01
-8.183028548955917358e-02
-1.637741178274154663e-01
-2.534047067165374756e-01
1.525136232376098633e-01
-7.949601411819458008e-01
-5.523183941841125488e-01
2.094173431396484375e-01
-1.901343613862991333e-01
-7.827999442815780640e-02
-4.927782118320465088e-01
-4.902781248092651367e-01
5.415511131286621094e-01
-2.888134717941284180e-01
-2.969436049461364746e-01
1.810855984687805176e+00
-3.015580475330352783e-01
1.744456440210342407e-01
1.947645843029022217e-01
-4.167586192488670349e-02
1.820244938135147095e-01
-9.733536243438720703e-01
-2.145068943500518799e-01
8.759586215019226074e-01
3.985195234417915344e-02
-3.623318374156951904e-01
-5.424844026565551758e-01
4.748327136039733887e-01
8.732469677925109863e-01
-5.490875840187072754e-01
-5.066376328468322754e-01
-3.976516127586364746e-01
4.804735481739044189e-01
-3.226796984672546387e-01
-1.378929167985916138e-01
4.604406654834747314e-01
-4.717076718807220459e-01
-4.401136338710784912e-01
-1.152683198451995850e-01
2.369266189634799957e-02
-1.162856817245483398e+00
4.537095129489898682e-01
3.748721480369567871e-01
3.641250431537628174e-01
-1.823701709508895874e-01
3.659749627113342285e-01
-1.463383138179779053e-01
-9.938449412584304810e-02
1.031963750720024109e-01
8.416494727134704590e-01
6.557006835937500000e-01
3.926621377468109131e-01
-2.821512520313262939e-01
3.325871229171752930e-01
4.286790788173675537e-01
-2.892180718481540680e-02
5.862630605697631836e-01
3.406073451042175293e-01
-2.524938285350799561e-01
-5.021838471293449402e-02
1.653039306402206421e-01
-5.854130983352661133e-01
2.150464802980422974e-02
2.265113741159439087e-01
9.357900619506835938e-01
5.076588597148656845e-03
1.562758535146713257e-01
-4.595532715320587158e-01
1.977204233407974243e-01
7.046248316764831543e-01
-8.783295005559921265e-02
7.457079738378524780e-02
-9.473191946744918823e-02
1.333535313606262207e-01
2.849815189838409424e-01
-6.965072154998779297e-01
-2.200495004653930664e-01
-5.462195277214050293e-01
-3.533118963241577148e-01
-4.746693074703216553e-01
-7.015570998191833496e-02
7.333030104637145996e-01
-6.607329845428466797e-01
-3.477387428283691406e-01
1.696320623159408569e-02
1.801486909389495850e-01
-1.200619339942932129e+00
-5.004855990409851074e-01
-1.664899587631225586e+00
5.851780176162719727e-01
5.908011794090270996e-01
1.368669718503952026e-01
-2.342665344476699829e-01
2.467089146375656128e-01
-5.374627113342285156e-01
-4.635788798332214355e-01
3.094724416732788086e-01
2.756882011890411377e-01
-2.923922240734100342e-01
-1.347809731960296631e-01
1.531608700752258301e+00
-2.201129309833049774e-02
-4.863056354224681854e-03
-6.337832808494567871e-01
3.933467864990234375e-01
-5.770413279533386230e-01
7.789877802133560181e-02
2.851915955543518066e-01
-3.915604650974273682e-01
2.095098197460174561e-01
-2.015009373426437378e-01
-4.936047196388244629e-01
2.085497826337814331e-01
-1.960441917181015015e-01
-2.830679416656494141e-01
9.544121026992797852e-01
2.762746512889862061e-01
1.445125192403793335e-01
4.055071473121643066e-01
1.128881216049194336e+00
3.642056286334991455e-01
1.211963072419166565e-01
5.250666737556457520e-01
1.003506630659103394e-01
-3.839784860610961914e-01
4.018882215023040771e-01
-1.445663124322891235e-01
-3.579854965209960938e-01
1.658893376588821411e-02
1.381935030221939087e-01
1.036288142204284668e+00
2.037413716316223145e-01
-6.049995422363281250e-01
2.930970788002014160e-01
5.805044770240783691e-01
-1.545308530330657959e-01
3.062658905982971191e-01
5.143395438790321350e-02
-3.709461688995361328e-01
-1.809137687087059021e-02
-2.621081471443176270e-01
-9.088489413261413574e-01
-1.249871015548706055e+00
-4.954180717468261719e-01
4.479445219039916992e-01
-3.785839676856994629e-01
4.699410498142242432e-02
-4.940720647573471069e-02
-1.964833773672580719e-02
-2.530732452869415283e-01
-1.182451486587524414e+00
-3.084346354007720947e-01
3.440872430801391602e-01
-9.828436374664306641e-01
-1.085625067353248596e-01
7.844038009643554688e-01
-8.813655972480773926e-01
3.336134552955627441e-01
6.670464873313903809e-01
2.517141401767730713e-01
-2.929295897483825684e-01
-6.121478676795959473e-01
-1.351015269756317139e-01
3.863465785980224609e-01
3.003021180629730225e-01
-3.016060963273048401e-02
-1.316968072205781937e-02
4.572783708572387695e-01
1.638464331626892090e+00
-5.323600172996520996e-01
7.352350652217864990e-02
5.898519605398178101e-02
-2.322449982166290283e-01
-1.868114620447158813e-01
-1.487096995115280151e-01
-1.445559382438659668e+00
-3.728138804435729980e-01
-5.580992698669433594e-01
-2.066773921251296997e-01
-3.739841282367706299e-01
-1.166258573532104492e+00
-5.732563734054565430e-01
-3.424699604511260986e-01
-6.056683063507080078e-01
2.023160159587860107e-01
-3.208218514919281006e-01
-2.071298122406005859e+00
8.630114048719406128e-02
1.244765877723693848e+00
-3.916422128677368164e-01
-5.964399576187133789e-01
-4.112400710582733154e-01
4.174534380435943604e-01
-9.454272687435150146e-02
-2.336363792419433594e-01
3.280188739299774170e-01
-4.499081969261169434e-01
6.165111437439918518e-02
1.926109008491039276e-02
1.057648286223411560e-02
-7.584828138351440430e-01
1.719568222761154175e-01
5.527727007865905762e-01
5.048236250877380371e-01
1.469197571277618408e-01
3.337771296501159668e-01
-6.156472489237785339e-02
-5.245298743247985840e-01
-2.286267280578613281e-01
8.150150775909423828e-01
6.047618389129638672e-01
1.378161907196044922e-01
-2.166369557380676270e-01
2.692603766918182373e-01
4.776480197906494141e-01
-7.559000700712203979e-02
4.575378000736236572e-01
1.992568075656890869e-01
-2.331275492906570435e-01
-1.566914021968841553e-01
2.549741268157958984e-01
-2.378716506063938141e-02
-5.485979914665222168e-01
-6.699976921081542969e-01
6.613107919692993164e-01
-2.817794084548950195e-01
3.884064853191375732e-01
-6.216603517532348633e-01
3.891271650791168213e-01
-7.057598978281021118e-02
-2.438646405935287476e-01
-1.417455971240997314e-01
3.134328126907348633e-01
-4.856966137886047363e-01
-1.923128217458724976e-01
-3.492245972156524658e-01
-1.773704290390014648e-01
-3.029408156871795654e-01
1.593740135431289673e-01
2.405046373605728149e-01
-5.517281293869018555e-01
-1.212618470191955566e+00
-1.287054866552352905e-01
9.220591783523559570e-01
4.143584966659545898e-01
-5.013224482536315918e-02
4.840645194053649902e-01
-3.784332424402236938e-02
6.333346664905548096e-02
-2.295864969491958618e-01
-1.279227882623672485e-01
9.508252888917922974e-02
-7.595974951982498169e-02
6.149473786354064941e-02
1.018931791186332703e-01
-2.312194406986236572e-01
-9.607987999916076660e-01
2.942537963390350342e-01
2.362908869981765747e-01
9.439674764871597290e-02
-9.146865457296371460e-02
-4.732942581176757812e-01
2.930063009262084961e-01
5.407276153564453125e-01
-8.307404816150665283e-02
3.794363737106323242e-01
2.205781042575836182e-01
9.219346195459365845e-02
-2.957107722759246826e-01
4.822782278060913086e-01
-1.098610997200012207e+00
-1.572118550539016724e-01
-4.280461072921752930e-01
-3.759782612323760986e-01
3.435924947261810303e-01
-4.072552621364593506e-01
8.198178410530090332e-01
4.892156124114990234e-01
-1.178861260414123535e+00
-1.479287743568420410e-01
-1.833214908838272095e-01
1.361913830041885376e-01
-1.922453790903091431e-01
-7.631095647811889648e-01
-3.462796807289123535e-01
-3.319341242313385010e-01
5.697011947631835938e-01
-6.942779570817947388e-02
3.286256194114685059e-01
-4.233199656009674072e-01
1.005809068679809570e+00
-4.579072073101997375e-02
4.109585881233215332e-01
6.242272257804870605e-01
6.764876842498779297e-02
-2.284859418869018555e-01
-6.470625400543212891e-01
-3.949482440948486328e-01
8.509451746940612793e-01
-9.189050197601318359e-01
5.711498260498046875e-01
2.997834980487823486e-01
-6.559922546148300171e-02
-9.198057651519775391e-01
-3.202515840530395508e-01
-1.548999100923538208e-01
-2.025442123413085938e-01
-1.403029710054397583e-01
2.798144817352294922e-01
-6.586959362030029297e-01
9.681100845336914062e-01
9.733716957271099091e-03
2.846491932868957520e-01
5.342726707458496094e-01
1.203198209404945374e-01
-4.795824587345123291e-01
-3.457570374011993408e-01
-1.996801793575286865e-01
7.207726240158081055e-01
-1.809058897197246552e-02
3.465465903282165527e-01
2.841446101665496826e-01
8.781489729881286621e-02
-2.147554010152816772e-01
4.620766639709472656e-01
5.432918071746826172e-01
-3.036457300186157227e-01
1.984370648860931396e-01
8.364941477775573730e-01
8.356882333755493164e-01
-5.046631023287773132e-02
-1.820860803127288818e-01
-4.696318805217742920e-01
6.857620477676391602e-01
-3.917138576507568359e-01
1.699994683265686035e+00
-4.884770810604095459e-01
7.535995244979858398e-01
3.285047784447669983e-02
3.294001519680023193e-01
8.001569509506225586e-01
2.109863162040710449e-01
1.691627204418182373e-01
-7.080119103193283081e-02
-8.131524920463562012e-01
-1.800071299076080322e-01
5.545306801795959473e-01
-1.669496148824691772e-01
-1.657697409391403198e-01
-1.014456987380981445e+00
1.225089281797409058e-01
-3.123446702957153320e-01
5.172572135925292969e-01
4.322978481650352478e-02
3.277686238288879395e-02
9.391038119792938232e-02
-5.001287460327148438e-01
-1.422714233398437500e+00
1.760474443435668945e-01
3.005838394165039062e-01
-2.113410383462905884e-01
5.362547039985656738e-01
6.987632513046264648e-01
-3.659712672233581543e-01
-3.525806069374084473e-01
-1.028720289468765259e-02
-1.648601517081260681e-02
5.486987829208374023e-01
6.752229332923889160e-01
-2.158866226673126221e-01
3.272639214992523193e-01
-1.796874403953552246e-01
-4.592984616756439209e-01
2.804280817508697510e-01
-4.617484658956527710e-02
-6.636228412389755249e-02
-1.657629132270812988e+00
-2.276906222105026245e-01
6.104081273078918457e-01
4.662558138370513916e-01
6.789677143096923828e-01
-2.167535275220870972e-01
-4.982643723487854004e-01
1.469916701316833496e-01
3.308764398097991943e-01
3.487456738948822021e-01
2.232659608125686646e-01
5.379034671932458878e-03
-1.719097346067428589e-01
5.224021077156066895e-01
-5.717043876647949219e-01
9.714484959840774536e-02
-6.888157129287719727e-01
-1.319726705551147461e-01
2.082153856754302979e-01
-1.471241593360900879e+00
1.098219752311706543e+00
4.995543658733367920e-01
-7.660161852836608887e-01
-9.629080444574356079e-02
3.640412092208862305e-01
-2.637029886245727539e-01
-1.458206176757812500e-01
1.467841565608978271e-01
5.273146033287048340e-01
2.279802411794662476e-01
-6.818502545356750488e-01
1.389883309602737427e-01
-2.974617481231689453e-01
2.061738371849060059e-01
-5.867546796798706055e-01
5.896585062146186829e-02
-8.061110973358154297e-01
-7.840068936347961426e-01
3.390015065670013428e-01
1.602494716644287109e-01
6.568506956100463867e-01
-1.183688174933195114e-02
-4.063292145729064941e-01
4.028410017490386963e-01
-5.801162123680114746e-01
6.682553887367248535e-02
3.567998409271240234e-01
5.269884467124938965e-01
3.922610580921173096e-01
3.082968592643737793e-01
5.699865221977233887e-01
2.864802181720733643e-01
-4.199462532997131348e-01
2.234482318162918091e-01
-5.362277626991271973e-01
-2.269703745841979980e-01
-6.109312176704406738e-01
-1.589197516441345215e-01
3.140714466571807861e-01
-8.133842945098876953e-01
7.995699644088745117e-01
-3.236361742019653320e-01
-5.591627359390258789e-01
1.385748833417892456e-01
6.588433384895324707e-01
-2.320726364850997925e-01
2.262715250253677368e-02
3.218087553977966309e-01
6.676955223083496094e-01
8.742185682058334351e-02
9.337185621261596680e-01
2.055193483829498291e-01
7.440098375082015991e-02
-1.589808166027069092e-01
-2.602611482143402100e-01
-1.106047630310058594e-01
-2.539492249488830566e-01
-1.196043342351913452e-01
1.529224365949630737e-01
-1.635819822549819946e-01
5.188429355621337891e-01
-4.707807898521423340e-01
-4.946677088737487793e-01
4.365921616554260254e-01
1.031232357025146484e+00
-3.383668363094329834e-01
-2.259841859340667725e-01
-1.547155231237411499e-01
7.720049619674682617e-01
4.943573474884033203e-02
-1.027774333953857422e+00
3.331320881843566895e-01
1.247157230973243713e-01
1.834720224142074585e-01
-4.565416872501373291e-01
6.852555274963378906e-02
-5.262342691421508789e-01
-2.689766585826873779e-01
3.164126724004745483e-02
-1.295069307088851929e-01
5.270643234252929688e-01
3.589785695075988770e-01
-2.879635989665985107e-01
4.445219337940216064e-01
6.052541136741638184e-01
2.965878546237945557e-01
3.433843851089477539e-01
5.083105564117431641e-01
-3.504585325717926025e-01
4.747546911239624023e-01
4.394872114062309265e-02
4.751809537410736084e-01
3.647017478942871094e-01
1.426629871129989624e-01
-3.461305797100067139e-02
-1.026019677519798279e-01
7.473772019147872925e-02
3.449732065200805664e-02
-6.228206753730773926e-01
5.940403938293457031e-01
-7.698470950126647949e-01
-6.028040498495101929e-02
2.345306575298309326e-01
2.987211942672729492e-01
1.252049207687377930e+00
-7.907814532518386841e-02
4.899605512619018555e-01
-2.574139237403869629e-01
-6.606359481811523438e-01
5.588766932487487793e-01
-6.865807771682739258e-01
4.418524205684661865e-01
-2.396935224533081055e-01
-4.731455743312835693e-01
-2.043014615774154663e-01
-2.573459148406982422e-01
1.517024189233779907e-01
-9.246317297220230103e-02
4.249514341354370117e-01
-6.682981848716735840e-01
-4.250006895745173097e-05
-6.336706876754760742e-01
-1.345126032829284668e-01
1.086074337363243103e-01
-4.167738556861877441e-01
1.591174602508544922e-01
1.984686851501464844e-01
-1.672875732183456421e-01
-5.280082821846008301e-01
-2.352897077798843384e-01
1.091051340103149414e+00
2.363849282264709473e-01
5.965111255645751953e-01
3.573150336742401123e-01
8.466358780860900879e-01
-4.377627670764923096e-01
3.290736377239227295e-01
8.601711392402648926e-01
-3.530171811580657959e-01
-1.202413216233253479e-01
-4.511010646820068359e-01
2.921386361122131348e-01
7.184254527091979980e-01
-2.295248806476593018e-01
1.178921908140182495e-01
6.216746941208839417e-02
-1.615496873855590820e-01
-8.711814880371093750e-02
4.939561486244201660e-01
-7.866042852401733398e-02
-2.898977696895599365e-01
-2.692899703979492188e-01
2.221985608339309692e-01
2.627451717853546143e-01
3.042615950107574463e-01
1.574405431747436523e-01
-4.345982670783996582e-01
2.495516538619995117e-01
-4.135067164897918701e-01
7.931337356567382812e-01
-2.741956710815429688e-01
7.480244636535644531e-01
1.469211727380752563e-01
-5.005941540002822876e-02
1.495439887046813965e+00
-7.280464768409729004e-01
6.470705848187208176e-03
-6.802236437797546387e-01
4.235886931419372559e-01
-3.532903492450714111e-01
-2.482445091009140015e-01
-3.116738498210906982e-01
-7.925598621368408203e-01
-2.033134177327156067e-02
-3.943649679422378540e-02
-3.482475280761718750e-01
-5.943757668137550354e-02
-1.171486899256706238e-01
4.424345493316650391e-01
-3.048229515552520752e-01
3.591829910874366760e-02
-1.866345554590225220e-01
5.817740038037300110e-02
-3.207159042358398438e-01
-2.479729801416397095e-01
7.977083325386047363e-02
5.482557043433189392e-02
-2.228770107030868530e-01
-9.408260583877563477e-01
-2.599682658910751343e-03
-5.371024012565612793e-01
-1.904634088277816772e-01
1.037691950798034668e+00
-6.308992505073547363e-01
5.150560736656188965e-01
3.356989324092864990e-01
1.334562778472900391e+00
-5.192893557250499725e-03
-3.250298202037811279e-01
3.717979490756988525e-01
-6.721999049186706543e-01
-3.763726651668548584e-01
5.019190311431884766e-01
-1.972293294966220856e-02
-6.905760616064071655e-02
6.570979356765747070e-01
1.057937622070312500e+00
-5.184856653213500977e-01
1.250816881656646729e-01
-5.064909532666206360e-02
-6.564313173294067383e-01
2.479521632194519043e-01
9.149770736694335938e-01
-5.640619993209838867e-02
3.843783736228942871e-01
4.249561131000518799e-01
3.668135106563568115e-01
5.441415309906005859e-01
-1.400493681430816650e-01
-4.730283096432685852e-02
1.988130211830139160e+00
8.352431654930114746e-01
7.356822490692138672e-01
-1.016319319605827332e-01
5.672753602266311646e-02
1.461126562207937241e-02
3.748782575130462646e-01
3.490116894245147705e-01
1.512492597103118896e-01
2.936079204082489014e-01
-6.012629345059394836e-02
2.232837677001953125e-01
-1.267211139202117920e-01
3.820444643497467041e-01
-9.219276309013366699e-01
-1.442556828260421753e-01
-3.096073865890502930e-01
-3.201719224452972412e-01
-1.980617493391036987e-01
4.602085947990417480e-01
-1.061974093317985535e-01
4.691071808338165283e-01
-7.315670847892761230e-01
2.998017668724060059e-01
-1.229304298758506775e-01
-2.632877826690673828e-01
-1.961274445056915283e-01
-9.363474696874618530e-02
3.349257409572601318e-01
-8.540880084037780762e-01
-8.477014303207397461e-02
-3.702981173992156982e-01
-1.889072060585021973e-01
4.220962151885032654e-02
5.485467314720153809e-01
8.168082833290100098e-01
7.177270203828811646e-02
2.587806880474090576e-01
-5.739479139447212219e-02
-1.224060416221618652e+00
-1.410279422998428345e-01
5.977568402886390686e-02
5.567370653152465820e-01
-7.026300579309463501e-02
-3.865286111831665039e-01
-1.111811175942420959e-01
4.455539956688880920e-02
1.828620582818984985e-01
-4.106690585613250732e-01
-2.123116552829742432e-01
3.537408411502838135e-01
8.744159340858459473e-02
-5.187567472457885742e-01
-5.643211603164672852e-01
-5.555368959903717041e-02
-7.858604192733764648e-01
6.527212858200073242e-01
-3.030653893947601318e-01
2.708442509174346924e-01
6.352400779724121094e-01
-1.093943834304809570e+00
-5.642490386962890625e-01
-2.010331861674785614e-02
-1.639417558908462524e-01
-7.094042897224426270e-01
-5.025872588157653809e-01
-7.341780066490173340e-01
1.843048334121704102e-01
-2.629557251930236816e-01
-7.504194378852844238e-01
9.454900622367858887e-01
4.422962069511413574e-01
6.988143324851989746e-01
3.212659060955047607e-01
2.996202707290649414e-01
1.435246411710977554e-02
1.958674192428588867e-01
-5.021302700042724609e-01
-2.345474958419799805e-01
3.546677231788635254e-01
-2.766607403755187988e-01
-3.815349638462066650e-01
9.237790703773498535e-01
-3.727245926856994629e-01
-3.309826552867889404e-01
-1.073265448212623596e-01
1.352010518312454224e-01
-1.711553037166595459e-01
-1.875514537096023560e-01
3.288564682006835938e-01
-3.234548568725585938e-01
-3.981165122240781784e-03
-5.872805118560791016e-01
-2.418033629655838013e-01
6.173180416226387024e-02
7.555545866489410400e-02
9.919523447751998901e-02
2.108039148151874542e-02
3.505575060844421387e-01
1.559862047433853149e-01
2.681809067726135254e-01
6.168726682662963867e-01
-3.668063133955001831e-02
-2.050060778856277466e-01
4.493402540683746338e-01
-7.683064341545104980e-01
-6.303089857101440430e-01
-5.393689032644033432e-03
2.096874117851257324e-01
-5.200799107551574707e-01
2.758318185806274414e-01
9.929525256156921387e-01
3.992930948734283447e-01
-2.195333130657672882e-02
2.005582898855209351e-01
-3.159183561801910400e-01
4.185476899147033691e-01
-5.956604480743408203e-01
-2.735006809234619141e-01
-2.825186252593994141e-01
-1.629306823015213013e-01
-2.008635997772216797e-01
6.373907327651977539e-01
-1.946205645799636841e-02
-4.670815169811248779e-01
-1.636633574962615967e-01
-1.891766935586929321e-01
4.067661464214324951e-01
1.139231324195861816e+00
-3.297086954116821289e-01
-6.706174015998840332e-01
2.661152929067611694e-02
1.569784879684448242e-01
4.984204098582267761e-02
2.130216211080551147e-01
-4.953161776065826416e-01
3.193179368972778320e-01
3.887574076652526855e-01
-1.093194819986820221e-02
-2.711776793003082275e-01
3.267068415880203247e-02
-4.249905943870544434e-01
8.201722800731658936e-02
3.342448472976684570e-01
-4.288752079010009766e-01
-1.704688817262649536e-01
6.060835719108581543e-01
-1.003068163990974426e-01
