5.416629314422607422e-01
5.475932955741882324e-01
-8.445460349321365356e-02
-2.404789328575134277e-01
-2.332556992769241333e-01
6.769354343414306641e-01
-5.658302903175354004e-01
-1.345570981502532959e-01
3.607142269611358643e-01
5.119131803512573242e-01
8.816716820001602173e-02
3.297739326953887939e-01
4.215365946292877197e-01
7.913682460784912109e-01
9.044630825519561768e-02
-7.725027799606323242e-01
-1.663410291075706482e-02
3.910122215747833252e-01
3.901073932647705078e-01
7.801648378372192383e-01
-3.863686919212341309e-01
-2.307293564081192017e-01
-2.366155087947845459e-01
-3.555005192756652832e-01
-2.118086963891983032e-01
-5.801561474800109863e-01
2.916691899299621582e-01
1.993111729621887207e+00
-1.424712687730789185e-01
-2.817874848842620850e-01
-2.170491591095924377e-02
8.129521608352661133e-01
5.480144619941711426e-01
-9.569811224937438965e-01
-5.705229043960571289e-01
-5.770337581634521484e-01
8.713138103485107422e-01
5.265483260154724121e-01
7.151224017143249512e-01
3.240188360214233398e-01
8.724404573440551758e-01
-5.363757610321044922e-01
2.907698750495910645e-01
-5.657638907432556152e-01
-2.074986547231674194e-01
4.707396924495697021e-01
1.408064514398574829e-01
1.620795279741287231e-01
1.563320755958557129e-01
2.799577414989471436e-01
-8.125146627426147461e-01
-4.777138531208038330e-01
-2.741632163524627686e-01
-1.730860352516174316e+00
3.416114151477813721e-01
4.439959526062011719e-01
7.786666154861450195e-01
-5.985856056213378906e-01
8.477505445480346680e-01
7.246719598770141602e-01
-9.238612055778503418e-01
8.145710825920104980e-01
-1.392349600791931152e-01
8.222365379333496094e-01
4.177353978157043457e-01
-8.703436851501464844e-01
3.010287582874298096e-01
1.863093823194503784e-01
-2.853751480579376221e-01
-4.853856861591339111e-01
7.514818310737609863e-01
7.433933615684509277e-01
-8.576322346925735474e-02
2.300966680049896240e-01
-3.577056229114532471e-01
-3.476142585277557373e-01
-3.879461586475372314e-01
1.103104948997497559e+00
-1.001436352729797363e+00
-5.577160120010375977e-01
5.898852944374084473e-01
-7.629055380821228027e-01
-4.951496720314025879e-01
-9.694355726242065430e-01
-2.759677171707153320e-01
4.066042304039001465e-01
9.581889212131500244e-02
-6.209692731499671936e-02
9.619899839162826538e-02
2.488186508417129517e-01
-3.685160875320434570e-01
-5.396257638931274414e-01
-3.754896223545074463e-01
-1.090877532958984375e+00
-2.152408212423324585e-01
-1.160530224442481995e-01
1.314612269401550293e+00
-5.325577259063720703e-01
1.146989941596984863e+00
9.378159046173095703e-01
7.570376247167587280e-02
2.731455564498901367e-01
-1.660398989915847778e-01
5.751450061798095703e-01
4.929355084896087646e-01
-4.754037559032440186e-01
1.100546121597290039e+00
-8.789667487144470215e-02
4.103947877883911133e-01
1.333309561014175415e-01
4.481364190578460693e-01
3.960041999816894531e-01
-3.918623626232147217e-01
-8.288299441337585449e-01
-2.960016429424285889e-01
-1.068427115678787231e-01
6.211722269654273987e-02
1.098069101572036743e-01
-7.402708381414413452e-02
-3.115228712558746338e-01
-5.781273841857910156e-01
2.514494657516479492e-01
3.429258465766906738e-01
-2.173695117235183716e-01
-1.687542498111724854e-01
-3.285178542137145996e-01
-1.351410001516342163e-01
-2.744328081607818604e-01
1.654399037361145020e-01
5.010122433304786682e-02
6.076169013977050781e-02
-1.860511004924774170e-01
-6.099948287010192871e-02
-1.110861063003540039e+00
1.828854233026504517e-01
3.780255317687988281e-01
-6.061549186706542969e-01
5.456332564353942871e-01
-9.479889273643493652e-01
-5.188230872154235840e-01
5.132924318313598633e-01
-5.031562447547912598e-01
-3.666487038135528564e-01
-1.038497611880302429e-01
9.468880295753479004e-02
5.437536835670471191e-01
7.980090379714965820e-01
-5.449828505516052246e-01
1.281862616539001465e+00
5.971710681915283203e-01
-6.423583030700683594e-01
-3.308520019054412842e-01
-5.518015623092651367e-01
-1.653566598892211914e+00
-3.393508493900299072e-01
-2.753681242465972900e-01
4.711431562900543213e-01
-8.266279697418212891e-01
8.907315135002136230e-01
3.981868922710418701e-01
-2.067146301269531250e-01
1.337910443544387817e-01
2.110182791948318481e-01
1.494673937559127808e-01
-2.605236172676086426e-01
-3.061558306217193604e-02
-7.861075401306152344e-01
7.020788192749023438e-01
-1.005248501896858215e-01
-3.006625771522521973e-01
-1.202391237020492554e-01
1.130862087011337280e-01
5.127617716789245605e-01
-3.601770699024200439e-01
5.723824501037597656e-01
2.295756042003631592e-01
5.369676351547241211e-01
2.021418325603008270e-02
-1.960858851671218872e-01
3.277435302734375000e-01
3.728781640529632568e-01
-3.880388736724853516e-01
-2.723454535007476807e-01
-4.616056382656097412e-01
-4.656858146190643311e-01
4.984375536441802979e-01
-5.277248024940490723e-01
-3.197084367275238037e-01
2.075343579053878784e-01
1.414890289306640625e-01
-3.844542801380157471e-01
-5.703530460596084595e-02
1.340357959270477295e-01
4.725040793418884277e-01
3.563326895236968994e-01
-1.727889180183410645e-01
1.732789129018783569e-01
-2.082576602697372437e-01
4.752523303031921387e-01
4.148148000240325928e-02
1.184500232338905334e-01
-8.431294560432434082e-02
-2.947207167744636536e-02
-7.592056691646575928e-02
2.841289639472961426e-01
-6.464537233114242554e-02
3.746435940265655518e-01
2.899062037467956543e-01
-8.647599071264266968e-02
-4.132697284221649170e-01
1.353188902139663696e-01
6.532644480466842651e-02
-3.387251496315002441e-01
-1.130338311195373535e+00
7.585757970809936523e-02
-2.664896473288536072e-02
1.428418457508087158e-01
-9.275640547275543213e-02
3.247451782226562500e-01
5.004628896713256836e-01
8.337034285068511963e-02
-9.072625637054443359e-02
1.623214781284332275e-01
-2.179805189371109009e-01
-1.893032342195510864e-01
2.108180224895477295e-01
-1.758567541837692261e-01
5.877687036991119385e-02
2.639022171497344971e-01
7.246248722076416016e-01
-3.540222942829132080e-01
-7.578909397125244141e-01
2.156713604927062988e-01
-1.348837162367999554e-03
2.580242753028869629e-01
6.011769175529479980e-01
-3.207852542400360107e-01
-2.746292352676391602e-01
2.520387172698974609e-01
-1.999012529850006104e-01
4.111700952053070068e-01
-5.717871785163879395e-01
2.682911455631256104e-01
-2.654990851879119873e-01
-3.183182179927825928e-01
6.128405928611755371e-01
-3.369955718517303467e-01
-2.650472819805145264e-01
8.888158947229385376e-02
8.289513587951660156e-01
-3.132759630680084229e-01
-5.267812609672546387e-01
4.982695728540420532e-02
1.882507354021072388e-01
2.396816015243530273e-01
1.558215767145156860e-01
5.808307230472564697e-02
-6.589077115058898926e-01
4.430814981460571289e-01
4.319209456443786621e-01
2.655728459358215332e-01
1.426348388195037842e-01
4.838988929986953735e-02
1.126734260469675064e-02
-3.417430818080902100e-01
6.725969910621643066e-02
1.076152473688125610e-01
-6.661366224288940430e-01
-4.158564284443855286e-02
6.471776962280273438e-01
-2.173989266157150269e-02
-4.720651507377624512e-01
-3.525917232036590576e-01
1.517610073089599609e+00
-2.240386009216308594e-01
3.219038546085357666e-01
-1.182980418205261230e+00
-4.278451502323150635e-01
4.618830978870391846e-02
-7.460512965917587280e-02
-1.631620079278945923e-01
-1.186810135841369629e-01
1.089179590344429016e-01
-5.667106509208679199e-01
-1.202590689063072205e-01
-5.745418369770050049e-02
-7.208889126777648926e-01
7.578214406967163086e-01
-5.901230499148368835e-02
-3.773416280746459961e-01
-1.368120461702346802e-01
-4.852567315101623535e-01
2.285553961992263794e-01
-1.093408584594726562e+00
8.241498470306396484e-02
8.404505997896194458e-02
7.167484164237976074e-01
3.023931980133056641e-01
-5.629298686981201172e-01
8.624666929244995117e-02
-2.142249792814254761e-01
2.312008589506149292e-01
-1.114420369267463684e-01
2.978116571903228760e-01
2.082832753658294678e-01
-4.972953796386718750e-01
-7.347640395164489746e-02
8.425324559211730957e-01
-2.602753639221191406e-01
-7.773890495300292969e-01
2.786804437637329102e-01
6.765699386596679688e-01
5.725904181599617004e-02
-1.044612169265747070e+00
2.045499235391616821e-01
-3.941910862922668457e-01
-3.496606275439262390e-02
7.415426969528198242e-01
5.905893445014953613e-02
-1.257495675235986710e-02
9.022879600524902344e-02
-7.310544699430465698e-02
1.143613532185554504e-01
2.243980169296264648e-01
1.338252723217010498e-01
-5.524838343262672424e-02
-8.373412489891052246e-01
3.524499535560607910e-01
-2.606555521488189697e-01
1.192796509712934494e-02
-4.112091660499572754e-02
8.093483746051788330e-02
7.441712617874145508e-01
5.409703776240348816e-02
5.026319622993469238e-01
4.765908122062683105e-01
1.328226327896118164e-01
-2.636784315109252930e-01
1.852898746728897095e-01
8.765991032123565674e-02
-7.129156589508056641e-01
3.399377465248107910e-01
-2.044322937726974487e-01
9.611127972602844238e-01
1.818548887968063354e-01
-5.738453865051269531e-01
-8.338441699743270874e-02
1.075312122702598572e-01
-3.597704768180847168e-01
-1.642451882362365723e-01
4.368441700935363770e-01
4.858900010585784912e-01
2.389129400253295898e-01
6.804736256599426270e-01
8.813527971506118774e-02
-4.524102434515953064e-02
-4.406630992889404297e-01
5.268442630767822266e-01
-8.139799833297729492e-01
-8.250690698623657227e-01
-6.790956258773803711e-01
1.772091686725616455e-01
3.322089612483978271e-01
3.021171391010284424e-01
7.315468788146972656e-01
-2.774048447608947754e-01
2.553994655609130859e-01
-1.371620893478393555e-01
5.725104808807373047e-01
-1.759974956512451172e-01
1.380866020917892456e-01
1.154882758855819702e-01
-2.725706696510314941e-01
5.612552165985107422e-01
-3.951973617076873779e-01
-6.830688565969467163e-02
-7.147054672241210938e-01
6.377568244934082031e-01
-7.376258373260498047e-01
-4.281018376350402832e-01
-6.563039869070053101e-02
-1.893908344209194183e-02
-2.684843540191650391e-01
-1.873994022607803345e-01
6.728389114141464233e-02
-3.233168423175811768e-01
8.170265704393386841e-02
9.932416677474975586e-01
-2.502027451992034912e-01
-1.099539995193481445e+00
1.975860595703125000e-01
1.195514917373657227e+00
2.600734233856201172e-01
-8.316366672515869141e-01
1.895539462566375732e-01
-7.081484794616699219e-01
1.310793161392211914e+00
9.676495790481567383e-01
4.462240636348724365e-01
5.454256534576416016e-01
-8.943136930465698242e-01
8.509555459022521973e-01
-4.304701089859008789e-01
2.785924971103668213e-01
5.357645153999328613e-01
-9.745200872421264648e-01
3.318908810615539551e-01
-2.422453016042709351e-01
5.071257706731557846e-03
-4.015867114067077637e-01
6.227140426635742188e-01
7.296969890594482422e-01
-1.306554079055786133e-01
-4.497295320034027100e-01
-4.673295915126800537e-01
-3.008058965206146240e-01
-3.887332081794738770e-01
9.155143499374389648e-01
-9.482190608978271484e-01
-5.713027119636535645e-01
-1.695647358894348145e+00
1.401468276977539062e+00
-2.559960782527923584e-01
1.338233470916748047e+00
3.887855410575866699e-01
-8.769794106483459473e-01
-1.715143024921417236e-01
-1.963895708322525024e-01
-8.954771608114242554e-02
1.997766047716140747e-01
5.585925579071044922e-01
2.784073054790496826e-01
1.696911901235580444e-01
6.158874034881591797e-01
-1.845647990703582764e-01
-3.496113717555999756e-01
-2.868886590003967285e-01
6.271105408668518066e-01
-1.595536231994628906e+00
-1.983576893806457520e+00
-1.766569167375564575e-01
3.158746063709259033e-01
-1.172018527984619141e+00
-2.313974797725677490e-01
4.215839207172393799e-01
-3.334118723869323730e-01
3.501898050308227539e-02
9.915432929992675781e-01
-2.690123915672302246e-01
-9.660296440124511719e-01
1.431049108505249023e-01
1.154144287109375000e+00
3.227652609348297119e-01
-4.512088596820831299e-01
-2.794239223003387451e-01
-1.012654781341552734e+00
5.797514915466308594e-01
3.199630081653594971e-01
3.032727837562561035e-01
2.405898720026016235e-01
-4.941737353801727295e-01
2.186712324619293213e-01
-3.501505255699157715e-01
-1.144640445709228516e-01
3.283438086509704590e-01
9.580980241298675537e-02
1.941824108362197876e-01
-2.257049530744552612e-01
3.594899475574493408e-01
2.593459188938140869e-01
3.036656230688095093e-02
9.020373225212097168e-02
-3.413250378798693419e-04
4.168660342693328857e-01
-9.018252789974212646e-02
-2.504138946533203125e-01
-4.086291193962097168e-01
-5.977382063865661621e-01
-4.275735616683959961e-01
-4.835090935230255127e-01
2.841761410236358643e-01
8.666898012161254883e-01
-1.593027710914611816e-01
-6.273244023323059082e-01
3.904013633728027344e-01
-5.404680371284484863e-01
-2.185192331671714783e-02
-2.678694017231464386e-02
-3.141626343131065369e-02
2.727080583572387695e-01
3.748226165771484375e-01
-3.655270636081695557e-01
1.794226318597793579e-01
-4.894779026508331299e-01
-4.853146374225616455e-01
-6.390905380249023438e-01
1.921093910932540894e-01
-5.870233178138732910e-01
-1.021993875503540039e+00
1.650006473064422607e-01
-9.901596307754516602e-01
-2.844603359699249268e-01
-9.839501976966857910e-02
-8.554428070783615112e-02
-1.246276348829269409e-01
-7.815286517143249512e-02
-2.791060507297515869e-01
-1.540475636720657349e-01
7.981160879135131836e-01
9.834960103034973145e-02
-5.778272822499275208e-02
-6.278788447380065918e-01
-3.559758961200714111e-01
3.420760333538055420e-01
2.212651371955871582e-01
-1.431884020566940308e-01
-8.257588148117065430e-01
-3.738074302673339844e-01
-4.660352692008018494e-02
-2.573812007904052734e-02
-2.329913228750228882e-01
-6.929502487182617188e-01
3.987071514129638672e-01
-1.552978605031967163e-01
-2.192915678024291992e-01
-1.289918124675750732e-01
-2.036420851945877075e-01
2.506488747894763947e-02
-2.105284035205841064e-01
-4.254076182842254639e-01
-3.661893010139465332e-01
-2.612933516502380371e-01
9.077929705381393433e-02
1.637060195207595825e-01
3.457345962524414062e-01
1.881539225578308105e-01
3.268988430500030518e-01
5.384154319763183594e-01
3.162997663021087646e-01
4.591821432113647461e-01
4.451113343238830566e-01
-4.208378791809082031e-01
2.686336636543273926e-01
-1.130513548851013184e+00
-5.278598666191101074e-01
-9.482705593109130859e-02
-7.125927209854125977e-01
-3.023876547813415527e-01
1.296627521514892578e-01
-1.349302232265472412e-01
1.512886136770248413e-01
-1.184360027313232422e+00
6.094453334808349609e-01
-1.030072569847106934e+00
1.279657036066055298e-01
4.732705652713775635e-01
4.686051309108734131e-01
-2.343793027102947235e-02
-1.558967709541320801e+00
5.742776393890380859e-01
-3.023053109645843506e-01
8.333769440650939941e-01
-6.094705462455749512e-01
-5.205340385437011719e-01
-1.411931309849023819e-02
-9.202445149421691895e-01
-6.700813025236129761e-02
-1.756906807422637939e-01
5.245833657681941986e-03
-2.563853561878204346e-01
4.277634620666503906e-01
-1.793354302644729614e-01
-2.212479412555694580e-01
-9.759863018989562988e-01
-8.680487871170043945e-01
-5.809364318847656250e-01
1.999043226242065430e-01
-2.099834233522415161e-01
2.093295566737651825e-02
1.696070097386837006e-02
3.091487102210521698e-02
8.114414215087890625e-01
-7.632453441619873047e-01
5.270367488265037537e-02
4.533716142177581787e-01
-7.283385396003723145e-01
3.049882054328918457e-01
-3.131650984287261963e-01
2.864685654640197754e-01
4.163887202739715576e-01
4.905884861946105957e-01
2.354025989770889282e-01
-2.443349659442901611e-01
2.480594962835311890e-01
-7.765791416168212891e-01
-4.389483332633972168e-01
9.457678347826004028e-02
-3.881669640541076660e-01
-7.702353596687316895e-01
4.641242325305938721e-01
4.445202946662902832e-01
1.835367381572723389e-01
-2.601665817201137543e-02
9.823513217270374298e-03
-5.961048603057861328e-02
-8.452335000038146973e-01
3.402931094169616699e-01
6.585736870765686035e-01
-5.264888703823089600e-02
5.655472725629806519e-02
3.740915954113006592e-01
1.041375160217285156e+00
-1.347782015800476074e-01
2.200751155614852905e-01
-1.859905421733856201e-01
-6.410998106002807617e-02
3.077107854187488556e-02
1.008855029940605164e-01
3.174219280481338501e-02
6.177760362625122070e-01
1.871937066316604614e-01
2.949814796447753906e-01
7.750743627548217773e-02
1.779489032924175262e-02
-6.462131738662719727e-01
4.744726717472076416e-01
-3.590467274188995361e-01
1.069340467453002930e+00
-3.649842441082000732e-01
-1.782408356666564941e-02
7.050620317459106445e-01
2.953106351196765900e-02
-4.099930524826049805e-01
-1.821261346340179443e-01
-2.677740752696990967e-01
-1.257736980915069580e-01
4.141389429569244385e-01
-3.870546817779541016e-02
-3.731542825698852539e-01
2.730270624160766602e-01
4.227362573146820068e-02
2.279767692089080811e-01
-3.568901717662811279e-01
2.121371477842330933e-01
8.703730106353759766e-01
-7.806041836738586426e-01
1.606840044260025024e-01
6.140340492129325867e-02
2.706820331513881683e-02
1.525567173957824707e-01
1.084076240658760071e-01
4.098753929138183594e-01
-4.453511834144592285e-01
-8.026797771453857422e-01
-5.286135077476501465e-01
-5.108608603477478027e-01
-9.049881249666213989e-02
6.320290267467498779e-02
-2.590763270854949951e-01
3.472927724942564964e-03
-4.990796744823455811e-01
-4.960377886891365051e-02
-1.651822216808795929e-02
9.452127851545810699e-03
1.334336586296558380e-02
-2.194072306156158447e-02
-1.045685037970542908e-01
-3.499705195426940918e-01
-8.708178997039794922e-02
-1.831801384687423706e-01
6.546236276626586914e-01
5.420083999633789062e-01
-4.454202950000762939e-03
8.939232677221298218e-02
1.347979158163070679e-01
2.159309685230255127e-01
-3.585262000560760498e-01
-6.133555173873901367e-01
4.395433366298675537e-01
-1.296732276678085327e-01
9.799633920192718506e-02
5.117079615592956543e-01
-5.522941946983337402e-01
-7.991070747375488281e-01
3.365397453308105469e-01
-7.311126589775085449e-01
1.365641206502914429e-01
-4.291715919971466064e-01
-8.538053929805755615e-02
-5.768020823597908020e-02
5.204835534095764160e-01
-1.157604902982711792e-01
1.063945963978767395e-01
-5.447217449545860291e-02
-3.811192810535430908e-01
-8.705430030822753906e-01
2.863739728927612305e-01
-1.569114476442337036e-01
-4.752790182828903198e-02
6.120744347572326660e-01
3.796498477458953857e-01
-1.800489872694015503e-01
2.262959629297256470e-01
4.967316687107086182e-01
-4.828212261199951172e-01
2.442530393600463867e-01
-1.149967834353446960e-01
4.389751255512237549e-01
-4.621779024600982666e-01
-7.928844094276428223e-01
3.483451530337333679e-02
2.563273608684539795e-01
3.654047548770904541e-01
-3.508213162422180176e-01
-1.460014581680297852e-01
3.211692273616790771e-01
2.392476499080657959e-01
4.056849777698516846e-01
6.180625557899475098e-01
6.111734509468078613e-01
4.789677858352661133e-01
1.809691935777664185e-01
-5.039241909980773926e-02
-2.819463610649108887e-01
1.762069463729858398e-01
2.541514672338962555e-02
1.059260889887809753e-01
3.713356554508209229e-01
-2.494711875915527344e-01
-2.091850191354751587e-01
2.551316022872924805e-01
3.967651724815368652e-01
-1.699184924364089966e-01
-1.802705049514770508e+00
-1.692692749202251434e-02
9.930393099784851074e-02
2.117165029048919678e-01
-1.222691163420677185e-01
1.908558309078216553e-01
2.762301266193389893e-01
-4.487763643264770508e-01
7.850126028060913086e-01
-4.838012158870697021e-01
-2.606400549411773682e-01
5.065606236457824707e-01
-4.620229899883270264e-01
6.682714819908142090e-01
-1.611382812261581421e-01
4.472170174121856689e-01
2.781775295734405518e-01
8.421700000762939453e-01
2.588666975498199463e-01
-8.980266749858856201e-02
-4.789231121540069580e-01
-6.555265188217163086e-01
-5.767580270767211914e-01
3.215605914592742920e-01
6.941542774438858032e-02
-4.220742881298065186e-01
-1.412540525197982788e-01
-1.102760210633277893e-01
5.795362964272499084e-02
9.329232573509216309e-01
1.589144468307495117e-01
-6.022660732269287109e-01
1.852112263441085815e-01
-2.853993177413940430e-01
2.800492644309997559e-01
-3.048861026763916016e-01
-2.305504977703094482e-01
-1.796281576156616211e+00
-1.112226247787475586e-01
2.254632711410522461e-01
7.895389944314956665e-02
2.426797002553939819e-01
3.296659886837005615e-01
4.839507341384887695e-01
1.791407167911529541e-01
2.265546768903732300e-01
3.467264398932456970e-02
-1.406471729278564453e-01
-1.185920000076293945e+00
3.555293977260589600e-01
5.003849267959594727e-01
-6.470816135406494141e-01
2.814208865165710449e-01
-5.751896500587463379e-01
3.094770945608615875e-02
-7.129122316837310791e-02
-2.674625813961029053e-01
-8.547726869583129883e-01
3.074647672474384308e-02
3.017216026782989502e-01
2.743937373161315918e-01
5.781427025794982910e-01
6.051888465881347656e-01
1.459917575120925903e-01
1.201251670718193054e-01
4.254153966903686523e-01
-8.350835740566253662e-02
-7.896621711552143097e-03
2.020614624023437500e+00
-3.798952326178550720e-02
-1.794383972883224487e-01
1.972199678421020508e-01
-1.257710814476013184e+00
3.711715042591094971e-01
-2.535621821880340576e-01
2.679136767983436584e-02
2.123385518789291382e-01
4.673216044902801514e-01
-4.207063019275665283e-01
4.405971765518188477e-01
-2.623067796230316162e-01
-5.912094712257385254e-01
-6.764438152313232422e-01
2.329504489898681641e-01
1.727614253759384155e-01
-2.554060220718383789e-01
-3.176829218864440918e-02
-9.695093333721160889e-02
-6.931890547275543213e-02
2.643384337425231934e-01
-2.590324878692626953e-01
3.274248540401458740e-01
-5.903085470199584961e-01
5.331714451313018799e-02
-9.675036668777465820e-01
7.768759131431579590e-02
1.790056228637695312e-01
1.835393756628036499e-01
-6.066787838935852051e-01
4.038793742656707764e-01
-3.451362252235412598e-01
4.051215052604675293e-01
-3.751072287559509277e-01
2.461094111204147339e-01
-3.256797492504119873e-01
-3.542682230472564697e-01
1.073229685425758362e-01
-1.503359228372573853e-01
-3.406291082501411438e-02
-5.835247039794921875e-01
-5.892971754074096680e-01
7.123279571533203125e-01
-1.622870415449142456e-01
5.100800991058349609e-01
-8.342201709747314453e-01
3.522931039333343506e-01
7.503133416175842285e-01
-1.509669125080108643e-01
-2.460987865924835205e-01
-3.088488876819610596e-01
2.023396641016006470e-01
-1.114755794405937195e-01
-4.912667572498321533e-01
-2.064763754606246948e-01
-8.186672329902648926e-01
-5.255123972892761230e-01
-3.549945950508117676e-01
5.128291249275207520e-01
1.385664045810699463e-01
1.364683546125888824e-02
1.225543737411499023e+00
-3.826662302017211914e-01
-4.784353077411651611e-02
-2.301534116268157959e-01
-1.101618334650993347e-01
-2.050229012966156006e-01
-1.641716212034225464e-01
3.583733141422271729e-01
1.830419450998306274e-01
1.408305615186691284e-01
-2.651835381984710693e-01
-2.170041352510452271e-01
2.203330630436539650e-03
3.479683073237538338e-03
4.784453213214874268e-01
3.053318709135055542e-02
1.106053683906793594e-02
1.285294294357299805e-01
-6.808418780565261841e-02
-1.187643259763717651e-01
-1.634466648101806641e-01
8.155175298452377319e-02
5.076240748167037964e-02
8.571196347475051880e-02
1.963472068309783936e-01
7.605821639299392700e-02
-7.478877902030944824e-02
1.836123317480087280e-01
-1.142601519823074341e-01
-2.034001372521743178e-04
2.137661874294281006e-01
-1.988303214311599731e-01
-2.325285226106643677e-01
-3.805279359221458435e-02
1.997213214635848999e-01
1.983362138271331787e-01
-9.200493991374969482e-02
-1.378071960061788559e-02
1.119742989540100098e-01
-5.885851383209228516e-01
5.128756538033485413e-02
1.609606593847274780e-01
-4.767304360866546631e-01
-3.530274927616119385e-01
-5.444235205650329590e-01
3.236525058746337891e-01
1.229835599660873413e-01
-1.972137540578842163e-01
1.888335682451725006e-02
3.999472409486770630e-02
-1.924025118350982666e-01
7.633394002914428711e-02
2.202529907226562500e-01
-9.189788252115249634e-02
-3.912339806556701660e-01
-8.658496290445327759e-02
-3.651997819542884827e-02
1.244705542922019958e-01
2.320370823144912720e-02
2.327109500765800476e-02
1.111407950520515442e-01
-1.243756055831909180e+00
-1.030032157897949219e+00
9.800907969474792480e-02
3.636849820613861084e-01
-3.007402122020721436e-01
2.539429068565368652e-01
-2.496161460876464844e-01
1.155191333964467049e-03
9.427972882986068726e-02
-8.232423663139343262e-02
1.825176030397415161e-01
4.687591493129730225e-01
-3.962059617042541504e-01
-3.229882717132568359e-01
-8.527226001024246216e-02
1.412101835012435913e-01
-2.128221541643142700e-01
6.508633494377136230e-01
1.014637574553489685e-01
-1.587460935115814209e-01
6.909065842628479004e-01
2.337740510702133179e-01
-4.871703088283538818e-01
-1.215934660285711288e-02
6.119131296873092651e-02
5.844905376434326172e-01
4.059253036975860596e-01
-5.000209212303161621e-01
-2.897306084632873535e-01
2.927402257919311523e-01
-3.816151618957519531e-01
-2.673594355583190918e-01
4.019927382469177246e-01
2.001990377902984619e-01
3.950788080692291260e-01
-7.628671526908874512e-01
-1.016059890389442444e-02
-6.149176880717277527e-02
-2.992510795593261719e-01
-1.877742558717727661e-01
4.776320755481719971e-01
1.186228275299072266e+00
-3.764979913830757141e-02
-2.478234320878982544e-01
2.980701923370361328e-01
1.452231314033269882e-02
3.988947272300720215e-01
-1.925076097249984741e-01
-2.357520312070846558e-01
3.932045996189117432e-01
-3.128573000431060791e-01
-5.800110101699829102e-01
3.884885013103485107e-01
9.162104874849319458e-02
3.109232187271118164e-01
-7.841600477695465088e-02
5.230794548988342285e-01
1.139343623071908951e-02
-7.865798473358154297e-01
5.085432529449462891e-01
3.286885619163513184e-01
3.278233408927917480e-01
9.772852063179016113e-02
-4.795300215482711792e-02
1.324320435523986816e-01
6.688709557056427002e-02
5.896121859550476074e-01
1.315278559923171997e-01
1.104402840137481689e-01
4.136699736118316650e-01
-4.029048979282379150e-01
-4.626441001892089844e-01
5.294986963272094727e-01
5.211411789059638977e-02
7.571187615394592285e-02
-1.288304803892970085e-03
1.764727681875228882e-01
-8.773823082447052002e-02
1.544193923473358154e-01
9.261456318199634552e-03
5.491365194320678711e-01
3.929477632045745850e-01
-2.091911137104034424e-01
-5.594548583030700684e-01
1.543065011501312256e-01
1.683843880891799927e-01
5.990068912506103516e-01
-9.702567011117935181e-02
5.625801160931587219e-02
1.054482579231262207e+00
-5.649799704551696777e-01
-3.713389635086059570e-01
7.250039577484130859e-01
3.516389131546020508e-01
4.964549541473388672e-01
-6.142269372940063477e-01
-6.972007155418395996e-01
6.444374565035104752e-03
-1.906217187643051147e-01
-3.424952328205108643e-01
2.573511898517608643e-01
-3.631092905998229980e-01
2.908872067928314209e-02
6.601305305957794189e-02
-2.247281372547149658e-01
2.235587537288665771e-01
-1.483203768730163574e-01
7.599132601171731949e-03
3.251129761338233948e-02
1.347861886024475098e-01
1.931456923484802246e-01
2.268660962581634521e-01
-9.440222978591918945e-01
-1.211794093251228333e-01
-2.652872502803802490e-01
-3.506113216280937195e-02
-1.080384925007820129e-01
2.022544890642166138e-01
-2.483772635459899902e-01
1.365953445434570312e+00
9.435364603996276855e-01
1.675311923027038574e-01
7.670770883560180664e-01
-2.563560307025909424e-01
7.994209229946136475e-02
7.715851068496704102e-01
-3.073192536830902100e-01
-3.009481430053710938e-01
2.639000415802001953e-01
-7.877148687839508057e-02
3.148888051509857178e-01
2.846296131610870361e-01
-8.042792677879333496e-01
-3.194400668144226074e-01
-1.739376783370971680e-02
1.998365521430969238e-01
-2.060896158218383789e-02
2.869264185428619385e-01
-2.446119338274002075e-01
-2.203355729579925537e-01
-3.904719650745391846e-01
-2.125180065631866455e-01
-3.059627413749694824e-01
-4.145821928977966309e-01
-9.373564124107360840e-01
9.026512503623962402e-02
1.573230773210525513e-01
1.858637183904647827e-01
-3.805945813655853271e-01
-3.303142189979553223e-01
-4.019386470317840576e-01
-2.769225239753723145e-01
-1.657453775405883789e-01
3.016607761383056641e-01
-1.215678453445434570e-01
-8.290579169988632202e-02
2.580930292606353760e-01
4.707835614681243896e-01
1.139886751770973206e-01
6.034172773361206055e-01
3.328636884689331055e-01
-3.181509375572204590e-01
-3.111885190010070801e-01
-5.905796289443969727e-01
-3.992039561271667480e-01
2.517343461513519287e-01
2.242175042629241943e-01
-5.304193496704101562e-02
4.290469288825988770e-01
2.034568935632705688e-01
-9.722701273858547211e-03
-1.081519722938537598e-01
-9.682703018188476562e-02
-2.252889573574066162e-01
1.606295257806777954e-01
-2.112957686185836792e-01
1.023083776235580444e-01
-2.627075016498565674e-01
1.407685428857803345e-01
2.742444276809692383e-01
1.832324862480163574e-01
-8.558282256126403809e-02
3.796816766262054443e-01
5.040892362594604492e-01
3.844594359397888184e-01
-2.591036558151245117e-01
-3.635980784893035889e-01
5.427013635635375977e-01
1.112328842282295227e-03
4.567194357514381409e-02
1.303542405366897583e-01
3.792596757411956787e-01
-3.340405821800231934e-01
-3.612731397151947021e-01
-8.498056530952453613e-01
5.904547572135925293e-01
-1.930398494005203247e-02
3.041188120841979980e-01
4.359028339385986328e-01
1.348349601030349731e-01
1.675389558076858521e-01
4.782041907310485840e-01
-1.396201550960540771e-01
-6.800858676433563232e-02
-2.966006994247436523e-01
2.013633102178573608e-01
9.554889202117919922e-01
5.118952691555023193e-02
-1.888397485017776489e-01
3.332454264163970947e-01
-7.003046870231628418e-01
-1.169150352478027344e+00
6.022884249687194824e-01
6.159538030624389648e-01
2.205738425254821777e-01
-8.488445542752742767e-03
-1.000578403472900391e+00
3.482581675052642822e-01
3.600220084190368652e-01
-6.579969078302383423e-02
-1.063795387744903564e-01
-8.864371776580810547e-01
-2.108961045742034912e-01
6.706808507442474365e-02
-2.819126248359680176e-01
4.984459280967712402e-02
-4.164282083511352539e-01
1.739645004272460938e-01
-5.367840826511383057e-02
-5.475698709487915039e-01
2.812961339950561523e-01
7.277198433876037598e-01
-2.391759455204010010e-01
-3.345654308795928955e-01
-3.790117204189300537e-01
1.074057891964912415e-01
-2.910395264625549316e-01
3.681073784828186035e-01
5.397132039070129395e-01
-3.656990826129913330e-01
-1.498678028583526611e-01
3.004082739353179932e-01
-5.192265510559082031e-01
-6.833176314830780029e-02
-5.250924229621887207e-01
2.823989093303680420e-01
1.843632459640502930e-01
-4.455931782722473145e-01
-1.978606134653091431e-01
-3.491379693150520325e-02
-1.696465462446212769e-01
-2.615229189395904541e-01
2.567580640316009521e-01
7.752231359481811523e-01
9.141919016838073730e-01
-6.945683360099792480e-01
-9.437391161918640137e-01
5.294341444969177246e-01
1.427544206380844116e-01
2.434757165610790253e-02
-1.720208048820495605e+00
1.065618470311164856e-01
-1.552946269512176514e-01
2.441481649875640869e-01
-8.828558325767517090e-01
4.178776144981384277e-01
2.661759257316589355e-01
1.475797891616821289e-01
-4.101135730743408203e-01
-2.615086734294891357e-01
1.494245231151580811e-01
1.613619178533554077e-01
1.897272169589996338e-01
-1.814162433147430420e-01
-2.537240386009216309e-01
-8.745893090963363647e-02
2.027112096548080444e-01
6.301196217536926270e-01
-1.163833541795611382e-03
4.212632477283477783e-01
-5.766141787171363831e-02
-3.170538842678070068e-01
-4.967252910137176514e-01
-8.804465085268020630e-02
-3.977592885494232178e-01
1.647280007600784302e-01
1.733987778425216675e-01
-2.514149546623229980e-01
8.241338133811950684e-01
1.890846639871597290e-01
8.266863226890563965e-02
-3.474916145205497742e-02
3.321003913879394531e-01
-2.601510882377624512e-01
2.966688871383666992e-01
-4.596991240978240967e-01
3.457072973251342773e-01
-1.738798022270202637e-01
-2.702953219413757324e-01
4.041123688220977783e-01
5.075517296791076660e-01
1.985695660114288330e-01
2.586306929588317871e-01
3.747220337390899658e-01
6.185650825500488281e-01
-1.878908276557922363e-01
2.423159182071685791e-01
4.797680974006652832e-01
1.401787638664245605e+00
1.301891505718231201e-01
9.651736170053482056e-02
-1.426711082458496094e-01
2.176987379789352417e-02
-1.183709278702735901e-01
-1.142501309514045715e-01
4.551693499088287354e-01
-9.307041019201278687e-02
-1.159085333347320557e-01
1.432911865413188934e-02
-2.650290429592132568e-01
-7.861691713333129883e-01
2.111762613058090210e-01
3.129430711269378662e-01
1.047432541847229004e+00
1.678890436887741089e-01
-5.917368531227111816e-01
-4.745096266269683838e-01
-2.214953675866127014e-02
1.986721903085708618e-01
-3.990728557109832764e-01
2.893012166023254395e-01
3.325096666812896729e-01
-5.610977411270141602e-01
-6.904031634330749512e-01
-8.878193795680999756e-02
7.082272320985794067e-02
3.033801019191741943e-01
-5.610461905598640442e-02
-4.437649250030517578e-01
-1.596332341432571411e-01
2.394171953201293945e+00
3.674740791320800781e-01
3.699485361576080322e-01
3.189417719841003418e-02
2.014587223529815674e-01
-4.967721551656723022e-02
1.224267631769180298e-01
-1.156639456748962402e-01
2.126581817865371704e-01
5.679436922073364258e-01
-3.878453671932220459e-01
-5.496662855148315430e-01
1.499982327222824097e-01
2.507433108985424042e-02
3.206960558891296387e-01
-1.967280656099319458e-01
6.258342266082763672e-01
2.754462659358978271e-01
1.553966850042343140e-01
-5.297848582267761230e-02
7.474005818367004395e-01
-4.582544043660163879e-02
-8.569101989269256592e-02
-1.666981726884841919e-01
-1.568767279386520386e-01
1.371002197265625000e-01
4.698244035243988037e-01
-7.585519552230834961e-01
-2.000579535961151123e-01
-1.009344682097434998e-01
-4.985105395317077637e-01
-4.212878178805112839e-03
-2.442335244268178940e-03
3.381908833980560303e-01
9.044958949089050293e-01
-6.447368860244750977e-01
-1.125414445996284485e-01
7.951742410659790039e-02
3.522742390632629395e-01
1.100259646773338318e-01
3.656464219093322754e-01
3.307549357414245605e-01
1.738561093807220459e-01
4.007931947708129883e-01
-9.938758611679077148e-02
5.349362492561340332e-01
-2.259504795074462891e-01
-3.334144949913024902e-01
-8.694869279861450195e-02
1.755524724721908569e-01
9.966786205768585205e-02
3.813453912734985352e-01
9.749981760978698730e-02
3.262492418289184570e-01
9.264042973518371582e-02
1.311359256505966187e-01
-7.273470759391784668e-01
-3.795909881591796875e-01
-3.656082749366760254e-01
8.766050636768341064e-02
1.070749759674072266e-01
2.582873404026031494e-01
1.906458884477615356e-01
5.256357043981552124e-02
-4.105157852172851562e-01
-7.397191524505615234e-01
4.267342984676361084e-01
-3.467327058315277100e-01
-2.990052700042724609e-01
-1.657479256391525269e-01
-5.559809207916259766e-01
-7.397565841674804688e-01
7.173919081687927246e-01
3.919531404972076416e-01
-2.592694163322448730e-01
-8.203451037406921387e-01
-1.592135578393936157e-01
2.711393535137176514e-01
3.245730400085449219e-01
-2.125135250389575958e-02
-3.563755154609680176e-01
2.503025531768798828e-01
-6.405448913574218750e-01
-2.963978052139282227e-01
-1.718444051221013069e-03
7.411052584648132324e-01
-4.001452922821044922e-01
2.438486814498901367e-01
-3.912025094032287598e-01
4.662304520606994629e-01
4.173961654305458069e-02
6.934741139411926270e-01
-3.450255393981933594e-01
-2.039401382207870483e-01
3.592482805252075195e-01
6.311612129211425781e-01
1.794353723526000977e+00
3.722574710845947266e-01
1.033707261085510254e-01
-1.413882821798324585e-01
-4.075706750154495239e-02
-8.195077627897262573e-02
-2.100733369588851929e-01
-2.850615680217742920e-01
4.020480215549468994e-01
2.132599204778671265e-01
-3.303633928298950195e-01
-2.521390840411186218e-02
-1.984949409961700439e-01
1.651650816202163696e-01
1.476534307003021240e-01
5.353584885597229004e-01
9.105077385902404785e-02
3.419799730181694031e-02
-2.163170427083969116e-01
3.903284966945648193e-01
-2.119817584753036499e-02
-3.506490960717201233e-02
-1.099818944931030273e-01
2.014345377683639526e-01
-2.682906389236450195e-01
1.376704275608062744e-01
-2.905800342559814453e-01
-2.086202204227447510e-01
-2.284577041864395142e-01
-4.440105557441711426e-01
-1.365956217050552368e-01
2.112959772348403931e-01
-1.941338777542114258e-01
1.624004691839218140e-01
-9.070537686347961426e-01
-1.091103181242942810e-01
-3.268882632255554199e-01
-7.398757934570312500e-01
1.017479524016380310e-01
3.982930630445480347e-02
-1.773257017135620117e+00
1.174494773149490356e-01
-8.135501742362976074e-01
-4.497784078121185303e-01
-4.003362655639648438e-01
-3.081759810447692871e-01
2.746655941009521484e-01
-2.389504164457321167e-01
-1.909063197672367096e-02
-2.517719566822052002e-02
5.172896981239318848e-01
-2.747277915477752686e-01
-4.754858836531639099e-02
-5.684185028076171875e-01
4.317578673362731934e-01
-5.954967737197875977e-01
5.959669947624206543e-01
5.936684012413024902e-01
1.844714134931564331e-01
-5.945685505867004395e-01
1.139018535614013672e+00
-2.302722074091434479e-02
-4.167172610759735107e-01
-3.190019354224205017e-02
5.827636271715164185e-02
1.408700048923492432e-01
1.578227877616882324e-01
-1.081798970699310303e-01
4.765045270323753357e-02
-1.581127941608428955e-01
5.515698194503784180e-01
-3.628636598587036133e-01
-1.059509348124265671e-03
-5.569249391555786133e-01
1.363593816757202148e+00
-4.833661317825317383e-01
5.437761545181274414e-01
1.258814428001642227e-02
2.325296849012374878e-01
-9.302050471305847168e-01
6.144347190856933594e-01
4.122988879680633545e-01
2.692621573805809021e-02
-5.010181069374084473e-01
1.919633448123931885e-01
-4.444013833999633789e-01
4.732417166233062744e-01
1.357697129249572754e+00
-2.101211398839950562e-01
3.785922825336456299e-01
2.543914318084716797e-01
-4.645572602748870850e-01
3.097413480281829834e-01
-4.072928130626678467e-01
-7.594234347343444824e-01
2.782960981130599976e-02
1.498987197875976562e+00
1.306619942188262939e-01
-9.623544663190841675e-02
-2.536954879760742188e-01
2.529675364494323730e-01
-3.186665177345275879e-01
-1.126259118318557739e-01
2.806938886642456055e-01
1.854274570941925049e-01
-1.395594328641891479e-01
2.495197802782058716e-01
3.790275454521179199e-01
-2.626199722290039062e-01
-6.079557538032531738e-01
1.581689268350601196e-01
-1.018639132380485535e-01
2.465874999761581421e-01
-3.303045928478240967e-01
-2.262033373117446899e-01
-6.468865275382995605e-01
-4.272124469280242920e-01
-3.436154723167419434e-01
-1.103199422359466553e-01
-2.285542339086532593e-01
1.128822658210992813e-02
1.342456936836242676e-01
7.806336879730224609e-01
-6.651156395673751831e-02
-2.417201101779937744e-01
3.565455321222543716e-03
-3.654116988182067871e-01
-9.235005825757980347e-02
2.657579025253653526e-03
3.257229030132293701e-01
-6.027187705039978027e-01
3.352156281471252441e-01
-4.149275645613670349e-02
7.680531144142150879e-01
-1.608085185289382935e-01
3.705686330795288086e-01
-3.396025598049163818e-01
-6.830389499664306641e-01
-3.229476884007453918e-02
4.276751875877380371e-01
-4.983958974480628967e-02
-6.289523243904113770e-01
-1.186014637351036072e-01
5.212886929512023926e-01
-1.718962639570236206e-01
1.920492500066757202e-01
-4.402570798993110657e-02
8.418055772781372070e-01
2.881318032741546631e-01
-2.785856127738952637e-01
-1.583933085203170776e-01
2.275398820638656616e-01
-2.386690527200698853e-01
2.080460190773010254e-01
1.035533666610717773e+00
-3.686139583587646484e-01
-1.160945653915405273e+00
-7.261834293603897095e-02
6.958897709846496582e-01
-1.448440700769424438e-01
-1.537398546934127808e-01
-2.268065065145492554e-01
-3.660649955272674561e-01
4.424816071987152100e-01
-2.490012794733047485e-01
1.550623029470443726e-01
-3.608435392379760742e-01
1.534972310066223145e+00
-1.087951213121414185e-01
-3.234356045722961426e-01
1.611462682485580444e-01
-2.248537838459014893e-01
1.738598197698593140e-01
-1.508048921823501587e-01
-7.844144105911254883e-01
-3.390666246414184570e-01
3.119319975376129150e-01
-7.176265586167573929e-03
1.046727061271667480e+00
-2.193156480789184570e-01
-1.391793638467788696e-01
5.762394666671752930e-01
-4.150873124599456787e-01
-3.923413157463073730e-01
-6.427483260631561279e-02
-2.916892170906066895e-01
5.931685119867324829e-02
-8.890407681465148926e-01
1.647953242063522339e-01
-2.368890196084976196e-01
-5.314449593424797058e-02
2.856744639575481415e-02
2.035636156797409058e-01
-1.119714304804801941e-01
1.917673587799072266e+00
-3.280184417963027954e-02
2.500219941139221191e-01
6.933864951133728027e-01
-5.869619250297546387e-01
-4.713939875364303589e-02
-1.017340198159217834e-01
-2.293695211410522461e-01
-4.225221872329711914e-01
2.096062302589416504e-01
-5.818177945911884308e-03
-4.048574268817901611e-01
6.322650313377380371e-01
1.565204560756683350e-01
4.712460190057754517e-02
-7.767467498779296875e-01
3.026036322116851807e-01
-5.046866536140441895e-01
2.136295884847640991e-01
-7.294449210166931152e-01
2.614364027976989746e-01
-7.156842350959777832e-01
2.398765236139297485e-01
3.333236277103424072e-01
-5.499946698546409607e-02
-4.079822003841400146e-01
1.756430268287658691e-01
1.504987925291061401e-01
3.267207741737365723e-01
-4.338712394237518311e-01
-1.292173713445663452e-01
4.788503646850585938e-01
-3.204888403415679932e-01
-4.337546229362487793e-01
2.900136411190032959e-01
7.767443656921386719e-01
-1.307382881641387939e-01
2.696214318275451660e-01
-2.320934981107711792e-01
2.548885643482208252e-01
6.641842424869537354e-02
7.783519625663757324e-01
-1.705884747207164764e-02
-1.816516220569610596e-01
2.020663321018218994e-01
4.117044210433959961e-01
-7.089847326278686523e-01
-5.394155532121658325e-02
-2.954834401607513428e-01
3.695864975452423096e-01
1.834038197994232178e-01
3.598925471305847168e-02
-5.232449248433113098e-02
-8.430097699165344238e-01
-1.166267786175012589e-02
-2.835626304149627686e-01
3.112373352050781250e-01
-1.798379868268966675e-01
-1.380348503589630127e-01
-4.001035913825035095e-02
8.980206847190856934e-01
-1.133931130170822144e-01
1.338106542825698853e-01
5.053722858428955078e-01
1.224999651312828064e-01
-1.376270800828933716e-01
1.418130099773406982e-01
7.224643826484680176e-01
3.005265630781650543e-02
-6.051588058471679688e-01
-1.167700514197349548e-01
-8.328973054885864258e-01
2.355398982763290405e-01
-5.790428724139928818e-03
1.113953292369842529e-01
4.047501683235168457e-01
1.776898056268692017e-01
-2.273702621459960938e-01
5.528645515441894531e-01
-1.353811472654342651e-01
2.248622626066207886e-01
4.803422391414642334e-01
6.087940558791160583e-02
3.960725069046020508e-01
-1.844280362129211426e+00
4.206409752368927002e-01
3.004196286201477051e-01
3.492859899997711182e-01
-2.188120782375335693e-02
-1.429519951343536377e-01
1.592935770750045776e-01
-6.429043412208557129e-01
8.118143677711486816e-01
3.746919631958007812e-01
2.136717885732650757e-01
2.711926996707916260e-01
4.542022645473480225e-01
-6.170425415039062500e-01
1.788562238216400146e-01
-7.479457259178161621e-01
-2.010368369519710541e-02
-2.456221915781497955e-02
5.618305802345275879e-01
5.110239982604980469e-01
-2.553209066390991211e-01
-2.587364315986633301e-01
-1.736590117216110229e-01
-9.594103693962097168e-02
3.204696178436279297e-01
1.036469340324401855e+00
-2.179910838603973389e-01
5.380997061729431152e-01
-3.650964498519897461e-01
-4.353280067443847656e-01
-5.358839407563209534e-02
-7.650543004274368286e-02
-2.384862452745437622e-01
3.010633289813995361e-01
-1.037626862525939941e+00
4.744985699653625488e-02
-1.762337684631347656e-01
-2.229661941528320312e-01
-4.424886032938957214e-02
-5.991894602775573730e-01
5.696614384651184082e-01
3.079970739781856537e-02
-5.314273238182067871e-01
3.420258462429046631e-01
-3.415760993957519531e-01
6.466858088970184326e-02
2.150811851024627686e-01
5.732618737965822220e-03
1.606230065226554871e-02
2.141909897327423096e-01
-6.264106035232543945e-01
-1.326632052659988403e-01
3.546432256698608398e-01
-4.272977113723754883e-01
-6.159247830510139465e-02
-6.939541101455688477e-01
-3.166911900043487549e-01
-1.986413151025772095e-01
1.262351751327514648e+00
2.143409699201583862e-01
5.223206058144569397e-02
-8.372613787651062012e-02
1.157544180750846863e-01
1.352735422551631927e-02
-7.364753633737564087e-02
-1.775140315294265747e-01
-1.541214901953935623e-02
1.644776016473770142e-01
3.322055339813232422e-01
6.641064286231994629e-01
-2.229806631803512573e-01
-9.290100634098052979e-02
2.613156139850616455e-01
-3.153094649314880371e-01
2.676919996738433838e-01
-1.076356098055839539e-01
-2.083369016647338867e+00
-4.250625967979431152e-01
4.864162504673004150e-01
1.508759856224060059e-01
1.402237415313720703e-01
-8.646109700202941895e-02
-2.404747754335403442e-01
7.267312407493591309e-01
6.942301392555236816e-01
-8.064837455749511719e-01
-1.563830673694610596e-01
-9.600129723548889160e-02
1.915573924779891968e-01
-4.402976036071777344e-01
7.075946778059005737e-02
-5.050290226936340332e-01
-3.349430561065673828e-01
4.805928561836481094e-03
-6.043800711631774902e-01
3.398574590682983398e-01
3.286661803722381592e-01
-5.394262075424194336e-02
1.586469411849975586e-01
-4.474085569381713867e-01
4.463874101638793945e-01
-3.680952787399291992e-01
6.818235516548156738e-01
-6.658127903938293457e-01
-8.578510880470275879e-01
9.245049208402633667e-02
-1.778420805931091309e-02
2.401516437530517578e-01
-1.748854219913482666e-01
5.482260584831237793e-01
-2.613567709922790527e-01
1.871130466461181641e-01
1.968296468257904053e-01
-2.848325073719024658e-01
5.732225775718688965e-01
-2.886099219322204590e-01
2.158851027488708496e-01
-3.465678989887237549e-01
3.662788867950439453e-02
2.519249618053436279e-01
7.205458283424377441e-01
5.854932665824890137e-01
2.550242245197296143e-01
-4.950983822345733643e-01
-2.432843148708343506e-01
1.923379302024841309e-01
-1.969356536865234375e-01
-7.789074629545211792e-02
-3.773722946643829346e-01
3.862774372100830078e-01
-1.735137104988098145e-01
1.631379127502441406e+00
2.148617058992385864e-01
-1.823738962411880493e-01
4.225272238254547119e-01
-6.125064939260482788e-02
-1.212200820446014404e-01
-2.791815996170043945e-01
1.831003129482269287e-01
2.267683446407318115e-01
4.215026646852493286e-02
1.055095419287681580e-01
4.251348078250885010e-01
-6.049446463584899902e-01
-9.312711358070373535e-01
3.446064889430999756e-01
2.167121618986129761e-01
1.454513799399137497e-02
-5.269185453653335571e-02
5.487594604492187500e-01
2.418527305126190186e-01
4.552868753671646118e-02
1.150529608130455017e-01
-6.214278191328048706e-02
4.614465534687042236e-01
-3.134497702121734619e-01
4.050589799880981445e-01
2.580614686012268066e-01
1.272383779287338257e-01
2.696440517902374268e-01
4.776694476604461670e-01
4.970381855964660645e-01
1.342197954654693604e-01
7.303606271743774414e-01
3.977178335189819336e-01
-2.059560269117355347e-01
-2.724255025386810303e-01
5.023415088653564453e-01
3.022726178169250488e-01
-5.836260318756103516e-01
-1.016720458865165710e-01
-9.028047323226928711e-01
-3.827165067195892334e-01
8.294892311096191406e-01
-5.583183765411376953e-01
-6.061998754739761353e-02
7.297877669334411621e-01
-2.001595050096511841e-01
-1.902588759548962116e-03
-3.784328401088714600e-01
8.991808444261550903e-02
-9.343541860580444336e-01
-1.231156364083290100e-01
3.053720593452453613e-01
8.985990285873413086e-02
7.903365045785903931e-02
-7.665252685546875000e-01
6.007249653339385986e-02
-2.503596618771553040e-02
-1.784820407629013062e-01
2.325112372636795044e-01
-2.488447129726409912e-01
2.138978093862533569e-01
2.989460527896881104e-01
-2.877958416938781738e-01
3.659952580928802490e-01
-4.563484191894531250e-01
-1.646204851567745209e-02
1.048365682363510132e-01
2.890806496143341064e-01
-5.810447335243225098e-01
3.185615539550781250e-01
-3.588738739490509033e-01
2.016248106956481934e-01
5.830453038215637207e-01
-6.150556802749633789e-01
-6.244728565216064453e-01
5.228953957557678223e-01
2.771725691854953766e-02
-4.868407845497131348e-01
-4.687162935733795166e-01
-4.060990810394287109e-01
-9.145532846450805664e-01
7.786113619804382324e-01
-2.622094750404357910e-01
5.314872264862060547e-01
7.839872688055038452e-02
8.194305896759033203e-01
3.807509541511535645e-01
-3.971194624900817871e-01
1.567531526088714600e-01
-1.477007985115051270e+00
-1.824659854173660278e-01
7.674713730812072754e-01
3.560788631439208984e-01
2.158827781677246094e-01
-5.540793538093566895e-01
-1.496371477842330933e-01
-8.813558518886566162e-02
-6.597211360931396484e-01
4.021662175655364990e-01
-2.840999662876129150e-01
-1.822792589664459229e-01
-7.157867401838302612e-02
-8.954036831855773926e-01
3.272754251956939697e-01
-4.146439731121063232e-01
2.514881193637847900e-01
-6.790754944086074829e-02
2.944180071353912354e-01
-9.825522452592849731e-02
-3.022509813308715820e-01
3.036984801292419434e-01
7.762347161769866943e-02
2.408125102519989014e-01
-4.386255741119384766e-01
1.278860867023468018e-01
1.878676563501358032e-01
-1.577811837196350098e+00
-5.863926187157630920e-02
-4.865243732929229736e-01
2.694172970950603485e-02
-6.408692598342895508e-01
4.671577215194702148e-01
-5.729026719927787781e-02
-1.551581826061010361e-02
4.812529683113098145e-01
3.469831049442291260e-01
7.487720996141433716e-02
-5.437461733818054199e-01
-5.765959993004798889e-02
-1.519784450531005859e+00
3.813479095697402954e-02
1.073379889130592346e-01
8.312664031982421875e-01
6.141676306724548340e-01
4.727628827095031738e-02
3.589766025543212891e-01
-5.569647997617721558e-02
1.111659184098243713e-01
-1.727987527847290039e-01
-8.287866413593292236e-02
-5.508002638816833496e-01
-3.509460762143135071e-02
1.836530864238739014e-01
-1.907769739627838135e-01
-3.391450643539428711e-01
4.569192230701446533e-01
-4.421093761920928955e-01
-1.238717287778854370e-01
1.593433767557144165e-01
1.516245156526565552e-01
-1.281632781028747559e-01
-2.621758282184600830e-01
3.313001394271850586e-01
-6.420217454433441162e-02
-1.383078843355178833e-01
-9.830183535814285278e-02
2.762583456933498383e-02
1.127447262406349182e-01
2.315609902143478394e-02
-1.320093154907226562e+00
-1.140275001525878906e+00
-4.387774467468261719e-01
3.548250719904899597e-02
-7.999620586633682251e-02
-1.192122250795364380e-01
5.333290994167327881e-02
3.155739605426788330e-02
3.707164824008941650e-01
8.000420033931732178e-02
1.389500498771667480e-01
2.954169809818267822e-01
-9.498639404773712158e-02
-5.890982747077941895e-01
1.009044572710990906e-01
6.326572895050048828e-01
1.405243426561355591e-01
-1.685203164815902710e-01
-1.779075860977172852e-01
1.124441847205162048e-01
-1.979605257511138916e-01
1.467073559761047363e-01
-1.468022763729095459e-01
-1.575640439987182617e-01
-1.989106833934783936e-01
-8.304373174905776978e-02
-2.935816943645477295e-01
-1.017623394727706909e-01
1.653240323066711426e-01
5.199999809265136719e-01
3.387863039970397949e-01
-2.328182011842727661e-02
4.675063192844390869e-01
-3.744023144245147705e-01
-3.182890117168426514e-01
2.007139474153518677e-01
-7.165851444005966187e-02
-3.089635670185089111e-01
-1.836466491222381592e-01
3.032533684745430946e-03
-5.079239010810852051e-01
-5.659565329551696777e-01
2.129209935665130615e-01
-2.867913544178009033e-01
4.749770760536193848e-01
3.349101245403289795e-01
7.956826686859130859e-02
1.132258102297782898e-01
-6.337954849004745483e-02
1.746206283569335938e-01
-1.067509531974792480e+00
2.657470405101776123e-01
-6.227487325668334961e-01
-3.454459011554718018e-01
-4.725518226623535156e-01
9.447190165519714355e-02
1.595565378665924072e-01
-7.134383916854858398e-02
7.183948755264282227e-01
-3.242468833923339844e-01
7.652792334556579590e-01
6.933654099702835083e-02
6.331671494990587234e-03
7.235293984413146973e-01
-7.241741418838500977e-01
-8.371682465076446533e-02
-4.922174289822578430e-02
2.287135720252990723e-01
2.229668796062469482e-01
4.111746251583099365e-01
6.412726044654846191e-01
1.343130022287368774e-01
-2.707217633724212646e-01
1.820567250251770020e-01
1.702232658863067627e-01
-2.454408407211303711e-01
1.084058403968811035e+00
1.070326864719390869e-01
2.760027647018432617e-01
-1.530660986900329590e-01
9.591487050056457520e-02
2.194786220788955688e-01
-3.535345196723937988e-01
3.513632416725158691e-01
-2.708798944950103760e-01
-2.108554095029830933e-01
-1.633541136980056763e-01
1.009040176868438721e-01
-1.085375621914863586e-01
1.270665973424911499e-01
4.856840372085571289e-01
7.360988855361938477e-02
-4.747600853443145752e-01
-2.784843444824218750e-01
3.906825184822082520e-01
2.496557533740997314e-01
1.878690421581268311e-01
-4.281416833400726318e-01
3.092751204967498779e-01
-2.605164647102355957e-01
5.437363386154174805e-01
8.688848614692687988e-01
-4.836207330226898193e-01
4.110224843025207520e-01
-3.821212053298950195e-01
4.735377132892608643e-01
-5.081775188446044922e-01
-1.209630519151687622e-01
4.906070232391357422e-01
3.963517248630523682e-01
-1.665217161178588867e+00
-3.897381424903869629e-01
5.728523712605237961e-03
-3.600125312805175781e-01
-4.585535824298858643e-02
7.134569287300109863e-01
-4.549530446529388428e-01
7.710289210081100464e-02
-3.270570337772369385e-01
-4.127559065818786621e-01
-3.212284743785858154e-01
-3.308328390121459961e-01
3.135602772235870361e-01
-1.948791444301605225e-01
-1.104351207613945007e-01
7.679820060729980469e-01
4.054819047451019287e-02
1.752200573682785034e-01
-3.546564579010009766e-01
4.185751080513000488e-02
-2.973915934562683105e-01
1.518778949975967407e-01
-7.348278164863586426e-01
-6.962181329727172852e-01
-1.643313467502593994e-01
1.933060586452484131e-01
2.878623008728027344e-01
1.930853575468063354e-01
7.791007757186889648e-01
-3.611451387405395508e-01
9.339787811040878296e-02
3.282268941402435303e-01
-8.918625116348266602e-02
4.761617183685302734e-01
-3.137308061122894287e-01
2.568528428673744202e-02
2.822824120521545410e-01
4.235288202762603760e-01
2.143738567829132080e-01
1.581259965896606445e-01
3.604278862476348877e-01
-3.868055045604705811e-01
6.264255046844482422e-01
5.929635167121887207e-01
1.919773817062377930e-01
-3.501282632350921631e-02
6.912167370319366455e-02
1.881313174962997437e-01
-4.884236752986907959e-01
1.961488574743270874e-01
-4.519850313663482666e-01
-2.059605121612548828e-01
5.410714447498321533e-02
-6.047261357307434082e-01
2.703587412834167480e-01
-3.939723968505859375e-02
9.362114965915679932e-02
-6.566520035266876221e-02
-8.166561275720596313e-02
-5.780783891677856445e-01
-4.381316602230072021e-01
3.493669331073760986e-01
-3.802487254142761230e-01
-2.980445027351379395e-01
1.115061417222023010e-01
-3.869369998574256897e-02
3.109141290187835693e-01
4.578526616096496582e-01
3.925403058528900146e-01
-9.654290624894201756e-04
-3.187185227870941162e-01
2.786902487277984619e-01
-2.678249478340148926e-01
6.375239491462707520e-01
-8.230845928192138672e-01
-8.556155860424041748e-02
-2.749334871768951416e-01
3.841379284858703613e-01
-6.478063017129898071e-02
5.204402208328247070e-01
2.046463489532470703e+00
-6.494216918945312500e-01
5.532984137535095215e-01
7.359667420387268066e-01
1.787336766719818115e-01
-1.736862212419509888e-02
-1.750441789627075195e-01
2.008775025606155396e-01
-4.778233468532562256e-01
1.004250571131706238e-01
-6.707851886749267578e-01
-2.140785902738571167e-01
1.099333763122558594e-01
-4.028751254081726074e-01
3.716143667697906494e-01
-2.281963974237442017e-01
2.062035053968429565e-01
-2.444722801446914673e-01
-3.146448731422424316e-01
-2.942461371421813965e-01
-4.762099087238311768e-01
-1.891432106494903564e-01
-2.511173188686370850e-01
-4.010359644889831543e-01
4.726309776306152344e-01
-4.911224171519279480e-02
4.857595860958099365e-01
5.562071204185485840e-01
1.389382332563400269e-01
2.014689333736896515e-02
3.122774697840213776e-02
1.870734430849552155e-02
3.051048219203948975e-01
-4.900254607200622559e-01
-2.862969934940338135e-01
-1.198709011077880859e-01
2.829582691192626953e-01
-3.869403600692749023e-01
5.047070980072021484e-01
-3.391229510307312012e-01
6.706986576318740845e-02
-2.053013294935226440e-01
2.342570014297962189e-02
-1.779784113168716431e-01
-9.106472134590148926e-01
-1.867458820343017578e-01
-8.107817173004150391e-01
-1.702565550804138184e-01
-5.679482221603393555e-01
-5.551610589027404785e-01
-4.828781783580780029e-01
3.899855539202690125e-02
1.334851384162902832e-01
-1.165351718664169312e-01
-3.797367513179779053e-01
6.600821614265441895e-01
1.945963352918624878e-01
-1.095198020339012146e-01
8.747542649507522583e-02
-3.862398862838745117e-01
4.706431925296783447e-02
-2.638722062110900879e-01
-1.342802643775939941e-01
1.346722096204757690e-01
2.864604294300079346e-01
-8.757612854242324829e-02
1.720666587352752686e-01
8.865138888359069824e-02
-1.333456579595804214e-02
-5.610954761505126953e-01
-1.916750222444534302e-01
-2.176299691200256348e-01
-2.796232104301452637e-01
-2.498925328254699707e-01
8.718385547399520874e-02
-1.395955830812454224e-01
8.904044330120086670e-02
9.710752218961715698e-02
1.879512965679168701e-01
3.860308825969696045e-01
-2.373013086616992950e-02
-7.202814519405364990e-02
-4.398283958435058594e-01
1.055653840303421021e-01
3.340414166450500488e-01
-6.003567948937416077e-02
-8.776079118251800537e-02
-5.945247039198875427e-02
-4.691700339317321777e-01
-5.291981250047683716e-02
1.657349020242691040e-01
1.812779754400253296e-01
-4.740642011165618896e-02
2.350694835186004639e-01
2.355035394430160522e-01
-5.762117505073547363e-01
-9.574076160788536072e-03
8.809544891119003296e-02
2.140769511461257935e-01
4.578557312488555908e-01
7.777578383684158325e-02
-5.623360350728034973e-02
1.041425168514251709e-01
1.785459369421005249e-02
