5.420012474060058594e-01
-3.982672095298767090e-02
-2.218301147222518921e-01
3.614194393157958984e-01
-3.021231293678283691e-01
1.203334450721740723e+00
-6.472250819206237793e-02
7.872121334075927734e-01
1.673108316026628017e-03
5.946709513664245605e-01
1.142755150794982910e-01
1.140035223215818405e-03
1.410896480083465576e-01
-6.388236284255981445e-01
-1.906285285949707031e-01
-5.508880615234375000e-01
1.029383973218500614e-03
7.279453873634338379e-01
5.180490016937255859e-01
6.312547326087951660e-01
-1.328383237123489380e-01
-9.965839982032775879e-02
-1.719546765089035034e-01
-2.642759084701538086e-01
-1.018806919455528259e-01
-4.746027290821075439e-01
3.384750485420227051e-01
5.737392902374267578e-01
-4.378283619880676270e-01
2.298612892627716064e-02
5.060146003961563110e-02
-3.115729428827762604e-02
4.351927042007446289e-01
-1.206500053405761719e+00
-4.826942980289459229e-01
-5.565764904022216797e-01
7.492881417274475098e-01
-5.751606076955795288e-02
3.678277730941772461e-01
-4.709557592868804932e-01
9.301033616065979004e-01
-6.317185759544372559e-01
7.693505287170410156e-01
-4.968934357166290283e-01
-5.219475626945495605e-01
4.763636887073516846e-01
-5.291989445686340332e-01
3.730989992618560791e-01
-6.483419537544250488e-01
2.188109457492828369e-01
-8.367144465446472168e-01
-6.127051711082458496e-01
5.432180762290954590e-01
-5.799675583839416504e-01
1.110477566719055176e+00
6.076460480690002441e-01
5.824911594390869141e-01
-7.307360172271728516e-01
9.627152085304260254e-01
6.428848505020141602e-01
2.114182412624359131e-01
-3.375057280063629150e-01
3.524871468544006348e-01
-3.272311091423034668e-01
-4.449509680271148682e-01
2.712528705596923828e-01
-7.429271470755338669e-03
3.649821877479553223e-01
-6.824186444282531738e-01
-4.295128285884857178e-01
-1.494119912385940552e-01
-2.668843567371368408e-01
2.083075046539306641e-01
-5.448173880577087402e-01
-1.350064203143119812e-02
2.214643955230712891e-01
-1.356376260519027710e-01
-7.475086301565170288e-02
-1.015015784651041031e-02
4.701624512672424316e-01
-3.527890741825103760e-01
-2.711034938693046570e-02
-3.097403347492218018e-01
-1.872289478778839111e-01
3.345710039138793945e-01
-4.342345893383026123e-01
1.384955942630767822e-01
8.776280283927917480e-02
2.100755460560321808e-02
-1.370157152414321899e-01
4.097068905830383301e-01
1.089372932910919189e-01
-2.149904668331146240e-01
1.535783428698778152e-02
-4.824532866477966309e-01
-3.690975308418273926e-01
2.237379103899002075e-01
3.563707172870635986e-01
-1.145394816994667053e-01
-7.221461087465286255e-02
2.517608404159545898e-01
-5.367450788617134094e-02
1.022184565663337708e-01
7.643016427755355835e-02
-2.669908106327056885e-01
-1.294701099395751953e-01
2.808746397495269775e-01
3.815316855907440186e-01
-3.834515437483787537e-02
-2.069703787565231323e-01
7.568857073783874512e-02
1.810228079557418823e-01
3.674495518207550049e-01
-4.105372428894042969e-01
8.737199939787387848e-03
1.560025364160537720e-01
-2.196463346481323242e-01
1.740052402019500732e-01
-1.210792586207389832e-01
-2.753717899322509766e-01
-2.739064097404479980e-01
4.927081242203712463e-02
3.449128568172454834e-01
-1.018935739994049072e-01
1.187505871057510376e-01
-1.087654158473014832e-01
-7.278179377317428589e-02
-1.065638288855552673e-01
2.383186370134353638e-01
4.553021863102912903e-02
5.596743896603584290e-02
-7.950283586978912354e-02
5.846141651272773743e-02
-9.236738085746765137e-02
1.941683003678917885e-03
1.520810127258300781e-01
-3.571334779262542725e-01
-7.029046118259429932e-02
-3.226613104343414307e-01
-2.407930940389633179e-01
-3.648415207862854004e-01
2.505248785018920898e-01
-2.633793652057647705e-01
7.088447809219360352e-01
6.824998259544372559e-01
-1.283446848392486572e-01
2.054745405912399292e-01
-4.478550255298614502e-01
7.419503927230834961e-01
2.524072229862213135e-01
1.715681999921798706e-01
2.290236800909042358e-01
-4.594039916992187500e-01
5.759799480438232422e-01
-5.487533807754516602e-01
-1.889948248863220215e-01
-4.587814211845397949e-01
5.664540454745292664e-02
-9.763949364423751831e-02
-4.191668033599853516e-01
-1.930648386478424072e-01
2.802669703960418701e-01
3.915485441684722900e-01
1.236217260360717773e+00
7.477876543998718262e-01
7.908892631530761719e-02
-3.079557418823242188e-01
-4.888311624526977539e-01
1.442429065704345703e+00
1.363932639360427856e-01
-1.580712050199508667e-01
-7.014187425374984741e-02
-5.973421335220336914e-01
6.150444149971008301e-01
6.878207623958587646e-02
2.953577041625976562e-01
-5.785999298095703125e-01
-1.574693620204925537e-01
-1.405368745326995850e-01
-9.083124250173568726e-02
-7.184416055679321289e-02
1.304296553134918213e-01
-5.028098821640014648e-01
1.316763162612915039e-01
3.646309375762939453e-01
1.429892331361770630e-01
9.337249398231506348e-02
-7.830888628959655762e-01
4.975726902484893799e-01
2.395600527524948120e-01
2.167105823755264282e-01
-9.494630247354507446e-02
-9.957317113876342773e-01
7.756678462028503418e-01
-3.605968654155731201e-01
-2.654312252998352051e-01
1.068660169839859009e-01
1.233061701059341431e-01
4.941359460353851318e-01
-2.288815081119537354e-01
-2.542954869568347931e-02
-2.436718344688415527e-01
-1.602444425225257874e-02
-8.069667220115661621e-01
-3.261105120182037354e-01
-1.182368919253349304e-01
4.365431368350982666e-01
6.006438732147216797e-01
-5.981574058532714844e-01
-4.153330326080322266e-01
1.982609182596206665e-01
3.002800047397613525e-01
7.734390348196029663e-02
-4.587347209453582764e-01
-3.180051594972610474e-02
-3.636217210441827774e-03
4.903937280178070068e-01
3.474428504705429077e-02
-9.532289952039718628e-02
3.300294578075408936e-01
3.337497711181640625e-01
-2.040389478206634521e-01
-9.803607128560543060e-03
-1.843064129352569580e-01
-1.015162914991378784e-01
3.500125706195831299e-01
-3.017762303352355957e-01
1.787103116512298584e-01
7.962370663881301880e-02
6.588425636291503906e-01
-4.437016844749450684e-01
-7.326046228408813477e-01
4.510037004947662354e-01
1.921839118003845215e-01
1.853354722261428833e-01
3.085399568080902100e-01
1.260697096586227417e-01
-4.987962841987609863e-01
7.521055936813354492e-01
2.865388095378875732e-01
3.322985172271728516e-01
-4.108904600143432617e-01
3.921420276165008545e-01
1.331861913204193115e-01
-3.617528975009918213e-01
5.598175525665283203e-01
-5.853947997093200684e-01
-4.177442193031311035e-02
-2.682007551193237305e-01
5.226346254348754883e-01
-2.770929634571075439e-01
-6.152460575103759766e-01
3.474233150482177734e-01
1.803132295608520508e-01
4.189754724502563477e-01
2.500465810298919678e-01
2.063849717378616333e-01
-4.161521196365356445e-01
3.541278541088104248e-01
2.884929180145263672e-01
7.572755962610244751e-02
2.494946867227554321e-01
-4.159742593765258789e-01
1.873431801795959473e-01
4.443767368793487549e-01
-2.397683262825012207e-01
3.918149769306182861e-01
-3.433771133422851562e-01
3.465231955051422119e-01
-2.701566219329833984e-01
2.938260436058044434e-01
1.648082435131072998e-01
-3.154045343399047852e-01
2.171729356050491333e-01
-5.349969863891601562e-01
-2.521139085292816162e-01
1.920341104269027710e-01
1.899312585592269897e-01
-2.138465046882629395e-01
6.090449541807174683e-02
-7.730052471160888672e-01
5.888895988464355469e-01
7.120672613382339478e-02
4.765608906745910645e-02
1.044988855719566345e-01
-1.137155890464782715e+00
6.166866049170494080e-02
3.919126391410827637e-01
-8.071833103895187378e-02
-2.335008382797241211e-01
4.711710810661315918e-01
6.353996992111206055e-01
-1.519548986107110977e-02
-6.735516339540481567e-02
-2.044842541217803955e-01
-3.849953711032867432e-01
-2.946644723415374756e-01
7.369960546493530273e-01
-8.536339402198791504e-01
-5.555173754692077637e-01
6.422142684459686279e-02
-1.449044793844223022e-01
4.191258251667022705e-01
-2.385889738798141479e-02
-5.388625338673591614e-02
2.992290537804365158e-03
-2.872723639011383057e-01
4.528903067111968994e-01
-5.705168470740318298e-02
-4.432427138090133667e-02
-1.522131562232971191e-01
-1.002904176712036133e-01
-4.492770135402679443e-02
-5.757709145545959473e-01
4.164841771125793457e-01
-1.422272175550460815e-01
-5.136280059814453125e-01
9.847929328680038452e-02
7.799772173166275024e-02
1.088347584009170532e-01
4.789648950099945068e-02
3.205519169569015503e-02
2.195276468992233276e-01
-1.273007541894912720e-01
-3.318482637405395508e-01
-5.750804021954536438e-02
-3.860470652580261230e-01
3.489075005054473877e-01
-4.308619499206542969e-01
2.207469753921031952e-02
-3.756389766931533813e-02
6.969562917947769165e-02
6.387270689010620117e-01
-2.209487855434417725e-01
5.003851652145385742e-01
7.280517835170030594e-03
-4.882796108722686768e-01
-2.205700278282165527e-01
1.266464143991470337e-01
-1.199011355638504028e-01
2.364245951175689697e-01
-2.593879699707031250e-01
8.814723230898380280e-03
3.020899593830108643e-01
-1.328700929880142212e-01
3.305313587188720703e-01
-3.181033134460449219e-01
-2.431640028953552246e-01
-1.415102928876876831e-01
2.782337665557861328e-01
-1.833974421024322510e-01
-4.194053411483764648e-01
3.822173178195953369e-02
2.857809662818908691e-01
3.619011342525482178e-01
3.930084109306335449e-01
3.786099553108215332e-01
-4.760368168354034424e-01
4.176525175571441650e-01
3.665712103247642517e-02
8.749270439147949219e-02
-3.811652064323425293e-01
4.508515894412994385e-01
6.745269894599914551e-02
-1.985247582197189331e-01
2.306757569313049316e-01
-3.478834927082061768e-01
-1.056887656450271606e-01
1.984886592254042625e-03
1.634448021650314331e-01
-4.746193885803222656e-01
-1.427395343780517578e-01
1.114579960703849792e-01
3.164891526103019714e-02
2.695020437240600586e-01
2.731208205223083496e-01
-5.258520841598510742e-01
-7.608292996883392334e-02
2.337000668048858643e-01
9.149312973022460938e-02
2.320779114961624146e-01
-6.260382533073425293e-01
-4.028564319014549255e-02
-6.655737757682800293e-01
-4.927450418472290039e-01
3.144571483135223389e-01
1.361816972494125366e-01
4.738385677337646484e-01
-7.507396936416625977e-01
-6.799751520156860352e-01
-9.332732111215591431e-02
2.339301556348800659e-01
2.761196196079254150e-01
-8.104765415191650391e-01
7.804034650325775146e-02
1.700993813574314117e-02
3.947841823101043701e-01
3.335922956466674805e-01
1.244546398520469666e-01
6.172584295272827148e-01
-2.475084066390991211e-01
6.008680537343025208e-02
-4.461613893508911133e-01
-5.240933299064636230e-01
8.980919420719146729e-02
-4.946394264698028564e-01
3.876293301582336426e-01
7.552056014537811279e-02
2.489464730024337769e-02
-4.808904528617858887e-01
3.673861920833587646e-01
6.041775941848754883e-01
-9.937456250190734863e-02
-4.631595313549041748e-01
-2.048185467720031738e-01
-1.620453000068664551e-01
1.392374187707901001e-01
6.174275875091552734e-01
1.000382453203201294e-01
2.736184895038604736e-01
-9.167402237653732300e-02
2.275285124778747559e-01
4.004803895950317383e-01
4.851669967174530029e-01
-1.413699239492416382e-01
1.994981318712234497e-01
-1.707122623920440674e-01
-5.289657711982727051e-01
5.903228521347045898e-01
2.809236049652099609e-01
-1.846149414777755737e-01
-2.438664436340332031e-01
4.326882585883140564e-02
5.703036785125732422e-01
2.958133220672607422e-01
2.200808748602867126e-02
-7.822512388229370117e-01
-1.964338421821594238e-01
2.399466335773468018e-01
-1.160764992237091064e-01
-6.024914979934692383e-01
5.064069032669067383e-01
-2.427566051483154297e-01
3.217577934265136719e-01
1.383555382490158081e-01
-1.046526655554771423e-01
-1.010514646768569946e-01
3.148147165775299072e-01
-6.588585674762725830e-02
-8.861458301544189453e-01
2.558313012123107910e-01
3.487937152385711670e-01
1.966707855463027954e-01
-5.102711319923400879e-01
1.272972077131271362e-01
9.421356767416000366e-02
-6.629546880722045898e-01
3.903427720069885254e-01
-8.303444981575012207e-01
-7.351970672607421875e-01
4.093404710292816162e-01
-5.163464546203613281e-01
1.554612070322036743e-01
-1.031610816717147827e-01
-4.082086980342864990e-01
1.500918716192245483e-01
-4.133096933364868164e-01
-1.482256501913070679e-01
3.680177927017211914e-01
3.063350617885589600e-01
-3.256740272045135498e-01
-4.917656779289245605e-01
3.846991658210754395e-01
4.173908531665802002e-01
4.701140224933624268e-01
5.307884812355041504e-01
-4.403707757592201233e-02
-3.231544792652130127e-01
2.673466801643371582e-01
-3.354109525680541992e-01
9.793869256973266602e-01
-2.432800233364105225e-01
4.071477055549621582e-01
-1.633847206830978394e-01
-1.082972407341003418e+00
-6.185847520828247070e-02
-8.048787713050842285e-01
4.097978174686431885e-01
-2.642358466982841492e-02
-2.719669416546821594e-02
-4.394421353936195374e-02
8.074380457401275635e-03
6.587288975715637207e-01
-1.079640388488769531e-01
1.169673055410385132e-01
2.307528555393218994e-01
4.154466986656188965e-01
-1.489683538675308228e-01
-2.487300932407379150e-01
1.246989965438842773e-01
-6.811507344245910645e-01
-3.069621026515960693e-01
-5.303276702761650085e-02
-4.159848690032958984e-01
2.173115313053131104e-01
1.980906426906585693e-01
-2.740641534328460693e-01
-2.428698539733886719e-01
3.553903102874755859e-01
3.045828342437744141e-01
-2.769877016544342041e-01
-5.384404063224792480e-01
6.617867201566696167e-02
2.853315174579620361e-01
2.222973406314849854e-01
-1.507194787263870239e-01
-9.272660613059997559e-01
-1.352508664131164551e-01
-9.620437026023864746e-01
-1.146288067102432251e-01
-2.552022039890289307e-02
2.671910226345062256e-01
1.835288554430007935e-01
-1.575225740671157837e-01
-3.280973732471466064e-01
-6.237723231315612793e-01
4.730910658836364746e-01
-2.597401142120361328e-01
-1.969345510005950928e-01
-2.864703238010406494e-01
4.709118306636810303e-01
1.208521239459514618e-02
-3.398003429174423218e-02
-3.086912930011749268e-01
-4.883315265178680420e-01
-5.631840825080871582e-01
4.077481031417846680e-01
5.435864329338073730e-01
-9.736981987953186035e-01
4.996774494647979736e-01
-3.359060501679778099e-03
-5.119094252586364746e-01
-2.466547191143035889e-01
-2.497165203094482422e-01
-7.104997634887695312e-01
3.252487182617187500e-01
-1.060445010662078857e-01
-2.113294228911399841e-02
1.340734809637069702e-01
3.334622681140899658e-01
-3.052296936511993408e-01
-6.461844444274902344e-01
3.880810141563415527e-01
1.484878808259963989e-01
1.122676357626914978e-01
2.487539947032928467e-01
4.807003438472747803e-01
-3.373099863529205322e-01
-3.972892463207244873e-01
-3.612914681434631348e-01
-4.877030551433563232e-01
-2.194102108478546143e-01
-5.300793647766113281e-01
-6.938064098358154297e-01
1.640390902757644653e-01
1.049858182668685913e-01
-1.161965802311897278e-01
4.263940453529357910e-02
1.638599932193756104e-01
-1.089063659310340881e-01
8.827250567264854908e-04
-4.434486329555511475e-01
-3.042042553424835205e-01
-1.517851501703262329e-01
6.077314168214797974e-02
2.658964134752750397e-02
-2.996580898761749268e-01
-2.166141755878925323e-02
-5.437278002500534058e-02
-3.957029581069946289e-01
4.283186793327331543e-02
2.864723466336727142e-02
4.111007452011108398e-01
4.195010662078857422e-01
9.322935342788696289e-02
-5.925865261815488338e-04
-1.313480883836746216e-01
1.584401279687881470e-01
-8.669458329677581787e-03
1.836234629154205322e-01
-4.402668774127960205e-02
2.853993475437164307e-01
5.175975561141967773e-01
1.452817022800445557e-01
-8.233386278152465820e-02
1.768185496330261230e-01
-5.928936600685119629e-01
4.151218831539154053e-01
-6.250722408294677734e-01
3.794410824775695801e-01
4.920040071010589600e-02
-2.073148041963577271e-01
5.400574952363967896e-02
3.744729757308959961e-01
1.478474885225296021e-01
-4.906557872891426086e-02
7.897923886775970459e-02
8.903937786817550659e-02
-2.215759009122848511e-01
-1.627657376229763031e-02
-1.805501431226730347e-01
-1.193226799368858337e-01
-1.281895190477371216e-01
2.158181518316268921e-01
1.492088735103607178e-01
3.666723072528839111e-01
-1.236713007092475891e-01
-2.773973047733306885e-01
1.464091897010803223e+00
-4.869728907942771912e-02
-1.222730353474617004e-01
-1.804989427328109741e-01
-2.451515048742294312e-01
2.755321860313415527e-01
2.239420711994171143e-01
5.029097199440002441e-01
-1.241779699921607971e-01
3.686621785163879395e-01
-2.374502830207347870e-03
1.150783821940422058e-01
8.429934084415435791e-02
-1.822364032268524170e-01
8.477661758661270142e-02
-2.392980968579649925e-03
1.805908679962158203e-01
1.024029925465583801e-01
-3.085902631282806396e-01
-9.344084858894348145e-01
5.034912824630737305e-01
-3.390255570411682129e-01
3.889580368995666504e-01
1.920280158519744873e-01
-1.910569891333580017e-02
5.489808320999145508e-01
-2.822984382510185242e-02
-1.285438686609268188e-01
8.113946765661239624e-02
-6.969992071390151978e-02
-1.018142104148864746e+00
-6.137486100196838379e-01
8.822844922542572021e-02
9.986132979393005371e-01
-3.832784891128540039e-01
-3.329643905162811279e-01
-5.260193943977355957e-01
-3.623605370521545410e-01
1.399091929197311401e-01
6.526377797126770020e-01
-1.686377227306365967e-01
8.635123372077941895e-01
-8.451365232467651367e-01
4.015864729881286621e-01
-5.327581167221069336e-01
-4.517125785350799561e-01
5.648303031921386719e-01
-3.010474443435668945e-01
6.359403133392333984e-01
-2.494814693927764893e-01
-3.029281646013259888e-02
-2.816000021994113922e-02
2.989475429058074951e-01
3.169833868741989136e-02
-8.963230252265930176e-01
-1.887031793594360352e-01
-1.823682636022567749e-01
-3.020279705524444580e-01
-2.621175944805145264e-01
-2.176699638366699219e-01
9.417516738176345825e-02
-4.523202776908874512e-02
4.924699068069458008e-01
3.166034519672393799e-01
-1.860460489988327026e-01
-7.225643396377563477e-01
-1.469970047473907471e-01
-5.759830474853515625e-01
1.869683116674423218e-01
-1.187334880232810974e-01
-4.123892188072204590e-01
-1.381615400314331055e-01
2.077582627534866333e-01
-1.131642982363700867e-01
-2.633310258388519287e-01
-1.413391679525375366e-01
-3.202694058418273926e-01
-3.163078129291534424e-01
6.300004720687866211e-01
5.003349184989929199e-01
-6.652538776397705078e-01
5.039182901382446289e-01
-1.202134191989898682e-01
-4.984716475009918213e-01
4.128691181540489197e-02
1.394085586071014404e-01
-3.245684802532196045e-01
1.079375520348548889e-01
-1.629525423049926758e-01
4.803827702999114990e-01
3.689451515674591064e-01
-4.850585386157035828e-02
-3.928855955600738525e-01
-3.150467276573181152e-01
5.079277753829956055e-01
1.875698715448379517e-01
1.989096999168395996e-01
2.720047235488891602e-01
-7.855562120676040649e-02
-2.763276994228363037e-01
1.792216300964355469e-01
-3.947598040103912354e-01
-5.504071712493896484e-01
2.105129957199096680e-01
-2.772581018507480621e-02
1.809191256761550903e-01
1.073155760765075684e+00
1.137896403670310974e-01
2.100066281855106354e-02
-1.210874617099761963e-01
-1.876500546932220459e-01
-3.500768840312957764e-01
3.099604249000549316e-01
5.348079800605773926e-01
-1.978298723697662354e-01
-2.135763019323348999e-01
1.206476762890815735e-01
1.437412351369857788e-01
-1.516149282455444336e+00
-2.335820943117141724e-01
7.092704176902770996e-01
3.148743510246276855e-02
-1.504980958998203278e-02
1.529236584901809692e-01
-1.086949929594993591e-01
3.386136591434478760e-01
-1.050504893064498901e-01
-1.266379058361053467e-01
4.324161112308502197e-01
-9.481783956289291382e-02
-5.376275181770324707e-01
-2.651503682136535645e-01
4.288647174835205078e-01
1.319780468940734863e+00
-8.026246726512908936e-02
-4.064020514488220215e-01
-5.227476954460144043e-01
-8.114061504602432251e-02
2.764457166194915771e-01
6.079680323600769043e-01
-6.951583921909332275e-02
6.253821849822998047e-01
-4.779358208179473877e-01
-3.190063834190368652e-01
2.824448645114898682e-01
-2.805286645889282227e-01
-2.870265021920204163e-02
1.673127412796020508e-01
-3.231405019760131836e-01
2.137552946805953979e-01
4.398645460605621338e-01
1.366705447435379028e-01
-3.314630091190338135e-01
-7.593701481819152832e-01
-9.874227643013000488e-02
2.707320153713226318e-01
5.055266618728637695e-01
8.132127672433853149e-02
-1.235181987285614014e-01
-5.285536646842956543e-01
-2.737431228160858154e-02
-5.339552760124206543e-01
-5.041977763175964355e-01
-1.042739227414131165e-01
4.191263765096664429e-02
-1.122187003493309021e-01
-1.532131731510162354e-01
1.244707778096199036e-02
-2.789865732192993164e-01
-6.144596263766288757e-02
4.557661414146423340e-01
9.667685627937316895e-02
-3.152170777320861816e-01
-7.810752391815185547e-01
7.778806984424591064e-02
2.113934904336929321e-01
4.467743933200836182e-01
1.769645810127258301e-01
1.014195457100868225e-01
-5.368126034736633301e-01
3.632098436355590820e-02
-4.234859347343444824e-01
1.427432745695114136e-01
4.385237693786621094e-01
-1.149181928485631943e-02
8.383098244667053223e-02
-1.446213722229003906e-01
-4.491889774799346924e-01
2.814262807369232178e-01
-8.750217966735363007e-03
-3.312551975250244141e-01
-4.195553436875343323e-02
2.656855285167694092e-01
-9.277678281068801880e-02
-1.441056132316589355e-01
-2.397001981735229492e-01
-1.284485459327697754e-01
-1.049962565302848816e-01
6.012094020843505859e-01
4.353961944580078125e-01
-4.851488769054412842e-01
8.882705867290496826e-02
2.126214057207107544e-01
1.955316960811614990e-01
-1.082163214683532715e+00
-2.879079878330230713e-01
8.932910114526748657e-02
1.518863439559936523e-01
2.439032942056655884e-01
-4.957938194274902344e-01
1.275962591171264648e-01
2.340199947357177734e-01
1.076062321662902832e-01
8.047847449779510498e-02
3.397203981876373291e-02
-2.117017060518264771e-01
2.878377437591552734e-01
-1.443131864070892334e-01
2.047663778066635132e-01
-1.560229957103729248e-01
-1.278412103652954102e+00
-7.671245187520980835e-02
-1.487076878547668457e-01
-2.244869917631149292e-01
2.129517793655395508e-01
-4.528403878211975098e-01
7.426573634147644043e-01
-4.551855325698852539e-01
-3.364456119015812874e-03
5.705306529998779297e-01
3.230549991130828857e-01
5.663905143737792969e-01
-3.286188244819641113e-01
-4.921311438083648682e-01
-1.306371390819549561e-01
6.664295494556427002e-02
-5.952401459217071533e-02
1.475947648286819458e-01
-1.053823709487915039e+00
-1.885170489549636841e-02
-8.355171084403991699e-01
-3.205718398094177246e-01
7.585919499397277832e-01
-3.453356325626373291e-01
-2.249082922935485840e-02
1.326356381177902222e-01
-8.675712347030639648e-01
3.066790997982025146e-01
3.046602606773376465e-01
-5.363871157169342041e-02
5.552257969975471497e-02
7.170569896697998047e-02
-4.799851775169372559e-01
4.017662256956100464e-02
4.327932298183441162e-01
2.580625116825103760e-01
1.127955168485641479e-01
1.252055615186691284e-01
-1.350399106740951538e-02
-5.986660346388816833e-02
-1.014494895935058594e-01
-1.367114186286926270e-01
5.179942026734352112e-02
-4.094875976443290710e-02
-3.600627183914184570e-01
5.189959406852722168e-01
3.962162435054779053e-01
-1.038587987422943115e-01
3.547819256782531738e-01
2.397200167179107666e-01
-2.242522388696670532e-01
-1.180648654699325562e-01
9.424099698662757874e-03
5.090565085411071777e-01
6.768015772104263306e-02
-2.069959193468093872e-01
1.185655146837234497e-01
2.590310946106910706e-02
-3.664270937442779541e-01
1.181076243519783020e-01
6.116489320993423462e-02
3.288216888904571533e-01
-1.266419738531112671e-01
-9.565142542123794556e-02
-4.522083997726440430e-01
-3.840824961662292480e-01
6.476732492446899414e-01
-3.868882954120635986e-01
4.239702820777893066e-01
-6.946956366300582886e-02
-3.809911012649536133e-01
3.031554222106933594e-01
4.680001363158226013e-02
7.390146702527999878e-02
1.475723624229431152e+00
2.120638452470302582e-02
3.204206377267837524e-02
1.312032192945480347e-01
1.159891858696937561e-01
-2.823710441589355469e-02
5.224062204360961914e-01
-3.995007276535034180e-01
-4.741726815700531006e-02
3.593183457851409912e-01
-3.702305555343627930e-01
-6.270316988229751587e-02
5.370143055915832520e-01
-7.777301073074340820e-01
-8.656299859285354614e-02
9.848156571388244629e-02
-2.703811228275299072e-01
9.658344984054565430e-01
-3.154621645808219910e-02
-1.736710369586944580e-01
-2.149603664875030518e-01
2.175976932048797607e-01
-8.272249996662139893e-02
1.108702346682548523e-01
-4.865680634975433350e-02
3.520287573337554932e-01
1.699738353490829468e-01
-1.228151321411132812e-01
-5.760486051440238953e-02
1.920055598020553589e-01
3.453521132469177246e-01
-3.576794266700744629e-02
4.166707694530487061e-01
-6.154175400733947754e-01
-9.855937957763671875e-01
-2.565801441669464111e-01
-1.774678379297256470e-01
-3.794845566153526306e-02
2.786404192447662354e-01
-2.389627248048782349e-01
-4.744195044040679932e-01
1.120230704545974731e-01
-2.472232878208160400e-01
-1.162896603345870972e-01
-5.795012786984443665e-02
7.943872809410095215e-01
8.423505723476409912e-02
-1.209512203931808472e-01
1.063119713217020035e-02
9.839833974838256836e-01
-1.243013441562652588e-01
-1.317688673734664917e-01
8.395104855298995972e-02
1.029981613159179688e+00
3.238232135772705078e-01
3.632388636469841003e-02
2.476667165756225586e-01
-7.415527105331420898e-02
4.420237988233566284e-02
1.018408164381980896e-01
9.432636946439743042e-02
-3.893604502081871033e-02
4.784678667783737183e-02
-1.829980909824371338e-01
1.137029528617858887e-01
2.564738318324089050e-02
6.737492084503173828e-01
2.601006925106048584e-01
-8.918172121047973633e-02
-3.768410682678222656e-01
1.038759276270866394e-01
1.428150087594985962e-01
2.786193490028381348e-01
-1.317805051803588867e-01
-5.959599837660789490e-02
1.972886919975280762e-01
-2.396586686372756958e-01
-1.550472527742385864e-01
2.117487974464893341e-02
2.062721997499465942e-01
6.057423949241638184e-01
-6.285925954580307007e-02
-1.278663724660873413e-01
1.611661463975906372e-01
1.328814923763275146e-01
1.254642158746719360e-01
1.642612457275390625e+00
-5.392586812376976013e-03
-4.379655420780181885e-01
-3.875526487827301025e-01
2.848601937294006348e-01
6.569229066371917725e-02
-1.001568078994750977e+00
1.682289987802505493e-01
1.818496361374855042e-02
-3.446383476257324219e-01
7.926492094993591309e-01
1.157753355801105499e-02
3.499660789966583252e-01
1.423614285886287689e-02
-1.176192462444305420e-01
9.776390194892883301e-01
-5.836914777755737305e-01
-3.983536362648010254e-01
7.726115584373474121e-01
1.509937942028045654e-01
-9.281434416770935059e-01
-4.480318129062652588e-01
-1.935515925288200378e-02
1.809060275554656982e-01
-2.492727488279342651e-01
-5.270353555679321289e-01
7.047032117843627930e-01
-4.139105677604675293e-01
1.137999817728996277e-01
2.256820350885391235e-01
-6.703000068664550781e-01
-3.291302621364593506e-01
-4.718137979507446289e-01
2.687083780765533447e-01
7.529938966035842896e-02
-8.861340582370758057e-02
4.790024161338806152e-01
3.374536707997322083e-02
-6.812593936920166016e-01
-2.352398037910461426e-01
1.811304092407226562e-01
3.077017962932586670e-01
-1.845841109752655029e-02
3.259728848934173584e-01
-3.108647167682647705e-01
4.046254158020019531e-01
5.110909938812255859e-01
-7.597211748361587524e-02
2.041011452674865723e-01
4.163641631603240967e-01
-2.481157183647155762e-01
1.156753674149513245e-01
-4.772748649120330811e-01
3.700452670454978943e-02
5.290777087211608887e-01
-1.683778911828994751e-01
4.051651060581207275e-01
2.943026423454284668e-01
-4.240286052227020264e-01
-1.888109296560287476e-01
-4.902713000774383545e-03
4.207161366939544678e-01
1.939391903579235077e-02
1.253351718187332153e-01
-2.597980201244354248e-01
-2.755020558834075928e-01
-8.396480679512023926e-01
1.409262537956237793e+00
-2.619247138500213623e-01
-5.059170722961425781e-01
-3.217330276966094971e-01
4.999402910470962524e-02
3.174978494644165039e-01
2.334404177963733673e-02
-4.175279736518859863e-01
-7.484088093042373657e-02
-3.084264099597930908e-01
-3.821068108081817627e-01
1.614460796117782593e-01
5.440690740942955017e-02
1.770079135894775391e-01
-1.999018490314483643e-01
2.636954784393310547e-01
7.263259291648864746e-01
6.579658389091491699e-01
2.750377357006072998e-01
1.238905429840087891e+00
-4.423747062683105469e-01
-1.656700372695922852e-01
8.244892209768295288e-02
-1.286175847053527832e+00
3.006211481988430023e-02
-9.370168298482894897e-02
3.323142528533935547e-01
-6.400425434112548828e-01
-4.912399947643280029e-01
5.671548247337341309e-01
2.750949859619140625e-01
-2.030042856931686401e-01
-2.460804283618927002e-01
1.774727404117584229e-01
7.579618692398071289e-02
2.927908897399902344e-01
-1.332292705774307251e-02
-5.912978947162628174e-02
1.774861365556716919e-01
-2.670009434223175049e-01
1.460655480623245239e-01
3.793256282806396484e-01
3.278738856315612793e-01
4.913796856999397278e-02
5.119520053267478943e-02
-4.087247550487518311e-01
2.063851058483123779e-01
-1.440800279378890991e-01
4.814044386148452759e-02
1.329504847526550293e-01
3.529202640056610107e-01
-3.308404684066772461e-01
-4.906869530677795410e-01
-1.188567653298377991e-01
2.368512749671936035e-01
2.164492383599281311e-02
7.499018907546997070e-01
3.812583386898040771e-01
1.805524975061416626e-01
-2.501682341098785400e-01
-2.228072285652160645e-01
-1.326647758483886719e+00
3.260772675275802612e-02
-2.014147788286209106e-01
-7.640790194272994995e-02
1.276896297931671143e-01
1.907220780849456787e-01
-1.175519466400146484e+00
5.271344911307096481e-03
-8.799544721841812134e-02
3.424796834588050842e-02
2.377665638923645020e-01
1.340076327323913574e-01
-6.047612428665161133e-01
3.101031184196472168e-01
-5.891618728637695312e-01
2.452549487352371216e-01
4.621688276529312134e-02
-8.014731854200363159e-02
1.506205946207046509e-01
-6.827436089515686035e-01
-1.863753199577331543e-01
-2.156720757484436035e-01
-6.820785999298095703e-02
2.458956241607666016e-01
-9.295342862606048584e-02
-1.057463437318801880e-01
-9.554344415664672852e-02
-1.954388320446014404e-01
-1.055339574813842773e-01
-2.085410505533218384e-01
2.087955325841903687e-01
9.625704586505889893e-02
-1.222046911716461182e-01
-2.201894372701644897e-01
1.840530484914779663e-01
7.197125554084777832e-01
-5.143594928085803986e-03
-9.125361442565917969e-01
2.206848561763763428e-01
5.164119601249694824e-01
-1.002760767936706543e+00
-7.847112417221069336e-02
-5.350370407104492188e-01
-4.679295122623443604e-01
1.988066881895065308e-01
-2.466687262058258057e-01
1.114748358726501465e+00
-2.748934924602508545e-01
2.364315092563629150e-02
-1.549664586782455444e-01
-3.222838789224624634e-02
2.645709812641143799e-01
4.371063411235809326e-01
-1.360163241624832153e-01
-5.342836976051330566e-01
3.992301225662231445e-01
5.355020761489868164e-01
1.821760982275009155e-01
-3.443309366703033447e-01
1.117558777332305908e-01
-3.186249136924743652e-01
-3.189540803432464600e-01
4.355361461639404297e-01
3.699433803558349609e-01
5.126126408576965332e-01
-2.940085232257843018e-01
-3.676227927207946777e-01
2.743844985961914062e-01
-3.206630796194076538e-02
-4.296277090907096863e-02
1.076122045516967773e+00
2.433939427137374878e-01
-2.863390445709228516e-01
-3.610602021217346191e-01
9.138366580009460449e-02
2.597841620445251465e-01
1.866122633218765259e-01
4.746312499046325684e-01
5.950835347175598145e-01
-5.885344147682189941e-01
6.270979996770620346e-03
1.894128620624542236e-01
-1.576149106025695801e+00
-2.236459404230117798e-01
1.204956136643886566e-02
2.341993600130081177e-01
-2.685588598251342773e-01
-3.419014811515808105e-01
4.089237749576568604e-01
3.724615275859832764e-01
1.141677573323249817e-01
-1.755886524915695190e-01
2.562924921512603760e-01
-1.082123667001724243e-01
1.728210151195526123e-01
-2.115218341350555420e-01
-1.083563491702079773e-01
8.457437753677368164e-01
-3.519420027732849121e-01
-1.804662495851516724e-01
1.873258501291275024e-01
3.465226292610168457e-01
-1.997221261262893677e-02
-3.112399876117706299e-01
-2.363072633743286133e-01
5.920799374580383301e-01
2.715417146682739258e-01
-4.028028845787048340e-01
3.949533998966217041e-01
6.365093588829040527e-01
-4.859173297882080078e-01
-4.151943922042846680e-01
1.036990359425544739e-01
5.057600140571594238e-01
1.565450429916381836e-01
-6.519854813814163208e-02
-3.424543440341949463e-01
-1.359725953079760075e-03
1.327954828739166260e-01
1.687906831502914429e-01
3.371250331401824951e-01
3.908600509166717529e-01
-4.267423450946807861e-01
-3.103833198547363281e-01
-1.650948636233806610e-02
2.984510660171508789e-01
3.849987089633941650e-01
-2.925970256328582764e-01
3.399104177951812744e-01
3.663987219333648682e-01
-2.474291026592254639e-01
-1.532528251409530640e-01
1.946404278278350830e-01
1.097912266850471497e-01
-6.164909005165100098e-01
-3.526645600795745850e-01
-3.545908331871032715e-01
-3.718530833721160889e-01
-1.439014375209808350e-01
-2.071734964847564697e-01
1.463496387004852295e-01
3.124146535992622375e-02
6.419051885604858398e-01
7.989627718925476074e-01
-1.066311262547969818e-02
-1.131899282336235046e-01
6.255131363868713379e-01
8.205180764198303223e-01
-5.959850549697875977e-01
-5.481156110763549805e-01
-3.506612479686737061e-01
-1.548394560813903809e-01
-8.569470793008804321e-02
-5.825045704841613770e-01
1.609589308500289917e-01
-4.585722088813781738e-02
4.023424535989761353e-02
-1.922186315059661865e-01
-2.451289072632789612e-02
4.439719617366790771e-01
3.627976775169372559e-01
1.768569797277450562e-01
-7.584073543548583984e-01
-2.049670666456222534e-01
1.293992847204208374e-01
8.971531689167022705e-02
1.871667504310607910e-01
-3.471474647521972656e-01
8.227021992206573486e-02
2.217918336391448975e-01
3.834887593984603882e-02
-5.224694609642028809e-01
2.690320312976837158e-01
4.556020256131887436e-03
-1.565379947423934937e-01
-1.126413000747561455e-03
-6.905714422464370728e-02
1.948290169239044189e-01
8.197554945945739746e-02
3.301760181784629822e-02
2.468278557062149048e-01
3.009487688541412354e-01
-1.902202516794204712e-01
4.525533020496368408e-01
5.721888691186904907e-02
-1.921551972627639771e-01
-8.940663933753967285e-02
-6.864356994628906250e-02
-3.975275456905364990e-01
1.425920426845550537e-01
3.571102619171142578e-01
3.681790232658386230e-01
-7.039478421211242676e-02
-2.068795114755630493e-01
-1.725673824548721313e-01
-1.069947361946105957e+00
-1.002407968044281006e-01
3.762186467647552490e-01
2.214138023555278778e-02
3.215995430946350098e-01
-4.169810712337493896e-01
-1.013184115290641785e-01
-1.535683423280715942e-01
-1.942106336355209351e-01
2.925697714090347290e-03
5.620094016194343567e-02
-1.821190118789672852e-01
1.234210282564163208e-01
-1.279690861701965332e-01
-1.265343464910984039e-02
1.999475210905075073e-01
-8.471945673227310181e-02
3.433873504400253296e-02
-4.925334826111793518e-02
-1.703775674104690552e-01
2.549578621983528137e-02
-1.278122663497924805e+00
-1.200548112392425537e-01
1.117375642061233521e-01
-5.680840462446212769e-02
-2.087726593017578125e-01
2.107053697109222412e-01
-2.871808111667633057e-01
1.091776937246322632e-01
3.742689490318298340e-01
-4.407899677753448486e-01
-3.837969303131103516e-01
-1.624297618865966797e+00
-8.694970048964023590e-03
-5.390392616391181946e-02
6.108301132917404175e-02
3.564923405647277832e-01
2.148927450180053711e-01
6.074013933539390564e-02
-1.470684260129928589e-01
-5.209991708397865295e-02
-3.808580636978149414e-01
-2.218609750270843506e-01
5.757927894592285156e-01
-2.270038984715938568e-02
-4.312263801693916321e-02
2.764839529991149902e-01
5.401630327105522156e-02
3.071172349154949188e-02
1.866835169494152069e-02
-3.541518747806549072e-01
-3.584332764148712158e-01
-8.834614604711532593e-02
1.167596578598022461e-01
3.345767259597778320e-01
3.451715409755706787e-01
1.830835491418838501e-01
1.771622449159622192e-01
2.332761511206626892e-02
1.584047079086303711e-01
2.490740567445755005e-01
-2.622106075286865234e-01
-8.271013498306274414e-01
-1.421090960502624512e-01
-3.958677351474761963e-01
1.142333671450614929e-01
1.433510333299636841e-01
2.136778831481933594e-01
6.608155369758605957e-02
-1.001068297773599625e-02
6.898974776268005371e-01
-2.394506484270095825e-01
9.646124243736267090e-01
-1.417328268289566040e-01
4.268257915973663330e-01
-2.684625089168548584e-01
-4.241565614938735962e-02
-3.719740509986877441e-01
2.114039808511734009e-01
-2.941410541534423828e-01
-2.702072262763977051e-01
-2.642858624458312988e-01
-1.772545464336872101e-02
1.272453516721725464e-01
-2.716242969036102295e-01
6.588809490203857422e-01
2.094516605138778687e-01
-4.611672759056091309e-01
9.430150985717773438e-01
3.128674328327178955e-01
-1.202694475650787354e-01
-4.915303885936737061e-01
2.739431336522102356e-02
-6.194322705268859863e-01
-4.781525731086730957e-01
2.468162178993225098e-01
3.158694207668304443e-01
4.798007309436798096e-01
1.750292032957077026e-01
5.453514680266380310e-02
-1.982692331075668335e-01
1.233440637588500977e-02
-3.345659375190734863e-02
3.443059027194976807e-01
1.905619055032730103e-01
-3.669509887695312500e-01
3.022759854793548584e-01
-1.054269373416900635e-01
3.340826928615570068e-01
1.594161987304687500e-01
-1.836478710174560547e-01
3.035728633403778076e-02
5.310873314738273621e-02
1.585299372673034668e-01
-7.803661376237869263e-02
3.407122790813446045e-01
-1.017163172364234924e-01
6.564433872699737549e-02
-3.124374151229858398e-01
-3.775137662887573242e-01
8.712601661682128906e-01
2.866801060736179352e-02
3.839908540248870850e-01
8.143623918294906616e-02
3.196235895156860352e-01
-4.667536020278930664e-01
3.052117228507995605e-01
-3.966161906719207764e-01
-6.605212688446044922e-01
2.319469451904296875e-01
-5.213111173361539841e-03
-3.737244755029678345e-02
-7.732316106557846069e-02
-3.267712891101837158e-01
-6.949384808540344238e-01
3.088007271289825439e-01
1.794919967651367188e-01
1.860618442296981812e-01
-3.745168447494506836e-01
-2.896513044834136963e-01
-2.160990424454212189e-02
1.598586440086364746e-01
1.253668665885925293e+00
-4.374437034130096436e-01
-3.113439679145812988e-01
4.546416997909545898e-01
-1.322604417800903320e-01
3.684230521321296692e-02
-5.186361670494079590e-01
-1.498755812644958496e-01
5.080491304397583008e-01
2.065317034721374512e-01
5.049226284027099609e-01
3.341649472713470459e-01
2.147090137004852295e-01
7.042358070611953735e-02
-6.103261932730674744e-02
-4.450996220111846924e-01
2.302257269620895386e-01
-3.818168938159942627e-01
-1.168266236782073975e-01
1.350318342447280884e-01
4.677807688713073730e-01
-1.999053806066513062e-01
-3.244291543960571289e-01
4.692635536193847656e-01
-2.489938735961914062e-01
-1.519223153591156006e-01
2.624178887344896793e-04
1.199993193149566650e-01
3.838024735450744629e-01
-1.151029253378510475e-03
6.073707342147827148e-01
2.531711459159851074e-01
3.723694384098052979e-01
6.389064341783523560e-02
-2.140557765960693359e-01
-2.446780502796173096e-01
1.660323888063430786e-01
1.308452188968658447e-01
-5.842799786478281021e-03
3.532115519046783447e-01
1.104221045970916748e-01
-4.840877652168273926e-01
6.423763930797576904e-02
-1.677578836679458618e-01
-1.733811050653457642e-01
4.483070671558380127e-01
6.670742481946945190e-02
-4.232709705829620361e-01
1.163377910852432251e-01
2.804887294769287109e-01
8.888349682092666626e-02
6.761868000030517578e-01
-1.660548001527786255e-01
-2.183802574872970581e-01
-2.211451083421707153e-01
-9.395846724510192871e-02
-3.738498315215110779e-02
-3.445443212985992432e-01
-2.671692669391632080e-01
-4.259130656719207764e-01
9.465335607528686523e-01
-7.745833694934844971e-02
3.590827584266662598e-01
-5.974654555320739746e-01
1.503890156745910645e-01
2.109917998313903809e-01
-4.614794254302978516e-01
-2.471107617020606995e-02
-5.861447751522064209e-02
-8.287928253412246704e-02
-7.418338656425476074e-01
1.271476894617080688e-01
-3.525672480463981628e-02
-2.037744410336017609e-02
2.085359953343868256e-02
-7.736220210790634155e-02
9.836701303720474243e-02
1.163859143853187561e-01
-2.518792748451232910e-01
1.477263271808624268e-01
1.983122080564498901e-01
-6.696752905845642090e-01
3.795583918690681458e-02
-5.492853745818138123e-02
-4.570968449115753174e-01
4.221511483192443848e-01
3.050172030925750732e-01
-5.398691892623901367e-01
4.623805582523345947e-01
2.346354573965072632e-01
2.162351757287979126e-01
3.065469563007354736e-01
-1.361328661441802979e-01
-3.543477654457092285e-01
-9.637862443923950195e-02
1.209374703466892242e-02
-4.120782017707824707e-03
-9.961504489183425903e-02
-5.572790652513504028e-02
1.475983560085296631e-01
1.956339180469512939e-01
-9.593567848205566406e-01
-7.926291227340698242e-02
8.021220564842224121e-02
-2.854214310646057129e-01
3.149894177913665771e-01
-1.695602089166641235e-01
-3.877168297767639160e-01
1.305410265922546387e-01
2.725340425968170166e-01
-1.065825670957565308e-01
2.591453492641448975e-01
-4.662831500172615051e-02
-2.753555178642272949e-01
-2.516072988510131836e-01
1.464010868221521378e-02
2.598343789577484131e-01
1.134339272975921631e-01
1.715587228536605835e-01
2.862021028995513916e-01
7.948962040245532990e-03
3.136747777462005615e-01
-1.761515587568283081e-01
-2.057236880064010620e-01
-1.105303019285202026e-01
2.896673977375030518e-02
4.345608055591583252e-01
1.941987723112106323e-01
-6.120291948318481445e-01
-1.584777832031250000e-01
-1.366758495569229126e-01
-1.946048289537429810e-01
1.569808125495910645e-01
2.999503016471862793e-01
1.398926377296447754e-01
3.823967278003692627e-01
-3.878159821033477783e-02
-5.352643728256225586e-01
-1.137699127197265625e+00
1.499467790126800537e-01
3.918759524822235107e-02
3.060735464096069336e-01
-3.365371003746986389e-02
-1.155490353703498840e-01
3.893705308437347412e-01
-2.886939942836761475e-01
2.470151335000991821e-02
3.602996766567230225e-01
6.321246176958084106e-02
-2.997735440731048584e-01
-3.724531233310699463e-01
5.144382640719413757e-02
-7.363767176866531372e-02
2.610725760459899902e-01
-1.007509082555770874e-01
4.112004116177558899e-02
-4.650468528270721436e-01
-4.552958160638809204e-02
2.935683168470859528e-02
1.422172188758850098e-01
-1.437264122068881989e-02
-1.241663396358489990e-01
-2.373987436294555664e-01
-2.100609391927719116e-01
1.734599918127059937e-01
-2.255093306303024292e-02
5.835255384445190430e-01
2.056575119495391846e-01
-2.179280072450637817e-01
-1.274930387735366821e-01
-4.217412695288658142e-02
-4.554639160633087158e-01
1.792602837085723877e-01
1.157656684517860413e-01
2.787564694881439209e-01
2.064833641052246094e-01
4.581804871559143066e-01
-2.945126593112945557e-01
1.716469228267669678e-01
-3.731423020362854004e-01
4.303532242774963379e-01
2.083896547555923462e-01
5.180289968848228455e-02
3.028239607810974121e-01
2.362361401319503784e-01
-2.089661061763763428e-01
1.057605445384979248e-01
2.220337837934494019e-01
-5.477895736694335938e-01
-2.216182351112365723e-01
-5.584824085235595703e-01
-3.984136879444122314e-01
2.698871791362762451e-01
5.871532559394836426e-01
1.811742037534713745e-01
-4.127971231937408447e-01
1.903983354568481445e-01
5.960861966013908386e-02
4.317189753055572510e-01
-1.688492447137832642e-01
7.662538439035415649e-02
-4.585812240839004517e-02
-1.363071352243423462e-01
1.256622523069381714e-01
-8.539452403783798218e-02
8.908733725547790527e-02
3.975978791713714600e-01
-2.012135386466979980e-01
-8.228649497032165527e-01
-1.032200679183006287e-01
-1.574816703796386719e+00
-1.649610847234725952e-01
1.161200832575559616e-02
1.561823636293411255e-01
9.808113425970077515e-02
-4.724828302860260010e-01
1.344169024378061295e-02
1.047750115394592285e-01
5.607820749282836914e-01
3.667046874761581421e-02
-4.445368051528930664e-02
-5.532323122024536133e-01
6.314467787742614746e-01
-3.781098127365112305e-02
-3.170890510082244873e-01
2.395141124725341797e-01
-2.081853449344635010e-01
-2.206423878669738770e-01
1.562353223562240601e-01
9.042236953973770142e-02
-1.999952346086502075e-01
9.007995575666427612e-02
1.424128860235214233e-01
-1.185985431075096130e-01
-1.733260452747344971e-01
-2.512713670730590820e-01
-4.020697772502899170e-01
-2.926151156425476074e-01
2.023871392011642456e-01
-2.510422468185424805e-01
6.053457036614418030e-02
1.599491983652114868e-01
1.462558750063180923e-02
1.009535193443298340e+00
2.882811129093170166e-01
-3.167166709899902344e-01
3.238927423954010010e-01
3.036622107028961182e-01
-3.911934196949005127e-01
-1.182420328259468079e-01
3.628488183021545410e-01
-3.723132312297821045e-01
4.795450568199157715e-01
3.943685591220855713e-01
4.233852922916412354e-01
2.750510871410369873e-01
7.412380576133728027e-01
2.496398240327835083e-01
2.433542758226394653e-01
3.523990213871002197e-01
-2.133937478065490723e-01
3.108998835086822510e-01
1.796100586652755737e-01
2.198631167411804199e-01
-2.033663988113403320e-01
6.804216653108596802e-03
-4.642388522624969482e-01
-6.360805034637451172e-02
6.381551921367645264e-02
-2.740972340106964111e-01
8.837781846523284912e-02
2.419804334640502930e-01
-3.971197456121444702e-02
2.103862464427947998e-01
-3.085943460464477539e-01
7.783320546150207520e-02
1.005433350801467896e-01
1.641825735569000244e-01
-4.653112590312957764e-01
-5.070629119873046875e-01
5.909112691879272461e-01
-3.057768046855926514e-01
-4.157382845878601074e-01
2.030319273471832275e-01
9.802533984184265137e-01
1.991413235664367676e-01
4.240876436233520508e-01
-4.027920365333557129e-01
6.702017039060592651e-02
5.107864141464233398e-01
-1.774144619703292847e-01
-2.040600925683975220e-01
-1.963131725788116455e-01
-2.207340151071548462e-01
-8.246961832046508789e-01
7.814365439116954803e-03
3.646505773067474365e-01
1.762281358242034912e-01
-5.963348746299743652e-01
-6.347299218177795410e-01
1.274254471063613892e-01
-4.335451722145080566e-01
-3.583883941173553467e-01
-3.011295758187770844e-02
2.138067781925201416e-01
-1.765234470367431641e-01
6.536303162574768066e-01
2.132237255573272705e-01
3.972285985946655273e-01
5.167036652565002441e-01
6.755292415618896484e-02
-5.185923576354980469e-01
-7.961518317461013794e-02
-1.008029803633689880e-01
1.690338551998138428e-01
3.784974217414855957e-01
-4.877972975373268127e-02
-6.553219258785247803e-02
-4.272601008415222168e-01
-5.599809288978576660e-01
1.718872487545013428e-01
-2.214364260435104370e-01
-2.325094938278198242e-01
7.760461419820785522e-02
3.146252930164337158e-01
-1.258440613746643066e-01
3.461721241474151611e-01
9.355191141366958618e-02
3.746969103813171387e-01
2.644606828689575195e-01
1.363024264574050903e-01
-3.937582671642303467e-01
-1.128523796796798706e-01
-2.225764654576778412e-02
1.845013946294784546e-01
5.085806250572204590e-01
-2.536970563232898712e-02
-5.829178728163242340e-03
-9.653462469577789307e-02
-3.402670919895172119e-01
2.465524077415466309e-01
-5.263488888740539551e-01
-1.860805437900125980e-03
1.649625003337860107e-01
1.997460126876831055e-01
-4.207009077072143555e-02
2.205761075019836426e-01
4.578817784786224365e-01
1.143049597740173340e-01
2.933736741542816162e-01
-6.705462336540222168e-01
-2.869461104273796082e-02
-5.843169689178466797e-01
-2.034036070108413696e-01
1.700243055820465088e-01
4.379940330982208252e-01
1.396203935146331787e-01
-4.238035082817077637e-01
-4.471271336078643799e-01
-4.718497395515441895e-01
3.779228329658508301e-01
-1.990169733762741089e-01
-1.123089939355850220e-01
3.352403640747070312e-01
2.570050954818725586e-01
1.002945303916931152e-01
1.429639607667922974e-01
-2.651467323303222656e-01
3.061173669993877411e-02
2.599707841873168945e-01
6.328303366899490356e-02
-3.264575898647308350e-01
-1.560019105672836304e-01
1.316816508769989014e-01
1.484921127557754517e-01
1.091532856225967407e-01
3.200772106647491455e-01
7.979587912559509277e-01
-2.513863444328308105e-01
-3.198494762182235718e-02
-4.122576490044593811e-02
5.172832682728767395e-02
2.455722689628601074e-01
-5.697336792945861816e-01
-1.400576233863830566e-01
-2.836298346519470215e-01
2.068958729505538940e-01
-9.345076978206634521e-02
1.021236851811408997e-01
1.824684739112854004e-01
2.904211580753326416e-01
-1.997151523828506470e-01
-8.300434798002243042e-03
-1.659392416477203369e-01
1.465420424938201904e-01
2.486255951225757599e-02
-5.192928314208984375e-01
-1.293433271348476410e-02
-2.919891662895679474e-02
-2.710725963115692139e-01
-4.862904250621795654e-01
2.801449038088321686e-02
1.685553193092346191e-01
5.592543631792068481e-02
1.948979347944259644e-01
-1.397155970335006714e-01
-1.000863462686538696e-01
1.541430801153182983e-01
-3.589612245559692383e-01
-1.990027874708175659e-01
-3.389026224613189697e-02
-1.356463134288787842e-01
1.593000739812850952e-01
3.541956543922424316e-01
-3.119144737720489502e-01
2.109712660312652588e-01
1.163631454110145569e-01
2.369163334369659424e-01
3.676234781742095947e-01
4.289043322205543518e-02
4.837010502815246582e-01
-1.152869686484336853e-01
8.774095773696899414e-02
-4.978194236755371094e-01
-2.505251765251159668e-01
-3.802720606327056885e-01
-1.338028609752655029e-01
-2.669709920883178711e-01
-1.128661856055259705e-01
-2.282875478267669678e-01
4.461979493498802185e-02
1.416963636875152588e-01
-1.049262434244155884e-01
-3.695728778839111328e-01
-2.590929567813873291e-01
-7.921422272920608521e-02
-6.478676795959472656e-01
-8.247979879379272461e-01
-4.415949806571006775e-02
-8.208623528480529785e-02
1.655433028936386108e-01
-4.565642774105072021e-01
1.350817829370498657e-01
5.371099710464477539e-01
5.444430559873580933e-02
-3.604761064052581787e-01
2.963182330131530762e-01
-3.368066549301147461e-01
1.654088646173477173e-01
3.655221760272979736e-01
1.415801197290420532e-01
-4.268524348735809326e-01
-6.217855587601661682e-02
-7.070854306221008301e-02
6.246070563793182373e-02
2.744563221931457520e-01
1.105592921376228333e-01
-6.810990571975708008e-01
-1.347371339797973633e-01
-6.747619062662124634e-02
-8.137442171573638916e-02
-4.077453911304473877e-01
-5.967402085661888123e-02
3.603366017341613770e-01
1.750832051038742065e-01
-1.969584673643112183e-01
2.667336724698543549e-02
-3.062676787376403809e-01
-9.273165464401245117e-02
4.618728905916213989e-02
1.439112573862075806e-01
-8.359218388795852661e-02
6.473028659820556641e-02
2.812551259994506836e-01
-2.109060436487197876e-02
-7.243136316537857056e-02
1.701515018939971924e-01
-5.150409340858459473e-01
5.361630022525787354e-02
-2.892870455980300903e-02
-2.581724338233470917e-02
-1.107982620596885681e-01
1.907823383808135986e-01
5.637239813804626465e-01
-3.472760915756225586e-01
1.634706258773803711e-01
-2.390931695699691772e-01
-8.078641258180141449e-03
4.226755350828170776e-02
-3.189021050930023193e-01
-1.767927221953868866e-02
4.213283956050872803e-02
-6.678801178932189941e-01
-2.376991510391235352e-02
6.903967261314392090e-02
4.366773664951324463e-01
2.525793313980102539e-01
9.452711790800094604e-02
1.770945042371749878e-01
-6.020559370517730713e-02
-1.648541539907455444e-01
2.401083409786224365e-01
2.522929012775421143e-01
3.026844374835491180e-02
2.225396484136581421e-01
-1.536411494016647339e-01
-3.386604413390159607e-02
-1.495478898286819458e-01
-4.615713376551866531e-03
-7.225605845451354980e-02
2.902706861495971680e-01
7.880783081054687500e-02
-2.430784404277801514e-01
8.400036394596099854e-02
-2.485367208719253540e-01
4.276423901319503784e-02
-1.352429836988449097e-01
-1.590246558189392090e-01
-4.935887455940246582e-01
-4.268648922443389893e-01
-4.982875883579254150e-01
-5.098366141319274902e-01
-3.672351241111755371e-01
2.024929225444793701e-01
4.248434305191040039e-01
2.022508978843688965e-01
6.881225109100341797e-01
2.332914620637893677e-01
4.145325422286987305e-01
6.170284748077392578e-01
-3.005865514278411865e-01
-5.521941781044006348e-01
-2.807211875915527344e-02
-2.010285556316375732e-01
1.988523304462432861e-01
1.656661182641983032e-01
4.485232383012771606e-02
4.959825873374938965e-01
-4.675641655921936035e-02
3.328966349363327026e-02
9.055132865905761719e-01
-7.979983091354370117e-02
3.860866650938987732e-02
-1.932263523340225220e-01
4.129341244697570801e-01
4.461744427680969238e-01
1.355851292610168457e-01
-2.371676824986934662e-02
-2.685877680778503418e-01
1.670461893081665039e-01
-4.093414247035980225e-01
-1.991572976112365723e-01
-6.007446721196174622e-02
-6.811679154634475708e-02
1.280645430088043213e-01
4.378229007124900818e-02
-1.358770728111267090e-01
-4.395794272422790527e-01
3.296791762113571167e-02
5.478220526129007339e-03
8.174165487289428711e-01
2.786586284637451172e-01
-2.116866409778594971e-01
-6.143167614936828613e-01
-5.285421013832092285e-01
-1.439034640789031982e-01
-4.985169321298599243e-02
-1.020201683044433594e+00
2.357243448495864868e-01
-9.577355533838272095e-02
2.443388402462005615e-01
3.681553900241851807e-01
4.605041742324829102e-01
-4.303050413727760315e-02
-2.122099995613098145e-01
-2.946422994136810303e-01
-4.705993533134460449e-01
2.597590684890747070e-01
-2.047364860773086548e-01
-2.418998777866363525e-01
-3.884419202804565430e-01
1.366826146841049194e-01
1.080584600567817688e-01
-2.311573624610900879e-01
-2.864227257668972015e-02
-4.271003305912017822e-01
1.488676071166992188e-01
3.856699764728546143e-01
2.376368343830108643e-01
4.147427529096603394e-02
-1.905123591423034668e-01
1.776414960622787476e-01
-5.369282141327857971e-02
1.571981012821197510e-01
1.248179078102111816e-01
1.203233152627944946e-01
2.332807928323745728e-01
-2.018188983201980591e-01
-3.127643465995788574e-01
-4.171876907348632812e-01
4.394531846046447754e-01
-5.865349769592285156e-01
3.160015866160392761e-02
1.375914514064788818e-01
4.513089656829833984e-01
-2.507929503917694092e-01
8.071357756853103638e-02
4.405497610569000244e-01
1.902492493391036987e-01
1.014481112360954285e-01
-1.452709883451461792e-01
-4.863636195659637451e-01
-7.484748214483261108e-02
-1.349519491195678711e-01
3.040343225002288818e-01
3.828854262828826904e-01
-1.810279339551925659e-01
-5.566473603248596191e-01
3.762783110141754150e-01
1.671461313962936401e-01
3.196922242641448975e-01
-2.653822675347328186e-02
1.019403934478759766e-01
1.632944941520690918e-01
-2.488181293010711670e-01
-1.422478854656219482e-01
-2.884443104267120361e-01
-1.131328046321868896e-01
-1.413094997406005859e-01
-2.852220833301544189e-01
-1.186883598566055298e-01
2.829837426543235779e-02
-8.808576315641403198e-02
7.435318827629089355e-02
-6.291380524635314941e-02
-9.578830748796463013e-02
-2.122035175561904907e-01
2.841350808739662170e-02
-9.812989085912704468e-02
-1.391898989677429199e-01
4.140304327011108398e-01
-4.863201677799224854e-01
-1.970453411340713501e-01
2.621774673461914062e-01
2.709751725196838379e-01
1.726391315460205078e-01
2.397523224353790283e-01
5.451308488845825195e-01
-1.195293441414833069e-01
3.857837021350860596e-01
-5.734001994132995605e-01
-2.700223326683044434e-01
-4.992122054100036621e-01
4.534721001982688904e-02
5.209778547286987305e-01
2.785270512104034424e-01
-4.544100910425186157e-02
3.518656268715858459e-02
2.803913652896881104e-01
2.948737740516662598e-01
6.314631700515747070e-01
-1.808443292975425720e-02
8.647967875003814697e-02
-2.716869711875915527e-01
-2.692659497261047363e-01
-2.860499918460845947e-01
-3.080158829689025879e-01
-6.471728086471557617e-01
-9.913894534111022949e-02
-1.082853153347969055e-01
-7.832040637731552124e-02
1.803137511014938354e-01
-9.901663288474082947e-04
-1.130133867263793945e-01
-5.733131170272827148e-01
8.126853406429290771e-02
-4.311778843402862549e-01
-2.304460257291793823e-01
-2.823050618171691895e-01
-2.625072598457336426e-01
-3.345411121845245361e-01
-4.637313485145568848e-01
1.922146528959274292e-01
-6.893847137689590454e-02
3.268594145774841309e-01
-1.057402715086936951e-01
-5.161610245704650879e-02
1.444994807243347168e-01
4.329530149698257446e-02
-5.049314498901367188e-01
-7.595938444137573242e-02
4.004988372325897217e-01
9.740126132965087891e-02
-1.162276268005371094e-01
3.381246030330657959e-01
-9.196843206882476807e-02
-1.122824847698211670e-03
-2.436577230691909790e-01
-3.324839752167463303e-03
-9.275884181261062622e-02
-1.053571179509162903e-01
-1.068327575922012329e-01
2.981086969375610352e-01
-4.921871721744537354e-01
5.041306018829345703e-01
-5.761228129267692566e-02
-5.675065913237631321e-04
-8.880251646041870117e-02
-9.523664414882659912e-02
-1.195693463087081909e-01
3.221548497676849365e-01
7.391638755798339844e-01
-2.401551455259323120e-01
-7.688805460929870605e-02
1.409008502960205078e-01
-1.400201022624969482e-01
9.352459907531738281e-01
-2.109269648790359497e-01
-1.602833569049835205e-01
1.149770841002464294e-01
3.368631005287170410e-01
-3.658827394247055054e-02
-1.237658783793449402e-01
6.927757523953914642e-03
3.510199859738349915e-02
7.134776562452316284e-03
1.029737759381532669e-02
-3.130315989255905151e-02
-2.211672440171241760e-02
-2.401315271854400635e-01
8.779522031545639038e-02
-1.202009096741676331e-01
-1.743179261684417725e-01
1.719246953725814819e-01
1.893542557954788208e-01
3.392608761787414551e-01
-4.597293958067893982e-02
1.622986346483230591e-01
-1.221352219581604004e-01
1.311200112104415894e-01
-3.057876601815223694e-02
7.508128136396408081e-02
-2.955850362777709961e-01
-3.636308759450912476e-02
-1.321070641279220581e-01
2.776847481727600098e-01
3.942658007144927979e-01
2.587199509143829346e-01
-5.419867113232612610e-02
1.834943741559982300e-01
-1.443652957677841187e-01
4.139795526862144470e-02
-1.450501084327697754e-01
3.883766755461692810e-02
1.943143606185913086e-01
7.510644942522048950e-02
5.094529688358306885e-02
-8.713571727275848389e-02
6.032771617174148560e-02
1.705717109143733978e-02
