1.173260807991027832e+00
2.766053974628448486e-01
-8.034413456916809082e-01
-6.626257300376892090e-01
-9.193871021270751953e-01
5.011333227157592773e-01
-5.467366576194763184e-01
-1.991336494684219360e-01
2.598955929279327393e-01
-4.594656080007553101e-02
1.003100991249084473e+00
1.344778239727020264e-01
6.347720623016357422e-01
1.957194209098815918e-01
-8.787030577659606934e-01
-1.600983887910842896e-01
4.875281453132629395e-01
1.793263256549835205e-01
1.075364708900451660e+00
2.185913026332855225e-01
-1.150989174842834473e+00
-1.815186738967895508e-01
-9.705768823623657227e-01
-1.823019087314605713e-01
-6.253222823143005371e-01
-1.645842939615249634e-01
6.644089519977569580e-02
8.207151889801025391e-01
-6.602947115898132324e-01
3.039714395999908447e-01
1.661451697349548340e+00
1.614203155040740967e-01
6.951319575309753418e-01
-1.446862697601318359e+00
-1.540847063064575195e+00
-2.154289931058883667e-01
1.107229709625244141e+00
2.941562831401824951e-01
7.322345972061157227e-01
2.026742994785308838e-01
8.126655817031860352e-01
-3.545858561992645264e-01
-5.891243815422058105e-01
-5.018728971481323242e-01
1.384810805320739746e-01
4.288364946842193604e-01
4.771699607372283936e-01
-3.377679586410522461e-01
3.345398306846618652e-01
4.432722628116607666e-01
-6.398969888687133789e-01
-3.744524717330932617e-01
-3.233747482299804688e-01
4.523365497589111328e-01
-4.085124433040618896e-01
6.432502269744873047e-01
1.190154671669006348e+00
-6.495567560195922852e-01
7.032206058502197266e-01
5.827116370201110840e-01
-6.362378597259521484e-01
1.530461549758911133e+00
-6.548681855201721191e-01
8.947309255599975586e-01
-1.705106645822525024e-01
-1.062897205352783203e+00
-4.442698657512664795e-01
8.669804930686950684e-01
-1.152640104293823242e+00
-1.261624336242675781e+00
9.997843503952026367e-01
9.229184985160827637e-01
8.778136372566223145e-01
-1.898982286453247070e+00
-3.403370082378387451e-01
-3.420599699020385742e-01
5.298355221748352051e-01
9.163017272949218750e-01
-7.315809130668640137e-01
-5.024213790893554688e-01
4.577457010746002197e-01
-7.879753112792968750e-01
-7.557483762502670288e-02
-9.079402685165405273e-01
-4.937349352985620499e-03
2.621070295572280884e-02
8.022066950798034668e-01
-3.560764193534851074e-01
7.622439265251159668e-01
4.981955289840698242e-01
-1.756685227155685425e-01
-4.464425146579742432e-01
-3.859247565269470215e-01
7.115746140480041504e-01
-8.315539360046386719e-02
-4.022755473852157593e-02
3.052510023117065430e-01
-2.952743470668792725e-01
6.690954566001892090e-01
6.827130317687988281e-01
-2.227804064750671387e-01
7.768955230712890625e-01
-2.563768327236175537e-01
8.990719914436340332e-01
2.124413149431347847e-03
-6.007120609283447266e-01
-5.085428953170776367e-01
7.625762820243835449e-01
-2.853109538555145264e-01
-3.756562471389770508e-01
4.332524836063385010e-01
4.051821827888488770e-01
7.690052986145019531e-01
-1.424450993537902832e+00
-3.375651836395263672e-01
-1.716198623180389404e-01
2.075154930353164673e-01
4.890122115612030029e-01
-7.969018220901489258e-01
-6.272605061531066895e-01
-6.806537508964538574e-01
1.591670393943786621e+00
-9.361010193824768066e-01
4.378598928451538086e-01
1.329555362462997437e-01
-7.269928455352783203e-01
-4.907708764076232910e-01
8.916571736335754395e-01
-8.557724952697753906e-01
-8.546195626258850098e-01
2.112045735120773315e-01
9.126293659210205078e-01
9.110480546951293945e-01
-1.099656224250793457e+00
-6.364824771881103516e-01
-7.059959173202514648e-01
9.779807329177856445e-01
1.070361971855163574e+00
-6.869688034057617188e-01
-7.057213187217712402e-01
3.668488860130310059e-01
-1.396543830633163452e-01
-3.568087518215179443e-01
-2.446590214967727661e-01
-5.595789849758148193e-02
7.079755663871765137e-01
5.074181556701660156e-01
-6.775916218757629395e-01
2.971668243408203125e-01
7.048416733741760254e-01
-5.205823779106140137e-01
-4.507202804088592529e-01
-3.795882165431976318e-01
7.633670419454574585e-02
-3.994588851928710938e-01
4.728269279003143311e-01
1.413845121860504150e-01
-8.744260072708129883e-01
6.619439721107482910e-01
2.931065261363983154e-01
-5.225641727447509766e-01
3.312376737594604492e-01
2.544518411159515381e-01
2.360043078660964966e-01
7.204660773277282715e-02
-3.204614520072937012e-01
-5.909522175788879395e-01
5.592318177223205566e-01
-3.972229063510894775e-01
-4.822178184986114502e-01
1.888339370489120483e-01
4.715938270092010498e-01
3.878117799758911133e-01
-1.508389692753553391e-02
2.435187101364135742e-01
-1.421275138854980469e-01
1.047372631728649139e-02
4.947830140590667725e-01
-6.340412497520446777e-01
-9.327708184719085693e-02
6.959819197654724121e-01
-7.296950221061706543e-01
-2.254319339990615845e-01
-8.656510710716247559e-01
-4.300461411476135254e-01
7.731190323829650879e-01
5.755447149276733398e-01
-8.636690378189086914e-01
3.952741920948028564e-01
4.202424883842468262e-01
-4.602276980876922607e-01
-4.229442775249481201e-01
-6.190443038940429688e-01
7.832171320915222168e-01
3.047021329402923584e-01
2.186250090599060059e-01
6.135858893394470215e-01
-3.175720870494842529e-01
1.110401391983032227e+00
6.276006698608398438e-01
-5.912437438964843750e-01
4.853320121765136719e-01
1.606853157281875610e-01
7.776667475700378418e-01
3.434263765811920166e-01
-5.650204420089721680e-01
-8.134882450103759766e-01
8.418720960617065430e-01
-4.158912599086761475e-01
-5.415905117988586426e-01
5.879887938499450684e-01
4.184539616107940674e-01
3.983821272850036621e-01
-7.578763365745544434e-01
5.020189099013805389e-03
-2.904494404792785645e-01
-3.939032256603240967e-01
3.700982332229614258e-01
-1.042684316635131836e+00
-5.351686477661132812e-01
-2.785737216472625732e-01
1.649295836687088013e-01
6.555004715919494629e-01
2.504760622978210449e-01
-2.806235253810882568e-01
-3.117803037166595459e-01
-6.531765460968017578e-01
7.769585847854614258e-01
-4.479861557483673096e-01
-2.783144414424896240e-01
6.793323904275894165e-02
2.396947741508483887e-01
7.468497157096862793e-01
-3.788790851831436157e-02
6.177222728729248047e-01
-7.934079766273498535e-01
-8.807015419006347656e-01
6.545996665954589844e-01
-1.361996680498123169e-01
-3.136591315269470215e-01
-9.167426824569702148e-01
7.299614548683166504e-01
1.263060271739959717e-01
1.223835706710815430e+00
-3.282206356525421143e-01
-8.383592367172241211e-01
-1.832133769989013672e+00
1.335240244865417480e+00
-1.531324863433837891e+00
-6.642602086067199707e-01
1.029948949813842773e+00
2.461546808481216431e-01
1.350366353988647461e+00
-1.379668235778808594e+00
1.256807297468185425e-01
-7.547005414962768555e-01
5.098893046379089355e-01
8.740835785865783691e-01
-1.260336875915527344e+00
-9.564965367317199707e-01
9.195810556411743164e-01
-7.288730144500732422e-01
-2.492335736751556396e-01
-7.039747238159179688e-01
-1.867807358503341675e-01
4.684852659702301025e-01
9.693723917007446289e-01
-9.837900400161743164e-01
3.766053915023803711e-01
4.323238730430603027e-01
-4.155508875846862793e-01
-3.236738145351409912e-01
-5.403659939765930176e-01
1.136314272880554199e+00
-7.776528596878051758e-02
3.183282613754272461e-01
1.351709216833114624e-01
-5.251843929290771484e-01
7.657729983329772949e-01
8.629949688911437988e-01
-7.375420331954956055e-01
1.467887878417968750e+00
-4.051554203033447266e-01
7.357160449028015137e-01
8.268437534570693970e-02
-1.232505083084106445e+00
-5.451051592826843262e-01
1.411078453063964844e+00
-8.394018411636352539e-01
-1.202321290969848633e+00
6.775091290473937988e-01
1.035357594490051270e+00
7.046846151351928711e-01
-1.308625817298889160e+00
-3.288238644599914551e-01
-8.527811765670776367e-01
1.880361288785934448e-01
1.284021496772766113e+00
-8.755880594253540039e-01
-7.077689766883850098e-01
-8.097687363624572754e-01
1.770665347576141357e-01
1.020025014877319336e+00
3.027554750442504883e-01
-1.615978032350540161e-02
-1.201223254203796387e+00
-8.855367302894592285e-01
1.371681690216064453e+00
-4.151622056961059570e-01
-9.257110357284545898e-01
7.444305419921875000e-01
7.266941070556640625e-01
5.653656125068664551e-01
2.245479524135589600e-01
8.445460796356201172e-01
-1.503350377082824707e+00
-1.607670336961746216e-01
1.504560828208923340e+00
-8.654551506042480469e-01
-5.323303341865539551e-01
-4.805227816104888916e-01
2.993561625480651855e-01
6.564098000526428223e-01
2.608961760997772217e-01
2.744294703006744385e-01
-4.644882977008819580e-01
-6.321157813072204590e-01
3.333054184913635254e-01
-1.464525703340768814e-02
-2.112240195274353027e-01
4.067351222038269043e-01
3.303609788417816162e-01
3.218072354793548584e-01
1.861964464187622070e-01
4.220513403415679932e-01
-5.399680733680725098e-01
-1.051219582557678223e+00
3.324274420738220215e-01
-4.663801491260528564e-01
-4.245469868183135986e-01
-1.772394627332687378e-01
-6.297035515308380127e-02
1.995030939579010010e-01
5.103519558906555176e-01
-1.032427698373794556e-01
3.955189511179924011e-02
-4.302894473075866699e-01
-1.004869192838668823e-01
-3.885450065135955811e-01
6.944159418344497681e-02
8.719635196030139923e-03
-7.860645651817321777e-02
9.860085695981979370e-02
1.339728385210037231e-01
2.691318094730377197e-01
6.818761676549911499e-02
2.396807074546813965e-02
-8.848341181874275208e-03
-1.025331765413284302e-01
-2.141962051391601562e-01
-4.723283350467681885e-01
1.153042633086442947e-02
2.971506118774414062e-01
6.383047252893447876e-02
3.068572580814361572e-01
-3.594054281711578369e-01
-5.804370641708374023e-01
3.014978468418121338e-01
1.205872162245213985e-03
-5.033414959907531738e-01
8.274700492620468140e-02
4.645316600799560547e-01
2.028120905160903931e-01
-7.410045713186264038e-02
1.003619208931922913e-01
-3.881033062934875488e-01
-1.809017062187194824e-01
7.346726655960083008e-01
-3.447774350643157959e-01
-2.101355344057083130e-01
2.320209294557571411e-01
-3.673025965690612793e-01
-2.284378558397293091e-02
-4.308827221393585205e-01
-2.980883717536926270e-01
4.084217846393585205e-01
6.269803047180175781e-01
-5.533539652824401855e-01
4.335466027259826660e-01
3.103861510753631592e-01
-1.575105935335159302e-01
-2.953085899353027344e-01
-3.992370367050170898e-01
-2.590596973896026611e-01
3.243669122457504272e-02
6.019664406776428223e-01
-6.747303903102874756e-02
-4.050771892070770264e-01
6.130214333534240723e-01
5.119565129280090332e-01
-8.591771721839904785e-01
5.484853386878967285e-01
1.036480545997619629e+00
7.121729850769042969e-01
-4.325957000255584717e-01
-1.211026787757873535e+00
-1.328626513481140137e+00
1.289984822273254395e+00
-1.660363793373107910e+00
-1.372804045677185059e+00
7.533838152885437012e-01
1.034460067749023438e+00
1.502287864685058594e+00
8.793535083532333374e-02
1.387189269065856934e+00
-1.652596116065979004e+00
3.586545586585998535e-01
1.849020242691040039e+00
-9.754108786582946777e-01
-6.457058787345886230e-01
-5.479378700256347656e-01
2.848995625972747803e-01
1.991188824176788330e-01
2.974108457565307617e-01
-6.899119168519973755e-02
-2.233985066413879395e-01
-3.583832085132598877e-01
2.560323178768157959e-01
-1.693948656320571899e-01
-7.113762497901916504e-01
2.828342318534851074e-01
4.950617551803588867e-01
1.771305799484252930e-01
3.826065361499786377e-01
-1.658581569790840149e-02
-1.006523251533508301e+00
-1.220081090927124023e+00
7.172715067863464355e-01
-4.084734022617340088e-01
-2.273007929325103760e-01
-1.056505084037780762e+00
1.114002346992492676e+00
-2.289692461490631104e-01
8.675662875175476074e-01
2.337130606174468994e-01
-8.007990121841430664e-01
-5.363690257072448730e-01
1.557189464569091797e+00
-9.589259624481201172e-01
-1.861555933952331543e+00
8.627436757087707520e-01
1.953679203987121582e+00
3.239671587944030762e-01
-8.062654137611389160e-01
1.981028467416763306e-01
-8.687871694564819336e-01
4.758835211396217346e-02
1.996531367301940918e+00
-1.171311140060424805e+00
-7.881377935409545898e-01
-3.975130915641784668e-01
2.395411133766174316e-01
-3.010848462581634521e-01
-2.155033349990844727e-01
3.711676895618438721e-01
-1.778041571378707886e-01
5.185452699661254883e-01
-7.004637718200683594e-01
1.349158883094787598e-01
-5.169358253479003906e-01
5.581766963005065918e-01
-5.621302723884582520e-01
-3.123988807201385498e-01
-7.654393464326858521e-02
3.264433741569519043e-01
-1.137370523065328598e-02
-1.741411834955215454e-01
-2.006068229675292969e-01
1.234341114759445190e-01
-6.882249712944030762e-01
1.725797206163406372e-01
-1.760713309049606323e-01
3.278329670429229736e-01
-1.206071227788925171e-01
4.367076456546783447e-01
-2.569926679134368896e-01
3.354652225971221924e-02
-2.802399732172489166e-02
7.819851487874984741e-02
2.189195528626441956e-02
1.617462933063507080e-01
1.160177215933799744e-01
-4.885240197181701660e-01
-4.252703189849853516e-01
-4.803710058331489563e-02
-3.902509212493896484e-01
3.674376010894775391e-01
-7.408466339111328125e-01
-3.307579159736633301e-01
1.896833032369613647e-01
1.155488863587379456e-01
-2.537311315536499023e-01
-1.329263299703598022e-01
2.766866981983184814e-01
6.202146410942077637e-02
-3.354958891868591309e-01
-1.674944758415222168e-01
-1.017143353819847107e-01
-1.303683966398239136e-01
2.034517526626586914e-01
-2.461513727903366089e-01
1.079182177782058716e-01
-8.292710036039352417e-02
2.681002914905548096e-01
2.957740798592567444e-02
-2.112406343221664429e-01
-2.291907817125320435e-01
-2.634314894676208496e-01
-2.456180304288864136e-01
2.695926725864410400e-01
1.850409656763076782e-01
-6.160783171653747559e-01
4.461060166358947754e-01
5.969771742820739746e-02
-1.078453779220581055e+00
5.581560134887695312e-01
-4.094138145446777344e-01
5.389087796211242676e-01
1.558810621500015259e-01
4.723249673843383789e-01
-3.913091421127319336e-01
3.686970770359039307e-01
1.456350088119506836e+00
6.589175462722778320e-01
3.618570268154144287e-01
1.001237511634826660e+00
-4.844040274620056152e-01
9.053837060928344727e-01
4.023689031600952148e-01
9.966689348220825195e-01
-4.402415454387664795e-02
-4.517986476421356201e-01
-2.133729681372642517e-02
-9.685232490301132202e-02
7.330303639173507690e-02
2.584212422370910645e-01
-1.527788341045379639e-01
2.142612040042877197e-01
-3.632024228572845459e-01
1.748771518468856812e-01
-2.898474968969821930e-02
-1.168522164225578308e-01
1.886763274669647217e-01
-1.351366788148880005e-01
-9.984170198440551758e-01
2.520560920238494873e-01
-1.107285693287849426e-01
-3.676917254924774170e-01
-6.668113172054290771e-03
-7.000468671321868896e-02
2.358210384845733643e-01
-5.814858078956604004e-01
4.980778992176055908e-01
8.412800729274749756e-02
-4.985202848911285400e-01
5.632702112197875977e-01
-5.270493626594543457e-01
4.160307943820953369e-01
3.343867138028144836e-02
5.338072180747985840e-01
-3.127590715885162354e-01
1.487390249967575073e-01
5.109503865242004395e-01
7.322949916124343872e-02
6.466090679168701172e-02
3.969837725162506104e-01
-7.503831386566162109e-01
1.499093621969223022e-01
8.173925280570983887e-01
-5.588876083493232727e-03
1.401463449001312256e-01
3.148246109485626221e-01
7.292126771062612534e-03
-2.291620820760726929e-01
7.338221073150634766e-01
-8.058367967605590820e-01
3.956807777285575867e-02
-1.877292543649673462e-01
-1.517475694417953491e-01
-3.590187989175319672e-03
2.610555291175842285e-01
4.305673837661743164e-01
-4.728224575519561768e-01
5.374286696314811707e-02
-1.269271373748779297e+00
-5.650207400321960449e-01
9.651575684547424316e-01
-9.538469314575195312e-01
-6.469781398773193359e-01
2.424722015857696533e-01
2.559500187635421753e-02
8.495746552944183350e-02
1.123031228780746460e-01
-1.171580106019973755e-01
-3.199345245957374573e-02
-4.393892884254455566e-01
1.577076911926269531e-01
4.699568822979927063e-02
-6.978113055229187012e-01
1.148781031370162964e-01
9.007016569375991821e-02
-1.787326186895370483e-01
-4.602715969085693359e-01
3.182449191808700562e-02
-1.439994573593139648e+00
-4.970993380993604660e-03
4.756985604763031006e-01
-4.503524899482727051e-01
-1.132284551858901978e-01
-6.704817712306976318e-02
2.557369172573089600e-01
9.646972268819808960e-02
2.168553769588470459e-01
2.434560060501098633e-01
-9.050870686769485474e-02
-5.448151007294654846e-02
-3.028280138969421387e-01
2.757664322853088379e-01
-7.085334658622741699e-01
1.558931171894073486e-01
-9.651611559092998505e-03
9.276390075683593750e-03
5.260624364018440247e-02
-6.992997974157333374e-02
-1.839745998382568359e+00
-1.549693495035171509e-01
2.457817047834396362e-01
-4.150198400020599365e-01
-7.062379717826843262e-01
-1.175016686320304871e-01
-1.011952087283134460e-01
2.859928905963897705e-01
1.241582706570625305e-01
-4.096455872058868408e-02
6.936780214309692383e-01
-4.317890405654907227e-01
1.578264385461807251e-01
-2.806556224822998047e-01
-2.013552188873291016e-01
-2.612890899181365967e-01
1.301161497831344604e-01
1.536216288805007935e-01
-1.109823942184448242e+00
-7.694431543350219727e-01
-5.645895600318908691e-01
-8.857761025428771973e-01
9.034009575843811035e-01
-4.594878479838371277e-02
-7.963085174560546875e-01
2.158288806676864624e-01
-3.404195904731750488e-01
-4.249644652009010315e-02
1.193113625049591064e-01
-2.209127098321914673e-01
-5.222666636109352112e-02
3.008012771606445312e-01
4.611862078309059143e-02
1.656755059957504272e-01
8.808458447456359863e-01
1.680922806262969971e-01
-1.079341247677803040e-01
-2.712743878364562988e-01
1.696827709674835205e-01
2.853141427040100098e-01
1.207094073295593262e+00
2.966452538967132568e-01
-6.719727516174316406e-01
-5.342457443475723267e-02
7.952648997306823730e-01
-3.985922932624816895e-01
4.071059525012969971e-01
3.518414795398712158e-01
-3.107188940048217773e-01
-3.523942083120346069e-02
1.474870294332504272e-01
-5.492910742759704590e-01
5.913963317871093750e-01
-6.639422774314880371e-01
-2.847113609313964844e-01
-4.026157557964324951e-01
5.416179299354553223e-01
1.220769882202148438e-01
-5.875300765037536621e-01
-7.699140906333923340e-01
-1.677490770816802979e-01
-7.569470405578613281e-01
1.622692309319972992e-02
9.747047722339630127e-02
-2.068052738904953003e-01
4.345557093620300293e-01
4.124202728271484375e-01
-5.181560516357421875e-01
5.545171499252319336e-01
4.394769370555877686e-01
-3.157251477241516113e-01
4.219369292259216309e-01
-1.988655775785446167e-01
4.846267700195312500e-01
-7.024208549410104752e-03
3.492750525474548340e-01
-3.956045508384704590e-01
6.214805841445922852e-01
9.046465158462524414e-01
2.216233760118484497e-01
-3.368560373783111572e-01
6.889830231666564941e-01
-3.088499903678894043e-01
4.856671392917633057e-01
2.388808280229568481e-01
4.713324904441833496e-01
2.666738927364349365e-01
-3.591865003108978271e-01
5.165881514549255371e-01
-3.171712160110473633e-01
-4.828364849090576172e-01
3.569478094577789307e-01
-6.655085682868957520e-01
6.592126488685607910e-01
7.211702316999435425e-02
1.906554698944091797e-01
-4.461715519428253174e-01
2.793569564819335938e-01
3.057714998722076416e-01
6.983777284622192383e-01
-1.468115951865911484e-02
4.869040548801422119e-01
3.580643236637115479e-01
-4.177204370498657227e-01
4.433540105819702148e-01
-1.973426192998886108e-01
-9.519549608230590820e-01
-1.283473521471023560e-01
-4.530824720859527588e-01
-4.266112446784973145e-01
1.267595123499631882e-02
-2.928560599684715271e-02
4.993360042572021484e-01
-2.047727704048156738e-01
3.353096544742584229e-01
-7.000821828842163086e-01
7.389854788780212402e-01
-5.771480798721313477e-01
-2.749906778335571289e-01
-4.636813700199127197e-01
-1.576462835073471069e-01
-1.374492645263671875e-01
8.290398120880126953e-02
-3.092932403087615967e-01
-2.575233578681945801e-02
-5.439068078994750977e-01
-1.044247597455978394e-01
6.643309444189071655e-02
1.173234805464744568e-01
1.277059912681579590e-01
1.027131527662277222e-01
-1.508444100618362427e-01
-1.631536036729812622e-01
9.120339900255203247e-02
-6.384173035621643066e-01
1.902859508991241455e-01
-3.313292860984802246e-01
2.168710529804229736e-01
-5.637989938259124756e-02
-1.158422380685806274e-01
-1.344089388847351074e+00
-2.728615701198577881e-01
3.717913031578063965e-01
-2.645987272262573242e-01
-5.414851307868957520e-01
5.729070678353309631e-02
-1.514699906110763550e-01
-4.497344791889190674e-01
9.799138456583023071e-02
1.750649809837341309e-01
-4.018990695476531982e-01
1.262434273958206177e-01
-8.398069143295288086e-01
4.913907945156097412e-01
3.352716267108917236e-01
2.293186187744140625e-01
-7.208595275878906250e-01
-3.133887425065040588e-02
3.994229137897491455e-01
1.280057668685913086e+00
1.051911041140556335e-01
1.006663680076599121e+00
-2.269721403717994690e-02
-1.200232803821563721e-01
2.651185989379882812e-01
-3.299866020679473877e-01
2.300975918769836426e-01
7.654353976249694824e-01
-1.030179187655448914e-01
3.865442872047424316e-01
4.633889198303222656e-01
-5.912075638771057129e-01
2.632748782634735107e-01
-1.496650725603103638e-01
-1.116328164935112000e-01
7.124062627553939819e-02
3.277986347675323486e-01
1.994347423315048218e-01
5.319910645484924316e-01
-4.176113307476043701e-01
-1.139393091201782227e+00
-4.459499120712280273e-01
6.177197694778442383e-01
8.493332266807556152e-01
-4.766500890254974365e-01
4.275434315204620361e-01
-3.701812922954559326e-01
3.735777437686920166e-01
-4.285907745361328125e-01
-2.436111867427825928e-01
2.110260576009750366e-01
-4.606344997882843018e-01
1.889076083898544312e-01
-2.771989405155181885e-01
6.924625486135482788e-02
-3.651342391967773438e-01
2.637664675712585449e-01
-3.140103816986083984e-01
-4.803815484046936035e-01
-5.894410610198974609e-01
-2.374389618635177612e-01
-8.740959763526916504e-01
4.216149747371673584e-01
-4.304905533790588379e-01
-1.513337492942810059e-01
-1.378044337034225464e-01
3.780411183834075928e-02
5.167775973677635193e-02
-4.790052175521850586e-01
-7.798125501722097397e-03
-3.967884182929992676e-02
-8.736561536788940430e-01
1.956361532211303711e-01
-4.453468024730682373e-01
-1.930037587881088257e-01
-3.975078463554382324e-01
1.530598104000091553e-01
-9.761233627796173096e-02
-1.233565092086791992e+00
-2.666912376880645752e-01
-3.592391908168792725e-01
-7.503038644790649414e-01
9.963732445612549782e-04
-2.468071132898330688e-01
-4.348550438880920410e-01
-2.646845281124114990e-01
-1.014353260397911072e-01
5.072521567344665527e-01
-6.999709010124206543e-01
4.563688114285469055e-02
5.895348191261291504e-01
-2.275852262973785400e-01
3.157100379467010498e-01
-6.160255670547485352e-01
1.561808586120605469e-01
-3.425387442111968994e-01
1.546725332736968994e-01
-3.236000239849090576e-01
-3.405075073242187500e-01
-4.265090525150299072e-01
2.736482918262481689e-01
-5.069733858108520508e-01
3.715834617614746094e-01
-3.349231481552124023e-01
-4.837893247604370117e-01
-4.651295840740203857e-01
-6.168866157531738281e-02
-8.859766647219657898e-03
-2.107872813940048218e-01
4.074238240718841553e-01
4.703685268759727478e-02
-1.875592768192291260e-01
3.061548471450805664e-01
2.234698981046676636e-01
1.779158413410186768e-01
1.845994293689727783e-01
3.389947712421417236e-01
1.819052845239639282e-01
-2.869952321052551270e-01
8.952009677886962891e-02
-1.366981714963912964e-01
-4.558196663856506348e-01
-1.464120000600814819e-01
9.537938237190246582e-02
-9.220992773771286011e-02
3.225591778755187988e-01
-5.017040371894836426e-01
9.787067770957946777e-02
2.448651641607284546e-01
-5.491324514150619507e-02
4.170538485050201416e-01
-4.291508793830871582e-01
-3.283293247222900391e-01
5.236003547906875610e-03
-1.123165249824523926e+00
2.387002408504486084e-01
-4.001459479331970215e-01
4.824444055557250977e-01
4.512291848659515381e-01
-1.559728477150201797e-02
-1.638330072164535522e-01
7.173994779586791992e-01
-1.012317910790443420e-01
-3.867565095424652100e-01
-3.969613015651702881e-01
-5.122253298759460449e-01
1.143708974123001099e-01
6.005543842911720276e-02
-2.247523367404937744e-01
9.189039468765258789e-02
2.791877090930938721e-01
-3.887585997581481934e-01
2.799813449382781982e-01
9.298409521579742432e-02
-7.926275581121444702e-02
1.280148029327392578e+00
3.406894579529762268e-02
-1.766496002674102783e-01
-3.323143348097801208e-02
3.753231167793273926e-01
-2.417372763156890869e-01
1.382572501897811890e-01
-1.501794010400772095e-01
-5.282117426395416260e-02
1.883090436458587646e-01
-6.268879026174545288e-02
-1.098373532295227051e+00
6.517324447631835938e-01
1.237028837203979492e+00
2.034106850624084473e-01
9.293634891510009766e-01
-1.074265837669372559e+00
-3.503173887729644775e-01
-7.701974362134933472e-02
-1.914907395839691162e-01
1.355795621871948242e+00
3.632120490074157715e-01
3.485376238822937012e-01
-1.735781133174896240e-02
2.489101141691207886e-01
-4.241844117641448975e-01
-1.525896042585372925e-01
2.082988470792770386e-01
-3.837817609310150146e-01
-4.936659708619117737e-02
-9.213804602622985840e-01
1.351988036185503006e-02
-3.132405579090118408e-01
-3.670096099376678467e-01
-4.057493209838867188e-01
4.734421670436859131e-01
-4.858737438917160034e-02
-3.295745849609375000e-01
-6.812617778778076172e-01
-1.069912910461425781e-01
2.421221882104873657e-01
2.311814129352569580e-01
-1.033052131533622742e-01
-7.280842214822769165e-02
-1.408154666423797607e-01
-2.048387289047241211e+00
-1.792722940444946289e-01
-2.882454991340637207e-01
2.432608604431152344e-02
1.932135373353958130e-01
-3.163627684116363525e-01
3.093388304114341736e-02
-1.547058671712875366e-01
-1.971844434738159180e-01
7.288941740989685059e-02
-3.800238370895385742e-01
1.158371642231941223e-01
3.916548192501068115e-01
1.546938300132751465e+00
2.074119634926319122e-02
-3.759874999523162842e-01
-1.050047650933265686e-01
1.254906505346298218e-01
1.721407622098922729e-01
-1.821981556713581085e-02
1.120409965515136719e+00
1.937677264213562012e-01
8.467686176300048828e-02
-2.486119419336318970e-01
-3.025815784931182861e-01
4.157857894897460938e-01
-2.005068361759185791e-01
4.218646511435508728e-02
1.701674163341522217e-01
-4.083305224776268005e-02
9.454407542943954468e-02
1.489319205284118652e-01
-2.290522605180740356e-01
-1.134980440139770508e+00
6.666748970746994019e-02
-1.109610125422477722e-01
2.368655502796173096e-01
1.237873136997222900e-01
1.935160607099533081e-01
2.842175066471099854e-01
-1.528223037719726562e+00
-7.464466989040374756e-02
-3.799812495708465576e-02
4.982689768075942993e-02
8.802619576454162598e-02
-5.498316884040832520e-01
-2.566005587577819824e-01
-9.225320070981979370e-02
2.766423672437667847e-02
3.583053052425384521e-01
-8.879772387444972992e-03
-3.709518536925315857e-02
4.318122863769531250e-01
3.958882689476013184e-01
-2.830125987529754639e-01
-1.719307899475097656e-01
-1.836519837379455566e-01
-1.141627132892608643e-01
1.943581253290176392e-01
2.949943244457244873e-01
9.518831968307495117e-01
1.209798827767372131e-01
-4.421552121639251709e-01
3.450559824705123901e-02
-1.357221305370330811e-01
7.432524114847183228e-02
-2.457735687494277954e-02
-3.810722380876541138e-02
-3.464964926242828369e-01
2.132426053285598755e-01
-9.029293060302734375e-02
4.082567691802978516e-01
1.599651217460632324e+00
2.164597958326339722e-01
3.460712134838104248e-01
-6.231802701950073242e-01
-1.191128641366958618e-01
-5.139660835266113281e-02
2.398037910461425781e-01
-1.169735267758369446e-01
6.121265292167663574e-01
-1.575462669134140015e-01
2.549699842929840088e-01
-6.097615510225296021e-02
-2.759852111339569092e-01
4.557052552700042725e-01
-6.487860810011625290e-03
1.177951991558074951e-01
-1.843581795692443848e-01
3.907958418130874634e-02
1.853073835372924805e-01
-1.076252982020378113e-01
-1.599421352148056030e-01
-3.686646223068237305e-01
-1.208841800689697266e+00
3.769134879112243652e-01
-2.278677374124526978e-01
2.837568819522857666e-01
2.637504041194915771e-01
9.445556439459323883e-03
-2.741225659847259521e-01
4.109166562557220459e-01
-6.592585444450378418e-01
-9.369666874408721924e-02
-4.614946246147155762e-01
-3.399739563465118408e-01
-1.573708355426788330e-01
1.166924759745597839e-01
4.080295860767364502e-01
2.697344422340393066e-01
4.108987748622894287e-01
-5.115439891815185547e-01
-2.307103276252746582e-01
-2.803740501403808594e-01
-6.247884035110473633e-01
1.114652991294860840e+00
4.952590540051460266e-02
2.498173415660858154e-01
-1.756880581378936768e-01
5.518037453293800354e-02
-4.436317086219787598e-01
1.975318603217601776e-02
-1.667691022157669067e-01
-4.452064633369445801e-03
5.326272454112768173e-03
-2.097380310297012329e-01
1.667207032442092896e-01
-8.546202629804611206e-02
-3.050162792205810547e-01
-9.984267503023147583e-02
-2.036400586366653442e-01
5.493964417837560177e-04
2.303834706544876099e-01
6.208022236824035645e-01
3.314755558967590332e-01
4.955035448074340820e-02
-2.895176410675048828e-01
-6.397178769111633301e-02
-2.149698883295059204e-01
1.965185105800628662e-01
6.009376645088195801e-01
1.853681355714797974e-01
-2.191738635301589966e-01
-1.509723365306854248e-01
-9.567792713642120361e-02
2.661003172397613525e-01
3.150113858282566071e-03
2.217763960361480713e-01
2.901914417743682861e-01
2.035788744688034058e-01
-7.981108501553535461e-03
-6.158892065286636353e-02
-4.921317994594573975e-01
-1.161979556083679199e+00
-2.091216295957565308e-01
1.430280506610870361e-01
3.439386785030364990e-01
5.067041143774986267e-02
-1.824717968702316284e-01
1.671773940324783325e-01
-1.259646534919738770e+00
-3.792084753513336182e-01
2.152147144079208374e-01
3.409406244754791260e-01
-9.489355981349945068e-02
-9.838257730007171631e-02
-8.979865908622741699e-01
7.920249104499816895e-01
7.978910803794860840e-01
-5.064935684204101562e-01
3.181765973567962646e-01
-1.133488893508911133e+00
-1.895449906587600708e-01
6.579611450433731079e-03
-5.860533714294433594e-01
-2.270054519176483154e-01
-1.612047851085662842e-01
1.415728032588958740e-01
-3.303369507193565369e-02
-3.634200394153594971e-01
-5.991066694259643555e-01
1.920725964009761810e-02
2.002923190593719482e-01
-4.114974439144134521e-01
-3.401051759719848633e-01
-5.042043924331665039e-01
-4.267661869525909424e-01
3.025771677494049072e-01
6.107088327407836914e-01
7.225559949874877930e-01
6.386910378932952881e-02
5.247047170996665955e-02
-1.544377803802490234e-01
6.031466722488403320e-01
-2.951543331146240234e-01
-1.525942683219909668e-01
-9.552809596061706543e-02
3.009292064234614372e-03
2.087802290916442871e-01
-2.960602939128875732e-01
6.702633500099182129e-01
-4.101705551147460938e-02
3.008961081504821777e-01
2.184400707483291626e-02
-1.988977938890457153e-01
-8.260861039161682129e-02
-8.528218604624271393e-03
1.302576959133148193e-01
-1.894480437040328979e-01
-9.354140609502792358e-02
-3.889334201812744141e-01
5.488769412040710449e-01
9.678983688354492188e-01
2.433758080005645752e-01
1.647318750619888306e-01
-1.513410091400146484e+00
3.071841597557067871e-01
3.212993592023849487e-02
-1.011631637811660767e-01
-5.949232578277587891e-01
-4.823131486773490906e-02
9.593927115201950073e-02
3.263535201549530029e-01
-1.267194449901580811e-01
7.164813578128814697e-02
3.836175799369812012e-01
1.993804126977920532e-01
-3.512904345989227295e-01
-2.807559669017791748e-01
-5.597385764122009277e-01
-3.925696909427642822e-01
-3.489184379577636719e-02
4.489783942699432373e-01
-3.757917881011962891e-01
-1.140711680054664612e-01
-2.300600856542587280e-01
-1.377551117911934853e-03
-2.294203042984008789e-01
-7.197920978069305420e-02
5.110166668891906738e-01
-2.402219474315643311e-01
2.222939878702163696e-01
2.901200056076049805e-01
3.244017362594604492e-01
1.563447862863540649e-01
5.255534648895263672e-01
-2.194989770650863647e-01
-1.818317025899887085e-01
1.858376413583755493e-01
2.145622730255126953e+00
1.540086567401885986e-01
-2.312278002500534058e-02
5.844243615865707397e-02
1.656679809093475342e-01
2.366458065807819366e-02
-1.791660934686660767e-01
-5.158672109246253967e-02
3.560415804386138916e-01
3.918730616569519043e-01
1.933017522096633911e-01
5.177568197250366211e-01
-1.261983811855316162e-01
-2.122952602803707123e-02
-1.021978259086608887e-01
-2.702141404151916504e-01
-2.268137633800506592e-01
8.588026762008666992e-01
-4.217285811901092529e-01
-6.650857925415039062e-01
-2.427044697105884552e-02
-5.571823716163635254e-01
8.799619078636169434e-01
4.783329665660858154e-01
2.848587036132812500e-01
-2.530081430450081825e-03
-1.550420641899108887e+00
9.429678320884704590e-04
-3.503938913345336914e-01
2.329675108194351196e-01
-2.199292480945587158e-01
4.500146508216857910e-01
2.553686499595642090e-01
-4.161007702350616455e-02
3.388430178165435791e-01
2.477088421583175659e-01
5.204695463180541992e-01
-1.899186819791793823e-01
2.526367604732513428e-01
1.843575537204742432e-01
1.071917936205863953e-01
3.934849500656127930e-01
-7.306019961833953857e-02
3.675518929958343506e-01
1.950465291738510132e-01
-8.636919260025024414e-01
1.681407839059829712e-01
-6.327912807464599609e-01
4.697020351886749268e-02
7.219924330711364746e-01
2.857059240341186523e-01
-1.383106596767902374e-02
6.111056208610534668e-01
-1.163089871406555176e+00
-3.931213915348052979e-01
-2.593916952610015869e-01
-2.353949248790740967e-01
-2.508200109004974365e-01
2.134274244308471680e-01
2.373583316802978516e-01
2.509517371654510498e-01
4.850899577140808105e-01
2.395191229879856110e-02
7.210242003202438354e-02
5.734859779477119446e-02
-8.940188288688659668e-01
3.670930266380310059e-01
-3.576899766921997070e-01
3.183208033442497253e-02
6.536237597465515137e-01
-4.227480664849281311e-02
1.237269043922424316e-01
8.105825185775756836e-01
-1.102450847625732422e+00
-2.320962548255920410e-01
-1.842880696058273315e-01
5.527129769325256348e-02
-2.792977392673492432e-01
-1.704826951026916504e-03
4.722990468144416809e-02
8.494013547897338867e-02
3.191357851028442383e-01
2.176559530198574066e-02
2.614632621407508850e-02
5.634979605674743652e-01
-4.974758028984069824e-01
3.250092864036560059e-01
1.001899093389511108e-01
-4.930320680141448975e-01
6.424241513013839722e-02
8.006142824888229370e-02
6.885264068841934204e-02
1.094600930809974670e-02
4.053545594215393066e-01
1.628027409315109253e-01
-2.598566114902496338e-01
-6.670977473258972168e-01
-2.994025647640228271e-01
-3.906333148479461670e-01
-4.435153305530548096e-01
1.395291537046432495e-01
-6.194177549332380295e-03
5.663283914327621460e-02
-4.350572228431701660e-01
-1.116211786866188049e-01
-3.287665843963623047e-01
-6.784077882766723633e-01
2.750298753380775452e-02
-8.032730966806411743e-02
-2.261893451213836670e-01
2.569847106933593750e-01
7.869990170001983643e-02
-3.686016798019409180e-02
2.951672971248626709e-01
5.183116197586059570e-01
-5.810757875442504883e-01
-4.765266180038452148e-01
8.538701385259628296e-02
3.918877243995666504e-01
-2.596006393432617188e-01
-5.789166092872619629e-01
6.134535670280456543e-01
-8.841967582702636719e-01
9.495209902524948120e-03
5.849778056144714355e-01
-1.921999454498291016e-02
3.436713516712188721e-01
2.714351713657379150e-01
-1.270330429077148438e+00
7.602210342884063721e-02
-3.439597785472869873e-02
4.610403776168823242e-01
7.480826973915100098e-02
1.489674150943756104e-01
2.858142554759979248e-01
4.302724301815032959e-01
5.655820295214653015e-02
-9.514112025499343872e-02
4.225884675979614258e-01
-7.316861301660537720e-02
1.294746398925781250e+00
7.178607583045959473e-02
2.943278551101684570e-01
-2.636231780052185059e-01
-7.817652076482772827e-03
-9.155502170324325562e-02
7.088652998208999634e-02
-6.889413297176361084e-02
3.411117494106292725e-01
-4.312619864940643311e-01
-3.757962882518768311e-01
-1.868366748094558716e-01
-3.324272036552429199e-01
4.653110727667808533e-02
2.353896386921405792e-02
3.595830127596855164e-02
4.967004992067813873e-03
2.061149477958679199e-02
2.399570345878601074e-01
3.741110563278198242e-01
2.166681587696075439e-01
-9.050145745277404785e-02
-2.044097930192947388e-01
-2.816053330898284912e-01
-5.270850658416748047e-01
-6.417149305343627930e-02
1.285430192947387695e-01
-4.702727794647216797e-01
1.969229802489280701e-02
-3.287380337715148926e-01
1.142407581210136414e-01
-9.464775919914245605e-01
-1.676001586019992828e-02
-2.803372740745544434e-01
-5.743148326873779297e-01
-2.306921631097793579e-01
-2.866035699844360352e-01
8.780387789011001587e-02
-4.687223583459854126e-02
-3.877729475498199463e-01
-5.523683428764343262e-01
3.897629082202911377e-01
-1.861887812614440918e+00
5.225875377655029297e-01
2.697786688804626465e-01
-2.602119445800781250e-01
3.296669721603393555e-01
4.002109766006469727e-01
-1.209045767784118652e+00
-1.482724845409393311e-01
-1.248975619673728943e-01
1.476722508668899536e-01
2.995856702327728271e-01
2.090717256069183350e-01
3.433404564857482910e-01
5.202404260635375977e-01
2.367832511663436890e-01
3.482979238033294678e-01
2.364192754030227661e-01
7.803739309310913086e-01
-1.454660892486572266e-01
9.115374833345413208e-02
3.635317683219909668e-01
-2.257696837186813354e-01
9.124338626861572266e-02
7.263120263814926147e-02
1.012462973594665527e+00
-2.240087389945983887e-01
1.187678128480911255e-01
6.571732759475708008e-01
2.570832371711730957e-01
2.021148987114429474e-02
-8.213425055146217346e-03
3.428107127547264099e-02
-6.944282054901123047e-01
3.623307347297668457e-01
-2.902735471725463867e-01
-5.760259032249450684e-01
2.843813225626945496e-02
1.923711150884628296e-01
1.572295308113098145e+00
-3.403871059417724609e-01
1.373392581939697266e+00
-5.504716038703918457e-01
1.638435944914817810e-02
-5.745745301246643066e-01
-2.293748259544372559e-01
-1.615703403949737549e-01
5.015178322792053223e-01
-3.801875114440917969e-01
-3.609020113945007324e-01
-2.734031677246093750e-01
-2.433238327503204346e-01
1.765885651111602783e-01
-1.647251695394515991e-01
-4.694068338721990585e-03
-4.213664233684539795e-01
2.053801715373992920e-01
5.043449625372886658e-02
2.867218554019927979e-01
4.309757351875305176e-01
-1.565190434455871582e+00
-2.662114500999450684e-01
1.663340479135513306e-01
-5.676326155662536621e-01
3.518571853637695312e-01
-1.412222087383270264e-01
-3.585581481456756592e-01
5.310046672821044922e-01
1.527265459299087524e-01
1.047160923480987549e-01
-2.157149016857147217e-01
-5.863025784492492676e-01
-1.074598059058189392e-01
-4.360847175121307373e-01
-1.151025742292404175e-01
2.875455915927886963e-01
-2.517009675502777100e-01
3.544584512710571289e-01
8.571246266365051270e-01
-6.539165973663330078e-02
-1.570960134267807007e-01
-4.069151729345321655e-02
-2.122596055269241333e-01
-5.475777387619018555e-01
-1.703116856515407562e-02
-1.382019072771072388e-01
-1.127646863460540771e-01
3.091202676296234131e-01
-1.693364419043064117e-02
3.435515165328979492e-01
-2.010415315628051758e+00
-5.404748767614364624e-02
-1.685801148414611816e-01
-7.261151075363159180e-01
-1.951625645160675049e-01
1.070513352751731873e-01
-1.377747356891632080e-01
-7.795299291610717773e-01
-3.923886120319366455e-01
-5.794373154640197754e-02
9.543951600790023804e-03
-1.340018957853317261e-01
-3.903515171259641647e-03
5.971503257751464844e-01
8.244945108890533447e-02
-8.703818172216415405e-02
-2.167973294854164124e-02
6.537584215402603149e-02
-1.642138063907623291e-01
1.406564712524414062e-01
1.665667653083801270e+00
2.198822200298309326e-01
1.247841566801071167e-01
4.689168930053710938e-01
-2.283249646425247192e-01
-1.321435272693634033e-01
7.341001182794570923e-02
6.408190727233886719e-02
-3.100577890872955322e-01
-3.813565671443939209e-01
9.952476024627685547e-01
-3.231589794158935547e-01
2.605808079242706299e-01
5.352889299392700195e-01
3.718187212944030762e-01
8.879224956035614014e-02
2.178537249565124512e-01
-1.067105054855346680e+00
1.413795202970504761e-01
1.510324478149414062e-01
3.248010575771331787e-01
2.518137991428375244e-01
3.569928109645843506e-01
2.032600492238998413e-01
3.635512888431549072e-01
2.643265724182128906e-01
3.915146887302398682e-01
9.925107955932617188e-01
-3.298713266849517822e-02
-2.917235195636749268e-01
-3.027133941650390625e-01
1.300186067819595337e-01
-1.117263734340667725e-01
-2.585536837577819824e-01
1.855280846357345581e-01
5.859815478324890137e-01
-2.127580791711807251e-01
2.777574062347412109e-01
-4.357630759477615356e-02
-6.428006291389465332e-02
-1.264528393745422363e+00
-9.181271493434906006e-02
-1.175702288746833801e-01
2.247239090502262115e-02
-1.411626338958740234e-01
-2.508253753185272217e-01
-3.319644033908843994e-01
-1.006097078323364258e+00
-1.924903988838195801e-01
6.320472359657287598e-01
-3.530321121215820312e-01
1.389160156250000000e-01
1.606563627719879150e-01
-8.144580572843551636e-02
8.979145437479019165e-02
-5.234107971191406250e-01
-7.716250419616699219e-02
2.162768244743347168e-01
-3.093014657497406006e-01
-4.424021244049072266e-01
2.204170525074005127e-01
-1.412975192070007324e-01
4.021050930023193359e-01
2.288401275873184204e-01
7.034274935722351074e-02
1.720309406518936157e-01
5.318490862846374512e-01
2.563244819641113281e+00
1.089244246482849121e+00
-4.276809394359588623e-01
6.028438359498977661e-02
1.760405749082565308e-01
-3.036296069622039795e-01
-3.593019545078277588e-01
-4.638180136680603027e-02
1.239299893379211426e+00
-4.214208722114562988e-01
3.247868418693542480e-01
7.790803909301757812e-01
2.262621372938156128e-01
9.332103282213211060e-02
2.649017572402954102e-01
9.287120401859283447e-02
-9.830527901649475098e-01
9.910584986209869385e-02
-5.552775859832763672e-01
2.137660235166549683e-01
1.111248508095741272e-01
-2.276775687932968140e-01
-2.387694567441940308e-01
1.146622538566589355e+00
-3.382601439952850342e-01
4.416929483413696289e-01
3.939634859561920166e-01
2.924413979053497314e-01
1.667357981204986572e-01
2.416176944971084595e-01
-8.582438826560974121e-01
3.059765994548797607e-01
2.575647234916687012e-01
2.343927174806594849e-01
1.520198732614517212e-01
4.573416411876678467e-01
1.705234795808792114e-01
3.485894203186035156e-01
2.034706175327301025e-01
-4.721617400646209717e-01
2.335650175809860229e-01
4.895884990692138672e-01
3.011744618415832520e-01
-7.551242709159851074e-01
1.024489879608154297e+00
-2.253742814064025879e-01
-2.829338312149047852e-01
-4.775614142417907715e-01
1.523151397705078125e-01
-2.462970763444900513e-01
1.153880357742309570e+00
-4.201310276985168457e-01
-6.585083901882171631e-02
-5.118466615676879883e-01
-2.443485334515571594e-02
-1.881139576435089111e-01
-3.592094779014587402e-01
-5.077573060989379883e-01
-3.589326515793800354e-02
-4.093838930130004883e-01
-2.854712009429931641e-01
-1.762617379426956177e-01
8.060191869735717773e-01
-6.487117707729339600e-02
1.933610886335372925e-01
-4.572072327136993408e-01
1.514860838651657104e-01
-9.168720245361328125e-02
-4.027326405048370361e-01
-1.624491810798645020e-01
9.128616750240325928e-02
4.573637619614601135e-03
5.085775628685951233e-02
1.695581674575805664e-01
-2.734496295452117920e-01
6.071679592132568359e-01
1.615111976861953735e-01
1.235579401254653931e-01
-5.219389218837022781e-03
-4.803024232387542725e-01
-5.988759994506835938e-01
-4.703505039215087891e-01
2.443815395236015320e-02
2.791706845164299011e-02
-3.167648911476135254e-01
4.709211736917495728e-02
4.474982917308807373e-01
-8.248874545097351074e-02
-5.373461842536926270e-01
1.742877662181854248e-01
-2.005413472652435303e-01
-5.299334526062011719e-01
-6.531129777431488037e-02
8.632078766822814941e-01
3.959805965423583984e-01
1.170705407857894897e-01
8.184943795204162598e-01
-3.109809756278991699e-01
-3.751042485237121582e-02
-4.613593220710754395e-01
-6.076999008655548096e-02
-1.058071106672286987e-01
9.502202868461608887e-01
-3.350530937314033508e-02
2.600619196891784668e-01
-2.515101671218872070e+00
5.061271786689758301e-02
-1.966067850589752197e-01
-4.243174195289611816e-01
-4.641924053430557251e-02
1.063261851668357849e-01
-1.388890296220779419e-01
-6.695244908332824707e-01
-1.005912125110626221e-01
-2.613596618175506592e-01
-2.305123805999755859e-01
7.832247763872146606e-02
-8.631440401077270508e-01
-7.326329350471496582e-01
-9.253675937652587891e-01
2.133449614048004150e-01
3.845462501049041748e-01
7.899647355079650879e-01
-4.597548246383666992e-01
9.895969033241271973e-01
-2.111553400754928589e-01
-2.037281841039657593e-01
-4.537078738212585449e-01
1.143767982721328735e-01
-2.709383964538574219e-01
4.761022031307220459e-01
-2.824509441852569580e-01
5.735125858336687088e-03
-3.903875350952148438e-01
-4.281465709209442139e-01
1.923222467303276062e-02
-9.781575947999954224e-02
-1.832778006792068481e-01
-2.409435212612152100e-01
2.160882502794265747e-01
3.870694637298583984e-01
3.826516866683959961e-01
-4.614005982875823975e-01
2.483280003070831299e-01
5.669806003570556641e-01
6.212812382727861404e-03
-5.223754644393920898e-01
-6.647117435932159424e-02
-5.348325967788696289e-01
6.186553835868835449e-02
-1.817232966423034668e-01
-5.898132324218750000e-01
2.300551086664199829e-01
2.733897268772125244e-01
-3.608761131763458252e-01
-1.752475053071975708e-01
-6.591290831565856934e-01
2.434874176979064941e-01
-1.408141404390335083e-01
-1.180273890495300293e+00
3.953847289085388184e-01
-2.315340749919414520e-02
2.226102203130722046e-01
4.748070836067199707e-01
7.456176877021789551e-01
7.269868627190589905e-03
2.404460906982421875e-01
2.858781218528747559e-01
1.184613704681396484e-01
2.670697867870330811e-01
-6.556282937526702881e-02
-4.411560595035552979e-01
6.278526186943054199e-01
-1.348626166582107544e-01
-8.018639087677001953e-01
-6.861882805824279785e-01
-8.461688160896301270e-01
-1.075072407722473145e+00
6.758097410202026367e-01
-1.057647585868835449e+00
2.398519366979598999e-01
-1.491319835186004639e-01
4.568430185317993164e-01
2.276251018047332764e-01
2.639908194541931152e-01
-3.338847756385803223e-01
4.144579470157623291e-01
8.886788487434387207e-01
7.441583089530467987e-03
4.429473355412483215e-02
4.640091955661773682e-01
-3.595623373985290527e-01
6.950668096542358398e-01
-1.864183843135833740e-01
-2.487909495830535889e-01
-1.618848294019699097e-01
-8.195312619209289551e-01
-6.047644615173339844e-01
-3.988412618637084961e-01
-1.869697421789169312e-01
2.075955867767333984e-01
-5.396836996078491211e-01
-3.808119893074035645e-01
2.720734477043151855e-01
-5.405108332633972168e-01
-4.121165275573730469e-01
-1.157398291979916394e-04
-1.637905955314636230e+00
6.709628105163574219e-01
4.289036095142364502e-01
-7.125161290168762207e-01
8.214156031608581543e-01
-2.883685231208801270e-01
1.912759989500045776e-01
-5.590417981147766113e-01
7.688427716493606567e-02
1.826504170894622803e-01
-1.313778162002563477e-01
6.490336358547210693e-02
-5.978238582611083984e-01
4.773359000682830811e-01
-2.813788354396820068e-01
5.498080849647521973e-01
-3.521262109279632568e-02
7.913862466812133789e-01
-2.093495607376098633e+00
3.269847929477691650e-01
2.849856615066528320e-01
-5.602453947067260742e-01
5.143126845359802246e-01
5.911793708801269531e-01
-3.559537231922149658e-01
1.962299942970275879e-01
2.476730346679687500e-01
-8.345137834548950195e-01
-4.595922827720642090e-01
-7.027987241744995117e-01
-1.848356127738952637e+00
-6.162583827972412109e-01
8.806809037923812866e-02
-3.184038102626800537e-01
4.157674312591552734e-02
6.162180900573730469e-01
7.722731679677963257e-02
-1.931076794862747192e-01
5.764201879501342773e-01
5.347400307655334473e-01
4.003192186355590820e-01
-3.780639916658401489e-02
-4.009198248386383057e-01
3.697801753878593445e-02
-5.991620011627674103e-03
3.022381365299224854e-01
-8.653694391250610352e-01
3.857963383197784424e-01
3.976022303104400635e-01
3.589898347854614258e-01
9.827686846256256104e-02
1.222617745399475098e+00
2.740837633609771729e-01
-7.634702920913696289e-01
1.194372028112411499e-01
1.556020975112915039e-01
-7.173245549201965332e-01
1.827429085969924927e-01
5.281227454543113708e-02
1.563212126493453979e-01
-1.180043146014213562e-01
-8.149338513612747192e-02
-1.072831988334655762e+00
3.580850660800933838e-01
-8.180232346057891846e-02
5.499161034822463989e-02
-5.353985428810119629e-01
9.766914844512939453e-01
-1.089282613247632980e-02
7.809603121131658554e-03
5.962992906570434570e-01
4.104596674442291260e-01
-3.990087807178497314e-01
5.393821597099304199e-01
-7.678177356719970703e-01
-2.588295340538024902e-01
1.281234771013259888e-01
3.503203392028808594e-01
-7.179442644119262695e-01
-8.752966672182083130e-02
2.881478071212768555e-01
-2.700926363468170166e-01
2.410175055265426636e-01
-1.529640108346939087e-01
-6.098726987838745117e-01
1.770365536212921143e-01
1.876887381076812744e-01
-6.108921766281127930e-01
-8.140886425971984863e-01
-4.290310740470886230e-01
3.019789755344390869e-01
-8.281600475311279297e-01
1.761575639247894287e-01
4.310126602649688721e-01
-1.134142398834228516e+00
-1.735862344503402710e-01
2.035639733076095581e-01
2.503697574138641357e-01
-4.934567213058471680e-01
-4.464926719665527344e-01
6.995994448661804199e-01
-4.375783503055572510e-01
-1.034774468280375004e-03
1.919180750846862793e-01
-9.121220111846923828e-01
3.017221987247467041e-01
3.038859069347381592e-01
-5.277046561241149902e-02
-8.920015096664428711e-01
1.058134287595748901e-01
-8.245731145143508911e-02
-2.065915316343307495e-01
5.982925370335578918e-02
-3.330076336860656738e-01
3.378332853317260742e-01
3.019992709159851074e-01
-5.258394479751586914e-01
-9.740194678306579590e-02
-2.778407037258148193e-01
1.390871405601501465e-01
-2.015646249055862427e-01
2.337097674608230591e-01
-8.586035966873168945e-01
-1.356222182512283325e-01
3.247814178466796875e-01
2.469119578599929810e-01
-4.209638535976409912e-01
8.213159441947937012e-01
1.577015370130538940e-01
-2.319127470254898071e-01
2.294944971799850464e-01
-3.169337287545204163e-02
4.472113549709320068e-01
-6.919481754302978516e-01
1.311369985342025757e-01
2.677029073238372803e-01
-9.072473049163818359e-01
-2.702802717685699463e-01
-1.937259882688522339e-01
5.372102856636047363e-01
7.418294996023178101e-02
6.769271939992904663e-02
-3.986034691333770752e-01
-1.723265945911407471e-01
2.126170694828033447e-02
2.084826231002807617e-01
-8.069356679916381836e-01
5.816308259963989258e-01
6.800656318664550781e-01
4.136931896209716797e-01
2.043755799531936646e-01
1.127110362052917480e+00
5.607463791966438293e-02
-9.848943948745727539e-01
-1.178220510482788086e-01
5.313475728034973145e-01
-5.903070569038391113e-01
2.294832281768321991e-02
3.980889916419982910e-01
1.633414179086685181e-01
4.122983813285827637e-01
3.770866617560386658e-02
-1.096877217292785645e+00
1.490076929330825806e-01
-2.116568386554718018e-01
2.436920851469039917e-01
-6.023412942886352539e-01
6.386168599128723145e-01
8.878785371780395508e-02
1.146462336182594299e-01
3.835785388946533203e-01
1.796282082796096802e-01
3.994790911674499512e-01
-4.076296389102935791e-01
1.877556592226028442e-01
1.292843073606491089e-01
-3.532816767692565918e-01
-4.826047718524932861e-01
3.978855907917022705e-01
1.429730772972106934e+00
4.404362440109252930e-01
1.208118349313735962e-01
-9.904539585113525391e-01
1.270492821931838989e-01
8.810658007860183716e-02
2.595648467540740967e-01
-8.175675868988037109e-01
5.082852840423583984e-01
3.715898394584655762e-01
3.599897325038909912e-01
3.086178004741668701e-01
2.253736853599548340e-01
-1.049670457839965820e+00
6.260542273521423340e-01
-7.471183538436889648e-01
-4.418054521083831787e-01
5.772799849510192871e-01
1.843804717063903809e-01
-4.231528043746948242e-01
3.464969573542475700e-03
1.437897384166717529e-01
3.450941145420074463e-01
4.714020192623138428e-01
-5.862167477607727051e-02
-2.131474912166595459e-01
4.671647548675537109e-01
3.547390401363372803e-01
-5.858315825462341309e-01
-1.302731871604919434e+00
-4.533947706222534180e-01
-1.227425318211317062e-02
-7.889505028724670410e-01
-4.872581362724304199e-02
-1.755484789609909058e-01
1.004170060157775879e+00
2.174966037273406982e-01
-2.408225536346435547e-01
-3.914429247379302979e-01
6.386125683784484863e-01
5.003585219383239746e-01
-1.312708109617233276e-01
3.453594744205474854e-01
-5.166986957192420959e-02
-1.724309027194976807e-01
6.172733306884765625e-01
-6.114400029182434082e-01
-2.544642388820648193e-01
9.541609883308410645e-02
1.033797621726989746e+00
1.244984269142150879e-01
-5.472840070724487305e-01
2.427408099174499512e-02
-1.022016331553459167e-01
-4.892311990261077881e-01
3.908443748950958252e-01
9.112578630447387695e-02
-2.648952901363372803e-01
-3.352176249027252197e-01
2.773993909358978271e-01
1.173983737826347351e-01
-9.742210805416107178e-02
3.714103400707244873e-01
-5.539833307266235352e-01
-6.119518354535102844e-02
2.638821005821228027e-01
-5.533320829272270203e-02
-2.618256807327270508e-01
5.417146086692810059e-01
1.561616301536560059e+00
4.778563976287841797e-01
2.503215372562408447e-01
3.228290379047393799e-01
-3.736870288848876953e-01
7.258681207895278931e-02
-5.664940550923347473e-02
3.581750094890594482e-01
1.501856148242950439e-01
7.756205201148986816e-01
-4.432468712329864502e-01
-9.383471310138702393e-02
-2.257650643587112427e-01
-4.900545179843902588e-01
6.569536775350570679e-02
6.529429554939270020e-01
-1.103200316429138184e+00
7.297736406326293945e-01
3.838977813720703125e-01
6.665707565844058990e-03
1.455762684345245361e-01
-6.138700842857360840e-01
-4.248498380184173584e-02
-4.342794045805931091e-02
-1.023527383804321289e-01
-3.348284959793090820e-01
1.307880163192749023e+00
3.847982585430145264e-01
-5.160177946090698242e-01
-3.847903907299041748e-01
1.042065858840942383e+00
5.282288789749145508e-01
-3.931337594985961914e-02
4.318215847015380859e-01
1.685453355312347412e-01
3.957771882414817810e-02
4.175894260406494141e-01
-9.067861437797546387e-01
-2.691340744495391846e-01
4.783839285373687744e-01
4.510760307312011719e-01
4.907057881355285645e-01
3.765729814767837524e-02
4.800252914428710938e-01
3.989858925342559814e-01
-3.743617832660675049e-01
1.100908398628234863e+00
2.874417901039123535e-01
-6.084553599357604980e-01
-6.121981143951416016e-02
8.766288161277770996e-01
2.696153223514556885e-01
3.093481361865997314e-01
-4.465561807155609131e-01
-4.757159948348999023e-01
4.104535654187202454e-02
1.420052051544189453e-01
-6.709889322519302368e-02
-4.532406032085418701e-01
3.239972591400146484e-01
5.687717795372009277e-01
3.566378951072692871e-01
2.500884532928466797e-01
-9.011697024106979370e-02
-2.428880035877227783e-01
-1.488663442432880402e-02
3.935796618461608887e-01
1.676094830036163330e-01
1.245766356587409973e-01
5.616816878318786621e-01
1.392276212573051453e-02
-1.875354200601577759e-01
3.092340826988220215e-01
-9.011958241462707520e-01
1.365042570978403091e-02
4.608543813228607178e-01
-3.478522896766662598e-01
3.972938954830169678e-01
-1.915621757507324219e-01
-2.198688387870788574e-01
-1.086181327700614929e-01
-3.413092494010925293e-01
1.332558095455169678e-01
5.010542273521423340e-02
3.564665019512176514e-01
3.847257196903228760e-01
-2.740981243550777435e-02
1.780196577310562134e-01
-5.654458329081535339e-02
8.212227821350097656e-01
2.176957875490188599e-01
-3.143475055694580078e-01
3.111255168914794922e-01
-1.409459233283996582e+00
-4.143613576889038086e-01
1.905113458633422852e-01
-1.053835153579711914e+00
2.773700058460235596e-01
4.487376287579536438e-02
9.395115077495574951e-02
1.916819959878921509e-01
-3.768472671508789062e-01
5.624581575393676758e-01
1.693105399608612061e-01
-1.089234948158264160e+00
-1.859346628189086914e+00
-8.633350729942321777e-01
-7.103651762008666992e-01
1.411032378673553467e-01
7.888857126235961914e-01
-7.701733112335205078e-01
8.130871057510375977e-01
3.697501420974731445e-01
-1.152671054005622864e-01
-1.326740384101867676e-01
3.660069108009338379e-01
-1.105895400047302246e+00
-5.108587210997939110e-04
-2.561578154563903809e-01
3.375243246555328369e-01
-1.790596246719360352e-01
1.169101476669311523e+00
6.339470744132995605e-01
5.658174157142639160e-01
1.306744962930679321e-01
3.406823277473449707e-01
-5.682981014251708984e-01
-7.415608763694763184e-01
-7.335279136896133423e-02
-3.238129615783691406e-01
3.709304928779602051e-01
3.130060732364654541e-01
2.017053961753845215e-02
-3.205550909042358398e-01
1.840067952871322632e-01
-5.641840696334838867e-01
3.200308680534362793e-01
-3.595121204853057861e-01
-2.681643664836883545e-01
2.197647094726562500e-01
-3.679527640342712402e-01
-3.342791795730590820e-01
-6.874857842922210693e-02
3.362595140933990479e-01
-1.466586709022521973e+00
-1.240999221801757812e+00
3.427880406379699707e-01
5.302160978317260742e-01
1.286123692989349365e-01
4.118302762508392334e-01
-6.602573990821838379e-01
1.583224982023239136e-01
1.694129109382629395e-01
3.723765909671783447e-01
1.431624144315719604e-01
8.112769722938537598e-01
-1.195985317230224609e+00
1.079588979482650757e-01
-1.139944791793823242e-01
-1.107445433735847473e-01
1.117574702948331833e-02
9.650977849960327148e-01
-4.151679202914237976e-02
7.483395934104919434e-02
2.914796471595764160e-01
3.223061859607696533e-01
9.981823563575744629e-01
1.367133021354675293e+00
-1.165600121021270752e-01
-1.612820178270339966e-01
-2.106518298387527466e-02
-5.130615234375000000e-01
1.567627489566802979e-01
9.574672579765319824e-02
-4.153751134872436523e-01
3.061617910861968994e-01
3.886193931102752686e-01
-8.368785679340362549e-02
-3.117715120315551758e-01
-2.936673760414123535e-01
-1.534971743822097778e-01
-1.193799171596765518e-02
4.590661525726318359e-01
1.749351620674133301e-01
-3.424903750419616699e-01
1.354257225990295410e+00
-3.397295475006103516e-01
