6.048234105110168457e-01
-3.444727957248687744e-01
-2.489307671785354614e-01
6.855114698410034180e-01
-4.599004983901977539e-01
5.421739816665649414e-01
-1.141449436545372009e-01
9.605746865272521973e-01
5.030602961778640747e-02
8.666362166404724121e-01
1.521020382642745972e-01
-3.733649849891662598e-01
1.495669186115264893e-01
-6.467420607805252075e-02
-1.886172145605087280e-01
-5.722985863685607910e-01
6.911094486713409424e-02
9.443807601928710938e-01
4.519780278205871582e-01
6.024789214134216309e-01
-2.793745398521423340e-01
-3.100453019142150879e-01
-1.047581210732460022e-01
-4.696457982063293457e-01
-2.279177308082580566e-01
-6.665011644363403320e-01
3.276872038841247559e-01
7.315136790275573730e-01
-5.058406591415405273e-01
1.327195316553115845e-01
3.432123661041259766e-01
4.622674882411956787e-01
3.154744505882263184e-01
-8.564005494117736816e-01
-5.445973277091979980e-01
-2.195490747690200806e-01
7.660629749298095703e-01
5.358667671680450439e-02
4.727529287338256836e-01
-6.813459992408752441e-01
7.794679999351501465e-01
-7.241147160530090332e-01
8.416073322296142578e-01
-7.157815098762512207e-01
-7.448800802230834961e-01
3.140842616558074951e-01
-6.418614983558654785e-01
3.056228160858154297e-01
-6.181198954582214355e-01
2.421940863132476807e-01
-8.995847702026367188e-01
-4.043919146060943604e-01
7.077144980430603027e-01
-2.908729612827301025e-01
1.047280430793762207e+00
8.798652887344360352e-01
-1.014556884765625000e-01
-7.472106218338012695e-01
9.647290706634521484e-01
5.324398875236511230e-01
7.107476890087127686e-02
-2.076212465763092041e-01
1.077325195074081421e-01
-1.076115518808364868e-01
-1.320998072624206543e-01
1.653572022914886475e-01
1.802714318037033081e-01
1.985582411289215088e-01
-2.549425959587097168e-01
-3.871558010578155518e-01
1.687015146017074585e-01
3.732977807521820068e-02
7.473492622375488281e-02
-2.148235291242599487e-01
3.125342726707458496e-02
7.064291276037693024e-03
-1.703141182661056519e-01
1.219884976744651794e-01
-1.069835200905799866e-02
3.173699975013732910e-01
-1.955339014530181885e-01
-2.200580239295959473e-01
-2.739346623420715332e-01
-2.187911570072174072e-01
1.626594066619873047e-01
6.907042115926742554e-02
-3.108377754688262939e-02
3.101884722709655762e-01
-1.201732084155082703e-01
-3.983138203620910645e-01
2.877226173877716064e-01
2.951311469078063965e-01
6.665003485977649689e-03
-2.492289841175079346e-01
-3.246337473392486572e-01
-3.397406637668609619e-01
2.853447198867797852e-01
2.603633403778076172e-01
-1.650914549827575684e-01
-1.522121280431747437e-01
2.635320723056793213e-01
-4.601338505744934082e-02
3.828813433647155762e-01
2.351993620395660400e-01
-4.250822067260742188e-01
-1.548321992158889771e-01
3.241877630352973938e-02
3.388804793357849121e-01
-9.156647324562072754e-02
-2.632942609488964081e-02
-2.167084999382495880e-02
8.323494344949722290e-02
5.541390180587768555e-01
-3.791032135486602783e-01
1.850827634334564209e-01
2.304730117321014404e-01
-2.077196985483169556e-01
7.651956379413604736e-02
-6.657283008098602295e-02
-2.416453212499618530e-01
-2.530807852745056152e-01
2.371036857366561890e-01
1.898675262928009033e-01
-2.322338521480560303e-01
2.529253363609313965e-01
3.416511416435241699e-02
9.126787073910236359e-03
-7.001520693302154541e-02
3.635375201702117920e-01
-1.527824066579341888e-02
4.699049517512321472e-02
7.854874432086944580e-02
-2.885099314153194427e-02
-9.452734142541885376e-02
8.928842842578887939e-02
6.347616761922836304e-02
-1.027061343193054199e-01
-3.103296831250190735e-02
-2.536318600177764893e-01
-3.908505141735076904e-01
-3.589476048946380615e-01
2.924385964870452881e-01
-2.676445432007312775e-02
7.130467891693115234e-01
3.521837294101715088e-01
-1.187045406550168991e-02
2.431645244359970093e-02
-3.472422659397125244e-01
6.763843894004821777e-01
4.560506045818328857e-01
-3.282262980937957764e-01
-2.015067189931869507e-01
-1.458310335874557495e-01
3.928995132446289062e-01
-1.438642889261245728e-01
2.919787466526031494e-01
-7.492906451225280762e-01
-3.827060759067535400e-01
-2.044578082859516144e-02
-6.060211062431335449e-01
2.597726508975028992e-02
-2.841854095458984375e-01
1.629834324121475220e-01
-3.073852360248565674e-01
-6.157604455947875977e-01
2.145292609930038452e-01
-1.579103171825408936e-01
5.386226177215576172e-01
-9.841861128807067871e-01
-2.711344659328460693e-01
-1.453636586666107178e-01
1.437737345695495605e-01
4.628777503967285156e-01
-4.938434362411499023e-01
2.904655039310455322e-01
2.250024080276489258e-01
3.517933189868927002e-01
-3.049071505665779114e-02
2.741920761764049530e-02
4.753295481204986572e-01
-3.009741306304931641e-01
1.460018754005432129e-01
-6.610192656517028809e-01
-1.989718079566955566e-01
6.909427791833877563e-02
1.644639670848846436e-02
3.748767375946044922e-01
-2.674584984779357910e-01
1.815256625413894653e-01
-1.946299821138381958e-01
3.960456550121307373e-01
2.562071681022644043e-01
-5.434567928314208984e-01
1.617224365472793579e-01
-3.432745635509490967e-01
-4.541650414466857910e-01
5.826792120933532715e-01
4.073520600795745850e-01
-2.800506167113780975e-02
-2.809776663780212402e-01
-2.472306042909622192e-02
1.653459668159484863e-01
3.422172665596008301e-01
3.528898060321807861e-01
6.554669141769409180e-02
-9.710045158863067627e-02
-1.633775532245635986e-01
2.360168695449829102e-01
1.104397848248481750e-01
-1.954627484083175659e-01
4.612557962536811829e-02
5.819267034530639648e-02
-9.837494790554046631e-02
-1.984969526529312134e-01
3.974849879741668701e-01
1.466002464294433594e-01
-4.230003058910369873e-01
-1.299106180667877197e-01
-7.199136912822723389e-02
-2.855601608753204346e-01
3.169473111629486084e-01
-1.976713389158248901e-01
-7.263654470443725586e-02
-1.934347748756408691e-01
-3.372313454747200012e-02
2.256738841533660889e-01
-1.826216876506805420e-01
1.316737532615661621e-01
5.198222398757934570e-02
5.532726049423217773e-01
-2.108694463968276978e-01
-2.881767451763153076e-01
2.999187707901000977e-01
1.767802536487579346e-01
3.651746362447738647e-02
1.533551514148712158e-01
3.259462490677833557e-02
-5.252452194690704346e-02
6.449686884880065918e-01
4.529675245285034180e-01
-8.615413308143615723e-02
-1.515234634280204773e-02
4.142760634422302246e-01
3.108333647251129150e-01
-3.639298081398010254e-01
3.801641985774040222e-02
-3.705621957778930664e-01
-1.097134798765182495e-01
-3.060378432273864746e-01
3.808242380619049072e-01
-4.864473361521959305e-03
-3.301003277301788330e-01
2.265386134386062622e-01
1.656526476144790649e-01
3.172015249729156494e-01
1.117289587855339050e-01
-4.906832575798034668e-01
-4.925650730729103088e-02
1.785990893840789795e-01
-5.612939596176147461e-02
9.209711104631423950e-02
1.724482774734497070e-01
-5.248760581016540527e-01
-1.948000937700271606e-01
2.962774336338043213e-01
-2.455810159444808960e-01
5.088081955909729004e-01
-1.776539534330368042e-01
3.049299120903015137e-01
-3.584157824516296387e-01
4.062691032886505127e-01
4.942642152309417725e-01
-1.864248663187026978e-01
8.407443016767501831e-02
-4.543281197547912598e-01
-4.158241748809814453e-01
2.610687315464019775e-01
2.416778951883316040e-01
-2.571736574172973633e-01
1.240254268050193787e-01
2.565859556198120117e-01
-4.347326159477233887e-01
2.936457693576812744e-01
-6.720713973045349121e-01
-5.512179136276245117e-01
1.502975672483444214e-01
-2.663916647434234619e-01
4.583044648170471191e-01
-7.679461836814880371e-01
8.961906284093856812e-02
-3.103770911693572998e-01
-2.782327234745025635e-01
6.353315711021423340e-01
-2.831290662288665771e-01
1.519272327423095703e-01
2.197061777114868164e-01
-1.580166518688201904e-01
-1.874604374170303345e-01
-6.259926129132509232e-03
1.689055562019348145e-01
-1.321693230420351028e-02
9.225514531135559082e-02
5.845559239387512207e-01
1.990366876125335693e-01
-5.981220677495002747e-02
-2.325963675975799561e-01
-5.927619934082031250e-01
4.581021070480346680e-01
-1.145984381437301636e-01
-5.879737436771392822e-02
-1.146891862154006958e-01
-1.559855341911315918e-01
3.336775600910186768e-01
-6.560868024826049805e-01
6.285229325294494629e-01
-1.591984182596206665e-01
-5.310972929000854492e-01
1.515068262815475464e-01
1.285182982683181763e-01
-1.482222080230712891e-01
1.603260338306427002e-01
-2.543246448040008545e-01
2.640506029129028320e-01
-3.097247332334518433e-02
-2.602982521057128906e-01
8.697767555713653564e-02
-4.257167577743530273e-01
2.208173871040344238e-01
-4.195306003093719482e-01
1.578916013240814209e-01
-2.473329901695251465e-01
-2.263767421245574951e-01
5.092440247535705566e-01
-1.075946614146232605e-01
3.314541280269622803e-01
2.634288668632507324e-01
-2.582654356956481934e-01
-4.211707711219787598e-01
3.001578450202941895e-01
1.792593747377395630e-01
4.743230342864990234e-01
-4.758184552192687988e-01
3.103806404396891594e-03
2.663352489471435547e-01
-1.955363452434539795e-01
3.380908370018005371e-01
-3.019677698612213135e-01
-2.846349477767944336e-01
-2.132413685321807861e-01
4.801047146320343018e-01
-2.300333529710769653e-01
-2.941431403160095215e-01
6.431633979082107544e-02
3.498237729072570801e-01
3.795866072177886963e-01
4.898029863834381104e-01
3.399938046932220459e-01
-6.657983660697937012e-01
1.050030350685119629e+00
3.074992895126342773e-01
5.762784928083419800e-02
-3.058115541934967041e-01
5.301387310028076172e-01
1.904727220535278320e-01
-3.715746803209185600e-03
1.412293463945388794e-01
-5.700008273124694824e-01
-5.275987088680267334e-02
2.919890731573104858e-02
2.574834227561950684e-02
-4.971576631069183350e-01
-2.510108649730682373e-01
1.764878183603286743e-01
-1.226040050387382507e-01
3.072034418582916260e-01
2.887277305126190186e-01
-7.466439604759216309e-01
-4.592386540025472641e-03
2.931455671787261963e-01
5.356547981500625610e-02
3.477940559387207031e-01
-6.798287034034729004e-01
-1.091471537947654724e-01
-3.130551278591156006e-01
9.066314250230789185e-02
2.842100560665130615e-01
2.402526140213012695e-01
1.955637484788894653e-01
-7.865811884403228760e-02
-7.072302103042602539e-01
2.354666441679000854e-01
4.007525146007537842e-01
-6.551767140626907349e-02
-5.250477194786071777e-01
-6.298983097076416016e-02
-3.544143438339233398e-01
6.630494594573974609e-01
8.314619064331054688e-01
-5.701323598623275757e-02
9.349030852317810059e-01
2.837445437908172607e-01
-5.697443485260009766e-01
-4.361917823553085327e-02
-9.009910225868225098e-01
-6.668698191642761230e-01
1.820102185010910034e-01
-7.711175829172134399e-02
3.219271302223205566e-01
-8.391418457031250000e-01
-4.822963178157806396e-01
-5.946040153503417969e-03
2.927727699279785156e-01
3.980178236961364746e-01
-8.848768472671508789e-01
8.063155412673950195e-02
1.278402376919984818e-02
2.821067869663238525e-01
2.172418087720870972e-01
-6.263933330774307251e-02
4.670579731464385986e-01
5.471802782267332077e-03
5.832586793985683471e-06
2.686722576618194580e-01
1.959457248449325562e-01
1.028882805258035660e-02
1.577263176441192627e-01
-2.116317749023437500e-01
-1.642753034830093384e-01
1.042936965823173523e-01
3.555332869291305542e-02
-1.554316878318786621e-01
-2.544593513011932373e-01
1.023113057017326355e-01
1.402514725923538208e-01
2.725058794021606445e-01
-8.289826661348342896e-02
-3.669523075222969055e-02
-6.853774189949035645e-02
2.415898442268371582e-01
4.447879791259765625e-01
-6.264728903770446777e-01
4.906599819660186768e-01
-3.998329043388366699e-01
2.717132680118083954e-02
1.574888974428176880e-01
-1.011423021554946899e-01
7.927767932415008545e-02
1.482793539762496948e-01
-1.882128417491912842e-02
-5.380978584289550781e-01
3.370200693607330322e-01
3.510347902774810791e-01
1.043578907847404480e-01
-3.143196702003479004e-01
8.098591119050979614e-03
-7.163251191377639771e-02
-1.031508296728134155e-01
1.832015365362167358e-01
-5.051931738853454590e-01
-4.847059845924377441e-01
5.241793021559715271e-02
-3.870067000389099121e-01
3.177058696746826172e-01
-2.592664361000061035e-01
-1.194409802556037903e-01
5.077666640281677246e-01
-5.093191862106323242e-01
-6.623158603906631470e-02
2.135060280561447144e-01
5.269366130232810974e-02
-4.291907548904418945e-01
4.025916755199432373e-01
3.639017343521118164e-01
5.273603200912475586e-01
5.209880471229553223e-01
5.130479931831359863e-01
-4.185557961463928223e-01
1.380965858697891235e-01
2.425025552511215210e-01
-4.317573308944702148e-01
3.672684133052825928e-01
-4.105767607688903809e-01
1.042818903923034668e+00
-1.344488859176635742e-01
1.378183364868164062e-01
1.811434030532836914e-01
-4.731220901012420654e-01
3.909695744514465332e-01
1.201202422380447388e-01
2.285914570093154907e-01
-2.506589591503143311e-01
4.597944915294647217e-01
7.908180952072143555e-01
1.433309763669967651e-01
2.260657548904418945e-01
4.503808915615081787e-01
3.167370557785034180e-01
-5.661275237798690796e-02
1.490171849727630615e-01
5.728340521454811096e-02
-2.304575443267822266e-01
-1.832568198442459106e-01
-1.370081156492233276e-01
-4.916353821754455566e-01
3.614982664585113525e-01
1.372874826192855835e-01
-8.270804584026336670e-02
-1.593534350395202637e-01
4.299564957618713379e-01
1.712947785854339600e-01
-1.159136518836021423e-01
1.847432851791381836e-01
-9.345615655183792114e-02
1.700097024440765381e-01
2.623248994350433350e-01
-2.418274432420730591e-01
-7.774616032838821411e-02
5.063534975051879883e-01
-5.288800597190856934e-02
-2.910328209400177002e-01
2.713463306427001953e-01
-1.440580002963542938e-02
1.989261656999588013e-01
-3.802917525172233582e-02
-5.070342496037483215e-02
-3.001163899898529053e-01
2.710627317428588867e-01
-6.804832816123962402e-02
-1.424402445554733276e-01
-7.563368976116180420e-02
2.392058819532394409e-01
2.283226400613784790e-01
1.675963699817657471e-01
-1.195923313498497009e-01
-1.587886959314346313e-01
-3.648690581321716309e-01
-8.271246552467346191e-01
1.148398637771606445e+00
-3.154378235340118408e-01
2.333033233880996704e-01
1.479953080415725708e-01
-9.453242272138595581e-02
-1.097986772656440735e-01
-3.754385709762573242e-01
-7.387452721595764160e-01
-4.815445840358734131e-02
-1.895555406808853149e-01
-7.042473554611206055e-02
-1.212250813841819763e-01
1.533640474081039429e-01
-5.845830962061882019e-02
-5.261805653572082520e-01
-6.796426139771938324e-03
-1.067837998270988464e-01
-5.557153373956680298e-02
1.130486354231834412e-01
5.389910340309143066e-01
-2.617753148078918457e-01
-2.004355192184448242e-01
-2.045504152774810791e-01
-6.752867698669433594e-01
-1.902178674936294556e-01
-4.110343754291534424e-01
-6.942108869552612305e-01
-5.136332288384437561e-02
1.354193985462188721e-01
-2.928036451339721680e-02
-3.134144544601440430e-01
4.443553686141967773e-01
-2.842335402965545654e-01
1.250923424959182739e-01
-2.728771567344665527e-01
-3.556783199310302734e-01
-1.749891638755798340e-01
1.726003885269165039e-01
-1.694719940423965454e-01
-9.047248214483261108e-02
5.210423842072486877e-02
1.082225665450096130e-01
-4.103959202766418457e-01
8.583753705024719238e-01
-1.299394369125366211e-01
2.019219100475311279e-01
8.474848866462707520e-01
-6.710682064294815063e-02
1.700697988271713257e-01
-4.298098981380462646e-01
4.455767571926116943e-01
1.757239252328872681e-01
4.302950501441955566e-01
-1.996555328369140625e-01
2.093170583248138428e-01
1.142748236656188965e+00
3.047044575214385986e-01
1.289880424737930298e-01
4.522241652011871338e-01
4.328105598688125610e-02
6.898555755615234375e-01
1.879001855850219727e-01
1.484256237745285034e-01
2.012907415628433228e-01
-1.439660787582397461e-01
8.555299043655395508e-02
-8.680040389299392700e-02
-9.066764116287231445e-01
-5.162799954414367676e-01
-3.287337720394134521e-02
1.745420843362808228e-01
-2.100358605384826660e-01
3.949286788702011108e-02
-8.931011706590652466e-02
-1.738165467977523804e-01
-1.380640268325805664e-01
1.379465162754058838e-01
1.291821599006652832e-01
3.766635060310363770e-01
3.812996745109558105e-01
-3.977161347866058350e-01
2.565445005893707275e-01
2.082559838891029358e-02
-6.718050688505172729e-02
-2.802541553974151611e-01
3.214088380336761475e-01
-4.597673658281564713e-03
1.236090287566184998e-01
4.107714891433715820e-01
-2.591507732868194580e-01
2.916728556156158447e-01
1.443434059619903564e-01
2.644699215888977051e-01
-2.428644895553588867e-02
-2.898505330085754395e-02
3.387402594089508057e-01
1.536190807819366455e-01
1.448042392730712891e-01
1.496139019727706909e-01
-1.165520325303077698e-01
-2.591615617275238037e-01
2.397516183555126190e-02
-3.468510508537292480e-01
2.779980897903442383e-01
1.455363333225250244e-01
-1.068968093022704124e-03
8.225595355033874512e-01
1.057927012443542480e-01
-7.177623361349105835e-02
-4.115009680390357971e-03
-1.313235145062208176e-02
-9.210395216941833496e-01
-4.341761469841003418e-01
3.418246656656265259e-02
8.561607450246810913e-02
-3.931477069854736328e-01
-3.113881945610046387e-01
-1.184695839881896973e+00
-3.147302269935607910e-01
2.657493352890014648e-01
1.606181561946868896e-01
-2.435328364372253418e-01
1.035694956779479980e+00
-9.993907809257507324e-01
3.350403606891632080e-01
-5.594748854637145996e-01
-8.855898976325988770e-01
1.346707344055175781e-02
2.057446108665317297e-04
5.003767609596252441e-01
-4.760652780532836914e-01
1.771533489227294922e-01
-8.794186264276504517e-02
2.987265884876251221e-01
-1.003018021583557129e+00
-7.158752083778381348e-01
-1.227539926767349243e-01
-4.061082378029823303e-02
-1.801985502243041992e-01
-2.042385190725326538e-01
-4.812579751014709473e-01
1.438362896442413330e-02
-2.968715131282806396e-01
5.037520527839660645e-01
4.693680405616760254e-01
-9.815318137407302856e-02
-3.426585793495178223e-01
-1.927511841058731079e-01
-9.098313748836517334e-02
1.041579544544219971e-01
-8.177287578582763672e-01
-1.009409651160240173e-01
-2.066609449684619904e-02
1.444269120693206787e-01
1.579935550689697266e-01
-2.743124663829803467e-01
-9.239762276411056519e-02
-2.316640615463256836e-01
-2.740148007869720459e-01
3.512889742851257324e-01
4.220579862594604492e-01
9.743484854698181152e-02
2.036451399326324463e-01
-1.828310489654541016e-01
-1.486206054687500000e-01
-5.820573493838310242e-02
4.863969683647155762e-01
-2.236062735319137573e-01
-7.744076251983642578e-01
1.470534205436706543e-01
2.351006492972373962e-02
1.774759404361248016e-02
-4.289744794368743896e-01
1.654902123846113682e-03
-7.475911974906921387e-01
2.077076584100723267e-01
-1.582850068807601929e-01
-5.311327427625656128e-02
4.158004745841026306e-02
6.481471061706542969e-01
-1.074689626693725586e+00
7.585719972848892212e-02
-7.506001740694046021e-02
6.423413753509521484e-01
-1.690941452980041504e-01
2.570990622043609619e-01
-4.362405240535736084e-01
-6.627704948186874390e-02
1.126343131065368652e+00
-2.917838990688323975e-01
1.214262172579765320e-01
-4.455822706222534180e-02
1.499646250158548355e-02
-2.220293730497360229e-01
9.820468425750732422e-01
1.649375110864639282e-01
2.817345857620239258e-01
4.045530557632446289e-01
3.430529534816741943e-01
3.050037026405334473e-01
9.525178670883178711e-01
1.000039726495742798e-01
-3.305567204952239990e-01
1.351727098226547241e-01
4.297575056552886963e-01
-1.265842169523239136e-01
-1.333144158124923706e-01
-7.663685083389282227e-01
-2.351348549127578735e-01
4.868271052837371826e-01
-1.962062343955039978e-02
-2.705303430557250977e-01
-2.391473501920700073e-01
5.284700393676757812e-01
4.780248925089836121e-02
-2.069035619497299194e-01
-5.523709058761596680e-01
-1.219318807125091553e-01
-1.815248876810073853e-01
2.475838422775268555e+00
2.396962344646453857e-01
-3.946293592453002930e-01
-1.510582566261291504e-01
-5.489356517791748047e-01
-3.726480305194854736e-01
3.369567990303039551e-01
-4.048712849617004395e-01
-1.839846074581146240e-01
2.468094676733016968e-01
-3.193199932575225830e-01
2.400138229131698608e-01
4.408901631832122803e-01
5.423530936241149902e-02
-3.930636644363403320e-01
-1.760539710521697998e-01
-3.446554020047187805e-02
3.536593616008758545e-01
1.209897160530090332e+00
1.394843459129333496e-01
-9.025820344686508179e-02
-2.871306240558624268e-01
6.870038807392120361e-02
-9.355061054229736328e-01
7.825302891433238983e-03
1.156400591135025024e-01
6.770888715982437134e-02
2.407092787325382233e-02
-7.188557982444763184e-01
-3.182321786880493164e-01
-3.833690583705902100e-01
7.006374746561050415e-02
5.867310240864753723e-02
3.884778916835784912e-02
-3.780916631221771240e-01
-2.479540109634399414e-01
7.912324368953704834e-02
1.865160018205642700e-01
1.713189780712127686e-01
2.870781719684600830e-01
9.588657021522521973e-01
-7.445008158683776855e-01
-1.675792336463928223e-01
1.168507114052772522e-01
2.640284299850463867e-01
4.401951432228088379e-01
-3.949672356247901917e-02
2.931670248508453369e-01
-1.074457764625549316e-01
-2.123707979917526245e-01
2.265053242444992065e-01
-5.020973831415176392e-02
-5.581972599029541016e-01
-8.405581116676330566e-02
2.369101941585540771e-01
5.659744609147310257e-03
-9.544195234775543213e-02
-2.149047702550888062e-01
-5.764880776405334473e-01
-8.430882543325424194e-02
5.569390058517456055e-01
3.819606006145477295e-01
-8.434676378965377808e-02
4.327602684497833252e-01
4.649325460195541382e-02
3.768279552459716797e-01
-3.447940051555633545e-01
-5.760759115219116211e-02
1.334424018859863281e-01
-2.066292613744735718e-01
2.051720917224884033e-01
-1.767146140336990356e-01
-2.698962688446044922e-01
-1.323327422142028809e-01
2.898006737232208252e-01
-1.811296795494854450e-03
-2.052762210369110107e-01
-4.645987749099731445e-01
-1.010529249906539917e-01
-2.909922003746032715e-01
1.994381994009017944e-01
-2.041420936584472656e-01
-2.794198393821716309e-01
3.284696638584136963e-01
2.287528961896896362e-01
-2.882487773895263672e-01
8.007939159870147705e-02
3.862129151821136475e-01
8.038576841354370117e-01
-1.018546894192695618e-01
-3.389939367771148682e-01
2.558294236660003662e-01
4.274371266365051270e-01
5.267118811607360840e-01
-2.912212908267974854e-01
2.719895839691162109e-01
-3.346764668822288513e-02
5.940023809671401978e-02
-1.878420263528823853e-01
2.805881500244140625e-01
-1.324713468551635742e+00
-6.199815869331359863e-02
1.699764840304851532e-02
-1.850683838129043579e-01
1.962197721004486084e-01
-2.013583332300186157e-01
8.499565534293651581e-03
2.496083527803421021e-01
-5.057756602764129639e-02
2.252662777900695801e-01
-2.554489076137542725e-01
1.586820185184478760e-01
1.651571691036224365e-01
1.679199337959289551e-01
-4.130360782146453857e-01
-2.499687299132347107e-02
3.963579535484313965e-01
2.225634902715682983e-01
2.048056423664093018e-01
1.460014432668685913e-01
-2.891694605350494385e-01
-1.660454720258712769e-01
2.635785192251205444e-02
-3.723954558372497559e-01
2.151394337415695190e-01
-2.185232788324356079e-01
-1.253652423620223999e-01
2.328490912914276123e-01
2.593035995960235596e-01
4.955630749464035034e-03
2.665987312793731689e-01
3.178853690624237061e-01
-1.526519656181335449e-01
-1.107931658625602722e-01
7.913777977228164673e-02
1.409828364849090576e-01
5.751578807830810547e-01
-2.764238119125366211e-01
1.505670547485351562e-01
6.752064079046249390e-02
-3.151519298553466797e-01
1.365203317254781723e-02
2.724839374423027039e-03
1.947603225708007812e-01
2.241120636463165283e-01
1.175664365291595459e-01
-2.417653053998947144e-01
-1.866573393344879150e-01
9.428946971893310547e-01
-5.095913410186767578e-01
-4.121584296226501465e-01
-3.945912048220634460e-02
-4.911371767520904541e-01
2.085196375846862793e-01
2.282667346298694611e-02
-1.526356935501098633e-01
2.339403778314590454e-01
3.530653938651084900e-02
3.740140050649642944e-02
6.106985360383987427e-02
1.128487214446067810e-01
-9.460773319005966187e-03
-2.570240013301372528e-02
-9.554518014192581177e-02
-1.664867699146270752e-01
5.686774253845214844e-01
-2.769478857517242432e-01
5.245942473411560059e-01
7.722271084785461426e-01
-7.589758038520812988e-01
-2.384985685348510742e-01
1.537150889635086060e-01
-4.137651622295379639e-01
8.475089669227600098e-01
-1.755002886056900024e-02
-2.767557464540004730e-02
-1.080618649721145630e-01
-5.246006324887275696e-02
8.589909225702285767e-02
1.346835345029830933e-01
-1.197397112846374512e-01
-1.254799515008926392e-01
1.413504779338836670e-01
5.451371520757675171e-02
-1.350334882736206055e-01
3.561430871486663818e-01
5.049911141395568848e-01
-3.843509256839752197e-01
3.371609449386596680e-01
3.005143105983734131e-01
2.973657250404357910e-01
3.758294740691781044e-03
-4.516850113868713379e-01
-1.021994464099407196e-02
2.287445962429046631e-01
1.826897449791431427e-02
-2.653378844261169434e-01
6.085018161684274673e-03
-1.656153500080108643e-01
-8.234902024269104004e-01
1.639459729194641113e-01
1.001079604029655457e-01
1.865721940994262695e-01
-4.563735798001289368e-02
3.129605054855346680e-01
-1.699500679969787598e-01
-4.478993713855743408e-01
-1.486432403326034546e-01
4.768862575292587280e-02
1.037503242492675781e+00
1.208490729331970215e-01
2.365135550498962402e-01
1.339081674814224243e-01
-3.308536410331726074e-01
-9.684107452630996704e-02
-9.666874259710311890e-02
1.332098245620727539e-01
2.105684392154216766e-02
2.330978363752365112e-01
-4.819466546177864075e-02
-1.774854362010955811e-01
-3.614936470985412598e-01
6.997519731521606445e-02
3.673476576805114746e-01
2.701828479766845703e-01
2.113561145961284637e-02
-2.135381400585174561e-01
1.369344294071197510e-01
8.990586735308170319e-03
2.124747633934020996e-01
7.605308294296264648e-02
4.975795149803161621e-01
-4.031034708023071289e-01
-4.824416935443878174e-01
-2.173023223876953125e-01
2.084779143333435059e-01
5.125035643577575684e-01
-3.903434872627258301e-01
4.826061055064201355e-02
1.931935846805572510e-01
-1.587994694709777832e-01
-4.581180512905120850e-01
1.209006179124116898e-02
4.370329976081848145e-01
-2.834077477455139160e-01
-1.347416639328002930e-01
1.043185293674468994e-01
2.921237349510192871e-01
-2.596632540225982666e-01
1.541412621736526489e-02
1.227608546614646912e-01
-1.725875288248062134e-01
3.622161597013473511e-02
-1.871549189090728760e-01
2.398342490196228027e-01
5.897080525755882263e-02
3.312088176608085632e-02
7.040441036224365234e-01
1.474033668637275696e-02
6.577768921852111816e-01
2.870021462440490723e-01
-1.391440443694591522e-02
-5.395976901054382324e-01
-3.381134867668151855e-01
-2.505642175674438477e-01
-9.156002663075923920e-03
-1.106685400009155273e-01
3.344248235225677490e-02
4.739087820053100586e-01
-2.195551097393035889e-01
9.106770157814025879e-02
6.212153658270835876e-02
-1.822671175003051758e+00
-9.074661135673522949e-02
-2.824960947036743164e-01
4.424748476594686508e-03
3.093563616275787354e-01
3.088248074054718018e-01
1.052387118339538574e+00
3.327783346176147461e-01
-8.500269651412963867e-01
-6.174943223595619202e-02
-5.392735600471496582e-01
1.631818413734436035e-01
4.738703742623329163e-02
-4.815463721752166748e-02
-4.035829603672027588e-01
6.486979126930236816e-01
1.938601024448871613e-02
2.325126081705093384e-01
3.785160779953002930e-01
3.514932096004486084e-01
-1.218385219573974609e+00
-3.579003214836120605e-01
-3.899682164192199707e-01
6.304273009300231934e-02
1.090747833251953125e+00
7.099485397338867188e-01
1.255656123161315918e+00
9.136202335357666016e-01
1.111384183168411255e-01
-3.673447966575622559e-01
-7.690460085868835449e-01
4.396041333675384521e-01
7.593876123428344727e-02
3.354206681251525879e-01
3.023636639118194580e-01
-1.724901944398880005e-01
-3.024769127368927002e-01
-1.386440545320510864e-01
-6.935675740242004395e-01
-3.785492479801177979e-01
-2.791002690792083740e-01
2.125239372253417969e-01
4.106112420558929443e-01
-4.266378581523895264e-01
-1.543567478656768799e-01
1.103017628192901611e-01
-3.890672028064727783e-01
-1.803670644760131836e+00
2.333717048168182373e-01
3.883044421672821045e-01
-2.484452538192272186e-02
-2.411342114210128784e-01
3.037810921669006348e-01
-1.279506534337997437e-01
-4.811812192201614380e-02
1.815168261528015137e-01
2.605980336666107178e-01
-8.636712282896041870e-02
6.447919458150863647e-02
7.708647102117538452e-02
-5.038638710975646973e-01
-4.865657910704612732e-02
-1.285313814878463745e-01
4.963659644126892090e-01
1.766191050410270691e-02
-2.100548297166824341e-01
5.127872899174690247e-02
-1.188891157507896423e-01
-5.876394510269165039e-01
-2.430524080991744995e-01
-3.884052634239196777e-01
1.951244473457336426e-01
2.590333521366119385e-01
5.841466411948204041e-02
-4.937525987625122070e-01
7.834053784608840942e-02
2.299051582813262939e-01
1.576656252145767212e-01
2.891904115676879883e-01
3.501091003417968750e-01
1.241582706570625305e-01
-1.174873784184455872e-01
-4.046838581562042236e-01
6.405816972255706787e-02
1.162769123911857605e-01
-8.816518820822238922e-03
2.277631610631942749e-01
3.489751815795898438e-01
-4.679677486419677734e-01
-3.840757012367248535e-01
-7.944195717573165894e-02
2.929014861583709717e-01
-2.589646577835083008e-01
3.101993501186370850e-01
6.221768856048583984e-01
1.195918992161750793e-01
-1.648056656122207642e-01
-2.304133325815200806e-01
-2.943654954433441162e-01
-3.076298236846923828e-01
-1.704926341772079468e-01
4.768664240837097168e-01
4.326783120632171631e-01
1.811853498220443726e-01
-4.524890780448913574e-01
2.464347034692764282e-01
-3.449464738368988037e-01
-1.196860074996948242e-01
4.239853620529174805e-01
4.397198259830474854e-01
-1.437630951404571533e-01
-2.661551833152770996e-01
-2.018618583679199219e-01
5.194149613380432129e-01
1.352138519287109375e-01
-3.484100103378295898e-01
4.419057630002498627e-03
-4.003668427467346191e-01
-4.802408814430236816e-01
-1.790784448385238647e-01
-1.930199265480041504e-01
-1.351508498191833496e-01
-1.040500402450561523e-02
-4.038703441619873047e-01
-3.456347286701202393e-01
-1.651049405336380005e-01
-4.368484020233154297e-02
-1.291009545326232910e+00
2.237934321165084839e-01
-7.082531601190567017e-02
-1.855010837316513062e-01
-9.550729393959045410e-02
-1.702395081520080566e-01
3.839873969554901123e-01
1.888797879219055176e-01
-4.078948795795440674e-01
3.942202329635620117e-01
4.586255252361297607e-01
-3.823439478874206543e-01
-1.878912560641765594e-02
-3.836562037467956543e-01
-4.559074342250823975e-02
3.076820448040962219e-02
-1.898188441991806030e-01
3.893622159957885742e-01
-6.804109215736389160e-01
1.651419210247695446e-03
-2.599874436855316162e-01
6.817398965358734131e-02
1.994117796421051025e-01
9.231064915657043457e-01
-1.596716642379760742e-01
-1.615265905857086182e-01
1.272010654211044312e-01
3.271988928318023682e-01
1.919909939169883728e-02
-2.987645566463470459e-01
5.180548429489135742e-01
-5.928251743316650391e-01
-1.295438855886459351e-01
-1.326690055429935455e-02
-4.576108604669570923e-02
4.083641171455383301e-01
-2.628521919250488281e-01
1.068650484085083008e+00
-6.616085767745971680e-01
-2.039739340543746948e-01
-5.606712698936462402e-01
4.884640574455261230e-01
1.569675281643867493e-02
4.373859465122222900e-01
-1.172756999731063843e-01
2.024402618408203125e-01
9.347184747457504272e-02
4.790511913597583771e-03
2.620129287242889404e-01
4.528151154518127441e-01
-5.710836052894592285e-01
2.034003883600234985e-01
1.613461822271347046e-01
-1.960043162107467651e-01
-3.185966908931732178e-01
1.011148244142532349e-01
5.363044738769531250e-01
-5.485095381736755371e-01
3.389002084732055664e-01
2.169726639986038208e-01
3.979422152042388916e-01
3.650498017668724060e-02
-1.159513890743255615e-01
-7.703169584274291992e-01
-6.060820445418357849e-02
2.678144276142120361e-01
-2.374303042888641357e-01
-4.175486564636230469e-01
7.022877037525177002e-02
1.460525989532470703e-01
6.107592582702636719e-02
8.899008482694625854e-02
3.013689219951629639e-01
-1.984859853982925415e-01
-4.698207378387451172e-01
-1.525400876998901367e-01
1.976117789745330811e-01
3.776651620864868164e-01
-2.711229622364044189e-01
4.999161660671234131e-01
-2.874829806387424469e-02
-5.822001099586486816e-01
-3.742144703865051270e-01
-1.234221681952476501e-01
3.031111061573028564e-01
-1.204022541642189026e-01
-2.742378711700439453e-01
6.312224268913269043e-01
-6.007260084152221680e-01
5.618717670440673828e-01
-2.056171000003814697e-01
9.616458415985107422e-01
2.103592008352279663e-01
5.236226692795753479e-02
-4.823669791221618652e-02
9.905505925416946411e-02
1.014961361885070801e+00
4.013122320175170898e-01
-4.404596239328384399e-02
3.036452457308769226e-02
-7.992039918899536133e-01
1.836299896240234375e-02
2.145142294466495514e-03
2.730525434017181396e-01
6.817800551652908325e-02
7.597237072332063690e-06
2.231820486485958099e-02
1.824527978897094727e-02
-4.846795499324798584e-01
7.121081650257110596e-02
-2.437656968832015991e-01
-3.504537642002105713e-01
1.397902518510818481e-01
1.846641004085540771e-01
9.271172434091567993e-02
-1.463699787855148315e-01
-3.826721012592315674e-01
7.129724025726318359e-01
2.304719090461730957e-01
-1.167699471116065979e-01
-6.906813979148864746e-01
-2.271662205457687378e-01
-9.458008408546447754e-02
8.628345131874084473e-01
-2.347647100687026978e-01
2.901416122913360596e-01
-2.211286872625350952e-02
-2.414871603250503540e-01
-1.971902251243591309e-01
1.932533532381057739e-01
2.266988158226013184e-01
2.086072862148284912e-01
2.356725633144378662e-01
-6.914812326431274414e-01
-1.441576629877090454e-01
1.741320267319679260e-02
1.943346858024597168e-02
5.103288888931274414e-01
-3.834815621376037598e-01
2.497460544109344482e-01
3.416891694068908691e-01
-5.059804320335388184e-01
-2.377274483442306519e-01
4.879935085773468018e-01
1.636139899492263794e-01
-9.711749851703643799e-02
4.147911071777343750e-02
2.679699566215276718e-03
3.635572791099548340e-01
2.505941390991210938e-01
1.227405965328216553e-01
5.418418720364570618e-02
4.125536978244781494e-01
-2.974885106086730957e-01
4.151957333087921143e-01
7.246604561805725098e-02
-4.323410689830780029e-01
-1.398976892232894897e-01
-1.260472089052200317e-02
-2.040646672248840332e-01
1.325069069862365723e-01
2.657518088817596436e-01
2.221420556306838989e-01
7.043325901031494141e-02
-1.154086738824844360e-01
-3.682038187980651855e-01
-4.675022363662719727e-01
-1.034063994884490967e-01
7.406727671623229980e-01
2.144578695297241211e-01
3.791415095329284668e-01
-1.635376811027526855e-01
6.762134283781051636e-02
-3.158358931541442871e-01
-6.079636514186859131e-02
1.782093495130538940e-01
-2.590848207473754883e-01
-6.660126447677612305e-01
-9.159123525023460388e-03
-3.751620650291442871e-01
-2.362824380397796631e-01
3.221849203109741211e-01
4.181323051452636719e-01
-4.575519356876611710e-03
-8.366940892301499844e-04
4.456907883286476135e-02
3.849279284477233887e-01
-3.533500432968139648e-01
-2.906103730201721191e-01
-1.698412746191024780e-01
-8.156361058354377747e-03
-5.539395213127136230e-01
1.684374213218688965e-01
-4.371713399887084961e-01
-8.052456378936767578e-02
2.663425914943218231e-02
-7.959090173244476318e-02
-5.480650663375854492e-01
1.434990763664245605e-01
7.273329496383666992e-01
-4.692298769950866699e-01
-2.732095122337341309e-01
-4.052607119083404541e-01
4.747511446475982666e-01
-1.809704303741455078e-01
-3.299421165138483047e-03
1.114603802561759949e-01
-1.530614942312240601e-01
3.285947740077972412e-01
5.002230405807495117e-01
-1.484863758087158203e-01
1.016587987542152405e-01
2.821046113967895508e-01
8.526239544153213501e-02
8.280762284994125366e-02
1.052810326218605042e-01
-3.041142821311950684e-01
-1.622951924800872803e-01
5.870515853166580200e-02
4.982840120792388916e-01
-1.418458074331283569e-01
4.641067683696746826e-01
1.943803280591964722e-01
2.784093022346496582e-01
1.956222057342529297e-01
1.879728212952613831e-02
2.054646015167236328e-01
4.027664661407470703e-01
7.194449752569198608e-02
-1.560905873775482178e-01
-2.832164615392684937e-02
-1.105437129735946655e-01
4.074503853917121887e-02
4.669502973556518555e-01
-1.958864480257034302e-01
-1.628991663455963135e-01
4.914916679263114929e-02
6.015319824218750000e-01
2.928536534309387207e-01
1.524460911750793457e-01
2.909019961953163147e-02
-3.249903917312622070e-01
-4.395253360271453857e-01
4.756279662251472473e-02
2.535249292850494385e-02
-2.137428075075149536e-01
-8.245059102773666382e-02
-1.846485212445259094e-02
-5.285505652427673340e-01
-4.056085646152496338e-01
-5.423975586891174316e-01
9.900444746017456055e-02
-5.133900642395019531e-01
-5.733051896095275879e-01
-3.600443899631500244e-02
-1.844219416379928589e-01
3.527933061122894287e-01
-5.551086664199829102e-01
2.156821042299270630e-01
2.069662958383560181e-01
-5.213588476181030273e-01
-2.907027006149291992e-01
1.686942577362060547e-01
5.333808064460754395e-01
-4.868749082088470459e-01
-3.861755728721618652e-01
-4.042147099971771240e-01
-5.226075649261474609e-02
7.549535948783159256e-03
7.479907572269439697e-02
-1.700188815593719482e-01
-2.036930173635482788e-01
9.571785479784011841e-02
-6.910515576601028442e-02
1.265106201171875000e-01
5.727283284068107605e-02
-1.684926599264144897e-01
1.008968651294708252e-01
5.376868695020675659e-02
2.802032530307769775e-01
-5.559941530227661133e-01
2.410937994718551636e-01
-1.182620748877525330e-01
5.292485356330871582e-01
-3.352414667606353760e-01
2.758431434631347656e-01
8.588335514068603516e-01
1.775586605072021484e-01
-3.048944771289825439e-01
-1.936337202787399292e-01
2.845180034637451172e-02
-1.082230806350708008e+00
4.117400944232940674e-01
-3.868119120597839355e-01
-3.062067627906799316e-01
-2.679724944755434990e-03
1.085716858506202698e-01
4.606852680444717407e-02
-1.288557648658752441e-01
-1.923997998237609863e-01
2.712072245776653290e-02
1.149949654936790466e-01
8.250648970715701580e-04
-8.066692203283309937e-02
-3.914454579353332520e-01
2.636144161224365234e-01
7.462190389633178711e-01
1.615261137485504150e-01
-1.189457327127456665e-01
-4.764135479927062988e-01
-2.106870412826538086e-01
-1.477456986904144287e-01
-2.079085856676101685e-01
-4.293900728225708008e-01
-3.688381910324096680e-01
-3.284551501274108887e-01
2.502697110176086426e-01
4.289291203022003174e-01
-3.990470618009567261e-02
3.637660145759582520e-01
-4.133910313248634338e-02
-2.933542430400848389e-01
-5.189663171768188477e-01
-3.723596334457397461e-01
-1.886451803147792816e-02
2.864684760570526123e-01
4.900097250938415527e-01
2.109091579914093018e-01
-3.272330164909362793e-01
-2.027265876531600952e-01
2.227670699357986450e-01
-1.232834234833717346e-01
-5.802318453788757324e-02
-8.507364243268966675e-02
-3.990795835852622986e-02
-8.864488452672958374e-02
3.103126287460327148e-01
-2.636959776282310486e-02
-2.159504145383834839e-01
-7.315297126770019531e-01
1.307227253913879395e+00
-1.796972453594207764e-01
-5.198907256126403809e-01
-8.640859127044677734e-01
-3.740408271551132202e-02
-3.244636952877044678e-01
-5.146531760692596436e-02
-4.362440407276153564e-01
-1.537045091390609741e-01
-1.818729639053344727e-01
-3.965553343296051025e-01
1.294528990983963013e-01
1.203019618988037109e-01
2.121887356042861938e-01
8.192551136016845703e-02
-2.491789609193801880e-01
2.256564050912857056e-01
9.160839021205902100e-02
5.430073142051696777e-01
-2.358796633780002594e-02
-1.416778266429901123e-01
7.236064411699771881e-04
-4.840293526649475098e-01
-9.521530941128730774e-03
-3.057766705751419067e-03
1.588861048221588135e-01
-2.042911946773529053e-01
-2.667894773185253143e-02
1.154104992747306824e-01
-3.067146241664886475e-01
2.335188239812850952e-01
-1.174235463142395020e+00
6.200082898139953613e-01
3.804500102996826172e-01
-7.326865792274475098e-01
-1.879416853189468384e-01
1.288472563028335571e-01
6.422594934701919556e-02
-1.368657499551773071e-01
-2.115318551659584045e-02
-2.432031929492950439e-01
-2.855648994445800781e-01
-1.803747415542602539e-01
-1.301569938659667969e-01
-1.781236082315444946e-01
2.098383009433746338e-01
-5.631807819008827209e-02
-1.096148863434791565e-01
-3.641683757305145264e-01
-4.848437607288360596e-01
3.332234621047973633e-01
-2.388306707143783569e-01
-5.171487331390380859e-01
2.912436127662658691e-01
-3.346005678176879883e-01
-5.010261535644531250e-01
3.725488185882568359e-01
2.127837069565430284e-04
6.241161376237869263e-02
-3.645153343677520752e-01
4.929145276546478271e-01
-3.010053336620330811e-01
-1.539648622274398804e-01
-2.937238514423370361e-01
-1.059976369142532349e-01
8.281119912862777710e-02
2.799274027347564697e-01
3.749163448810577393e-01
7.461261004209518433e-02
-3.975961506366729736e-01
-2.326557189226150513e-01
8.256891742348670959e-03
-1.714682430028915405e-01
1.445093631744384766e+00
-4.808034375309944153e-02
-3.601316809654235840e-01
4.585273563861846924e-02
4.902565181255340576e-01
-5.696035176515579224e-02
1.842320263385772705e-01
1.490821093320846558e-01
-1.486224085092544556e-01
-2.530278265476226807e-01
-3.486447408795356750e-02
2.082127034664154053e-01
5.210803151130676270e-01
8.726400136947631836e-01
1.391000151634216309e-01
-4.650315940380096436e-01
1.843991689383983612e-02
-2.448586523532867432e-01
-1.178598701953887939e-01
-1.580417305231094360e-01
-6.625472009181976318e-02
4.197887778282165527e-01
8.631730079650878906e-02
2.275678887963294983e-02
-1.008711010217666626e-01
1.517399400472640991e-01
-1.661466062068939209e-02
2.013484388589859009e-01
1.948509961366653442e-01
8.856297284364700317e-02
1.515079885721206665e-01
9.259416162967681885e-02
-2.503342181444168091e-02
-3.441420197486877441e-01
-2.844692170619964600e-01
5.360998511314392090e-01
4.419427514076232910e-01
-4.268497228622436523e-02
3.502252995967864990e-01
4.258822500705718994e-01
-3.687474727630615234e-01
1.484553515911102295e-01
4.719929099082946777e-01
-4.202066659927368164e-01
-1.436357945203781128e-01
-3.278416022658348083e-02
1.885409802198410034e-01
-1.742828488349914551e-01
3.719584047794342041e-01
2.131967395544052124e-01
2.297189831733703613e-01
-1.618711054325103760e-01
1.039726957678794861e-01
6.799429655075073242e-01
1.764299720525741577e-01
-8.520549535751342773e-02
-3.979429602622985840e-02
-1.458764076232910156e-01
4.886734485626220703e-01
1.206978037953376770e-01
1.334796398878097534e-01
2.365551739931106567e-01
2.063190937042236328e-01
-2.022322565317153931e-01
1.552141085267066956e-02
-6.775921583175659180e-02
-3.557229638099670410e-01
6.960869431495666504e-01
1.107022315263748169e-01
5.119109153747558594e-01
-1.538636628538370132e-02
2.564966082572937012e-01
-2.432010620832443237e-01
6.363636851310729980e-01
-4.741315245628356934e-01
7.818869501352310181e-02
1.210805103182792664e-01
1.275620758533477783e-01
-1.694258302450180054e-02
4.180329144001007080e-01
-7.616335153579711914e-02
6.093086302280426025e-02
1.678783297538757324e-01
-8.837077021598815918e-02
-2.207629233598709106e-01
1.910668611526489258e-02
-1.025402918457984924e-01
1.758431345224380493e-01
3.590079843997955322e-01
-1.030573964118957520e+00
-6.300924718379974365e-02
-2.050940990447998047e-01
-3.164772987365722656e-01
-6.214262545108795166e-02
4.298871457576751709e-01
-1.752038598060607910e-01
-2.083445936441421509e-01
-1.098986193537712097e-01
-8.921334892511367798e-02
-1.362517625093460083e-01
2.732341587543487549e-01
1.007363051176071167e-01
-3.614387512207031250e-01
2.006372064352035522e-01
-5.065025389194488525e-02
4.784178733825683594e-02
-9.222247600555419922e-01
4.501981437206268311e-01
-6.702004373073577881e-02
4.420058727264404297e-01
-5.180239081382751465e-01
-4.204745963215827942e-02
-4.692110121250152588e-01
7.220215350389480591e-02
-2.344262897968292236e-01
2.840011417865753174e-01
-5.889761820435523987e-02
5.730511546134948730e-01
-1.409407258033752441e-01
-4.374712333083152771e-02
1.875520348548889160e-01
1.431328244507312775e-02
2.650163881480693817e-02
-8.933239430189132690e-02
-1.476549059152603149e-01
-5.936703681945800781e-01
-4.105039685964584351e-02
4.381270408630371094e-01
1.147274449467658997e-01
-1.307215243577957153e-01
-7.844150662422180176e-01
-1.052659004926681519e-01
-5.753643512725830078e-01
-7.329027354717254639e-02
1.869976334273815155e-02
3.606757149100303650e-02
-4.223176836967468262e-02
3.119609057903289795e-01
3.105022385716438293e-02
1.438964009284973145e-01
-4.360907897353172302e-02
6.096903607249259949e-02
6.912619620561599731e-02
-7.608000189065933228e-02
-2.051647007465362549e-01
-1.285469532012939453e-01
-4.244924783706665039e-01
-1.821864694356918335e-01
2.679873108863830566e-01
-1.537629961967468262e-01
2.369382828474044800e-01
1.051573455333709717e-01
4.133573770523071289e-01
1.201383993029594421e-01
4.112473130226135254e-01
-3.506573140621185303e-01
-8.916303515434265137e-02
1.389064043760299683e-01
-1.378043927252292633e-02
-3.076710700988769531e-01
-9.123891592025756836e-02
-3.823458254337310791e-01
-1.678384691476821899e-01
3.917757794260978699e-02
-2.680838704109191895e-01
-1.682228222489356995e-02
3.276426494121551514e-01
-6.061428412795066833e-02
1.317663192749023438e-01
-4.312019944190979004e-01
2.824127972126007080e-01
-1.188415959477424622e-01
-3.126981556415557861e-01
-2.136283218860626221e-01
-5.842780470848083496e-01
4.976047575473785400e-01
-7.998836226761341095e-03
-3.470040261745452881e-01
2.597401142120361328e-01
5.678690075874328613e-01
4.491542279720306396e-01
3.494955599308013916e-01
8.472254127264022827e-02
1.641562581062316895e-01
4.795705974102020264e-01
-9.565225243568420410e-02
-2.891201972961425781e-01
-3.031637370586395264e-01
-4.481640756130218506e-01
4.106094837188720703e-01
-2.360237538814544678e-01
2.613709308207035065e-02
5.828160047531127930e-02
3.080163616687059402e-03
-5.745642185211181641e-01
6.120997667312622070e-01
-8.908981829881668091e-02
-5.249642729759216309e-01
-1.605631900019943714e-03
4.656517505645751953e-01
4.679504334926605225e-01
4.885027706623077393e-01
1.916693001985549927e-01
3.450661003589630127e-01
4.224860966205596924e-01
1.710385382175445557e-01
-4.939287006855010986e-01
-6.160525232553482056e-02
4.406810551881790161e-02
2.811248600482940674e-01
1.010647714138031006e-01
-1.926055550575256348e-01
-7.735431939363479614e-02
-8.158054351806640625e-01
-2.936887741088867188e-01
2.079486399888992310e-01
-8.432901650667190552e-02
-7.867642641067504883e-01
1.498699784278869629e-01
7.638718187808990479e-02
9.832289069890975952e-02
-1.167645901441574097e-01
-3.705529868602752686e-02
9.806320816278457642e-02
-2.812159806489944458e-02
4.668253660202026367e-02
-1.041521355509757996e-01
4.732488691806793213e-01
-7.898346334695816040e-02
7.674184441566467285e-01
6.397828459739685059e-01
7.320766150951385498e-02
1.359158474951982498e-02
2.039049714803695679e-01
-2.548108100891113281e-01
3.482102751731872559e-01
-1.138512134552001953e+00
6.551060825586318970e-02
3.300493210554122925e-02
2.220756262540817261e-01
-4.976153746247291565e-02
5.376543998718261719e-01
2.928175628185272217e-01
3.115465678274631500e-02
2.824981212615966797e-01
-5.343586802482604980e-01
6.179123744368553162e-02
-4.546882808208465576e-01
1.386789828538894653e-01
2.522164881229400635e-01
1.758702471852302551e-02
-8.807197213172912598e-02
-1.685000397264957428e-02
-1.413433067500591278e-02
-1.129043176770210266e-01
5.073194578289985657e-02
-1.699866056442260742e-01
-1.096448451280593872e-01
-1.177481114864349365e-01
3.633632510900497437e-02
1.133048012852668762e-01
-2.383539378643035889e-01
1.552157802507281303e-03
-3.285507857799530029e-01
-8.097060024738311768e-03
4.281594157218933105e-01
-2.057605087757110596e-01
1.062985956668853760e-01
4.671942070126533508e-02
-8.922658860683441162e-02
4.026974737644195557e-02
-3.374187275767326355e-02
3.144003450870513916e-01
-2.182956337928771973e-01
2.381185740232467651e-01
-3.668638765811920166e-01
-4.334731027483940125e-02
4.331600666046142578e-01
-5.961832404136657715e-01
-3.122810423374176025e-01
-2.765848636627197266e-01
6.439106073230504990e-03
-1.752599030733108521e-01
-1.686881780624389648e-01
-6.597669422626495361e-02
7.349181920289993286e-02
2.911037951707839966e-02
9.025897085666656494e-02
1.205221340060234070e-01
-3.141009807586669922e-01
1.148311346769332886e-01
3.475115448236465454e-02
-4.405471682548522949e-02
1.823650002479553223e-01
-1.993846297264099121e-01
-1.037540435791015625e-01
1.971358805894851685e-01
-2.648950368165969849e-02
2.431638166308403015e-02
-1.504562497138977051e-01
1.460771262645721436e-01
-1.311499923467636108e-01
3.664655238389968872e-02
-2.971088290214538574e-01
-1.755747497081756592e-01
-2.622406482696533203e-01
-7.364273071289062500e-02
-7.833705842494964600e-02
2.076565921306610107e-01
-1.041730716824531555e-01
1.680179238319396973e-01
-1.327590737491846085e-02
6.440127640962600708e-02
2.639449946582317352e-02
-3.290294483304023743e-02
-1.302481256425380707e-02
-1.377393901348114014e-01
1.429513543844223022e-01
-1.883207708597183228e-01
-1.472446769475936890e-01
-2.061042934656143188e-01
-1.726045608520507812e-01
5.835135281085968018e-02
-5.229187756776809692e-02
-4.526896029710769653e-02
-3.618860542774200439e-01
7.003974169492721558e-02
-7.906761765480041504e-02
-6.055919453501701355e-02
-5.027506500482559204e-02
1.421870738267898560e-01
2.853536605834960938e-01
1.958310455083847046e-01
1.810182183980941772e-01
9.037564694881439209e-02
-2.882687374949455261e-03
-7.212319225072860718e-02
-4.656020086258649826e-03
1.662178337574005127e-01
3.618887066841125488e-02
-3.091961741447448730e-01
1.826212853193283081e-01
5.184750631451606750e-02
-2.995938621461391449e-02
1.632345765829086304e-01
5.067579150199890137e-01
-2.358509749174118042e-01
2.579046487808227539e-01
-1.919562369585037231e-01
-2.514569759368896484e-01
2.237005680799484253e-01
1.982111185789108276e-01
-2.371428161859512329e-01
-9.628099203109741211e-02
-5.760600790381431580e-02
-1.939567178487777710e-02
-1.275167763233184814e-01
-5.821783840656280518e-02
2.419898658990859985e-01
1.587460488080978394e-01
-1.017013341188430786e-01
1.072728931903839111e-01
-4.091853648424148560e-02
-1.172102317214012146e-01
1.496104449033737183e-01
6.736019849777221680e-01
-1.723726689815521240e-01
4.410411119461059570e-01
1.727371215820312500e-01
2.867703139781951904e-02
-4.225716367363929749e-02
-1.128649413585662842e-01
1.306906342506408691e-01
-4.721739515662193298e-02
2.312098890542984009e-01
-2.006074339151382446e-01
-3.354690223932266235e-02
3.180264234542846680e-01
-3.323948755860328674e-02
-5.681921243667602539e-01
-1.096044257283210754e-01
-3.639954924583435059e-01
-1.329347938299179077e-01
-2.214770317077636719e-01
-5.803745388984680176e-01
2.839974761009216309e-01
2.139107286930084229e-01
2.627050876617431641e-01
4.105601832270622253e-02
-2.146719694137573242e-01
1.428696513175964355e-01
3.123531341552734375e-01
-2.113603241741657257e-02
4.114371240139007568e-01
-2.055747956037521362e-01
-1.860299259424209595e-01
1.023940324783325195e+00
1.327488124370574951e-01
3.328754752874374390e-02
1.211595386266708374e-01
2.016682177782058716e-01
2.869682610034942627e-01
-1.547595299780368805e-02
1.368351280689239502e-01
-8.212235569953918457e-02
7.712808996438980103e-02
-5.464816838502883911e-02
-2.667781710624694824e-01
1.705505102872848511e-01
7.454388588666915894e-02
-3.345429301261901855e-01
-9.640598297119140625e-02
-4.279651343822479248e-01
1.332703232765197754e-01
-1.874066293239593506e-01
5.064250901341438293e-02
-1.993536949157714844e-01
-5.664436817169189453e-01
3.285763561725616455e-01
4.534833729267120361e-01
5.824385881423950195e-01
3.135821223258972168e-01
7.514834403991699219e-02
2.015508562326431274e-01
3.095106184482574463e-01
-1.499628927558660507e-02
-3.321694135665893555e-01
1.964776217937469482e-01
8.425331115722656250e-02
2.660253047943115234e-01
-6.314774602651596069e-02
-1.470279246568679810e-01
-2.279130071401596069e-01
-2.119838297367095947e-01
7.076523452997207642e-02
1.907268464565277100e-01
-1.224284768104553223e+00
2.440184950828552246e-01
-8.850521594285964966e-02
1.714208722114562988e-01
-1.742840409278869629e-01
1.980913281440734863e-01
1.515318900346755981e-01
-2.747375667095184326e-01
4.009898602962493896e-01
-3.348979353904724121e-01
-1.275264769792556763e-01
-7.182507216930389404e-02
1.176295801997184753e-01
7.626732438802719116e-02
1.157251447439193726e-01
-1.090340968221426010e-02
9.136927872896194458e-02
-6.751133799552917480e-01
-3.058743290603160858e-02
1.273352801799774170e-01
-1.511095017194747925e-01
-2.996075749397277832e-01
-5.932313799858093262e-01
-1.619296073913574219e-01
-1.297139525413513184e-01
-3.795873746275901794e-02
-5.290000438690185547e-01
2.859542369842529297e-01
7.964617758989334106e-02
-1.541071087121963501e-01
3.093222379684448242e-01
4.906715750694274902e-01
-3.070409893989562988e-01
1.270763278007507324e-01
2.490964680910110474e-01
-1.228515803813934326e-01
-2.124033123254776001e-01
-1.693887263536453247e-01
-2.420009374618530273e-01
3.341434150934219360e-02
7.835144549608230591e-02
-7.558465749025344849e-02
-5.540546774864196777e-01
-7.835052907466888428e-02
-1.484906226396560669e-01
4.209364205598831177e-02
-1.946976929903030396e-01
2.722322940826416016e-01
7.509262114763259888e-02
-7.445064187049865723e-01
1.788489967584609985e-01
-1.181458979845046997e-01
1.349982917308807373e-01
4.241161048412322998e-02
5.745794624090194702e-03
3.024249672889709473e-01
-3.986710608005523682e-01
-1.032889261841773987e-01
-3.001066744327545166e-01
2.752934694290161133e-01
-6.040082871913909912e-02
-2.329172939062118530e-01
7.957652211189270020e-01
3.071790635585784912e-01
-7.047353684902191162e-02
-1.021234020590782166e-01
5.667706727981567383e-01
3.285997360944747925e-02
-2.737228944897651672e-02
1.441509574651718140e-01
-3.257432579994201660e-01
5.599274113774299622e-02
-2.196670882403850555e-02
3.936240077018737793e-01
3.558798506855964661e-02
3.996990993618965149e-02
2.475056052207946777e-02
1.502458453178405762e-01
3.632004261016845703e-01
-1.331826150417327881e-01
-1.240458786487579346e-01
4.257444739341735840e-01
9.763212874531745911e-03
-3.973939716815948486e-01
-2.469453215599060059e-01
-4.496200382709503174e-01
-2.155742794275283813e-01
-3.433014154434204102e-01
-4.302851259708404541e-01
1.304858773946762085e-01
2.299330085515975952e-01
-8.756808936595916748e-03
4.443967640399932861e-01
-2.517770230770111084e-01
7.498544454574584961e-02
1.579596698284149170e-01
-2.696191370487213135e-01
1.044791862368583679e-01
-1.065784245729446411e-01
4.210096001625061035e-01
-9.065428376197814941e-02
-2.152473479509353638e-01
6.299477815628051758e-01
1.271806508302688599e-01
2.815583646297454834e-01
1.223266422748565674e-01
8.214828372001647949e-01
-1.597709655761718750e-01
3.991977572441101074e-01
-3.299323320388793945e-01
-2.402363121509552002e-01
-4.663138091564178467e-01
6.381824612617492676e-02
2.631601393222808838e-01
2.843507565557956696e-02
-1.918996870517730713e-01
3.804581612348556519e-02
1.681925207376480103e-01
1.589012742042541504e-01
1.417222321033477783e-01
1.579263508319854736e-01
-5.894967541098594666e-02
1.602698266506195068e-01
-1.340452581644058228e-01
-5.568035878241062164e-03
-2.733357250690460205e-01
-1.116331964731216431e-01
8.489553630352020264e-02
-2.113067917525768280e-02
1.227407306432723999e-01
4.525734111666679382e-02
-1.086876243352890015e-01
-1.021964401006698608e-01
-2.672974169254302979e-01
5.303214192390441895e-01
-3.228854238986968994e-01
-2.449839264154434204e-01
-2.336239367723464966e-01
-3.530981764197349548e-02
-2.540716230869293213e-01
-2.063711732625961304e-01
3.938482701778411865e-01
-1.815637946128845215e-02
2.581977844238281250e-01
2.791918069124221802e-02
-3.057523071765899658e-02
3.546077907085418701e-01
-1.020238250494003296e-01
-2.439461350440979004e-01
-6.803955882787704468e-02
3.807224631309509277e-01
9.882748126983642578e-02
2.509933197870850563e-03
4.639454185962677002e-01
-5.942269414663314819e-02
-7.052629441022872925e-02
-6.540260463953018188e-02
8.369805663824081421e-02
-1.786403805017471313e-01
-1.259313821792602539e-01
6.354808807373046875e-03
7.271290570497512817e-02
-2.676825225353240967e-01
1.296251714229583740e-01
7.733690738677978516e-02
4.324079956859350204e-03
-1.644142419099807739e-01
-1.176292419433593750e+00
-5.466804653406143188e-02
9.870857000350952148e-01
4.266265034675598145e-01
1.006631776690483093e-01
-2.410891838371753693e-02
5.405843723565340042e-03
-1.943798661231994629e-01
-1.713853515684604645e-02
-2.665609121322631836e-01
-1.791176795959472656e-01
8.295271545648574829e-02
1.808283030986785889e-01
-2.421232638880610466e-03
-1.906970143318176270e-01
-2.003173343837261200e-02
-9.622090496122837067e-03
9.546245448291301727e-03
4.705023765563964844e-02
1.109398901462554932e-01
-3.137028217315673828e-02
-2.701641619205474854e-01
5.414154380559921265e-02
-2.193108648061752319e-01
-9.837384335696697235e-03
1.939938813447952271e-01
1.856248825788497925e-01
3.225257694721221924e-01
-2.962228469550609589e-02
-8.679088205099105835e-02
-1.193330585956573486e-01
-4.681330174207687378e-02
-2.751537263393402100e-01
1.079297587275505066e-01
-1.951678544282913208e-01
-6.534690409898757935e-02
-1.928045451641082764e-01
1.979140490293502808e-01
2.648046910762786865e-01
6.050939671695232391e-03
2.595466561615467072e-03
1.974773108959197998e-01
-4.390456154942512512e-02
-3.731514886021614075e-02
-2.630329430103302002e-01
1.049668714404106140e-01
1.811732798814773560e-01
1.677287817001342773e-01
4.477819800376892090e-02
-1.227792650461196899e-01
7.848762720823287964e-02
2.464950457215309143e-02
