5.711614489555358887e-01
-4.372619390487670898e-01
-1.427547335624694824e-01
1.223386377096176147e-01
-5.580762028694152832e-01
5.438841581344604492e-01
-8.859808743000030518e-02
2.326473295688629150e-01
3.062600493431091309e-01
-1.115347981452941895e+00
-6.959626078605651855e-02
2.617651522159576416e-01
6.863111257553100586e-02
-3.636533021926879883e-01
-8.727649599313735962e-02
-9.105066061019897461e-01
3.552786260843276978e-02
1.441702991724014282e-01
3.654021024703979492e-01
8.405340909957885742e-01
-7.667256146669387817e-02
-1.424271583557128906e+00
1.136487275362014771e-01
-5.517425537109375000e-01
-6.481897085905075073e-02
-6.454304456710815430e-01
2.094313949346542358e-01
9.675502777099609375e-01
-3.425204455852508545e-01
4.924637079238891602e-01
-5.009742453694343567e-02
1.002218350768089294e-01
4.466549754142761230e-01
-3.876473903656005859e-01
-4.209937155246734619e-01
-8.186115622520446777e-01
7.136102914810180664e-01
4.905926287174224854e-01
5.474900007247924805e-01
3.105281665921211243e-02
1.001509904861450195e+00
-8.909294009208679199e-01
7.512581944465637207e-01
-4.259016215801239014e-01
-4.896074235439300537e-01
5.403077006340026855e-01
-7.600134611129760742e-01
8.410332798957824707e-01
-5.522133111953735352e-01
3.287497162818908691e-01
-5.325489640235900879e-01
-4.045994579792022705e-01
6.662876009941101074e-01
-6.954884529113769531e-01
1.104606628417968750e+00
2.271564677357673645e-02
2.465373575687408447e-01
-8.300963044166564941e-01
1.386454939842224121e+00
6.714806556701660156e-01
3.807736635208129883e-01
-2.568580806255340576e-01
-1.067882776260375977e-01
5.354205518960952759e-02
1.804787665605545044e-01
1.132680103182792664e-01
1.707942485809326172e-01
8.225947618484497070e-01
-2.100539505481719971e-01
-7.613413929939270020e-01
2.896037697792053223e-01
-1.640093885362148285e-02
2.079132646322250366e-01
-8.748422861099243164e-01
-7.539957016706466675e-02
1.151374503970146179e-01
4.200596809387207031e-01
2.348148673772811890e-01
5.407683923840522766e-02
5.652102828025817871e-01
-2.547356188297271729e-01
-2.356492429971694946e-01
-2.877659499645233154e-01
-4.435945153236389160e-01
7.920302152633666992e-01
-2.440585643053054810e-01
-1.271097511053085327e-01
4.027346670627593994e-01
-1.469958126544952393e-01
-3.790034651756286621e-01
7.911028861999511719e-01
2.098078727722167969e-01
1.879506856203079224e-01
-1.855150014162063599e-01
-2.574967741966247559e-01
-5.625427961349487305e-01
2.694946229457855225e-01
6.810685396194458008e-01
-4.931156933307647705e-01
-4.004313647747039795e-01
-1.604006737470626831e-01
2.640374600887298584e-01
3.875126540660858154e-01
2.888770699501037598e-01
-3.942511379718780518e-01
-9.553942829370498657e-02
3.497134745121002197e-01
-5.576826632022857666e-03
4.340309277176856995e-02
2.716119401156902313e-02
-2.150665409862995148e-02
-3.301552683115005493e-02
2.504394650459289551e-01
1.114642694592475891e-01
1.157261803746223450e-01
2.302020639181137085e-01
-4.096649885177612305e-01
2.583461403846740723e-01
-4.760804176330566406e-01
-5.517579913139343262e-01
-2.416626363992691040e-01
2.491594552993774414e-01
1.423818171024322510e-01
-7.518406212329864502e-02
2.555913031101226807e-01
-2.690550684928894043e-01
7.493247394450008869e-04
-7.794658094644546509e-02
3.450506627559661865e-01
-1.321300417184829712e-01
9.918094426393508911e-02
1.895316541194915771e-01
-1.321607083082199097e-01
-1.651229411363601685e-01
-6.249268352985382080e-02
5.157943814992904663e-02
-2.577901184558868408e-01
2.512976229190826416e-01
-1.575673557817935944e-02
-3.560264706611633301e-01
-8.371729254722595215e-01
6.875393390655517578e-01
-2.620379328727722168e-01
7.785560488700866699e-01
3.846381306648254395e-01
-2.806426286697387695e-01
1.871278584003448486e-01
-1.470357537269592285e+00
4.085284471511840820e-01
6.807132363319396973e-01
1.376931965351104736e-01
2.421695291996002197e-01
-1.369328975677490234e+00
1.298188924789428711e+00
-3.643343150615692139e-01
-8.541102707386016846e-02
-6.172825694084167480e-01
-2.025320976972579956e-01
-7.831513881683349609e-02
-3.481886982917785645e-01
1.537021696567535400e-01
-4.248361587524414062e-01
2.687082886695861816e-01
-3.906628862023353577e-02
-7.548832297325134277e-01
6.863946914672851562e-01
-5.423792600631713867e-01
1.383268833160400391e-01
-6.899586319923400879e-01
1.669247746467590332e-01
-9.473147988319396973e-01
-8.349628448486328125e-01
1.449353396892547607e-01
-2.711894456297159195e-03
3.374722898006439209e-01
6.098268032073974609e-01
4.082201719284057617e-01
-4.170080721378326416e-01
1.925453692674636841e-01
4.565358757972717285e-01
-1.020334064960479736e-01
-8.492989093065261841e-02
-7.854980230331420898e-01
-4.288815855979919434e-01
8.152425289154052734e-02
7.858140766620635986e-02
6.874998211860656738e-01
-7.749971933662891388e-03
-4.690917953848838806e-02
3.399189710617065430e-01
1.209067627787590027e-01
-1.019815355539321899e-01
7.394365966320037842e-03
1.377200782299041748e-01
-3.857344388961791992e-01
-5.641020536422729492e-01
1.039176940917968750e+00
4.083427786827087402e-02
1.783470362424850464e-01
-1.928198896348476410e-02
3.237774074077606201e-01
-3.500177264213562012e-01
3.150254189968109131e-01
-3.230708092451095581e-02
1.082280427217483521e-01
1.775736361742019653e-01
-1.856189817190170288e-01
4.154033362865447998e-01
-4.079975560307502747e-02
-8.071937412023544312e-02
-1.029250919818878174e-01
-4.664616286754608154e-02
9.466417133808135986e-02
-4.410533607006072998e-01
2.897113561630249023e-01
4.200014770030975342e-01
-2.211324870586395264e-01
-3.375897705554962158e-01
1.278699934482574463e-01
2.281088083982467651e-01
-2.933884263038635254e-01
1.401187926530838013e-01
-8.670841157436370850e-02
-3.288405537605285645e-01
-4.128285646438598633e-01
-6.154444068670272827e-02
-2.062090784311294556e-01
2.134687900543212891e-01
-1.495450139045715332e-01
8.904367685317993164e-01
-1.251079559326171875e+00
-5.840647220611572266e-01
4.639508128166198730e-01
1.351232081651687622e-01
7.560016959905624390e-02
2.327604740858078003e-01
-1.389284133911132812e-01
-2.383995503187179565e-01
1.263950318098068237e-01
5.975664407014846802e-02
2.648920714855194092e-01
-4.231502413749694824e-01
2.706701159477233887e-01
-1.199368238449096680e-01
-1.031123995780944824e-01
3.953230977058410645e-01
-5.190534591674804688e-01
-1.906965486705303192e-02
-4.602921009063720703e-01
4.676454961299896240e-01
-5.899648740887641907e-02
-1.051854863762855530e-01
3.211416900157928467e-01
1.237145140767097473e-01
4.502476155757904053e-01
-8.511579036712646484e-02
-7.016292214393615723e-02
-3.644376993179321289e-01
4.792752861976623535e-01
2.927688062191009521e-01
6.664628386497497559e-01
-2.590166032314300537e-01
-1.417876929044723511e-01
-4.464593827724456787e-01
-4.921852350234985352e-01
7.788249105215072632e-02
-1.793668270111083984e-01
5.562481880187988281e-01
-1.189441606402397156e-01
2.009646743535995483e-01
-5.136290788650512695e-01
-1.556628942489624023e-01
4.059062600135803223e-01
-4.895720779895782471e-01
-1.086718887090682983e-01
2.985855005681514740e-02
4.326115250587463379e-01
-3.456932008266448975e-01
3.211669921875000000e-01
3.170494437217712402e-01
1.598347574472427368e-01
3.016614615917205811e-01
2.685013413429260254e-01
3.110503554344177246e-01
-5.861250683665275574e-02
-5.973188281059265137e-01
7.643478363752365112e-02
5.922857522964477539e-01
2.947575449943542480e-01
-1.060677766799926758e-01
-2.454038150608539581e-02
1.339461356401443481e-01
8.261127024888992310e-02
-4.390969574451446533e-01
-1.739165163598954678e-03
-1.781891733407974243e-01
4.832184314727783203e-02
4.071790575981140137e-01
-8.203064799308776855e-01
2.599516212940216064e-01
-4.629680514335632324e-02
4.812687635421752930e-02
4.099699556827545166e-01
-3.979567587375640869e-01
-3.568604215979576111e-02
-2.943633198738098145e-01
-3.784179687500000000e-01
8.969075083732604980e-01
-8.863805234432220459e-02
-4.322173818945884705e-02
-2.727183140814304352e-02
7.164971530437469482e-02
1.365783214569091797e+00
-8.469247817993164062e-01
7.547928094863891602e-01
-2.073260247707366943e-01
2.441352754831314087e-01
2.276544421911239624e-01
-9.289727546274662018e-03
6.579870730638504028e-02
-1.865652650594711304e-01
2.182709425687789917e-01
2.675484418869018555e-01
1.324922740459442139e-01
-1.482194513082504272e-01
-1.434340178966522217e-01
-1.500983834266662598e-01
2.593711018562316895e-01
5.123713985085487366e-02
-2.158791273832321167e-01
2.767592109739780426e-02
-1.166975405067205429e-02
3.925241529941558838e-01
-2.494050860404968262e-01
1.481107920408248901e-01
-8.645430952310562134e-02
-2.407963573932647705e-01
-5.945301800966262817e-02
-3.288622573018074036e-02
-3.466172218322753906e-01
2.499959766864776611e-01
-3.142037987709045410e-01
-1.751891970634460449e-01
1.849190890789031982e-01
2.333753369748592377e-02
2.315492182970046997e-01
-1.770004332065582275e-01
-4.024239182472229004e-01
-1.928457915782928467e-01
1.172111392021179199e+00
-3.536280989646911621e-01
-6.751496344804763794e-02
-2.597654983401298523e-02
5.010564327239990234e-01
2.516829371452331543e-01
4.389958679676055908e-01
7.582490444183349609e-01
-9.492563605308532715e-01
8.803786039352416992e-01
6.207504868507385254e-01
2.758500277996063232e-01
-5.938511490821838379e-01
4.484603106975555420e-01
2.880482934415340424e-02
2.855212986469268799e-02
4.212626516819000244e-01
-4.047581255435943604e-01
1.783436089754104614e-01
-2.227298319339752197e-01
1.770441792905330658e-02
-3.486805856227874756e-01
-1.892452687025070190e-01
1.991651207208633423e-01
-2.919862866401672363e-01
4.937182962894439697e-01
1.798327714204788208e-01
-2.485983669757843018e-01
-2.547944486141204834e-01
5.451068282127380371e-01
2.947048842906951904e-01
-3.826235532760620117e-01
1.949342712759971619e-02
-1.799710988998413086e-01
1.973509788513183594e-02
2.286784648895263672e-01
-1.857768446207046509e-01
4.122102558612823486e-01
1.853777468204498291e-01
1.324871480464935303e-01
-8.755208253860473633e-01
3.035447895526885986e-01
4.676636457443237305e-01
-2.370068132877349854e-01
-5.643349885940551758e-01
-1.632381379604339600e-01
-2.615639567375183105e-01
-1.173975020647048950e-01
6.690393686294555664e-01
-1.932955831289291382e-01
-2.387356311082839966e-01
2.204734385013580322e-01
-2.409236580133438110e-01
-2.590481340885162354e-01
-2.098619043827056885e-01
4.857746064662933350e-01
-2.162664234638214111e-01
1.031026095151901245e-01
3.289203047752380371e-01
3.532109856605529785e-01
-6.438663005828857422e-01
3.443274199962615967e-01
3.753599226474761963e-01
-1.647893637418746948e-01
-6.916074156761169434e-01
-1.489497572183609009e-01
-9.425830096006393433e-02
2.895113825798034668e-01
4.542903602123260498e-01
-1.193467974662780762e-01
3.124930858612060547e-01
3.643775880336761475e-01
-2.034068256616592407e-01
3.993928134441375732e-01
-7.938107848167419434e-02
-1.612665504217147827e-01
7.093075513839721680e-01
-4.155050516128540039e-01
-7.476978749036788940e-02
-2.646092772483825684e-01
6.913084387779235840e-01
-1.711349636316299438e-01
-4.235388934612274170e-01
3.669820427894592285e-01
1.182329282164573669e-01
4.918724000453948975e-01
1.098518446087837219e-01
3.064801394939422607e-01
-9.936795830726623535e-01
9.708292484283447266e-01
6.304837465286254883e-01
-4.044255912303924561e-01
5.715348720550537109e-01
-2.889516055583953857e-01
1.375005394220352173e-01
4.701425135135650635e-01
-3.941568732261657715e-01
1.775078475475311279e-01
-4.696274921298027039e-02
1.541735380887985229e-01
-9.650126695632934570e-01
9.034253954887390137e-01
5.548794269561767578e-01
-3.381368890404701233e-02
-1.769324690103530884e-01
-6.433235853910446167e-02
-1.987919360399246216e-01
4.016730189323425293e-02
2.546067237854003906e-01
-8.867190778255462646e-02
-1.485858112573623657e-01
3.608810007572174072e-01
-2.159824222326278687e-01
1.685899794101715088e-01
-3.217531740665435791e-01
-5.024414658546447754e-01
8.651067614555358887e-01
-3.381564617156982422e-01
2.444385588169097900e-01
3.791346848011016846e-01
5.114992856979370117e-01
1.550897806882858276e-01
-3.556677699089050293e-01
2.752067148685455322e-01
2.235539257526397705e-01
4.220456779003143311e-01
7.954177260398864746e-01
-6.520016193389892578e-01
-6.586126983165740967e-02
5.752822160720825195e-01
-5.243353247642517090e-01
-4.647508263587951660e-01
5.542808175086975098e-01
3.810710012912750244e-01
2.274113595485687256e-01
4.976726695895195007e-02
8.538895100355148315e-02
-1.270277857780456543e+00
2.912590503692626953e-01
-1.209742501378059387e-01
1.906436800956726074e+00
-7.295677661895751953e-01
2.379438281059265137e-01
1.567611545324325562e-01
4.926258325576782227e-01
3.993513882160186768e-01
3.908330202102661133e-01
-2.515270113945007324e-01
-6.829682588577270508e-01
2.751454710960388184e-01
-1.013391390442848206e-01
-2.993347644805908203e-01
-1.566629707813262939e-01
-2.857904434204101562e-01
-2.993938028812408447e-01
-2.442228794097900391e-01
2.506266906857490540e-02
-9.025687724351882935e-02
-1.103504076600074768e-01
2.718802690505981445e-01
-7.602348923683166504e-01
-6.991506367921829224e-02
-1.746500730514526367e+00
-6.214098930358886719e-01
-6.994955707341432571e-03
1.011126488447189331e-01
-7.599234580993652344e-01
-2.116386294364929199e-01
2.611705958843231201e-01
-1.186219006776809692e-01
-3.486742451786994934e-02
-3.453464210033416748e-01
-1.691135019063949585e-02
-1.056761622428894043e+00
-1.543299853801727295e-01
1.957269757986068726e-01
-2.594439089298248291e-01
1.196927428245544434e-01
-4.974303022027015686e-02
-7.321915775537490845e-02
-6.256526708602905273e-02
1.888238787651062012e-01
-2.150973677635192871e-01
-6.224323511123657227e-01
-1.069384217262268066e+00
-2.124398946762084961e-01
-3.507219254970550537e-01
2.363822311162948608e-01
5.169804021716117859e-02
-3.568843603134155273e-01
3.377670645713806152e-01
-1.519231963902711868e-02
-5.359282493591308594e-01
4.693762585520744324e-02
-8.344666957855224609e-01
-1.129972577095031738e+00
4.509150683879852295e-01
-4.609956443309783936e-01
4.760742485523223877e-01
3.003767430782318115e-01
2.766708731651306152e-01
-1.412735879421234131e-01
-4.825936257839202881e-01
3.855625987052917480e-01
1.317325085401535034e-01
2.861165106296539307e-01
3.698962926864624023e-01
-1.199421808123588562e-01
7.276421878486871719e-03
1.723961085081100464e-01
-5.412099361419677734e-01
-2.171226143836975098e-01
-2.685856819152832031e-01
1.921385899186134338e-02
-7.110463380813598633e-01
-4.281321167945861816e-01
1.115425229072570801e-01
-3.570994436740875244e-01
6.524106860160827637e-02
-3.308320045471191406e-02
-2.721582055091857910e-01
-1.597325205802917480e-01
-6.076908111572265625e-01
4.969918727874755859e-02
-1.626952923834323883e-02
1.578574776649475098e-01
1.030801609158515930e-01
-2.238010764122009277e-01
1.792491041123867035e-02
3.570363223552703857e-01
-2.093157768249511719e-01
7.804468870162963867e-01
1.098421066999435425e-01
4.391954243183135986e-01
8.132251501083374023e-01
-1.604362577199935913e-02
-1.525614559650421143e-01
-2.130392342805862427e-01
9.177770465612411499e-02
4.791767522692680359e-02
1.850145906209945679e-01
1.242384165525436401e-01
7.581046223640441895e-01
8.739593029022216797e-01
2.313469499349594116e-01
-2.997731976211071014e-02
2.225304841995239258e-01
6.587754189968109131e-02
4.034827053546905518e-01
-1.198802492581307888e-03
2.902602851390838623e-01
-4.530706703662872314e-01
-3.084279783070087433e-02
1.559567689895629883e+00
4.019205570220947266e-01
-4.038362205028533936e-02
-2.385584264993667603e-01
1.094960868358612061e-01
1.456872224807739258e-01
-1.226296573877334595e-01
1.350985020399093628e-01
-6.280608177185058594e-01
3.530932068824768066e-01
-7.499051839113235474e-02
2.567829191684722900e-01
1.736712642014026642e-02
2.297679930925369263e-01
1.670655161142349243e-01
-1.914942860603332520e-01
1.820577085018157959e-01
1.421125084161758423e-01
1.169744357466697693e-01
-3.325291872024536133e-01
1.905337691307067871e+00
-3.846993669867515564e-02
-5.417547002434730530e-02
4.309804141521453857e-01
1.741958707571029663e-01
3.928376734256744385e-01
4.904921352863311768e-02
1.775041222572326660e-01
-1.122701168060302734e-01
-3.974717259407043457e-01
6.586260199546813965e-01
2.249960750341415405e-01
9.334445744752883911e-02
1.580131500959396362e-01
-1.966518759727478027e-01
-7.125334739685058594e-01
-3.886732459068298340e-02
-1.774412244558334351e-01
5.476874113082885742e-01
9.668903052806854248e-02
1.572899706661701202e-02
4.623114466667175293e-01
-1.050681918859481812e-01
1.719450801610946655e-01
-1.069427281618118286e-01
2.198310941457748413e-01
-2.956123054027557373e-01
-7.297950983047485352e-02
1.725624203681945801e-01
9.542025625705718994e-02
-1.994203776121139526e-01
-1.621194034814834595e-01
-2.413150519132614136e-01
-1.107497587800025940e-01
1.056493539363145828e-02
1.014449119567871094e+00
-4.452915117144584656e-02
5.180859565734863281e-02
4.964624997228384018e-03
-6.784186698496341705e-03
1.862928122282028198e-01
-6.363162398338317871e-01
-8.601074218750000000e-01
1.484040915966033936e-01
2.588805556297302246e-01
1.374081373214721680e-01
2.460912168025970459e-01
2.571936845779418945e-01
-1.530867964029312134e-01
3.690995872020721436e-01
-1.571193933486938477e-01
5.757966041564941406e-01
5.986541509628295898e-01
3.319373726844787598e-01
-6.266820430755615234e-01
1.727188378572463989e-01
6.125565767288208008e-01
-5.647109746932983398e-01
4.764491021633148193e-01
7.369515299797058105e-01
-4.650422036647796631e-01
-1.192289311438798904e-02
-8.497063070535659790e-03
-3.977749645709991455e-01
-2.171448022127151489e-01
-8.623998612165451050e-02
-4.346499443054199219e-01
-1.077474430203437805e-01
4.510095119476318359e-01
2.192281186580657959e-01
-7.784059643745422363e-02
-3.439493477344512939e-01
-3.679721653461456299e-01
-2.643591761589050293e-01
4.743634462356567383e-01
1.203426241874694824e+00
-2.208677120506763458e-02
3.195135891437530518e-01
-2.780600786209106445e-01
-8.094598650932312012e-01
-1.296389400959014893e-01
-4.177123904228210449e-01
-1.071345329284667969e+00
6.800107359886169434e-01
-3.243319690227508545e-01
7.588105201721191406e-01
6.375931501388549805e-01
1.475138217210769653e-01
-3.604363501071929932e-01
-1.371111124753952026e-01
2.469521164894104004e-01
4.374811649322509766e-01
4.622775018215179443e-01
4.962974786758422852e-01
-5.709332227706909180e-01
-1.195945143699645996e-01
5.451990365982055664e-01
-6.080331802368164062e-01
9.633170366287231445e-01
-1.274299472570419312e-01
-2.707444429397583008e-01
-2.969352304935455322e-01
-2.645714282989501953e-01
3.849791884422302246e-01
-1.742095649242401123e-01
1.015496402978897095e-01
2.756833285093307495e-02
-6.126615405082702637e-01
1.531298905611038208e-01
-6.458046287298202515e-02
2.991684973239898682e-01
2.019491642713546753e-01
2.941710948944091797e-01
1.753540784120559692e-01
1.764126569032669067e-01
8.354511857032775879e-01
2.496157437562942505e-01
-2.322317957878112793e-01
2.449872493743896484e-01
1.411016285419464111e-01
-2.715981900691986084e-01
1.859031170606613159e-01
-9.010502099990844727e-01
-1.213011592626571655e-01
1.001646637916564941e+00
-6.652749329805374146e-02
-2.707801759243011475e-01
-1.690134406089782715e-01
6.953558921813964844e-01
6.818733364343643188e-02
-1.371653750538825989e-02
-2.330316603183746338e-01
-6.976891160011291504e-01
-9.662199765443801880e-02
8.237765431404113770e-01
1.493042260408401489e-01
-6.103329658508300781e-01
5.408068299293518066e-01
-4.750848412513732910e-01
-2.847348153591156006e-01
8.181070089340209961e-01
-3.008490055799484253e-02
-2.084297686815261841e-01
9.591456502676010132e-02
-2.929384112358093262e-01
1.398238986730575562e-01
-2.017904520034790039e-01
-1.074490621685981750e-01
-4.910681843757629395e-01
1.388193666934967041e-01
1.668817922472953796e-02
2.062937915325164795e-01
1.416760087013244629e-01
6.946216523647308350e-02
8.464630693197250366e-02
-5.390158295631408691e-01
-1.135640665888786316e-01
-2.028857171535491943e-02
-3.996463716030120850e-01
-3.419842720031738281e-01
2.981569468975067139e-01
-2.005573362112045288e-01
-9.221841692924499512e-01
7.088817656040191650e-02
-4.557382762432098389e-01
9.957907348871231079e-02
2.504393458366394043e-01
-1.181621570140123367e-02
-5.179203152656555176e-01
-2.122069746255874634e-01
2.726981937885284424e-01
3.883801102638244629e-01
6.109247207641601562e-01
3.595710694789886475e-01
-4.005157053470611572e-01
-6.872951239347457886e-02
3.254428505897521973e-01
-3.588954210281372070e-01
4.314467608928680420e-01
7.276161909103393555e-01
-5.380840897560119629e-01
1.917811185121536255e-01
-2.233730442821979523e-02
-9.375087171792984009e-02
-1.748535409569740295e-02
1.025535166263580322e-01
-7.198303341865539551e-01
3.205868229269981384e-02
3.769066929817199707e-01
1.416323632001876831e-01
-3.028393723070621490e-03
-2.445613145828247070e-01
-4.561917185783386230e-01
-2.489978633821010590e-02
8.648754954338073730e-01
9.385381937026977539e-01
-1.589812040328979492e-01
2.339319735765457153e-01
-2.010432481765747070e+00
1.691983640193939209e-01
3.529938682913780212e-02
2.465776167809963226e-02
-1.666252315044403076e-02
-1.729028373956680298e-01
-3.271281346678733826e-02
-1.059588789939880371e-01
4.153099656105041504e-01
2.327222973108291626e-01
-1.186497882008552551e-01
-4.224405437707901001e-02
5.059084296226501465e-02
-3.420950472354888916e-01
1.654342859983444214e-01
-1.399315744638442993e-01
-2.266387045383453369e-01
-7.690630555152893066e-01
7.861127704381942749e-02
-1.999016702175140381e-01
6.870286166667938232e-02
2.990650832653045654e-01
4.048275947570800781e-01
2.453213483095169067e-01
2.053786516189575195e+00
-4.864118099212646484e-01
1.901225298643112183e-01
-2.117005437612533569e-01
5.927477777004241943e-02
2.901765704154968262e-01
3.181237876415252686e-01
-4.379920661449432373e-02
-1.201398372650146484e+00
-6.584900021553039551e-01
-4.229910671710968018e-01
-2.247247248888015747e-01
-1.583940237760543823e-01
-8.300696313381195068e-02
-4.254288673400878906e-01
3.169775009155273438e-02
-7.673687487840652466e-02
-2.990357810631394386e-03
8.763833045959472656e-01
7.148330211639404297e-01
7.426145672798156738e-02
-3.918153792619705200e-02
-9.226507693529129028e-02
-2.988456785678863525e-01
-6.753727048635482788e-02
2.471549510955810547e-01
-9.266451001167297363e-01
3.184883594512939453e-01
6.183161139488220215e-01
4.973381757736206055e-02
-2.609319984912872314e-01
1.180467102676630020e-02
3.423562645912170410e-01
2.406964898109436035e-01
-3.191995918750762939e-01
1.936409622430801392e-02
3.748176991939544678e-01
-2.175269275903701782e-01
-5.687543749809265137e-02
5.721310973167419434e-01
4.542728662490844727e-01
-1.721737831830978394e-01
1.627925038337707520e-01
3.400291800498962402e-01
4.655234143137931824e-02
3.166094720363616943e-01
1.303138136863708496e-01
8.477393388748168945e-01
4.538276195526123047e-01
-1.678765267133712769e-01
4.740008339285850525e-02
1.908698230981826782e-01
-2.622736394405364990e-01
8.214920014142990112e-02
-5.761302709579467773e-01
1.722848683129996061e-04
2.165531925857067108e-02
1.314894109964370728e-01
-7.677596062421798706e-02
-1.294144243001937866e-01
4.951862096786499023e-01
-1.324546694755554199e+00
-2.571449577808380127e-01
-1.897525973618030548e-02
-3.111866712570190430e-01
3.891842961311340332e-01
4.143202211707830429e-03
1.610037684440612793e-01
2.035598754882812500e-01
-3.492400422692298889e-02
-8.944600820541381836e-02
2.414319664239883423e-01
4.575714468955993652e-02
2.657024860382080078e-01
-2.873607538640499115e-02
-5.932968854904174805e-01
1.503316611051559448e-01
1.251107603311538696e-01
-4.832688570022583008e-01
5.393233299255371094e-01
7.383805513381958008e-01
-4.905860126018524170e-01
1.386785060167312622e-01
5.475308299064636230e-01
-3.544248938560485840e-01
8.284905552864074707e-01
-2.300418764352798462e-01
7.519602030515670776e-02
1.552437990903854370e-01
3.762992098927497864e-02
1.207684502005577087e-01
6.030189990997314453e-01
-4.957530647516250610e-02
-2.385613620281219482e-01
-2.025989443063735962e-01
-7.386455684900283813e-02
6.550273299217224121e-02
5.967005491256713867e-01
8.555240184068679810e-02
1.922798156738281250e-01
3.717121779918670654e-01
-3.306813240051269531e-01
-3.743103742599487305e-01
1.719790883362293243e-02
-5.348974466323852539e-02
3.562372326850891113e-01
3.504637777805328369e-01
-1.414586454629898071e-01
-6.509147286415100098e-01
2.869282290339469910e-02
8.307759463787078857e-02
5.567994713783264160e-02
1.851323097944259644e-01
1.632607698440551758e+00
-2.788942456245422363e-01
-1.364012479782104492e+00
-7.056983113288879395e-01
-2.844191193580627441e-01
5.734205618500709534e-02
-3.976537883281707764e-01
-3.366482853889465332e-01
2.036279141902923584e-01
1.010572314262390137e-01
-2.441725432872772217e-01
3.079709112644195557e-01
-3.992091119289398193e-01
2.827951908111572266e-01
-3.810626566410064697e-01
-3.850294053554534912e-01
3.074266016483306885e-01
1.050390228629112244e-01
-4.302509725093841553e-01
2.867216765880584717e-01
2.352079600095748901e-01
3.307885229587554932e-01
-1.108056399971246719e-02
1.311833113431930542e-01
-1.305254548788070679e-02
-1.567010581493377686e-01
3.384771347045898438e-01
-1.636099256575107574e-02
-9.235677868127822876e-02
-5.503926277160644531e-01
4.987481236457824707e-01
-2.372128218412399292e-01
-1.448492258787155151e-01
-2.961644828319549561e-01
4.864490032196044922e-01
1.733988642692565918e+00
-2.788669466972351074e-01
1.472171396017074585e-01
3.552836179733276367e-01
-1.285930126905441284e-01
-1.219475030899047852e+00
-1.358824968338012695e-01
-5.045286417007446289e-01
-3.898722231388092041e-01
-1.875072158873081207e-02
2.997051477432250977e-01
-3.445545732975006104e-01
-8.756185770034790039e-01
-3.644457459449768066e-01
8.162485063076019287e-02
-4.395789504051208496e-01
6.464861035346984863e-01
-1.131333708763122559e+00
4.282044470310211182e-01
-9.083299338817596436e-02
-2.205293923616409302e-01
6.877248883247375488e-01
-2.155209779739379883e-01
-6.971555352210998535e-01
7.174252867698669434e-01
5.007923021912574768e-02
2.827428877353668213e-01
-2.783263623714447021e-01
-1.088385283946990967e-02
-2.096735686063766479e-01
-3.374575376510620117e-01
1.447807401418685913e-01
4.848611950874328613e-01
1.952086240053176880e-01
-5.843856930732727051e-02
1.710413098335266113e-01
-7.202426791191101074e-01
3.228410780429840088e-01
-4.042826294898986816e-01
2.689143121242523193e-01
5.660498738288879395e-01
-5.808106064796447754e-01
5.236843973398208618e-02
2.788971364498138428e-01
-7.542314529418945312e-01
-1.872587800025939941e-01
-6.693699955940246582e-01
-3.665530821308493614e-03
-1.719018816947937012e-01
-1.401770263910293579e-01
-3.305769860744476318e-01
5.603138208389282227e-01
1.205353438854217529e-01
-2.751020491123199463e-01
1.255926638841629028e-01
1.249388977885246277e-01
3.475683927536010742e-01
-2.237087488174438477e-01
-2.130379378795623779e-01
-2.961752563714981079e-02
2.143657445907592773e+00
3.046483397483825684e-01
3.489507436752319336e-01
1.833194941282272339e-01
1.376924216747283936e-01
-3.222999870777130127e-01
-5.825865268707275391e-01
-3.386633098125457764e-01
-9.633848071098327637e-02
-8.479368686676025391e-01
-3.037965111434459686e-02
-5.757335945963859558e-02
-8.981448598206043243e-03
1.713072419166564941e+00
8.226839825510978699e-03
-3.488209247589111328e-01
-4.491887986660003662e-01
2.360393851995468140e-01
4.132443964481353760e-01
-5.987761076539754868e-03
1.102477550506591797e+00
-1.602708548307418823e-01
-4.447744786739349365e-01
-1.446687132120132446e-01
-5.784265697002410889e-02
-5.202721357345581055e-01
-3.069593906402587891e-01
-1.648279309272766113e+00
4.513901472091674805e-01
-1.635926961898803711e-01
-1.490186750888824463e-01
5.532058477401733398e-01
6.806898713111877441e-01
2.528331801295280457e-02
-1.507644355297088623e-01
2.076070904731750488e-01
-4.096616208553314209e-01
6.174697279930114746e-01
-2.483761161565780640e-01
4.531818032264709473e-01
1.786910742521286011e-01
-2.722445130348205566e-01
1.694838553667068481e-01
4.764890670776367188e-01
-4.277293682098388672e-01
-2.947858273983001709e-01
-4.251899421215057373e-01
2.014481648802757263e-02
5.451657250523567200e-02
2.099021896719932556e-02
-2.130831927061080933e-01
1.541537791490554810e-01
-8.931501209735870361e-02
1.088609993457794189e-01
-5.115339066833257675e-03
3.501890599727630615e-01
3.225859105587005615e-01
-2.888940833508968353e-02
-3.886473178863525391e-01
2.572562396526336670e-01
-2.680835962295532227e+00
8.005237579345703125e-02
-1.869528889656066895e-01
2.920559048652648926e-01
-2.279502600431442261e-01
-8.608174324035644531e-02
1.826583221554756165e-02
-3.901144862174987793e-01
2.156870812177658081e-01
2.671984396874904633e-02
-8.593388646841049194e-02
3.441827595233917236e-01
1.592350155115127563e-01
-1.986194700002670288e-01
2.433867007493972778e-01
2.343629151582717896e-01
-6.890919804573059082e-01
4.745782315731048584e-01
4.819742217659950256e-02
2.670153081417083740e-01
-2.491098403930664062e+00
-3.127321600914001465e-01
3.344105780124664307e-01
2.518276274204254150e-01
-7.916930317878723145e-02
6.556478738784790039e-01
-3.022600114345550537e-01
4.861004352569580078e-01
-4.976413249969482422e-01
2.186761200428009033e-01
4.109418690204620361e-01
-1.627484560012817383e-01
6.593870371580123901e-02
-1.083262801170349121e+00
-4.425768554210662842e-01
-3.683809041976928711e-01
-2.638302277773618698e-03
-1.793864071369171143e-01
5.332100763916969299e-02
-2.100492119789123535e-01
3.857164382934570312e-01
-1.205298081040382385e-01
-3.554540574550628662e-01
-2.493457645177841187e-01
3.768821954727172852e-01
1.209087520837783813e-01
-3.057649433612823486e-01
-1.429891586303710938e-01
-2.803925871849060059e-01
-2.662494182586669922e-01
-2.719929628074169159e-02
-5.995231680572032928e-03
3.114347346127033234e-02
9.194294810295104980e-01
4.200028479099273682e-01
1.751079261302947998e-01
-8.064925670623779297e-01
4.795750603079795837e-02
-1.270714998245239258e-01
-2.156276702880859375e-01
3.340274393558502197e-01
-4.301892817020416260e-01
8.626747727394104004e-01
6.084517575800418854e-03
-5.426349490880966187e-02
-2.430776208639144897e-01
-4.358650371432304382e-02
5.174557566642761230e-01
-1.636791527271270752e-01
6.829971075057983398e-01
5.674306675791740417e-02
-1.471748054027557373e-01
-5.824872641824185848e-04
-9.624142199754714966e-02
-8.424713611602783203e-01
-9.817014448344707489e-03
-1.931828558444976807e-01
5.081650242209434509e-02
3.048648834228515625e-01
1.962857097387313843e-01
6.410162895917892456e-03
-3.900179266929626465e-01
-1.150845885276794434e+00
1.384206414222717285e-01
-1.044270172715187073e-01
-1.637311652302742004e-02
1.151540994644165039e+00
-8.625056743621826172e-01
-3.857702314853668213e-01
3.527436256408691406e-01
-8.846457302570343018e-02
2.542729973793029785e-01
9.960305690765380859e-01
-5.106652379035949707e-01
-9.236647188663482666e-02
2.992761731147766113e-01
-2.312895357608795166e-01
1.870720535516738892e-01
-1.461824625730514526e-01
1.111268252134323120e-01
-6.472051888704299927e-02
-2.403931170701980591e-01
4.661495387554168701e-01
4.472714662551879883e-01
-1.118802949786186218e-01
-9.882852435111999512e-02
-5.181354656815528870e-02
-4.601238965988159180e-01
-1.579798609018325806e-01
-1.438820213079452515e-01
-6.387657523155212402e-01
8.426457643508911133e-01
-1.569705605506896973e-01
-4.471452236175537109e-01
3.932588696479797363e-01
-2.439189702272415161e-01
5.881421566009521484e-01
-4.060645103454589844e-01
5.317435860633850098e-01
2.913558185100555420e-01
3.124002814292907715e-01
3.552236557006835938e-01
4.240793883800506592e-01
-9.617372602224349976e-02
4.027045369148254395e-01
-1.427663415670394897e-01
-1.110225439071655273e+00
3.558419346809387207e-01
3.333176076412200928e-01
-5.470772832632064819e-02
-2.885422110557556152e-01
1.321352273225784302e-01
2.294103205204010010e-01
3.535695075988769531e-01
3.741370737552642822e-01
9.554562568664550781e-01
-2.696367502212524414e-01
3.099052421748638153e-02
-1.201107800006866455e-01
4.275882542133331299e-01
3.429141044616699219e-01
-3.941477835178375244e-01
6.424490213394165039e-01
4.611892998218536377e-01
-3.527082800865173340e-01
-3.673499077558517456e-02
-3.605835512280464172e-02
1.988022625446319580e-01
1.015093550086021423e-01
-3.323539793491363525e-01
-6.406741216778755188e-03
9.898875653743743896e-02
-2.809236571192741394e-02
4.621243476867675781e-02
3.411145806312561035e-01
3.272422254085540771e-01
2.057684659957885742e-01
-1.687795370817184448e-01
-1.966678351163864136e-01
1.580342799425125122e-01
4.231330752372741699e-01
3.357863724231719971e-01
-7.825352549552917480e-01
-1.428472697734832764e-01
7.332365494221448898e-03
-3.873997330665588379e-01
5.193551778793334961e-01
2.348030358552932739e-01
2.874336540699005127e-01
-8.719141036272048950e-02
-2.335350513458251953e-01
2.880988419055938721e-01
3.678308725357055664e-01
3.706001043319702148e-01
5.765652284026145935e-02
2.025610059499740601e-01
-6.503316164016723633e-01
6.196175217628479004e-01
-1.933749578893184662e-02
2.403610050678253174e-01
4.890515804290771484e-01
-9.487951397895812988e-01
1.781778484582901001e-01
6.088472008705139160e-01
-6.230220794677734375e-01
-5.829094350337982178e-02
-4.155147075653076172e-01
-1.170398518443107605e-01
-9.080675244331359863e-02
2.626199424266815186e-01
1.401006709784269333e-02
-1.534431129693984985e-01
3.876669406890869141e-01
-1.377803087234497070e-01
2.618041932582855225e-01
2.029516994953155518e-01
-3.014791905879974365e-01
5.703865289688110352e-01
1.467474251985549927e-01
-1.303551048040390015e-01
-1.953599750995635986e-01
1.233097091317176819e-01
-5.890310928225517273e-02
3.191756010055541992e-01
-6.952145695686340332e-02
3.915447592735290527e-01
1.393702924251556396e-01
-4.203469306230545044e-02
-1.558682203292846680e+00
-3.776555135846138000e-02
5.153273046016693115e-02
3.961807191371917725e-01
4.707779288291931152e-01
-3.430406004190444946e-02
3.260463709011673927e-03
8.499359339475631714e-02
2.317264825105667114e-01
1.722477376461029053e-01
1.669864803552627563e-01
1.157555207610130310e-01
-4.582659006118774414e-01
4.253980517387390137e-01
-8.384107351303100586e-01
-5.578115582466125488e-01
1.648128628730773926e-01
4.254300594329833984e-01
-8.240689337253570557e-02
3.664892017841339111e-01
-1.287953853607177734e-01
1.285801827907562256e-01
-6.471099853515625000e-01
-5.679657682776451111e-02
1.039754524827003479e-01
-6.144506111741065979e-02
-2.414523214101791382e-01
3.222756087779998779e-01
-9.544607400894165039e-01
1.402436643838882446e-01
7.108547091484069824e-01
-5.630333423614501953e-01
-5.590781569480895996e-02
-4.020929634571075439e-01
5.038908123970031738e-01
-9.641576558351516724e-02
-3.431517630815505981e-02
3.649009466171264648e-01
3.278715014457702637e-01
-7.732182741165161133e-02
6.387308835983276367e-01
1.927944421768188477e-01
-2.185998857021331787e-01
8.679825067520141602e-02
4.660775065422058105e-01
-8.530544489622116089e-02
2.321397960186004639e-01
1.581950783729553223e+00
-1.589051008224487305e+00
1.885792464017868042e-01
8.803015947341918945e-02
-2.716156244277954102e-01
-4.512864947319030762e-01
5.543148890137672424e-02
1.386660896241664886e-02
2.755268514156341553e-01
5.927439332008361816e-01
4.106826484203338623e-01
1.418575197458267212e-01
1.441576629877090454e-01
2.077074527740478516e+00
-1.914412826299667358e-01
-1.403174400329589844e-01
4.902979359030723572e-02
-1.827753484249114990e-01
5.861822143197059631e-02
-3.979324996471405029e-01
7.187366485595703125e-02
7.871850728988647461e-01
-4.764670133590698242e-01
9.037292003631591797e-02
1.847713589668273926e-01
4.622448980808258057e-01
1.818393915891647339e-01
6.040371656417846680e-01
2.340085953474044800e-01
-6.674478054046630859e-01
-5.107309222221374512e-01
1.774689257144927979e-01
-2.271470129489898682e-01
-3.047240078449249268e-01
-3.988297283649444580e-01
-1.444648206233978271e-01
-1.024178266525268555e-01
3.872808068990707397e-02
1.680120676755905151e-01
-7.412628084421157837e-02
-6.509727239608764648e-01
-2.525061130523681641e+00
2.837338484823703766e-02
6.387495398521423340e-01
1.964953243732452393e-01
-3.234668672084808350e-01
-2.140678279101848602e-02
-1.645357459783554077e-01
-2.812386453151702881e-01
-1.064380556344985962e-01
4.659467563033103943e-02
5.749559998512268066e-01
-4.826800227165222168e-01
-5.448724329471588135e-02
-4.631751775741577148e-02
1.504476964473724365e-01
2.275038361549377441e-01
-2.342537278309464455e-03
2.335921078920364380e-01
-1.717588007450103760e-01
2.757548391819000244e-01
2.184305042028427124e-01
2.108200490474700928e-01
1.141203045845031738e+00
-1.913905739784240723e-01
-2.642832994461059570e-01
-1.487199217081069946e-01
3.015628755092620850e-01
-2.249875962734222412e-01
7.366507649421691895e-01
-6.658515334129333496e-02
3.443381488323211670e-01
-4.921625852584838867e-01
1.537895798683166504e+00
3.315966725349426270e-01
4.832798540592193604e-01
-5.557764768600463867e-01
4.893120378255844116e-02
1.426455676555633545e-01
-2.368157804012298584e-01
7.388600707054138184e-01
4.907309114933013916e-01
-1.268048733472824097e-01
-5.160273239016532898e-02
-1.946987956762313843e-02
-1.213932186365127563e-01
1.189521104097366333e-01
-2.315206825733184814e-01
6.071089506149291992e-01
4.168504178524017334e-01
1.703554987907409668e-01
-1.340328156948089600e-01
-5.235782861709594727e-01
1.673627346754074097e-01
-3.483237326145172119e-02
5.720332264900207520e-01
-5.485680699348449707e-02
-3.410452604293823242e-01
-1.670525223016738892e-01
-1.893881708383560181e-02
-3.062406778335571289e-01
1.168177604675292969e+00
-3.196033239364624023e-01
-4.937588870525360107e-01
6.067812442779541016e-01
5.389629006385803223e-01
-3.014901876449584961e-01
2.838639020919799805e-01
4.604694992303848267e-02
9.018822759389877319e-02
-3.737609982490539551e-01
-5.512046813964843750e-01
8.918564021587371826e-02
-1.221296787261962891e-01
9.120663255453109741e-02
2.014451622962951660e-01
-2.040435522794723511e-01
-3.371732532978057861e-01
-8.105261623859405518e-02
-1.555144786834716797e-01
-3.601847887039184570e-01
6.833934187889099121e-01
-3.807729110121726990e-02
-2.944603562355041504e-01
1.166679859161376953e-01
2.406808435916900635e-01
9.361956268548965454e-03
1.933737993240356445e-01
-1.189828291535377502e-01
-3.940095603466033936e-01
-4.395752549171447754e-01
8.497173190116882324e-01
-4.102453216910362244e-02
-1.033055633306503296e-01
-3.320242464542388916e-02
-7.066445350646972656e-01
-7.556962314993143082e-03
-7.963953167200088501e-02
-7.090745866298675537e-02
6.252291053533554077e-02
-2.910878062248229980e-01
1.552807241678237915e-01
2.178632095456123352e-02
-2.831847071647644043e-01
7.889128923416137695e-01
-1.264246255159378052e-01
5.110872387886047363e-01
-3.629839047789573669e-02
-1.516965031623840332e-01
1.375358551740646362e-01
1.917544752359390259e-02
-9.190224111080169678e-02
2.285213023424148560e-02
-1.950434595346450806e-01
-2.122811675071716309e-01
8.136712945997714996e-03
3.449947386980056763e-02
-4.700284600257873535e-01
1.476260423660278320e-01
-2.643524408340454102e-01
-8.569951653480529785e-01
9.115933179855346680e-01
-4.953740835189819336e-01
-7.219801656901836395e-03
3.635050356388092041e-01
3.952826261520385742e-01
-9.726987034082412720e-02
-1.216756999492645264e-01
-1.453592181205749512e-01
-3.423733711242675781e-01
-3.431919813156127930e-01
-2.550079822540283203e-01
7.415641844272613525e-02
-1.060073226690292358e-01
-2.791796922683715820e-01
-1.499383598566055298e-01
-1.299738138914108276e-01
-6.785517930984497070e-01
1.381456404924392700e-01
-3.800324499607086182e-01
-1.039018869400024414e+00
7.940711379051208496e-01
-2.076572179794311523e-01
-1.320836186408996582e+00
3.252232670783996582e-01
1.461454331874847412e-01
2.486497610807418823e-01
2.168524861335754395e-01
-1.713379621505737305e-01
-3.624445497989654541e-01
-2.149353474378585815e-01
5.121624469757080078e-02
-1.379982531070709229e-01
-1.527299433946609497e-01
-4.573664627969264984e-03
1.113940998911857605e-01
2.545964419841766357e-01
-1.046177029609680176e+00
-3.076415881514549255e-02
7.151087280362844467e-03
-8.375228047370910645e-01
5.485835075378417969e-01
-2.366863638162612915e-01
-1.424081623554229736e-01
4.816534221172332764e-01
-8.563422597944736481e-03
-1.789329349994659424e-01
-1.489272117614746094e-01
-2.690983749926090240e-02
-1.318937242031097412e-01
-3.081988394260406494e-01
1.685650795698165894e-01
1.587958186864852905e-01
3.940869569778442383e-01
5.500366091728210449e-01
-8.317718654870986938e-02
-5.649933815002441406e-01
1.419361531734466553e-01
-5.155424773693084717e-02
1.449752599000930786e-01
-2.317391633987426758e-01
-8.777742087841033936e-02
4.138299822807312012e-01
-3.466918319463729858e-02
-2.464102208614349365e-01
7.577372342348098755e-02
1.707239300012588501e-01
3.686362504959106445e-02
5.318307876586914062e-01
-1.003401428461074829e-01
4.559926316142082214e-02
2.417677640914916992e-02
5.241444706916809082e-02
-7.502673268318176270e-01
-1.592520773410797119e-01
-6.806748509407043457e-01
5.804244875907897949e-01
7.048699855804443359e-01
-3.796377032995223999e-02
2.153370380401611328e-01
3.300476372241973877e-01
-9.879903197288513184e-01
1.351807713508605957e-01
7.441065311431884766e-01
-4.254717230796813965e-01
-3.053477406501770020e-01
-6.996738910675048828e-02
-8.325394243001937866e-02
-3.262235224246978760e-01
-9.511484950780868530e-02
3.334775567054748535e-01
2.715337872505187988e-01
-2.744920849800109863e-01
-2.105977386236190796e-01
1.101138472557067871e+00
-7.766177058219909668e-01
-2.669949457049369812e-02
-3.384077548980712891e-01
-6.124500632286071777e-01
2.445694059133529663e-01
1.416164934635162354e-01
-6.300402879714965820e-01
3.403168916702270508e-01
1.668314099311828613e+00
-1.163315057754516602e+00
-8.333497494459152222e-02
-7.565927505493164062e-02
1.448966264724731445e-01
2.441409528255462646e-01
3.850495815277099609e-02
1.196205765008926392e-01
1.113532781600952148e-01
4.487378001213073730e-01
-4.701434671878814697e-01
1.627786159515380859e-01
-1.413399428129196167e-01
7.201141864061355591e-02
2.664878778159618378e-02
1.981897056102752686e-01
1.707426458597183228e-02
3.278226256370544434e-01
1.455375909805297852e+00
1.165240257978439331e-01
2.735907137393951416e-01
-6.470241546630859375e-01
-5.330473184585571289e-01
4.016746208071708679e-02
-7.396582961082458496e-01
2.797813899815082550e-02
2.646400332450866699e-01
3.298062831163406372e-02
2.028588056564331055e-01
-2.065383642911911011e-01
-4.601494073867797852e-01
7.203817367553710938e-01
4.845545068383216858e-02
2.409195341169834137e-02
4.211107194423675537e-01
-6.398973464965820312e-01
5.763261318206787109e-01
4.324265122413635254e-01
2.275844104588031769e-02
6.835129857063293457e-01
-2.522928118705749512e-01
-2.229504585266113281e-01
-5.640980005264282227e-01
3.141028806567192078e-02
-3.200168907642364502e-01
3.879967033863067627e-01
-2.987220138311386108e-02
5.468559265136718750e-01
-7.921665906906127930e-01
6.818781495094299316e-01
4.661697149276733398e-01
1.528065055608749390e-01
5.208652019500732422e-01
5.542045831680297852e-01
-7.467178106307983398e-01
3.112003207206726074e-01
-1.421201229095458984e-01
-8.979669213294982910e-01
1.528549492359161377e-01
-1.526743769645690918e-01
9.239694476127624512e-01
2.385366335511207581e-02
1.464419513940811157e-01
-7.574141025543212891e-01
9.225699305534362793e-01
3.345638886094093323e-02
-2.820654213428497314e-01
-3.070218563079833984e-01
-5.947054550051689148e-02
-1.117302626371383667e-01
-3.775795400142669678e-01
-1.177106425166130066e-01
-6.004476174712181091e-02
4.950754344463348389e-02
-4.512102529406547546e-02
3.748591244220733643e-01
-1.008458584547042847e-01
-2.730636894702911377e-01
-9.340525418519973755e-02
-1.117841750383377075e-01
-1.260595440864562988e+00
-3.826628252863883972e-02
3.233379125595092773e-01
-1.426017880439758301e-01
-1.025175809860229492e+00
-3.502468764781951904e-01
3.377936184406280518e-01
-2.079314291477203369e-01
1.534672453999519348e-02
-2.059439420700073242e-01
6.243600249290466309e-01
2.510347068309783936e-01
5.362368822097778320e-01
-5.347514152526855469e-01
1.010545715689659119e-01
1.516313701868057251e-01
3.701705634593963623e-01
-2.028065621852874756e-01
-1.245416402816772461e-01
-3.626199066638946533e-01
-2.844682037830352783e-01
-3.731877729296684265e-02
-3.283623456954956055e-01
2.945862710475921631e-02
1.999694555997848511e-01
-1.021738424897193909e-01
6.943140178918838501e-02
1.506365686655044556e-01
-2.167365513741970062e-02
-4.386308193206787109e-01
2.583416402339935303e-01
-2.249819487333297729e-01
-6.540774703025817871e-01
4.247584044933319092e-01
-1.253477036952972412e-01
1.051568910479545593e-01
-7.910168766975402832e-01
2.343770861625671387e-01
5.831577181816101074e-01
5.079413056373596191e-01
2.943220734596252441e-01
6.357030272483825684e-01
7.512940764427185059e-01
-1.558537781238555908e-01
7.076444476842880249e-02
-1.113725230097770691e-01
-3.878405988216400146e-01
1.553067006170749664e-02
4.761136323213577271e-02
2.384239584207534790e-01
1.055368781089782715e+00
-3.826602399349212646e-01
-6.782286763191223145e-01
3.406960368156433105e-01
-1.024626716971397400e-01
6.895125657320022583e-02
4.240816459059715271e-02
3.766391575336456299e-01
5.002428889274597168e-01
-4.255244135856628418e-02
4.493400454521179199e-01
3.770788311958312988e-01
4.508297443389892578e-01
4.487355053424835205e-02
-6.404383778572082520e-01
1.068979620933532715e+00
7.180453538894653320e-01
-2.234382033348083496e-01
1.709356158971786499e-01
-5.084104090929031372e-02
-1.127205371856689453e+00
-7.114592194557189941e-02
-5.145165920257568359e-01
7.147957086563110352e-01
1.501020491123199463e-01
1.321475654840469360e-01
6.914805769920349121e-01
-3.224021941423416138e-02
2.499755024909973145e-01
-1.816952228546142578e-02
8.819652348756790161e-02
2.856107312254607677e-05
4.018820822238922119e-03
4.938112199306488037e-01
1.471300870180130005e-01
1.018964871764183044e-01
1.555446088314056396e-01
1.963977664709091187e-01
1.507222801446914673e-01
-1.338716298341751099e-01
1.746098637580871582e+00
-2.665235996246337891e-01
-5.075356960296630859e-01
2.973321080207824707e-01
-8.149997144937515259e-02
4.189272224903106689e-01
-2.308095395565032959e-01
2.439062595367431641e-01
2.910413146018981934e-01
4.797477424144744873e-01
4.144062697887420654e-01
4.964972436428070068e-01
4.022331833839416504e-01
-3.799673914909362793e-01
4.796029925346374512e-01
-3.261267244815826416e-01
-1.661178618669509888e-01
-1.326700598001480103e-01
3.703061938285827637e-01
6.858107447624206543e-01
1.795458793640136719e-01
3.282362967729568481e-02
-4.183168411254882812e-01
2.038874924182891846e-01
-1.748102158308029175e-01
8.578115701675415039e-02
-8.103373646736145020e-01
1.427866667509078979e-01
3.386851251125335693e-01
3.729739785194396973e-01
1.516470611095428467e-01
4.275642633438110352e-01
6.725858449935913086e-01
9.089887142181396484e-02
-2.553767561912536621e-01
8.970948308706283569e-02
-7.334991544485092163e-02
2.728359103202819824e-01
4.478346183896064758e-02
4.145017862319946289e-01
3.861975371837615967e-01
-3.342895209789276123e-01
2.713623642921447754e-01
-7.953139543533325195e-01
-5.568923354148864746e-01
1.041533276438713074e-01
-3.807491064071655273e-01
-1.376991719007492065e-01
-3.099907934665679932e-01
-3.915348052978515625e-01
-7.304040342569351196e-02
-3.048940002918243408e-01
-1.177624017000198364e-01
1.949172616004943848e-01
-2.500856220722198486e-01
-3.966829925775527954e-02
-5.467868223786354065e-02
1.213254705071449280e-01
-1.267522126436233521e-01
-2.383154779672622681e-01
7.328818440437316895e-01
5.546412467956542969e-01
1.012665480375289917e-01
-6.114543080329895020e-01
-1.772164925932884216e-02
-1.193739622831344604e-01
-1.677296012639999390e-01
-7.086313962936401367e-01
-1.212204545736312866e-01
3.557335734367370605e-01
-3.286047875881195068e-01
-4.170583188533782959e-01
-1.658425331115722656e-01
-2.991003356873989105e-02
4.685960114002227783e-01
2.283003330230712891e-01
1.849820911884307861e-01
1.713248342275619507e-01
4.228162467479705811e-01
5.850682035088539124e-02
3.629792928695678711e-01
4.429270327091217041e-01
8.591272681951522827e-02
-3.113698959350585938e-01
1.760371178388595581e-01
4.264621809124946594e-02
-2.320598661899566650e-01
1.747438162565231323e-01
-3.075881302356719971e-01
-3.927696645259857178e-01
-1.177531704306602478e-01
-8.747018575668334961e-01
-5.728993415832519531e-01
1.255808118730783463e-02
3.539778888225555420e-01
-2.008504867553710938e-01
-1.012895330786705017e-01
-2.387685179710388184e-01
-2.165736258029937744e-01
-5.254893749952316284e-02
-1.229600906372070312e-01
5.232039690017700195e-01
1.409297436475753784e-01
-2.445464879274368286e-01
-6.467723846435546875e-02
-2.345165163278579712e-01
1.729609444737434387e-02
-7.019964456558227539e-01
-2.985967695713043213e-01
2.102229446172714233e-01
-2.155264467000961304e-01
-4.231839627027511597e-02
1.467074602842330933e-01
2.564215362071990967e-01
1.871383339166641235e-01
5.542615652084350586e-01
-8.807380795478820801e-01
-2.775308787822723389e-01
1.617935001850128174e-01
8.159916615113615990e-04
-1.082793116569519043e+00
-6.659813523292541504e-01
-4.835578054189682007e-02
-4.541871845722198486e-01
-1.687447130680084229e-01
1.909221261739730835e-01
2.528716921806335449e-01
-4.843073338270187378e-02
-1.186384106404148042e-04
-6.844860315322875977e-01
-1.233346611261367798e-01
-2.168332785367965698e-02
6.683301329612731934e-01
4.166426956653594971e-01
-3.052444159984588623e-01
1.530390679836273193e-01
-3.026727214455604553e-02
1.066160574555397034e-01
4.319615662097930908e-01
3.744945228099822998e-01
-2.338218688964843750e-01
6.172651648521423340e-01
-2.071576863527297974e-01
2.741498351097106934e-01
5.976094007492065430e-01
3.399934470653533936e-01
-3.536557406187057495e-02
8.654069900512695312e-02
3.749951422214508057e-01
-4.016200080513954163e-02
1.246506273746490479e-01
1.201437562704086304e-01
-1.893865615129470825e-01
2.140689641237258911e-01
1.412653088569641113e+00
-4.836691617965698242e-01
-9.952544569969177246e-01
-7.688737660646438599e-02
3.882844746112823486e-01
2.909825742244720459e-01
3.128413856029510498e-01
3.810021579265594482e-01
4.632075428962707520e-01
-6.525149345397949219e-01
-2.503944337368011475e-01
-3.247531950473785400e-01
8.950304985046386719e-02
-9.677370637655258179e-02
-4.715710878372192383e-01
-7.608244419097900391e-01
-5.331780910491943359e-01
-7.640430331230163574e-01
-5.892636179924011230e-01
3.315551578998565674e-01
3.261453807353973389e-01
1.228039190173149109e-01
3.878513872623443604e-01
3.458638489246368408e-01
-3.754869401454925537e-01
-3.672322332859039307e-01
7.953066378831863403e-02
2.947447262704372406e-02
-7.535898089408874512e-01
1.436451971530914307e-01
-1.803292147815227509e-02
2.083161324262619019e-01
-6.190294027328491211e-02
6.365243792533874512e-01
1.014305233955383301e+00
1.834086328744888306e-01
6.677996516227722168e-01
9.164776802062988281e-01
7.926381230354309082e-01
-5.947501659393310547e-01
-1.419014632701873779e-01
-1.113656535744667053e-02
-1.285362690687179565e-01
-9.437411278486251831e-02
5.606178045272827148e-01
2.523657083511352539e-01
-6.864409148693084717e-02
-7.684111595153808594e-01
-1.928413212299346924e-01
1.882575452327728271e-01
-3.808474242687225342e-01
2.097129672765731812e-01
-9.484647959470748901e-02
9.108614921569824219e-01
2.969384379684925079e-02
6.329868435859680176e-01
3.751490116119384766e-01
-3.152606487274169922e-01
1.099683046340942383e+00
-3.274331688880920410e-01
-8.036870956420898438e-01
-3.467197120189666748e-01
3.487287759780883789e-01
6.783986091613769531e-02
5.355021953582763672e-01
-8.916621804237365723e-01
-3.543758988380432129e-01
6.785991787910461426e-02
2.472262643277645111e-02
1.065912365913391113e+00
-2.253721058368682861e-01
-3.716535568237304688e-01
-5.638876557350158691e-01
-4.541016221046447754e-01
-9.866335988044738770e-02
-3.784817084670066833e-02
-3.814248144626617432e-01
3.010022342205047607e-01
-5.698964744806289673e-02
-6.605787668377161026e-03
4.532193541526794434e-01
1.323501944541931152e+00
4.492910206317901611e-01
4.946566522121429443e-01
-8.001559972763061523e-02
-4.981631934642791748e-01
1.068520426750183105e+00
-1.487155258655548096e-01
-1.075763851404190063e-01
-3.450534939765930176e-01
9.785083681344985962e-02
-1.553334295749664307e-01
-6.268206238746643066e-01
-1.049418449401855469e-01
-1.994840651750564575e-01
-1.080805510282516479e-01
-1.422512233257293701e-01
-1.172723248600959778e-01
-1.436928212642669678e-01
-1.876680105924606323e-01
3.134310245513916016e-01
3.100357353687286377e-01
2.419652640819549561e-01
2.028390914201736450e-01
-3.621573746204376221e-01
3.241690993309020996e-02
-2.736508548259735107e-01
2.657011151313781738e-01
-5.096790194511413574e-01
8.765668272972106934e-01
1.902211606502532959e-01
8.388233929872512817e-02
7.549647092819213867e-01
-2.434270232915878296e-01
1.746373437345027924e-02
1.090800166130065918e-01
5.502019524574279785e-01
2.908843159675598145e-01
2.966511808335781097e-02
4.441916011273860931e-03
-3.388868272304534912e-02
6.071908399462699890e-03
-3.118990957736968994e-01
-7.982163131237030029e-02
3.000442087650299072e-01
2.749244272708892822e-01
-3.349952772259712219e-02
5.909645557403564453e-01
8.880537003278732300e-03
1.644982397556304932e-01
2.405771762132644653e-01
4.771569073200225830e-01
2.457803189754486084e-01
4.661473333835601807e-01
3.042355477809906006e-01
-5.673868656158447266e-01
-1.091550365090370178e-01
9.880740195512771606e-02
-4.661301970481872559e-01
-1.953369826078414917e-01
4.255182445049285889e-01
-5.044637322425842285e-01
2.251493334770202637e-01
-2.696687877178192139e-01
-6.628755927085876465e-01
-1.285179108381271362e-01
6.273027043789625168e-03
1.882746964693069458e-01
-2.772805690765380859e-01
8.165346384048461914e-01
1.807789877057075500e-02
2.682887911796569824e-01
2.598051726818084717e-01
1.676526069641113281e-01
4.011695683002471924e-01
2.895786464214324951e-01
5.940418839454650879e-01
-8.385764807462692261e-02
5.096952319145202637e-01
-3.222418129444122314e-01
7.932583987712860107e-02
-6.491267085075378418e-01
7.844513654708862305e-02
-1.823347657918930054e-01
2.738992869853973389e-01
1.049912869930267334e-01
-2.042583674192428589e-01
7.252621054649353027e-01
2.281751632690429688e-01
-3.393300473690032959e-01
2.477151900529861450e-01
1.801810413599014282e-01
-1.604665219783782959e-01
-2.926631569862365723e-01
2.782069332897663116e-02
-2.395744621753692627e-01
-2.134669721126556396e-01
-3.596584796905517578e-01
-6.682336330413818359e-02
-2.028543353080749512e-01
6.816187500953674316e-01
6.949184089899063110e-02
-3.169286549091339111e-01
-4.866459071636199951e-01
2.115172147750854492e-01
-2.169996351003646851e-01
-2.871149480342864990e-01
-3.749521076679229736e-01
-1.772747188806533813e-01
-4.451445639133453369e-01
-3.572119772434234619e-01
4.705781340599060059e-01
3.331175148487091064e-01
3.601546287536621094e-01
8.874385803937911987e-02
-3.032165206968784332e-02
-7.497151196002960205e-02
5.046138763427734375e-01
-6.179184317588806152e-01
-2.400186508893966675e-01
4.390311837196350098e-01
2.313486933708190918e-01
-1.669157296419143677e-01
2.352575659751892090e-01
-2.339970320463180542e-01
-2.772272005677223206e-02
-2.380314618349075317e-01
-3.644606843590736389e-02
-1.777023226022720337e-01
-7.028654217720031738e-01
-3.851909339427947998e-01
2.074585109949111938e-01
-3.398136496543884277e-01
5.755236148834228516e-01
-1.188329085707664490e-01
-3.188491463661193848e-01
-3.913516551256179810e-02
8.586259931325912476e-02
-1.053224802017211914e-01
1.629487633705139160e+00
4.494738951325416565e-02
1.427413076162338257e-01
-1.951305717229843140e-01
1.112896442413330078e+00
-1.385322511196136475e-01
1.675556421279907227e+00
-2.280448973178863525e-01
-1.874399930238723755e-01
1.204720214009284973e-01
3.032876849174499512e-01
-6.286670267581939697e-02
-1.396831125020980835e-01
8.767718821763992310e-02
6.350354850292205811e-02
8.378551900386810303e-02
-2.011740058660507202e-01
1.210509985685348511e-01
2.090669274330139160e-01
-2.349275797605514526e-01
1.531444676220417023e-02
-3.465698957443237305e-01
-5.239814892411231995e-02
1.435841023921966553e-01
9.564324468374252319e-02
1.456568390130996704e-01
-1.764212697744369507e-01
-3.394347801804542542e-02
-3.726990893483161926e-02
2.697918415069580078e-01
1.460041254758834839e-01
3.204046562314033508e-02
-4.312003552913665771e-01
-5.602633208036422729e-02
-2.084802091121673584e-01
9.340669214725494385e-02
6.950707435607910156e-01
-1.431355625391006470e-01
-8.686756342649459839e-02
2.256617993116378784e-01
-7.786131650209426880e-02
1.742593944072723389e-01
-4.169176220893859863e-01
3.760317340493202209e-02
2.840926945209503174e-01
7.636829465627670288e-02
1.418355852365493774e-01
-1.371877640485763550e-01
8.585716038942337036e-02
-1.916008815169334412e-02
