6.180613636970520020e-01
-2.570300698280334473e-01
-1.846943497657775879e-01
8.226338028907775879e-02
-5.450513362884521484e-01
6.279217004776000977e-01
-1.356986314058303833e-01
1.953016072511672974e-01
2.499938756227493286e-01
-1.318409919738769531e+00
-3.723737224936485291e-02
2.250673025846481323e-01
-1.913419924676418304e-02
-2.267802506685256958e-01
-7.295221090316772461e-02
-8.064979910850524902e-01
-2.371807210147380829e-02
3.047866374254226685e-02
4.072166085243225098e-01
7.452815175056457520e-01
-1.886454969644546509e-01
-1.538614034652709961e+00
8.604292524978518486e-04
-3.571614027023315430e-01
-6.414661556482315063e-02
-5.750687718391418457e-01
1.943206787109375000e-01
8.727163672447204590e-01
-4.020552337169647217e-01
4.585878849029541016e-01
-4.029072448611259460e-02
6.010608747601509094e-02
4.415539205074310303e-01
-3.721760213375091553e-01
-5.215544104576110840e-01
-7.096480131149291992e-01
8.492047786712646484e-01
3.381679952144622803e-01
6.272713541984558105e-01
8.463571220636367798e-02
1.059564232826232910e+00
-8.182386159896850586e-01
8.105956912040710449e-01
-3.739980757236480713e-01
-5.271820425987243652e-01
4.555967748165130615e-01
-7.885491251945495605e-01
8.454890847206115723e-01
-4.514245390892028809e-01
3.811886906623840332e-01
-4.827283620834350586e-01
-1.829688549041748047e-01
6.333060860633850098e-01
-7.420679926872253418e-01
1.138318300247192383e+00
-3.096913360059261322e-02
5.014968663454055786e-02
-8.052785992622375488e-01
1.334851145744323730e+00
6.566501855850219727e-01
2.811459004878997803e-01
-2.391016483306884766e-01
-1.060008481144905090e-01
9.348703175783157349e-02
1.515110880136489868e-01
1.685376018285751343e-01
1.181597709655761719e-01
7.324034571647644043e-01
-2.348756343126296997e-01
-7.044731974601745605e-01
2.230612486600875854e-01
-9.865308552980422974e-02
9.357315301895141602e-02
-7.920875549316406250e-01
-4.066301137208938599e-02
1.237933635711669922e-01
3.994009196758270264e-01
1.925747394561767578e-01
7.130277156829833984e-02
5.331453084945678711e-01
-2.691177427768707275e-01
-2.215529382228851318e-01
-2.152199447154998779e-01
-3.337943255901336670e-01
6.138515472412109375e-01
-2.141632288694381714e-01
-8.078915625810623169e-02
4.237272143363952637e-01
-1.806012392044067383e-01
-3.513556718826293945e-01
9.514914155006408691e-01
1.386789530515670776e-01
1.866193562746047974e-01
-2.527160346508026123e-01
-2.594710290431976318e-01
-3.223545253276824951e-01
1.043702736496925354e-01
5.120974779129028320e-01
-3.490222692489624023e-01
-4.434083700180053711e-01
-1.282398551702499390e-01
1.568170636892318726e-01
3.582060635089874268e-01
2.302203178405761719e-01
-3.621815145015716553e-01
-1.503316164016723633e-01
3.202385604381561279e-01
1.138904243707656860e-01
1.357622537761926651e-02
1.098050028085708618e-01
-1.242693290114402771e-01
5.119840055704116821e-02
3.740633130073547363e-01
1.488223555497825146e-03
1.286190301179885864e-01
9.271264076232910156e-02
-2.705537080764770508e-01
1.659251302480697632e-01
-3.884649872779846191e-01
-5.630032420158386230e-01
-3.362189233303070068e-01
2.233264148235321045e-01
1.923121958971023560e-01
-8.478478342294692993e-02
1.945108026266098022e-01
-1.973532587289810181e-01
-5.759767070412635803e-02
5.989002808928489685e-02
2.906015515327453613e-01
-1.520667821168899536e-01
7.645305991172790527e-02
1.194836050271987915e-01
1.687225513160228729e-02
-2.713631689548492432e-01
-3.305588616058230400e-03
1.706682890653610229e-01
-3.199898004531860352e-01
2.485541552305221558e-01
-2.554871141910552979e-02
-4.810742139816284180e-01
-8.995159268379211426e-01
7.701669335365295410e-01
-2.935391068458557129e-01
5.055148005485534668e-01
4.693629145622253418e-01
-4.047429263591766357e-01
2.429309189319610596e-01
-2.310729473829269409e-01
3.865983188152313232e-01
3.569335639476776123e-01
2.252813875675201416e-01
3.917703032493591309e-01
-3.430423885583877563e-02
1.916291117668151855e-01
-3.874428570270538330e-01
-5.447409674525260925e-02
-5.095384716987609863e-01
1.769802905619144440e-02
-2.034955024719238281e-01
-8.200225234031677246e-01
-4.011376500129699707e-01
6.293459981679916382e-02
7.595551759004592896e-02
3.165687620639801025e-01
-9.671342968940734863e-01
1.611557900905609131e-01
-1.546611636877059937e-01
-2.612041831016540527e-01
-2.041516304016113281e-01
3.297119438648223877e-01
-1.285524845123291016e+00
-5.802201628684997559e-01
-2.433352619409561157e-01
2.443333119153976440e-01
1.290732622146606445e-01
2.276389151811599731e-01
-3.208867460489273071e-02
-3.084938824176788330e-01
-2.318370789289474487e-01
1.607886254787445068e-01
-1.015628650784492493e-01
-7.262847572565078735e-02
-1.179511189460754395e+00
-3.899620473384857178e-01
2.713331282138824463e-01
3.361315280199050903e-02
7.365014553070068359e-01
-5.249645933508872986e-02
-2.411121688783168793e-02
2.098942101001739502e-01
1.732094407081604004e+00
6.040025353431701660e-01
-1.046417802572250366e-01
1.889185234904289246e-02
-3.644229173660278320e-01
-6.651737689971923828e-01
7.276857495307922363e-01
4.369924589991569519e-02
1.924426853656768799e-01
-1.661037676967680454e-03
2.610812783241271973e-01
-4.533204734325408936e-01
4.159474968910217285e-01
-6.718754023313522339e-02
-2.229433134198188782e-02
2.441664487123489380e-01
-2.490372359752655029e-01
4.542284607887268066e-01
-1.655346751213073730e-01
-6.432338058948516846e-02
-2.119086682796478271e-01
-1.252495646476745605e-01
1.954058706760406494e-01
-4.743363857269287109e-01
4.293459057807922363e-01
5.063834786415100098e-01
-8.579333871603012085e-02
-3.810337185859680176e-01
1.780813187360763550e-01
1.159347221255302429e-01
-2.922427058219909668e-01
1.128197535872459412e-01
-1.268732696771621704e-01
-3.471401929855346680e-01
-2.765060663223266602e-01
-7.531096786260604858e-02
-2.068478465080261230e-01
2.741224169731140137e-01
-1.810441017150878906e-01
1.000568985939025879e+00
-8.479216694831848145e-01
-4.438602626323699951e-01
5.118448734283447266e-01
5.504659563302993774e-02
5.718602985143661499e-02
-1.194544583559036255e-01
-9.603486955165863037e-02
-2.454909086227416992e-01
1.276552677154541016e-01
8.646225929260253906e-02
2.775659859180450439e-01
-4.659572839736938477e-01
5.819604396820068359e-01
-7.059147953987121582e-02
-2.225269973278045654e-01
5.705423951148986816e-01
-6.251311898231506348e-01
5.789092555642127991e-02
-5.415433645248413086e-01
3.817608654499053955e-01
1.067531034350395203e-01
-4.831020534038543701e-01
4.066827595233917236e-01
3.078978136181831360e-02
6.758056282997131348e-01
2.298823446035385132e-01
-2.377698868513107300e-01
-2.434459477663040161e-01
4.599627852439880371e-01
1.908222436904907227e-01
7.715197205543518066e-01
-2.252408564090728760e-01
-2.072517275810241699e-01
-6.360069513320922852e-01
-4.233713746070861816e-01
6.848231423646211624e-03
-1.148743554949760437e-01
6.465938091278076172e-01
-9.472401440143585205e-02
1.384648531675338745e-01
-4.429015815258026123e-01
-8.877637982368469238e-02
4.591909646987915039e-01
-5.383362770080566406e-01
-1.773167997598648071e-01
8.129937574267387390e-03
4.758265614509582520e-01
-2.932590246200561523e-01
2.865204513072967529e-01
3.873665332794189453e-01
1.475749164819717407e-01
2.913980782032012939e-01
2.491161525249481201e-01
2.747092545032501221e-01
-1.066693812608718872e-01
-5.533648133277893066e-01
7.267907261848449707e-02
6.047324538230895996e-01
2.486007362604141235e-01
-7.670490071177482605e-03
-1.443575769662857056e-01
6.206984072923660278e-02
1.087772324681282043e-01
-4.054489135742187500e-01
-2.491910196840763092e-02
-1.584044098854064941e-01
1.850868575274944305e-02
3.699653148651123047e-01
-8.281424045562744141e-01
2.093072682619094849e-01
2.123337984085083008e-02
-1.338915061205625534e-02
5.029628276824951172e-01
-2.887740135192871094e-01
-9.689321368932723999e-02
-2.734399437904357910e-01
-4.463178217411041260e-01
8.339512944221496582e-01
-1.688584387302398682e-01
2.776258625090122223e-02
-4.878741130232810974e-02
7.731619477272033691e-02
1.181127905845642090e+00
-7.787560224533081055e-01
7.923336029052734375e-01
-2.094007432460784912e-01
2.267715632915496826e-01
1.666442602872848511e-01
7.676321268081665039e-02
1.567105650901794434e-01
-1.886962056159973145e-01
1.691890060901641846e-01
2.344734668731689453e-01
-9.225458651781082153e-02
-8.522671461105346680e-02
-1.325135231018066406e-01
-2.364218533039093018e-01
3.977008163928985596e-01
-7.136567030102014542e-03
-1.320152133703231812e-01
5.068857967853546143e-02
6.731067597866058350e-02
5.345606207847595215e-01
-3.479301333427429199e-01
1.419735401868820190e-01
1.365330629050731659e-02
-4.555862843990325928e-01
-1.510319560766220093e-01
4.453030228614807129e-02
-2.208956629037857056e-01
3.059356510639190674e-01
-3.779016137123107910e-01
-9.068828076124191284e-02
8.723813295364379883e-02
-1.314584016799926758e-01
2.928191423416137695e-01
-2.355534285306930542e-01
-3.257945179939270020e-01
-2.592219114303588867e-01
8.621709346771240234e-01
-3.175575733184814453e-01
-1.406758278608322144e-01
4.333519563078880310e-02
4.190596342086791992e-01
3.186596035957336426e-01
3.335168957710266113e-01
6.733893156051635742e-01
-9.835796356201171875e-01
9.376108050346374512e-01
6.897177696228027344e-01
1.932777762413024902e-01
-4.728813469409942627e-01
7.789732217788696289e-01
1.802544742822647095e-01
-4.816749691963195801e-02
3.509766459465026855e-01
-2.811121046543121338e-01
9.597036987543106079e-02
-1.300770789384841919e-01
-1.520952284336090088e-01
-2.279525846242904663e-01
-2.956475913524627686e-01
1.396815776824951172e-01
-2.460301071405410767e-01
5.656312704086303711e-01
3.976008594036102295e-01
-4.381577670574188232e-01
-4.047540202736854553e-02
4.163248538970947266e-01
1.296330839395523071e-01
-6.102983355522155762e-01
1.558064967393875122e-01
-1.212908253073692322e-01
2.207415103912353516e-01
-1.078563109040260315e-01
-1.921253800392150879e-01
3.972229957580566406e-01
1.324913054704666138e-01
1.997492462396621704e-01
-9.261946678161621094e-01
1.532482951879501343e-01
2.838440835475921631e-01
-2.804192602634429932e-01
-5.239914059638977051e-01
-1.497312784194946289e-01
1.325003802776336670e-01
-5.492540597915649414e-01
9.457677006721496582e-01
-4.957828819751739502e-01
-7.104955315589904785e-01
2.280701398849487305e-01
-2.426541149616241455e-01
-2.144318222999572754e-01
-2.713092565536499023e-01
3.727042675018310547e-01
-1.243955865502357483e-01
5.322192609310150146e-02
4.557978808879852295e-01
3.025585711002349854e-01
-6.246059536933898926e-01
1.834522932767868042e-01
2.547123432159423828e-01
-2.566890977323055267e-02
-8.762959241867065430e-01
-9.073895215988159180e-02
-8.670347183942794800e-02
3.066669106483459473e-01
4.405631422996520996e-01
-1.012924015522003174e-01
3.057254850864410400e-01
9.896561503410339355e-02
9.233362227678298950e-02
1.031097248196601868e-01
1.822629272937774658e-01
1.355263292789459229e-01
3.915675878524780273e-01
-1.409849077463150024e-01
-3.646470904350280762e-01
4.364906623959541321e-02
8.761419653892517090e-01
8.614447899162769318e-03
-1.254052519798278809e-01
6.980987638235092163e-02
4.045335948467254639e-01
1.991506963968276978e-01
-2.255826145410537720e-01
5.232888460159301758e-01
-6.482504010200500488e-01
6.758894920349121094e-01
5.076722502708435059e-01
-5.389381647109985352e-01
6.547013521194458008e-01
-4.605147242546081543e-01
3.246826231479644775e-01
3.275662362575531006e-01
-3.426177501678466797e-01
1.800878793001174927e-01
-1.462322175502777100e-01
1.992975175380706787e-01
-4.195058941841125488e-01
5.274509191513061523e-01
3.120467662811279297e-01
-1.448611617088317871e-01
-6.886790692806243896e-02
-8.107906579971313477e-02
2.049790918827056885e-01
-1.098190620541572571e-01
3.424230515956878662e-01
-2.076469510793685913e-01
-3.542497158050537109e-01
3.885934948921203613e-01
-2.129915058612823486e-01
2.535045444965362549e-01
-2.609139084815979004e-01
-5.121532082557678223e-01
3.841502070426940918e-01
-3.304842412471771240e-01
3.609251976013183594e-01
3.985450267791748047e-01
6.137478947639465332e-01
9.252696484327316284e-02
-3.502176403999328613e-01
2.968992590904235840e-01
2.833877801895141602e-01
4.810383021831512451e-01
7.097852230072021484e-01
-7.046056389808654785e-01
-4.611308872699737549e-02
2.710709273815155029e-01
-5.736775994300842285e-01
-1.932978034019470215e-01
-9.046877026557922363e-01
1.907266676425933838e-01
4.260991513729095459e-02
-1.391841024160385132e-01
2.925807237625122070e-01
-7.900555729866027832e-01
4.815836846828460693e-01
4.764732718467712402e-01
2.101924657821655273e+00
-5.328596234321594238e-01
6.037877127528190613e-02
3.352695703506469727e-01
5.754478573799133301e-01
5.951201319694519043e-01
5.783524513244628906e-01
-5.290770530700683594e-01
-5.942084789276123047e-01
4.745895266532897949e-01
-3.166846632957458496e-01
-4.189662337303161621e-01
-3.165106773376464844e-01
-1.309734433889389038e-01
-2.461104691028594971e-01
-2.282208800315856934e-01
1.326714307069778442e-01
-1.443846523761749268e-02
-9.519150853157043457e-02
2.874482870101928711e-01
-7.571955323219299316e-01
-6.853520125150680542e-02
-1.617030024528503418e+00
-5.618336200714111328e-01
9.231337159872055054e-02
1.183851361274719238e-01
-7.503634691238403320e-01
-2.378859370946884155e-01
4.205659031867980957e-01
-8.638727664947509766e-02
-4.658638313412666321e-02
-4.757227599620819092e-01
-7.144644111394882202e-02
-9.032854437828063965e-02
-6.447140872478485107e-02
1.562305241823196411e-01
-1.773019582033157349e-01
1.955004334449768066e-01
-3.898973017930984497e-02
-3.335990756750106812e-02
-2.715962566435337067e-02
2.692079246044158936e-01
-2.658189535140991211e-01
-9.884025901556015015e-02
-5.497497916221618652e-01
-1.792794764041900635e-01
-3.151640295982360840e-01
1.849708706140518188e-01
-3.927379846572875977e-02
-3.324107825756072998e-01
3.025552928447723389e-01
1.497209966182708740e-01
-4.073570668697357178e-01
6.383679062128067017e-02
-6.510349512100219727e-01
-1.193111062049865723e+00
3.130364120006561279e-01
-4.791867434978485107e-01
4.294660985469818115e-01
2.725478410720825195e-01
2.266067117452621460e-01
-1.831694692373275757e-01
-3.773277401924133301e-01
2.998090982437133789e-01
1.511239260435104370e-01
2.275922447443008423e-01
3.190698325634002686e-01
-6.415028125047683716e-02
8.285233378410339355e-02
8.289232850074768066e-02
-4.915508329868316650e-01
-4.608052074909210205e-01
-4.930151402950286865e-01
3.343070670962333679e-02
-5.904436707496643066e-01
-3.586170375347137451e-01
8.242279291152954102e-02
-2.889488935470581055e-01
3.364642849192023277e-03
3.392650932073593140e-02
-3.273410499095916748e-01
-2.187994122505187988e-01
-6.670626401901245117e-01
-1.467992365360260010e-02
-1.088221743702888489e-01
1.094690337777137756e-01
4.564138874411582947e-02
-2.912869155406951904e-01
-3.449085652828216553e-01
3.583053052425384521e-01
-1.573760509490966797e-01
7.577539682388305664e-01
-1.172650326043367386e-02
5.531998276710510254e-01
8.302011489868164062e-01
-6.745565682649612427e-02
-6.209357827901840210e-02
-1.966165006160736084e-01
1.267872303724288940e-01
9.280755370855331421e-02
2.234718054533004761e-01
1.332665383815765381e-01
7.807235717773437500e-01
8.699262738227844238e-01
2.399399876594543457e-01
-3.066756064072251320e-03
2.584830224514007568e-01
7.791120558977127075e-02
3.984735906124114990e-01
3.387710079550743103e-02
2.557626068592071533e-01
-7.753006219863891602e-01
6.283610314130783081e-02
1.081931114196777344e+00
3.839777410030364990e-01
1.347083598375320435e-01
-3.168299496173858643e-01
1.532752215862274170e-01
1.310242861509323120e-01
-1.429756134748458862e-01
1.114237681031227112e-01
-7.179462909698486328e-01
3.270549476146697998e-01
-1.447068601846694946e-01
-1.619352586567401886e-02
-4.197801463305950165e-03
2.016357630491256714e-01
1.957268565893173218e-01
-1.500382572412490845e-01
1.200978532433509827e-01
1.704714745283126831e-01
9.117098152637481689e-02
-8.151832818984985352e-01
2.039780616760253906e+00
-5.089414119720458984e-02
-9.103297442197799683e-02
5.615035891532897949e-01
-4.613878428936004639e-01
4.564998149871826172e-01
1.784725040197372437e-01
2.601153552532196045e-01
-3.893374279141426086e-02
-2.957831919193267822e-01
5.920745134353637695e-01
2.044414281845092773e-01
1.303213536739349365e-01
2.455642521381378174e-01
-2.388819903135299683e-01
-8.425747752189636230e-01
2.755408734083175659e-02
-2.541960179805755615e-01
6.497741937637329102e-01
1.015628352761268616e-01
-1.223401650786399841e-01
4.902420938014984131e-01
-7.746300101280212402e-02
3.396928310394287109e-02
-1.458456516265869141e-01
1.946790665388107300e-01
-2.440983951091766357e-01
-9.426451474428176880e-02
1.380254775285720825e-01
8.249518275260925293e-02
-2.212413698434829712e-01
-2.932548150420188904e-02
-1.924248486757278442e-01
-1.360125392675399780e-01
-3.096798993647098541e-02
9.117963314056396484e-01
-8.265907317399978638e-02
8.459816873073577881e-02
-5.640179514884948730e-01
-8.061167001724243164e-01
1.525987982749938965e-01
-5.263356566429138184e-01
-6.623415350914001465e-01
4.065091609954833984e-01
-1.647583395242691040e-01
5.836023017764091492e-02
3.581635653972625732e-01
1.718675196170806885e-01
-2.535846829414367676e-01
2.609901726245880127e-01
1.257207989692687988e-01
1.691986173391342163e-01
5.539591908454895020e-01
2.414011359214782715e-01
-6.057263612747192383e-01
-2.559235692024230957e-01
6.707987785339355469e-01
-4.844289422035217285e-01
4.497355222702026367e-01
1.366900444030761719e+00
-4.494517147541046143e-01
3.589532077312469482e-01
1.863326877355575562e-02
-9.682981967926025391e-01
3.063803315162658691e-01
-1.121602877974510193e-01
-1.165415883064270020e+00
-1.017265319824218750e-01
4.316084682941436768e-01
1.455957442522048950e-01
-1.074144691228866577e-01
-2.165354490280151367e-01
-3.025602400302886963e-01
-2.957437336444854736e-01
4.935585558414459229e-01
1.176070809364318848e+00
-3.639960885047912598e-01
3.480386734008789062e-01
-3.790315985679626465e-01
-8.881592154502868652e-01
3.703558444976806641e-01
-6.136773526668548584e-02
-9.518676400184631348e-01
1.126266598701477051e+00
-4.757501184940338135e-01
5.931679010391235352e-01
3.732236325740814209e-01
-2.224543504416942596e-02
-5.158401727676391602e-01
1.945593506097793579e-01
1.000445038080215454e-01
3.714272677898406982e-01
2.853411734104156494e-01
3.302450180053710938e-01
-3.653194308280944824e-01
-1.435779333114624023e-01
3.752146959304809570e-01
-4.356956183910369873e-01
9.047552347183227539e-01
-9.575220197439193726e-02
-3.298160135746002197e-01
-3.577889502048492432e-01
-9.278061985969543457e-02
3.577678799629211426e-01
-1.989386677742004395e-01
7.671351730823516846e-02
2.407555934041738510e-03
-6.375856995582580566e-01
8.945212513208389282e-02
-6.140878424048423767e-02
-6.248071324080228806e-03
7.124631851911544800e-02
2.667007148265838623e-01
1.492764502763748169e-01
2.028461396694183350e-01
8.751482963562011719e-01
2.218006700277328491e-01
-2.064262330532073975e-01
4.415205493569374084e-02
7.964287698268890381e-02
-7.157474756240844727e-01
2.797066867351531982e-01
-6.850277185440063477e-01
-8.366404473781585693e-02
4.135924875736236572e-01
-3.051739633083343506e-01
-6.126732230186462402e-01
-4.049302041530609131e-01
4.742357134819030762e-01
3.550316393375396729e-01
-2.900586426258087158e-01
-2.251902967691421509e-01
-8.751627206802368164e-01
-3.216598927974700928e-01
1.095181703567504883e+00
5.866138935089111328e-01
-7.139977216720581055e-01
7.681795358657836914e-01
-4.748972356319427490e-01
-1.197405010461807251e-01
8.442316651344299316e-01
7.735982537269592285e-02
-2.156705856323242188e-01
-3.840679768472909927e-03
-9.032932668924331665e-02
1.184783577919006348e-01
-2.793333828449249268e-01
-1.312353312969207764e-01
-5.464755892753601074e-01
1.879056990146636963e-01
1.763531118631362915e-01
6.208705306053161621e-01
7.308071851730346680e-02
4.675256088376045227e-02
2.025172263383865356e-01
-3.935959041118621826e-01
-1.999224275350570679e-01
5.914892535656690598e-03
-3.914048075675964355e-01
-2.918967604637145996e-01
2.801726944744586945e-02
-1.282035857439041138e-01
-9.346744418144226074e-01
-5.907888524234294891e-03
-4.188253581523895264e-01
6.596781313419342041e-02
2.097131013870239258e-01
-4.260864853858947754e-02
-5.455936193466186523e-01
-2.039310187101364136e-01
2.367775738239288330e-01
3.656896054744720459e-01
6.029589772224426270e-01
3.256503343582153320e-01
-3.803273141384124756e-01
1.398730427026748657e-01
2.960921525955200195e-01
-3.254317939281463623e-01
1.299831718206405640e-01
5.840231180191040039e-01
-1.456518024206161499e-01
4.596110880374908447e-01
2.385686188936233521e-01
-2.900093495845794678e-01
4.098281562328338623e-01
-1.639565974473953247e-01
-4.725494682788848877e-01
-2.126194983720779419e-01
1.213044524192810059e-01
4.561188071966171265e-02
-2.721765041351318359e-01
-4.110674560070037842e-01
-7.871232032775878906e-01
-2.799562513828277588e-01
9.782659411430358887e-01
1.604421585798263550e-01
-3.746241033077239990e-01
4.745642542839050293e-01
-1.917716979980468750e+00
1.587907411158084869e-02
4.041448980569839478e-02
4.760979115962982178e-02
-7.822366058826446533e-02
-4.151682928204536438e-02
-9.505553543567657471e-02
-4.647715017199516296e-02
4.753655493259429932e-01
2.781937718391418457e-01
-5.901638418436050415e-02
8.002337813377380371e-02
1.171874105930328369e-01
-2.127313017845153809e-01
2.430878132581710815e-01
-8.533970266580581665e-02
-2.268689423799514771e-01
-7.472903132438659668e-01
1.039262264966964722e-01
-2.597215473651885986e-01
6.708096265792846680e-01
3.025868833065032959e-01
-9.365711808204650879e-01
1.289525777101516724e-01
1.557343006134033203e+00
-3.318265378475189209e-01
-1.905826106667518616e-02
-4.874506965279579163e-02
6.682416796684265137e-02
4.604521989822387695e-01
7.271493077278137207e-01
8.541227132081985474e-02
6.288575381040573120e-02
4.152516275644302368e-02
-2.587398290634155273e-01
-5.287831276655197144e-02
-2.174260765314102173e-01
2.560598254203796387e-01
-2.555049657821655273e-01
-1.348236650228500366e-01
-1.186154037714004517e-01
-4.029520321637392044e-03
8.118627071380615234e-01
7.065237760543823242e-01
6.069027259945869446e-02
2.949801087379455566e-02
-7.226356118917465210e-02
-3.002391457557678223e-01
-1.552369073033332825e-02
2.478791773319244385e-01
-9.572640657424926758e-01
3.038430511951446533e-01
5.961351990699768066e-01
-6.785542517900466919e-02
-2.615877985954284668e-01
1.146850083023309708e-02
3.660233914852142334e-01
2.533391416072845459e-01
-3.513315916061401367e-01
1.812250539660453796e-02
5.665034055709838867e-01
-2.087123841047286987e-01
-2.191994525492191315e-02
5.213212370872497559e-01
3.916183412075042725e-01
-1.350746601819992065e-01
1.350255459547042847e-01
4.156042933464050293e-01
1.142518408596515656e-02
2.243877500295639038e-01
1.047762408852577209e-01
6.821932196617126465e-01
4.279463589191436768e-01
-3.933808803558349609e-01
2.509771846234798431e-02
1.592386066913604736e-01
-5.175393819808959961e-01
1.399896591901779175e-01
-3.951891660690307617e-01
-3.906452329829335213e-04
8.264307677745819092e-02
5.545665621757507324e-01
-1.329980641603469849e-01
-7.014902681112289429e-02
5.940235257148742676e-01
-1.232635617256164551e+00
-2.894734144210815430e-01
-1.346615236252546310e-02
-5.950642228126525879e-01
4.486362338066101074e-01
-5.267085134983062744e-02
2.202865928411483765e-01
2.758832871913909912e-01
-9.632715582847595215e-02
-1.814380884170532227e-01
3.026074469089508057e-01
1.686794497072696686e-02
2.589380145072937012e-01
7.977291243150830269e-04
-7.057703733444213867e-01
-7.542625814676284790e-02
2.124623805284500122e-01
-2.695538997650146484e-01
3.141121268272399902e-01
7.791867852210998535e-01
-7.081601023674011230e-01
3.475956320762634277e-01
2.931447625160217285e-01
-4.403101801872253418e-01
6.038008332252502441e-01
-7.215415835380554199e-01
-1.495983749628067017e-01
-2.535632066428661346e-02
2.604968547821044922e-01
4.559908807277679443e-01
3.666092455387115479e-01
1.665373295545578003e-01
-9.196168184280395508e-02
-1.583843708038330078e+00
2.686677873134613037e-01
8.143363147974014282e-02
5.368274450302124023e-01
5.998865142464637756e-02
2.167823463678359985e-01
2.084160894155502319e-01
-1.225140839815139771e-01
-4.299674630165100098e-01
5.296528688631951809e-04
-3.315520584583282471e-01
3.803320527076721191e-01
3.287550806999206543e-01
-1.169977560639381409e-01
-5.970331430435180664e-01
2.849071053788065910e-03
-6.999170035123825073e-02
8.114219456911087036e-02
1.178261265158653259e-01
1.521172761917114258e+00
-2.257160246372222900e-01
-1.408528327941894531e+00
-6.212075948715209961e-01
-3.101015686988830566e-01
-1.724440976977348328e-02
-3.158059418201446533e-01
-2.732797861099243164e-01
2.703586518764495850e-01
-4.724484682083129883e-02
-1.798139959573745728e-01
4.990133643150329590e-01
-3.209581971168518066e-01
4.041712880134582520e-01
-2.995301187038421631e-01
-2.402417212724685669e-01
2.238662689924240112e-01
-8.452244848012924194e-02
-3.491484820842742920e-01
2.305717021226882935e-01
9.159686416387557983e-02
3.979248404502868652e-01
-7.657521218061447144e-02
-7.169539481401443481e-02
-5.615112185478210449e-02
3.725854679942131042e-02
1.355708539485931396e-01
-2.312327325344085693e-01
-1.307391822338104248e-01
-3.371532559394836426e-01
2.886914312839508057e-01
1.717448118142783642e-03
-3.477703034877777100e-01
-9.275314956903457642e-02
2.835329174995422363e-01
1.432923078536987305e+00
-7.598363608121871948e-02
-3.290263414382934570e-01
1.488848477602005005e-01
7.509446889162063599e-02
-1.451638936996459961e+00
6.437552720308303833e-02
-3.510108888149261475e-01
-2.468081861734390259e-01
-1.138566970825195312e+00
1.565171331167221069e-01
-2.027897238731384277e-01
-7.877083420753479004e-01
-2.083601504564285278e-01
-1.055599823594093323e-01
-3.575462102890014648e-01
1.289924621582031250e+00
-9.846400618553161621e-01
1.304964065551757812e+00
5.010800808668136597e-02
-2.611835859715938568e-02
5.415310263633728027e-01
-6.310044527053833008e-01
-5.525397658348083496e-01
5.935741662979125977e-01
-2.105854004621505737e-01
1.549497008323669434e+00
-5.520664453506469727e-01
-1.744349449872970581e-01
3.852707445621490479e-01
-1.684022545814514160e-01
-1.698351278901100159e-02
3.751153647899627686e-01
-1.266487538814544678e-01
7.124343514442443848e-02
-4.125916957855224609e-02
-1.349966764450073242e+00
1.604854762554168701e-01
-5.292088389396667480e-01
1.069707721471786499e-01
4.221084415912628174e-01
-4.141127765178680420e-01
2.492372691631317139e-01
1.168373376131057739e-01
-6.047250032424926758e-01
1.446559280157089233e-01
-5.381758213043212891e-01
7.629255205392837524e-02
-1.013788953423500061e-01
4.709590226411819458e-02
-3.052519559860229492e-01
6.306936144828796387e-01
1.941907703876495361e-01
-4.835110008716583252e-01
-7.033552974462509155e-02
1.984886974096298218e-01
2.718005478382110596e-01
-1.534184664487838745e-01
-2.862945497035980225e-01
4.077354818582534790e-02
2.044826745986938477e+00
2.342590838670730591e-01
2.771993577480316162e-01
2.537080943584442139e-01
6.766016781330108643e-02
-2.499583363533020020e-01
-6.579614281654357910e-01
-4.068329036235809326e-01
-1.060308665037155151e-01
-9.259528517723083496e-01
-1.284562349319458008e-01
-7.284374535083770752e-02
-2.435225434601306915e-02
1.699553489685058594e+00
-7.795628160238265991e-02
-3.635922372341156006e-01
-4.634575247764587402e-01
2.206764072179794312e-01
4.288952946662902832e-01
-2.126664295792579651e-02
1.064839243888854980e+00
-1.510476171970367432e-01
-3.035342693328857422e-01
-1.593793928623199463e-01
-4.269484803080558777e-02
-1.276668459177017212e-01
-2.915573418140411377e-01
-1.627204895019531250e+00
4.527845084667205811e-01
-1.204597875475883484e-01
-1.165799051523208618e-01
5.538710951805114746e-01
6.496762037277221680e-01
6.847183406352996826e-02
-1.921259164810180664e-01
2.350219488143920898e-01
-4.489477276802062988e-01
6.180814504623413086e-01
-3.268581032752990723e-01
4.537541568279266357e-01
1.794743686914443970e-01
-2.719186246395111084e-01
1.294274032115936279e-01
4.761748611927032471e-01
-4.407572448253631592e-01
-3.317335844039916992e-01
-2.754966616630554199e-01
3.297627344727516174e-02
4.335190635174512863e-03
1.170277129858732224e-02
-2.508185803890228271e-01
1.045746877789497375e-01
-1.423870772123336792e-01
4.754730314016342163e-02
1.539531648159027100e-01
3.257486820220947266e-01
4.393352866172790527e-01
-7.787595689296722412e-02
-4.163370430469512939e-01
2.077707797288894653e-01
-2.741715431213378906e+00
1.298073381185531616e-01
-2.309534884989261627e-02
2.422905564308166504e-01
-1.823951452970504761e-01
-1.553259342908859253e-01
3.083800077438354492e-01
-2.875547111034393311e-01
1.754662096500396729e-01
1.912620663642883301e-01
-3.761624917387962341e-02
2.948012650012969971e-01
9.109841287136077881e-02
-2.588961720466613770e-01
2.921127378940582275e-01
1.514954715967178345e-01
-6.244000792503356934e-01
4.251831471920013428e-01
1.041622459888458252e-01
2.177260369062423706e-01
-2.563158988952636719e+00
-2.728155851364135742e-01
2.192067801952362061e-01
1.999254524707794189e-01
-3.008069470524787903e-02
7.060135602951049805e-01
-2.861013114452362061e-01
5.647478103637695312e-01
-3.454815149307250977e-01
3.786061704158782959e-01
2.138894945383071899e-01
-1.616065576672554016e-02
1.749159693717956543e-01
-1.177318453788757324e+00
-4.775000512599945068e-01
-2.090195566415786743e-01
-9.214005619287490845e-02
-3.280755877494812012e-02
-9.656392782926559448e-02
-6.313633918762207031e-02
4.294278025627136230e-01
-2.734359204769134521e-01
-1.952382475137710571e-01
-1.028462201356887817e-01
2.351787537336349487e-01
1.567232757806777954e-01
-3.960888385772705078e-01
-2.525990903377532959e-01
-2.639580667018890381e-01
-1.809567213058471680e-01
-3.849888220429420471e-02
1.660102605819702148e-02
5.863944441080093384e-02
7.636753320693969727e-01
4.452813267707824707e-01
1.418048441410064697e-01
-5.725492835044860840e-01
7.024980336427688599e-02
-2.473562955856323242e-02
-1.932733058929443359e-01
2.526548206806182861e-01
-4.454469978809356689e-01
8.697469234466552734e-01
2.747518382966518402e-02
-8.246701955795288086e-02
-1.132090315222740173e-01
8.242602646350860596e-02
5.175354480743408203e-01
-2.066599726676940918e-01
4.359390735626220703e-01
1.189883202314376831e-01
-1.921474784612655640e-01
-1.260593086481094360e-01
1.312758326530456543e-01
-7.067812085151672363e-01
2.528937533497810364e-02
-3.440795242786407471e-01
5.729820113629102707e-03
2.911309301853179932e-01
1.513434499502182007e-01
-2.848013341426849365e-01
-3.498794436454772949e-01
-8.382446169853210449e-01
9.383407980203628540e-02
-5.331839993596076965e-02
1.277650594711303711e-01
1.112898826599121094e+00
-7.107550501823425293e-01
-3.784893453121185303e-01
4.091593921184539795e-01
-9.593357145786285400e-02
2.603105008602142334e-01
1.047516465187072754e+00
-5.141156315803527832e-01
-7.866825163364410400e-02
2.547388672828674316e-01
-3.319526314735412598e-01
1.959147751331329346e-01
-1.502930521965026855e-01
1.173656359314918518e-01
-1.089721024036407471e-01
-2.466224133968353271e-01
4.727635681629180908e-01
4.322209954261779785e-01
-8.997913450002670288e-02
-8.565032482147216797e-02
-9.815610200166702271e-02
-4.244186580181121826e-01
1.906646490097045898e-01
-4.280574992299079895e-02
-3.252796530723571777e-01
1.196592092514038086e+00
1.929804384708404541e-01
-1.207274422049522400e-01
-1.892900317907333374e-01
1.950423717498779297e-01
3.040537238121032715e-01
-5.280992761254310608e-02
-4.909697175025939941e-02
6.453993916511535645e-01
5.691169500350952148e-01
-4.361918196082115173e-03
7.619354873895645142e-02
2.618102729320526123e-01
1.095324382185935974e-02
-3.514647185802459717e-01
-1.228885650634765625e+00
-1.206536442041397095e-01
3.515808582305908203e-01
-7.690659165382385254e-02
-2.818972170352935791e-01
1.459843218326568604e-01
2.228023707866668701e-01
3.331232368946075439e-01
3.381083011627197266e-01
9.230446815490722656e-01
-4.218229949474334717e-01
4.487397894263267517e-02
-2.132193595170974731e-01
4.414184093475341797e-01
3.784574270248413086e-01
-4.075517356395721436e-01
6.377428770065307617e-01
4.932364821434020996e-01
-3.868136107921600342e-01
1.246771663427352905e-01
4.201986268162727356e-02
2.453126758337020874e-01
1.044985055923461914e-01
-2.312037795782089233e-01
-9.150823950767517090e-02
9.943206608295440674e-02
-3.881321847438812256e-02
-1.081126406788825989e-01
3.372825980186462402e-01
3.212687969207763672e-01
3.074901700019836426e-01
-1.682494282722473145e-01
-1.760440617799758911e-01
1.585239619016647339e-01
4.665835797786712646e-01
3.248858749866485596e-01
-5.407580137252807617e-01
-1.410743147134780884e-01
2.500973828136920929e-02
-4.972447752952575684e-01
4.632724225521087646e-01
2.427022904157638550e-01
6.127297505736351013e-02
-2.777558863162994385e-01
-9.988293983042240143e-03
6.841442734003067017e-02
1.301905512809753418e-01
5.193253159523010254e-01
3.422635495662689209e-01
2.777286432683467865e-02
-5.467818975448608398e-01
3.995546102523803711e-01
2.071295827627182007e-01
2.031867019832134247e-02
1.758005321025848389e-01
-7.196746468544006348e-01
6.533030867576599121e-01
3.898284435272216797e-01
-4.408510029315948486e-01
-1.259438991546630859e-01
-1.758444756269454956e-01
1.535271108150482178e-01
-3.160932287573814392e-02
3.732550516724586487e-02
3.863057866692543030e-02
-7.160019874572753906e-02
1.848196834325790405e-01
3.956089727580547333e-03
1.000640913844108582e-01
2.733277380466461182e-01
-3.167754113674163818e-01
5.710732340812683105e-01
9.713941067457199097e-02
-1.796452552080154419e-01
-4.873700439929962158e-02
1.459431499242782593e-01
-1.038294658064842224e-01
3.251768648624420166e-01
2.845380902290344238e-01
4.054611325263977051e-01
1.397933959960937500e-01
-2.617399692535400391e-01
-1.471843719482421875e+00
-1.133823320269584656e-01
3.466514125466346741e-02
3.925178349018096924e-01
-2.312163123860955238e-03
7.161515299230813980e-03
-1.772386580705642700e-02
1.221976205706596375e-01
-1.393423080444335938e-01
1.756842285394668579e-01
3.845759434625506401e-03
-9.346554428339004517e-02
-6.392286419868469238e-01
4.609065353870391846e-01
-5.396117568016052246e-01
-5.481113791465759277e-01
3.581239283084869385e-01
4.350804686546325684e-01
-2.963579297065734863e-01
3.713275492191314697e-01
-1.558494418859481812e-01
5.954760685563087463e-02
-5.617274641990661621e-01
-2.596937492489814758e-02
2.350036241114139557e-02
-3.839224949479103088e-02
-2.653152048587799072e-01
2.974722385406494141e-01
-7.420116066932678223e-01
1.090811491012573242e-01
5.896825194358825684e-01
-6.804567575454711914e-01
1.669256016612052917e-02
-7.971438020467758179e-02
3.870723843574523926e-01
-1.355693936347961426e-01
-1.144703011959791183e-02
3.374910354614257812e-01
1.455932408571243286e-01
-8.715203404426574707e-02
5.457872152328491211e-01
1.962484270334243774e-01
-2.373927384614944458e-01
1.146974936127662659e-01
3.634253144264221191e-01
-6.510275602340698242e-02
2.092472016811370850e-01
1.523093581199645996e+00
-1.697940826416015625e+00
1.606170833110809326e-01
1.678396761417388916e-01
-1.976484060287475586e-01
-5.949873924255371094e-01
3.626977801322937012e-01
-1.648884713649749756e-01
2.417579591274261475e-01
5.022501945495605469e-01
3.828716874122619629e-01
6.288887560367584229e-02
1.225662529468536377e-01
2.120074748992919922e+00
-3.063161075115203857e-01
2.704881727695465088e-01
6.091378629207611084e-02
-6.406717002391815186e-02
8.902113884687423706e-02
-4.232721924781799316e-01
1.089047938585281372e-01
1.046864271163940430e+00
-4.881268441677093506e-01
-3.582002222537994385e-01
3.766561746597290039e-01
9.352595806121826172e-01
-1.394662111997604370e-01
4.066751301288604736e-01
2.163419425487518311e-01
-3.282467126846313477e-01
-5.327758789062500000e-01
-3.282433152198791504e-01
-2.621783912181854248e-01
-3.107116818428039551e-01
-4.254929125308990479e-01
-1.683887243270874023e-01
-7.460740208625793457e-02
-5.618767738342285156e-01
1.956773400306701660e-01
-1.017098054289817810e-01
-6.918136477470397949e-01
-2.484636783599853516e+00
4.991756286472082138e-04
3.832805454730987549e-01
1.676955074071884155e-01
4.646819457411766052e-02
-2.864883542060852051e-01
3.499744832515716553e-01
-3.086403012275695801e-01
-3.753275051712989807e-02
1.903170719742774963e-02
6.285955905914306641e-01
-4.543148279190063477e-01
-1.436365246772766113e-01
-2.056341618299484253e-01
6.309486925601959229e-02
2.307752668857574463e-01
1.342879831790924072e-01
2.757806479930877686e-01
-1.761783510446548462e-01
2.665573358535766602e-01
4.975401163101196289e-01
2.084809690713882446e-01
7.962440252304077148e-01
-7.463784515857696533e-02
3.649691585451364517e-03
-3.481836915016174316e-01
8.754814863204956055e-01
-2.788040637969970703e-01
4.189222455024719238e-01
-7.051671296358108521e-02
2.540403902530670166e-01
-5.278702974319458008e-01
1.464006543159484863e+00
3.274719789624214172e-02
4.439519345760345459e-01
-2.424125522375106812e-01
-9.080073237419128418e-02
4.496033787727355957e-01
-5.444149374961853027e-01
4.175374507904052734e-01
3.831781446933746338e-01
-4.405365288257598877e-01
-3.202591091394424438e-02
-7.183975726366043091e-02
2.374103963375091553e-01
-1.968031674623489380e-01
-9.356884658336639404e-02
3.061732053756713867e-01
1.673133224248886108e-01
-1.052686721086502075e-01
-1.580972075462341309e-01
-8.236744403839111328e-01
2.314159721136093140e-01
-1.250724345445632935e-01
3.881989121437072754e-01
-3.836454078555107117e-02
-4.033193886280059814e-01
-1.471422612667083740e-01
-3.704368323087692261e-02
-2.625052332878112793e-01
1.033794999122619629e+00
-3.361566364765167236e-01
-2.567215636372566223e-02
4.756433665752410889e-01
4.438732564449310303e-01
-1.776371151208877563e-01
4.055226147174835205e-01
1.319110672920942307e-02
9.177938103675842285e-02
-3.911139965057373047e-01
-2.796652317047119141e-01
7.798116654157638550e-02
-7.388315349817276001e-02
8.806707710027694702e-02
3.285445868968963623e-01
-1.840876042842864990e-01
-2.050376981496810913e-01
-7.362006604671478271e-02
-1.660359203815460205e-01
-3.456912338733673096e-01
7.718425989151000977e-01
-5.831742659211158752e-02
-3.311626911163330078e-01
4.600381553173065186e-01
4.823525249958038330e-01
2.222536653280258179e-01
3.267162740230560303e-01
-1.361191272735595703e-01
-1.031960025429725647e-01
-4.589128196239471436e-01
1.824425011873245239e-01
-1.458948999643325806e-01
-8.546190708875656128e-02
-2.046281844377517700e-02
-4.801730215549468994e-01
-4.686811938881874084e-02
-2.903941571712493896e-01
-1.038303226232528687e-01
1.000625491142272949e-01
-2.929651141166687012e-01
1.855420321226119995e-02
6.121927872300148010e-02
2.289319485425949097e-01
6.622686386108398438e-01
-2.926840186119079590e-01
5.384455919265747070e-01
-2.525075376033782959e-01
-1.557974368333816528e-01
4.902379214763641357e-02
5.960387736558914185e-02
-1.563459932804107666e-01
1.042431294918060303e-01
1.579929888248443604e-02
-1.989256739616394043e-01
3.698876872658729553e-02
2.440983895212411880e-03
-2.975178658962249756e-01
1.200380772352218628e-01
-2.352151721715927124e-01
-7.487221360206604004e-01
1.367685556411743164e+00
-4.632929861545562744e-01
-2.144443243741989136e-01
2.456401884555816650e-01
1.810066998004913330e-01
6.460301876068115234e-01
-3.692359030246734619e-01
-1.052811518311500549e-01
-2.636339664459228516e-01
-3.096577823162078857e-01
-5.777224302291870117e-01
1.472967416048049927e-01
-1.236903890967369080e-01
-3.302489221096038818e-01
-2.229641973972320557e-01
-1.298498660326004028e-01
-6.361840367317199707e-01
1.515346169471740723e-01
-3.930076956748962402e-01
-1.041296720504760742e+00
8.408930301666259766e-01
-2.074026912450790405e-01
-1.203213810920715332e+00
4.095980525016784668e-01
3.393519222736358643e-01
1.112883687019348145e-01
1.531843245029449463e-01
-1.938668042421340942e-01
-4.289425909519195557e-01
-2.170827984809875488e-01
1.330619454383850098e-01
-1.835104823112487793e-01
-3.332294151186943054e-02
9.489183872938156128e-02
2.477457374334335327e-01
1.610932797193527222e-01
-8.206580281257629395e-01
-1.236298829317092896e-01
1.000387072563171387e-01
-6.995035409927368164e-01
5.400949716567993164e-01
-1.439021378755569458e-01
-1.417939811944961548e-01
6.743253469467163086e-01
2.828455865383148193e-01
-1.449888944625854492e-01
-1.765306293964385986e-01
1.743248999118804932e-01
-9.026065468788146973e-02
-2.139700949192047119e-01
-1.121779009699821472e-01
1.719870269298553467e-01
4.859261214733123779e-01
4.643592834472656250e-01
-7.008039206266403198e-02
-5.385692119598388672e-01
1.212586313486099243e-01
-1.534278038889169693e-02
1.071827262639999390e-01
-2.563398182392120361e-01
-5.366703867912292480e-02
3.888785243034362793e-01
7.696008682250976562e-02
-2.662617862224578857e-01
1.582834571599960327e-01
7.727936655282974243e-02
5.178593471646308899e-02
5.027635097503662109e-01
-1.193537935614585876e-01
1.965180411934852600e-02
-1.749021559953689575e-01
2.103467285633087158e-02
-4.839209616184234619e-01
2.445106394588947296e-03
-5.084683299064636230e-01
4.243033230304718018e-01
7.025794982910156250e-01
-1.949869692325592041e-01
3.722745180130004883e-01
5.096973776817321777e-01
-9.430975914001464844e-01
2.913469076156616211e-01
7.345273494720458984e-01
-3.650858700275421143e-01
-3.688906729221343994e-01
-3.187710046768188477e-01
2.344106584787368774e-01
-1.133049502968788147e-01
2.317037433385848999e-01
4.927100539207458496e-01
4.095047414302825928e-01
-3.592925518751144409e-02
1.398380845785140991e-01
1.004814028739929199e+00
-1.044206842780113220e-01
-2.521020174026489258e-01
-5.160933732986450195e-01
-7.446001768112182617e-01
4.323299229145050049e-01
3.749805092811584473e-01
-3.365583419799804688e-01
5.658415555953979492e-01
9.268769025802612305e-01
-9.807468056678771973e-01
-3.460719287395477295e-01
-1.078801155090332031e-01
-1.641393899917602539e-01
6.473970413208007812e-01
2.304452061653137207e-01
3.507465422153472900e-01
3.358443453907966614e-02
7.413765788078308105e-01
-5.521605610847473145e-01
1.540323048830032349e-01
-1.091995611786842346e-01
7.441028207540512085e-02
3.769584596157073975e-01
2.019308358430862427e-01
1.348061393946409225e-02
3.095575869083404541e-01
8.783317208290100098e-01
1.142949163913726807e-01
2.679672539234161377e-01
-9.640551209449768066e-01
-7.978065609931945801e-01
3.559736907482147217e-01
-2.712416648864746094e-01
1.651931554079055786e-02
4.362494647502899170e-01
3.414504602551460266e-02
1.106037497520446777e-01
-3.439359366893768311e-02
-5.530509948730468750e-01
4.821984767913818359e-01
-6.399019807577133179e-02
1.923006325960159302e-01
5.566603541374206543e-01
-4.581724703311920166e-01
4.004265069961547852e-01
2.989879250526428223e-01
1.680738776922225952e-01
5.155971646308898926e-01
-8.300912380218505859e-01
-6.435225605964660645e-01
-4.244144558906555176e-01
1.699404418468475342e-01
-1.124165430665016174e-01
2.444440126419067383e-01
-1.489030420780181885e-01
3.694862127304077148e-01
-4.923722147941589355e-01
1.887680590152740479e-01
5.045522451400756836e-01
1.778577715158462524e-01
5.872700810432434082e-01
5.416315793991088867e-01
-8.022640943527221680e-01
2.947785258293151855e-01
-1.278017163276672363e-01
-8.444659113883972168e-01
6.793544888496398926e-01
-1.408300399780273438e-01
5.699383616447448730e-01
2.574784159660339355e-01
-2.890097796916961670e-01
3.492268919944763184e-01
3.018129467964172363e-01
1.310863643884658813e-01
-1.038156598806381226e-01
-2.926785945892333984e-01
1.480922102928161621e-01
6.704915780574083328e-03
-4.173445701599121094e-01
-1.894625723361968994e-01
-2.477167695760726929e-01
8.336782455444335938e-02
1.578135639429092407e-01
4.228047728538513184e-01
-1.445606648921966553e-01
-3.042901456356048584e-01
8.470419794321060181e-02
-1.451419591903686523e-01
-1.259175300598144531e+00
-3.736864030361175537e-01
3.271631598472595215e-01
-2.055701911449432373e-01
-9.626672863960266113e-01
-4.541294872760772705e-01
3.029270768165588379e-01
-2.450981587171554565e-01
3.478298783302307129e-01
-1.437535881996154785e-01
6.276465654373168945e-01
2.198814451694488525e-01
5.081459879875183105e-01
-5.464113354682922363e-01
7.317920029163360596e-02
1.493900120258331299e-01
5.638366937637329102e-02
-2.193417251110076904e-01
-1.448235660791397095e-01
-3.232658505439758301e-01
-2.524284422397613525e-01
-3.705228865146636963e-02
-2.355930805206298828e-01
4.544484894722700119e-03
3.560702204704284668e-01
1.231509819626808167e-01
6.721766293048858643e-02
-1.724544167518615723e-02
-9.808060713112354279e-03
-4.719675481319427490e-01
2.002324461936950684e-01
-4.293776750564575195e-01
-6.689219474792480469e-01
4.729035198688507080e-01
-1.178923025727272034e-01
-1.497777737677097321e-02
-6.741596460342407227e-01
7.032808661460876465e-01
4.656561315059661865e-01
8.756825327873229980e-01
2.361869364976882935e-01
5.229429602622985840e-01
1.160346865653991699e+00
-1.438468545675277710e-01
-2.417427301406860352e-01
-3.045020401477813721e-01
-6.270290613174438477e-01
1.619830131530761719e-01
1.797334998846054077e-01
2.180801779031753540e-01
2.317919209599494934e-02
-4.851765632629394531e-01
-6.811301112174987793e-01
7.223784327507019043e-01
-1.027644574642181396e-01
2.534573972225189209e-01
6.738320738077163696e-02
7.558623552322387695e-01
4.018279612064361572e-01
4.262627363204956055e-01
2.570533752441406250e-01
3.361662328243255615e-01
7.584505081176757812e-01
2.953501977026462555e-02
-5.306806564331054688e-01
-1.727737486362457275e-01
-4.209237694740295410e-01
-2.942555844783782959e-01
2.403746396303176880e-01
-1.710828021168708801e-02
-3.922160267829895020e-01
-7.285742759704589844e-01
-4.479593336582183838e-01
7.955502867698669434e-01
2.971056476235389709e-02
-4.892085492610931396e-01
6.346966028213500977e-01
2.390040457248687744e-01
1.061088293790817261e-01
-1.897373646497726440e-01
5.470548942685127258e-02
-5.215830355882644653e-02
-2.239605337381362915e-01
5.536015033721923828e-01
-2.903380393981933594e-01
1.913999915122985840e-01
3.719396516680717468e-02
3.384777605533599854e-01
-2.739068567752838135e-01
-1.769685149192810059e-01
1.561167597770690918e+00
-4.871010482311248779e-01
-4.114902019500732422e-01
4.656871557235717773e-01
-1.735727190971374512e-01
1.315594762563705444e-01
-1.502373488619923592e-03
5.813248753547668457e-01
7.803096771240234375e-01
8.846293687820434570e-01
4.377211332321166992e-01
4.030300080776214600e-01
1.144186139106750488e+00
-2.518885135650634766e-01
-9.273522347211837769e-02
-3.079717457294464111e-01
-4.746484756469726562e-01
-5.936058983206748962e-02
1.762308180332183838e-01
5.127850770950317383e-01
-6.321984529495239258e-02
-9.519191086292266846e-02
-4.210928678512573242e-01
3.202059566974639893e-01
-1.793124377727508545e-01
-8.172313868999481201e-02
-6.304651498794555664e-01
5.559554100036621094e-01
5.835317373275756836e-01
3.223574161529541016e-01
2.610225379467010498e-01
4.175200760364532471e-01
1.309617161750793457e+00
1.137038916349411011e-01
-5.486103892326354980e-01
-6.227745860815048218e-02
2.075848355889320374e-02
2.066873908042907715e-01
2.708206474781036377e-01
4.117889404296875000e-01
3.819229006767272949e-01
-8.019699901342391968e-02
2.134259343147277832e-01
-6.551767587661743164e-01
-4.216317236423492432e-01
8.942246437072753906e-02
-4.692539870738983154e-01
-4.606104791164398193e-01
-2.889170348644256592e-01
-1.504811346530914307e-01
-8.319329470396041870e-02
-3.052602410316467285e-01
1.099810898303985596e-01
1.385924816131591797e-01
-1.467131525278091431e-01
4.350919723510742188e-01
1.302438378334045410e-01
9.055003523826599121e-02
1.236645430326461792e-01
-1.311752647161483765e-01
2.664633989334106445e-01
-9.894027709960937500e-01
2.061270624399185181e-01
-4.781304597854614258e-01
-8.720973879098892212e-02
-1.058901429176330566e+00
-9.321700036525726318e-02
-3.308112025260925293e-01
-9.633692912757396698e-03
2.769339680671691895e-01
-4.008919298648834229e-01
-4.636302590370178223e-01
3.419152796268463135e-01
1.156657040119171143e-01
-5.509049296379089355e-01
4.410745799541473389e-01
1.614823639392852783e-01
1.278205122798681259e-02
3.603336513042449951e-01
2.358686178922653198e-03
4.246544241905212402e-01
4.134948849678039551e-01
1.112979128956794739e-01
-6.974498629570007324e-01
1.740957051515579224e-01
-3.010827004909515381e-01
-2.525216341018676758e-01
-6.557398438453674316e-01
-4.676859974861145020e-01
-2.235627323389053345e-01
-2.347385138273239136e-01
-8.819469213485717773e-01
-9.348911046981811523e-01
1.709204167127609253e-02
4.363872408866882324e-01
-4.771794006228446960e-02
1.212174743413925171e-01
-8.125652372837066650e-02
-2.112376540899276733e-01
-1.008549705147743225e-01
-2.012073621153831482e-02
-7.112915515899658203e-01
2.203890681266784668e-01
1.562721580266952515e-01
-1.358314156532287598e-01
-1.426117300987243652e+00
5.048976540565490723e-01
3.194610178470611572e-01
2.867034375667572021e-01
-3.111662268638610840e-01
-2.488001286983489990e-01
-8.338987827301025391e-02
1.809485703706741333e-01
4.772652387619018555e-01
-1.814226061105728149e-01
4.171290695667266846e-01
-1.078637167811393738e-01
-1.250917911529541016e-01
-3.316517546772956848e-02
-1.397107690572738647e-01
-1.106052160263061523e+00
-3.843258619308471680e-01
-2.278422266244888306e-01
-3.966363072395324707e-01
-3.181939199566841125e-02
1.005968749523162842e-01
4.152122437953948975e-01
7.421793043613433838e-02
5.211526900529861450e-02
-1.175771594047546387e+00
-2.517876327037811279e-01
1.542189121246337891e-01
-6.408802699297666550e-03
2.589009404182434082e-01
1.086213253438472748e-02
-1.501913219690322876e-01
-8.528044819831848145e-02
6.062755733728408813e-02
3.771765232086181641e-01
5.451057553291320801e-01
3.508252650499343872e-02
5.472748540341854095e-03
-2.327586263418197632e-01
2.377146482467651367e-01
3.276420831680297852e-01
2.070178538560867310e-01
-1.513875275850296021e-01
-3.804945349693298340e-01
8.889316022396087646e-02
-5.467334389686584473e-02
1.130693629384040833e-01
1.463336795568466187e-01
6.170559525489807129e-01
1.794321537017822266e-01
2.849059700965881348e-01
-6.204689145088195801e-01
-9.066631793975830078e-01
-7.479626685380935669e-02
2.567485570907592773e-01
3.258298337459564209e-01
3.334554731845855713e-01
4.277704954147338867e-01
4.946554303169250488e-01
-6.586770415306091309e-01
-2.792299091815948486e-01
-1.943803131580352783e-01
7.461555302143096924e-02
-5.465924739837646484e-01
-5.724362730979919434e-01
-9.379828572273254395e-01
-3.831171691417694092e-01
-7.686800360679626465e-01
-5.212010145187377930e-01
3.612578213214874268e-01
5.112540125846862793e-01
2.952471971511840820e-01
8.533300757408142090e-01
-2.627940475940704346e-02
-2.904032468795776367e-01
-3.898340165615081787e-01
1.973409950733184814e-01
1.069815903902053833e-01
-8.809326291084289551e-01
6.218070164322853088e-02
1.189670637249946594e-01
2.485773116350173950e-01
-7.558475434780120850e-02
7.593647837638854980e-01
9.663231372833251953e-01
1.900847628712654114e-02
6.333313584327697754e-01
9.981046319007873535e-01
6.254171133041381836e-01
-7.238748073577880859e-01
-2.278900146484375000e-02
-2.996870279312133789e-01
-9.738312363624572754e-01
-9.830211848020553589e-02
2.581701874732971191e-01
3.744460344314575195e-01
-1.413246691226959229e-01
-5.370891094207763672e-01
-1.162611767649650574e-01
3.809107244014739990e-01
-4.349683225154876709e-01
1.597311496734619141e-01
1.921874731779098511e-01
5.649058222770690918e-01
2.329269610345363617e-02
7.484924793243408203e-01
3.096150755882263184e-01
-4.181348383426666260e-01
7.681624293327331543e-01
-2.381978034973144531e-01
-8.452205657958984375e-01
-1.256353706121444702e-01
3.167449235916137695e-01
3.341488540172576904e-01
6.282349824905395508e-01
-9.637839794158935547e-01
4.303412735462188721e-01
-3.039960563182830811e-01
4.387311637401580811e-02
-3.073434531688690186e-01
-2.956870496273040771e-01
-2.246749699115753174e-01
-5.077217221260070801e-01
-2.986295223236083984e-01
-3.515495657920837402e-01
6.602949500083923340e-01
-4.977654218673706055e-01
2.439206689596176147e-01
-5.500532388687133789e-01
3.172894194722175598e-02
2.820032835006713867e-01
7.998858690261840820e-01
3.705787360668182373e-01
6.596943736076354980e-01
-1.089933421462774277e-02
-5.289790630340576172e-01
3.408145308494567871e-01
-4.739997982978820801e-01
-3.544697165489196777e-02
-3.228263556957244873e-01
-1.025175601243972778e-01
-4.312489032745361328e-01
-3.611769974231719971e-01
-3.472034037113189697e-01
-2.804668843746185303e-01
9.326040744781494141e-01
-1.605514138936996460e-01
-2.378528863191604614e-01
3.281735479831695557e-01
-1.290237605571746826e-01
-2.513020038604736328e-01
3.210436403751373291e-01
1.784079819917678833e-01
9.078202396631240845e-02
-8.545444160699844360e-02
2.483315393328666687e-02
-4.007978141307830811e-01
-1.946878880262374878e-01
-5.436812043190002441e-01
1.088357567787170410e+00
1.346379369497299194e-01
2.871327996253967285e-01
7.528826594352722168e-01
7.371164560317993164e-01
3.456581234931945801e-01
-6.530564278364181519e-02
6.480493545532226562e-01
3.833930790424346924e-01
-7.058762013912200928e-02
-2.485195361077785492e-02
-3.258198201656341553e-01
-2.471499741077423096e-01
2.827863097190856934e-01
-7.962447404861450195e-02
1.750540733337402344e-01
3.138368725776672363e-01
-6.166714057326316833e-02
2.724024057388305664e-01
2.709811553359031677e-02
4.217893183231353760e-01
1.548752337694168091e-01
4.733117520809173584e-01
1.284980475902557373e-01
4.089092910289764404e-01
3.745054602622985840e-01
-4.619169235229492188e-01
-1.152815446257591248e-01
6.887275725603103638e-02
-5.415225028991699219e-01
-1.871541291475296021e-01
-3.531415462493896484e-01
-2.192515581846237183e-01
6.946914643049240112e-02
-2.113892287015914917e-01
-6.241236329078674316e-01
-1.637598425149917603e-01
4.027264714241027832e-01
-2.102168798446655273e-01
-1.933729648590087891e-01
8.628154993057250977e-01
-6.524044275283813477e-02
1.229717731475830078e-01
3.183547556400299072e-01
6.878715157508850098e-01
5.443215742707252502e-02
4.913945794105529785e-01
5.460050106048583984e-01
-1.368191242218017578e-01
2.592187225818634033e-01
-2.361146956682205200e-01
-9.184185862541198730e-01
-5.796934366226196289e-01
6.313471794128417969e-01
1.586841605603694916e-02
2.653885483741760254e-01
2.560601010918617249e-02
-2.586435675621032715e-01
9.821622967720031738e-01
1.969404220581054688e-01
-8.717065304517745972e-02
2.499954700469970703e-01
6.145336106419563293e-02
-2.965654432773590088e-01
-1.699654161930084229e-01
7.797116786241531372e-02
-2.451866865158081055e-01
-2.210503965616226196e-01
-3.245043754577636719e-01
-6.370218098163604736e-02
-2.194546163082122803e-01
7.468177676200866699e-01
-1.963272541761398315e-01
-2.654458284378051758e-01
-4.237869679927825928e-01
2.660520970821380615e-01
-2.107496708631515503e-01
-2.963234186172485352e-01
-3.772450387477874756e-01
-1.136028692126274109e-01
-3.508782982826232910e-01
-3.538928329944610596e-01
4.143727123737335205e-01
4.340233206748962402e-01
3.870500922203063965e-01
1.749960780143737793e-01
-2.111537754535675049e-01
-1.019220352172851562e-01
5.305420756340026855e-01
-7.528885006904602051e-01
-1.650924533605575562e-01
4.740717113018035889e-01
3.053949177265167236e-01
-1.974257081747055054e-01
2.519410550594329834e-01
-1.591856628656387329e-01
-5.846480652689933777e-02
-3.547740280628204346e-01
-3.970716595649719238e-01
-4.859184026718139648e-01
-5.812539458274841309e-01
-5.705280303955078125e-01
2.807480394840240479e-01
1.885794475674629211e-02
8.436787724494934082e-01
-3.157671093940734863e-01
-3.023958802223205566e-01
1.790451109409332275e-01
2.030635997653007507e-02
1.584778353571891785e-02
2.484603643417358398e+00
8.484240621328353882e-02
1.265645176172256470e-01
-4.268956482410430908e-01
4.644242525100708008e-01
1.776052564382553101e-01
1.662788867950439453e+00
-2.445691376924514771e-01
-1.348161548376083374e-01
2.822004025802016258e-03
2.741180956363677979e-01
-5.235364660620689392e-02
-1.038390994071960449e-01
1.498762518167495728e-01
-7.920326292514801025e-02
1.431078761816024780e-01
-1.050949376076459885e-02
3.052418678998947144e-02
2.394346743822097778e-01
-2.436456978321075439e-01
-1.796424984931945801e-01
-3.289264738559722900e-01
-3.026412986218929291e-02
1.902770996093750000e-01
-1.156897842884063721e-01
2.648514509201049805e-01
3.155307173728942871e-01
-8.981945365667343140e-02
-1.171181425452232361e-01
2.537636756896972656e-01
2.218363583087921143e-01
-8.401762694120407104e-03
-3.487063944339752197e-01
1.006587035953998566e-02
6.753296405076980591e-02
-2.448706030845642090e-01
7.255665659904479980e-01
1.474595367908477783e-01
-2.345904894173145294e-02
4.209527373313903809e-01
3.308853879570960999e-02
-2.081981599330902100e-01
-4.254026412963867188e-01
-4.129528254270553589e-02
6.125231981277465820e-01
-1.756115108728408813e-01
7.529933750629425049e-02
-2.684723436832427979e-01
1.154011785984039307e-01
-2.271560430526733398e-01
