7.201365828514099121e-01
-3.048328757286071777e-01
-8.161918818950653076e-02
1.013364642858505249e-01
-3.032338321208953857e-01
8.625827431678771973e-01
-1.120604574680328369e-01
3.485595285892486572e-01
1.910758465528488159e-01
-1.202670097351074219e+00
-2.322792261838912964e-02
2.106492668390274048e-01
1.386826187372207642e-01
-2.136525958776473999e-01
-6.760953366756439209e-02
-1.034318804740905762e+00
-3.097704984247684479e-02
2.266160994768142700e-01
4.531895220279693604e-01
9.427193999290466309e-01
-1.105211898684501648e-01
-1.469662785530090332e+00
7.775019854307174683e-02
-6.354274153709411621e-01
4.256351664662361145e-02
-7.013044953346252441e-01
1.650013029575347900e-01
9.859088659286499023e-01
-1.251959502696990967e-01
8.719453215599060059e-01
-1.209303289651870728e-01
2.469271272420883179e-01
3.485174775123596191e-01
-4.118969142436981201e-01
-3.504440784454345703e-01
-6.724913120269775391e-01
4.386927485466003418e-01
3.756769895553588867e-01
3.514525592327117920e-01
1.058594062924385071e-01
1.098284602165222168e+00
-8.399297595024108887e-01
8.260109424591064453e-01
-3.761197328567504883e-01
5.344411358237266541e-02
4.830427467823028564e-01
-8.084694147109985352e-01
8.776618838310241699e-01
-5.173096060752868652e-01
2.844570577144622803e-01
-3.253939449787139893e-01
-1.636255830526351929e-01
6.630969643592834473e-01
-7.653014063835144043e-01
1.338464260101318359e+00
-2.988940291106700897e-02
1.291380077600479126e-01
-7.995639443397521973e-01
1.473496079444885254e+00
7.212993502616882324e-01
2.495782077312469482e-01
-2.626332044601440430e-01
-1.658429354429244995e-01
9.390486031770706177e-02
2.597594857215881348e-01
1.367494761943817139e-01
1.590921878814697266e-01
8.707521557807922363e-01
-1.636640131473541260e-01
-9.142662286758422852e-01
2.352082133293151855e-01
1.291829161345958710e-03
1.617035716772079468e-01
-9.297596812248229980e-01
-6.177179515361785889e-02
1.016122102737426758e-01
3.088943660259246826e-01
3.043769001960754395e-01
-1.541906595230102539e-02
4.349059760570526123e-01
-3.309084177017211914e-01
-3.429045155644416809e-02
-2.832945883274078369e-01
-3.040032684803009033e-01
7.751724720001220703e-01
-3.851874470710754395e-01
-6.514111533761024475e-03
2.903190851211547852e-01
5.858533084392547607e-03
-4.267919659614562988e-01
1.268411159515380859e+00
4.137675166130065918e-01
7.980365306138992310e-02
-1.748402565717697144e-01
-4.499725997447967529e-01
-5.222401618957519531e-01
1.032815054059028625e-01
6.023570895195007324e-01
-4.788150191307067871e-01
-4.728769659996032715e-01
2.163013368844985962e-01
-1.323801130056381226e-01
4.326923787593841553e-01
2.757849097251892090e-01
-6.637504696846008301e-01
6.023382022976875305e-02
2.164845466613769531e-01
-2.454988509416580200e-01
-2.232220023870468140e-01
2.914123535156250000e-01
-2.849718928337097168e-01
-2.936442196369171143e-01
1.063582524657249451e-01
4.030332267284393311e-01
2.395504713058471680e-01
4.106976985931396484e-01
-3.660922050476074219e-01
-8.198257535696029663e-02
-3.113035485148429871e-02
-2.577653825283050537e-01
-5.260046720504760742e-01
2.424141168594360352e-01
1.480363160371780396e-01
4.037341177463531494e-01
2.138669639825820923e-01
-2.544512748718261719e-01
5.702274502255022526e-04
-1.067226082086563110e-01
3.748528361320495605e-01
-1.931651979684829712e-01
4.454154893755912781e-02
1.541800349950790405e-01
-2.531810104846954346e-01
-1.389649808406829834e-01
-6.049751862883567810e-02
1.277600824832916260e-01
-3.232915401458740234e-01
2.708154022693634033e-01
-1.545192953199148178e-02
-4.860146939754486084e-01
-1.382769703865051270e+00
5.911201238632202148e-01
-1.138435900211334229e-01
8.918144702911376953e-01
2.809115648269653320e-01
-1.977271139621734619e-01
4.667788371443748474e-02
-3.090290725231170654e-01
1.610416322946548462e-01
3.499935865402221680e-01
3.408454358577728271e-02
2.304254323244094849e-01
-3.173561692237854004e-01
3.958433866500854492e-01
-2.191361486911773682e-01
1.419342309236526489e-01
-8.826239109039306641e-01
-1.428169310092926025e-01
-5.474463850259780884e-02
-7.570317983627319336e-01
2.091232128441333771e-02
-3.223864436149597168e-01
3.590567708015441895e-01
-2.406150288879871368e-02
-6.954864859580993652e-01
5.020331740379333496e-01
-3.841621577739715576e-01
2.087817490100860596e-01
-6.078850030899047852e-01
1.800429522991180420e-01
-8.243408799171447754e-01
-5.736661553382873535e-01
2.169554084539413452e-01
-2.122467607259750366e-01
6.081294417381286621e-01
6.482687592506408691e-01
3.016201257705688477e-01
-3.037550747394561768e-01
1.092202886939048767e-01
4.133096039295196533e-01
-1.398221254348754883e-01
-5.665391683578491211e-02
-4.914644360542297363e-01
-5.118488669395446777e-01
6.733678579330444336e-01
9.805683791637420654e-02
6.278899312019348145e-01
-1.805532127618789673e-01
-4.564690962433815002e-02
2.858555614948272705e-01
3.537935316562652588e-01
-1.695143431425094604e-01
-1.586995720863342285e-01
1.882714033126831055e-01
-4.296402335166931152e-01
-1.152393937110900879e+00
1.055859446525573730e+00
4.597508162260055542e-02
1.638977825641632080e-01
-1.797808147966861725e-02
2.980578839778900146e-01
-2.816580832004547119e-01
3.193232417106628418e-01
1.891393400728702545e-02
1.762568354606628418e-01
2.719513177871704102e-01
-2.302555441856384277e-01
1.063278436660766602e+00
-3.982242047786712646e-01
-3.657291829586029053e-02
-1.736860424280166626e-01
4.718002676963806152e-02
6.745123267173767090e-01
-6.840383410453796387e-01
3.714337646961212158e-01
4.819076657295227051e-01
-3.242683708667755127e-01
-4.135007560253143311e-01
2.078876495361328125e-01
1.620271950960159302e-01
-3.877494037151336670e-01
1.670610606670379639e-01
6.743994355201721191e-02
-2.613518238067626953e-01
-5.192136764526367188e-01
-8.974720723927021027e-03
-3.038763701915740967e-01
2.230871170759201050e-01
-1.655077040195465088e-01
6.917186975479125977e-01
-1.013196945190429688e+00
-6.411436796188354492e-01
4.509608447551727295e-01
1.097649857401847839e-01
1.424227505922317505e-01
3.671112060546875000e-01
-3.121117353439331055e-01
-1.109592914581298828e-01
6.558392196893692017e-02
-5.237283185124397278e-02
-3.718166351318359375e-01
4.626614972949028015e-02
3.641433417797088623e-01
1.518159806728363037e-01
-2.169709652662277222e-01
7.709599286317825317e-02
-3.147730827331542969e-01
-1.294850856065750122e-01
-8.721332997083663940e-02
-2.073734402656555176e-01
-3.334875684231519699e-03
-1.679802238941192627e-01
8.446165174245834351e-02
6.487540155649185181e-02
1.080474257469177246e-01
2.372433692216873169e-01
-5.997102260589599609e-01
3.086464405059814453e-01
1.046517118811607361e-02
-4.324569106101989746e-01
6.202348470687866211e-01
2.664169855415821075e-02
-3.306030333042144775e-01
-6.526688933372497559e-01
-3.153160810470581055e-01
-9.702371060848236084e-02
1.315276511013507843e-02
5.212990045547485352e-01
1.289718896150588989e-01
2.090002968907356262e-02
-3.030390143394470215e-01
3.245290834456682205e-03
4.898637533187866211e-01
-5.072430968284606934e-01
-3.232263326644897461e-01
-6.075067445635795593e-02
3.419083654880523682e-01
-1.312940716743469238e-01
9.498489648103713989e-02
6.881342083215713501e-02
1.042940989136695862e-01
3.473134338855743408e-01
2.471174299716949463e-01
4.171547591686248779e-01
-1.778344959020614624e-01
-6.184422373771667480e-01
8.874083310365676880e-02
5.556292533874511719e-01
3.520312607288360596e-01
-3.737328946590423584e-02
-1.628245562314987183e-01
8.156784623861312866e-02
-6.950921379029750824e-03
-4.280068278312683105e-01
-5.324877053499221802e-02
-1.202814504504203796e-01
-3.164209425449371338e-02
3.487267196178436279e-01
-8.207662105560302734e-01
2.428746074438095093e-01
1.782222092151641846e-02
-2.131573855876922607e-02
4.897089004516601562e-01
-6.442443132400512695e-01
-6.967284530401229858e-02
-2.643288373947143555e-01
-3.272420167922973633e-01
7.776083946228027344e-01
-1.208492070436477661e-01
-6.813985295593738556e-03
-5.176020786166191101e-02
7.120198756456375122e-02
1.341321468353271484e+00
-7.030642628669738770e-01
8.377705812454223633e-01
-4.305856823921203613e-01
4.379212558269500732e-01
1.986984461545944214e-01
1.684024371206760406e-02
1.596568375825881958e-01
8.461808785796165466e-03
-8.394086360931396484e-02
3.811172768473625183e-02
-5.011732578277587891e-01
-1.180287078022956848e-02
-1.321033090353012085e-01
-1.314240992069244385e-01
1.108387589454650879e+00
-1.163328737020492554e-01
-2.458594590425491333e-01
2.357763610780239105e-02
1.135582476854324341e-01
1.697822332382202148e+00
-7.531678676605224609e-01
1.686050891876220703e-01
-1.239312067627906799e-01
-3.267990052700042725e-02
-1.717179566621780396e-01
1.524030417203903198e-01
-9.171105176210403442e-02
5.761254429817199707e-01
-3.038291335105895996e-01
-3.188019692897796631e-01
-1.221410185098648071e-02
5.384851098060607910e-01
9.832866489887237549e-02
-4.615962877869606018e-02
-3.387081027030944824e-01
-2.126371413469314575e-01
9.682486057281494141e-01
3.558704853057861328e-01
3.851623237133026123e-01
8.300584554672241211e-02
4.495274126529693604e-01
1.711014956235885620e-01
-6.649146676063537598e-01
2.035780191421508789e+00
-8.611498475074768066e-01
8.467326164245605469e-01
6.645668745040893555e-01
1.105608642101287842e-01
-3.934179246425628662e-01
5.605070590972900391e-01
4.294347763061523438e-01
-8.972992002964019775e-02
2.664754092693328857e-01
-3.146417737007141113e-01
3.716232255101203918e-02
-1.570604927837848663e-02
-3.932162821292877197e-01
-1.166275218129158020e-01
-2.013206295669078827e-02
-3.605696186423301697e-02
-2.160330265760421753e-01
3.373945355415344238e-01
8.310437202453613281e-01
-9.055681824684143066e-01
6.940189003944396973e-02
3.274493515491485596e-01
4.334437847137451172e-02
1.404939801432192326e-03
-2.276716977357864380e-01
-6.082226336002349854e-02
-2.831700444221496582e-01
3.472020626068115234e-01
-7.904565893113613129e-03
2.940461933612823486e-01
5.057947635650634766e-01
-1.112661659717559814e-01
-6.443284153938293457e-01
3.110886216163635254e-01
4.183316230773925781e-01
1.947426497936248779e-01
-7.740329504013061523e-01
6.615669280290603638e-02
-3.002794384956359863e-01
4.351600632071495056e-02
5.478084683418273926e-01
-7.322345674037933350e-02
-5.914475023746490479e-02
5.344151258468627930e-01
-3.773319721221923828e-01
-6.349506974220275879e-02
-2.963382899761199951e-01
5.068288445472717285e-01
-1.363807320594787598e-01
6.719294935464859009e-02
6.553635597229003906e-01
1.050273627042770386e-01
-7.141912579536437988e-01
4.686021804809570312e-01
4.933276474475860596e-01
2.196727246046066284e-01
-9.336503148078918457e-01
8.911614865064620972e-02
-1.017870455980300903e-01
4.209625422954559326e-01
3.664902150630950928e-01
8.743601292371749878e-02
4.514085054397583008e-01
2.511866688728332520e-01
-2.128553017973899841e-02
1.925248354673385620e-01
8.579130470752716064e-02
3.576294332742691040e-02
5.048823952674865723e-01
-2.364468574523925781e-01
-2.783296108245849609e-01
-6.722214818000793457e-02
9.720223546028137207e-01
-3.301391899585723877e-01
-2.892499566078186035e-01
1.680711954832077026e-01
3.228031694889068604e-01
3.089725971221923828e-01
-4.436803460121154785e-01
8.352977633476257324e-01
-8.897997140884399414e-01
7.975350618362426758e-01
5.393200516700744629e-01
-2.192573398351669312e-01
4.736022353172302246e-01
-5.552726984024047852e-01
4.031247273087501526e-02
6.586127877235412598e-01
-3.521604537963867188e-01
1.623545289039611816e-01
8.571615815162658691e-02
5.891059339046478271e-02
-5.662340521812438965e-01
1.240624427795410156e+00
6.264486312866210938e-01
1.343495547771453857e-01
-3.051411807537078857e-01
-1.074988096952438354e-01
-2.147845476865768433e-01
1.483711749315261841e-01
1.194774061441421509e-01
6.786533445119857788e-02
-6.274366378784179688e-02
3.618887066841125488e-01
-4.163032174110412598e-01
4.434125423431396484e-01
-3.252511918544769287e-01
-3.430804610252380371e-01
7.598620653152465820e-01
-3.653977811336517334e-01
3.109925389289855957e-01
3.681468665599822998e-01
1.046471670269966125e-01
-6.876086443662643433e-02
-3.913435339927673340e-01
3.028612732887268066e-01
4.666334092617034912e-01
3.717643618583679199e-01
6.299545168876647949e-01
-3.853315114974975586e-01
9.814512729644775391e-02
3.908140659332275391e-01
-4.340487420558929443e-01
1.366526037454605103e-01
-7.543720602989196777e-01
-5.860627293586730957e-01
-2.709479928016662598e-01
-5.086626410484313965e-01
6.396312713623046875e-01
-1.105867147445678711e+00
8.451668620109558105e-01
4.255881011486053467e-01
1.693351149559020996e+00
-1.740314066410064697e-01
-1.101582795381546021e-01
6.844894289970397949e-01
8.314580917358398438e-01
9.274836182594299316e-01
9.281437397003173828e-01
-3.108244538307189941e-01
-3.270550668239593506e-01
8.026700615882873535e-01
-5.976395606994628906e-01
-4.187994897365570068e-01
-2.042023837566375732e-02
-1.296744495630264282e-01
-3.167824745178222656e-01
-2.676297128200531006e-01
-2.415947429835796356e-02
1.594199240207672119e-01
-1.682969778776168823e-01
2.097230553627014160e-01
-8.090983629226684570e-01
-1.581550389528274536e-01
-1.675918459892272949e+00
-5.016595125198364258e-01
1.747754514217376709e-01
8.934628218412399292e-02
-8.109839558601379395e-01
2.809269540011882782e-02
2.203005254268646240e-01
-1.685938239097595215e-01
3.042297996580600739e-02
-1.113499879837036133e+00
-4.257911145687103271e-01
-3.376739919185638428e-01
-4.720530807971954346e-01
-1.965016871690750122e-01
1.852910667657852173e-01
-2.477274090051651001e-01
3.730367720127105713e-01
-4.741090163588523865e-02
1.521207392215728760e-01
-1.163031607866287231e-01
-2.467744350433349609e-01
-4.787737429141998291e-01
-9.249566793441772461e-01
2.119363695383071899e-01
9.462687373161315918e-02
3.746951520442962646e-01
1.385090947151184082e+00
7.287633419036865234e-02
-9.368743002414703369e-02
4.822048246860504150e-01
-2.103202044963836670e-01
-2.866654694080352783e-01
-5.201854705810546875e-01
-1.090046882629394531e+00
1.806347072124481201e-01
-1.450014561414718628e-01
2.999080121517181396e-01
-4.459761083126068115e-02
-3.077015513554215431e-03
-1.566573381423950195e-01
-2.017905712127685547e-01
6.989043205976486206e-02
3.070710003376007080e-01
6.546010076999664307e-02
1.195597425103187561e-01
3.379766941070556641e-01
1.671627908945083618e-01
-7.429983466863632202e-02
-1.851306557655334473e-01
-3.591836392879486084e-01
-3.180213570594787598e-01
4.600691422820091248e-02
-6.788792610168457031e-01
-3.585257530212402344e-01
5.027398467063903809e-02
-1.976197510957717896e-01
8.463878766633570194e-04
-9.211401641368865967e-02
-5.040195584297180176e-01
-1.752878427505493164e-01
-4.836271405220031738e-01
-1.483566593378782272e-02
-6.574489176273345947e-02
1.180766522884368896e-01
3.651019558310508728e-02
-1.307415962219238281e-01
1.316664554178714752e-02
3.098824620246887207e-01
-1.506927609443664551e-01
4.982691109180450439e-01
-1.338879205286502838e-02
6.011006236076354980e-01
7.829513549804687500e-01
-3.242488577961921692e-02
-7.148711383342742920e-02
-1.842072010040283203e-01
1.352229118347167969e-01
9.118554741144180298e-02
-4.254718497395515442e-02
2.233697623014450073e-01
7.330663800239562988e-01
9.176518917083740234e-01
2.611473575234413147e-02
4.518670961260795593e-02
3.041157126426696777e-01
1.065623685717582703e-01
5.753406882286071777e-01
7.783631235361099243e-02
2.361423522233963013e-01
-3.488482907414436340e-02
5.558853968977928162e-02
9.196637272834777832e-01
6.022344827651977539e-01
2.794556617736816406e-01
-3.351670801639556885e-01
1.795228868722915649e-01
1.783647239208221436e-01
-2.062973827123641968e-01
4.121408462524414062e-01
-8.314951062202453613e-01
4.503071308135986328e-01
-6.332682073116302490e-02
8.395498245954513550e-02
-1.662868559360504150e-01
1.358258128166198730e-01
2.416308224201202393e-01
-1.793844848871231079e-01
8.301088213920593262e-02
2.380075752735137939e-01
4.061649367213249207e-02
-4.182527959346771240e-01
1.884867906570434570e+00
-7.388260215520858765e-02
-6.059397011995315552e-02
4.595564603805541992e-01
-1.494269073009490967e-01
4.240867495536804199e-01
7.095239125192165375e-03
7.535076886415481567e-02
-6.145315617322921753e-02
-3.701009154319763184e-01
5.467414259910583496e-01
1.235699281096458435e-01
1.034193858504295349e-01
2.656706571578979492e-01
-1.112181469798088074e-01
-6.681006550788879395e-01
1.105359289795160294e-02
-2.002076357603073120e-01
4.642687439918518066e-01
1.682837605476379395e-01
-5.249475836753845215e-01
5.661548972129821777e-01
3.253003582358360291e-02
3.872901946306228638e-02
1.416284684091806412e-02
8.248504996299743652e-02
-5.702069997787475586e-01
-3.722019493579864502e-01
2.282833680510520935e-02
1.853688061237335205e-01
-3.165625333786010742e-01
-2.203272581100463867e-01
-3.160795867443084717e-01
-2.279609292745590210e-01
4.871479570865631104e-01
9.434180259704589844e-01
-1.804762780666351318e-01
2.032937854528427124e-01
2.741303443908691406e-01
4.604066535830497742e-02
-1.437811646610498428e-02
-2.688259780406951904e-01
3.997988998889923096e-01
2.295169532299041748e-01
2.840633392333984375e-01
-1.888098567724227905e-01
6.144839338958263397e-03
3.032118976116180420e-01
1.619482338428497314e-01
4.404051303863525391e-01
9.034875035285949707e-01
1.516298651695251465e+00
5.271891951560974121e-01
3.525025844573974609e-01
-3.826073110103607178e-01
5.139792561531066895e-01
6.730654835700988770e-01
-5.350887179374694824e-01
1.731226593255996704e-01
3.370427191257476807e-01
-6.943618655204772949e-01
5.389164760708808899e-02
2.841160595417022705e-01
-5.305714011192321777e-01
1.165347218513488770e+00
-3.829091191291809082e-01
-6.297210454940795898e-01
-4.721981883049011230e-01
1.879816055297851562e-01
1.933860480785369873e-01
-3.710003495216369629e-01
-4.634765684604644775e-01
-5.436560511589050293e-01
-5.707070231437683105e-01
2.892344295978546143e-01
2.758073210716247559e-01
-3.043386936187744141e-01
4.885168969631195068e-01
-5.507006049156188965e-01
-1.184739232063293457e+00
2.867095731198787689e-02
1.984612271189689636e-02
-7.827106118202209473e-01
3.278829753398895264e-01
2.937214374542236328e-01
4.188406169414520264e-01
4.328391849994659424e-01
-1.086297750473022461e+00
-6.421422362327575684e-01
1.370508074760437012e-01
-5.147927254438400269e-02
2.117958664894104004e-01
1.291886568069458008e-01
1.484760642051696777e-01
-6.088390946388244629e-01
-4.331289827823638916e-01
2.258060127496719360e-01
-5.531198382377624512e-01
1.029808640480041504e+00
-2.256422787904739380e-01
-2.732217311859130859e-01
-3.029597401618957520e-01
-8.372949063777923584e-02
4.818928837776184082e-01
-3.298247158527374268e-01
2.476573139429092407e-01
1.261378675699234009e-01
-4.464049339294433594e-01
9.585131704807281494e-02
-1.503150612115859985e-01
6.788283586502075195e-01
5.158640146255493164e-01
3.751480579376220703e-01
2.697362899780273438e-01
7.857249677181243896e-02
7.335070371627807617e-01
3.463574647903442383e-01
-3.290044069290161133e-01
-6.905636191368103027e-02
1.897663831710815430e+00
-3.344826400279998779e-01
4.666590094566345215e-01
-6.576062440872192383e-01
-3.777071833610534668e-01
6.572179198265075684e-01
-3.551703989505767822e-01
-1.022319197654724121e+00
-3.067426383495330811e-01
4.054397940635681152e-01
1.428013294935226440e-01
-3.560868799686431885e-01
-7.813256978988647461e-01
-9.218100309371948242e-01
-5.528645515441894531e-01
7.528319954872131348e-01
-1.134365331381559372e-02
-8.449463844299316406e-01
1.962732076644897461e+00
-5.776294469833374023e-01
-5.497996211051940918e-01
1.122035980224609375e+00
-2.374296188354492188e-01
-3.882750868797302246e-01
2.349079847335815430e-01
-7.316116243600845337e-02
2.803835272789001465e-01
4.078105390071868896e-01
2.480448335409164429e-01
-4.079331457614898682e-01
3.109650872647762299e-02
7.190560922026634216e-03
3.625818490982055664e-01
2.486638873815536499e-01
1.106202900409698486e-01
2.615438587963581085e-02
-4.271049797534942627e-01
-7.290989626199007034e-03
-3.515502810478210449e-01
-3.638190329074859619e-01
-2.912819087505340576e-01
1.758142858743667603e-01
-1.962111741304397583e-01
-9.487850069999694824e-01
4.815398901700973511e-02
-4.959105551242828369e-01
7.769259810447692871e-02
6.884717196226119995e-02
-1.867806017398834229e-01
-5.118773579597473145e-01
-2.136817574501037598e-01
2.613201737403869629e-01
3.824700415134429932e-01
6.256557703018188477e-01
3.780059516429901123e-01
-1.700029969215393066e-01
-1.078067347407341003e-01
3.048250973224639893e-01
-2.298717200756072998e-01
5.063073635101318359e-01
3.208802044391632080e-01
9.835686534643173218e-02
1.656301915645599365e-01
-9.505122154951095581e-02
-1.173228025436401367e-02
1.919231191277503967e-02
1.816460043191909790e-01
-9.619022905826568604e-02
1.421089004725217819e-02
4.864529073238372803e-01
2.008575052022933960e-01
4.971046745777130127e-02
-3.326059551909565926e-03
-5.040659904479980469e-01
6.611431390047073364e-02
9.066978693008422852e-01
1.091126441955566406e+00
-1.096563786268234253e-01
1.267995536327362061e-01
-1.822382926940917969e+00
-1.019842224195599556e-03
1.690416187047958374e-01
-1.547624915838241577e-01
-2.237273901700973511e-01
2.630599215626716614e-02
-2.195461541414260864e-01
1.058775261044502258e-01
5.590492486953735352e-01
4.518547952175140381e-01
5.548562481999397278e-02
-2.418088912963867188e-01
2.605497241020202637e-01
-3.903295099735260010e-02
3.594564199447631836e-01
3.704145923256874084e-02
-4.375830292701721191e-01
-1.270394563674926758e+00
2.778911292552947998e-01
-3.973881304264068604e-01
3.318496346473693848e-01
1.564783930778503418e+00
-8.952014446258544922e-01
5.783635973930358887e-01
1.881765723228454590e+00
-6.463278532028198242e-01
1.042397171258926392e-01
-3.881292939186096191e-01
-5.149524807929992676e-01
7.519793510437011719e-01
4.961577951908111572e-01
2.473997771739959717e-01
-2.105263471603393555e-01
-5.338523387908935547e-01
-6.110647916793823242e-01
-3.840765058994293213e-01
1.736806929111480713e-01
-4.636386409401893616e-02
-6.123867630958557129e-01
4.551416933536529541e-01
-1.748180389404296875e-01
9.103670716285705566e-02
6.728379726409912109e-01
7.228564023971557617e-01
7.087880279868841171e-03
-4.736863449215888977e-02
-1.126391366124153137e-01
-2.793873548507690430e-01
-8.249327540397644043e-02
1.967926919460296631e-01
-8.298724889755249023e-01
2.789188623428344727e-01
6.060674190521240234e-01
7.103885710239410400e-02
-3.297161459922790527e-01
3.252623137086629868e-03
3.421758711338043213e-01
2.617738842964172363e-01
-3.346236348152160645e-01
2.776275016367435455e-02
9.374245405197143555e-01
-2.637433111667633057e-01
3.901952207088470459e-01
3.196839392185211182e-01
3.927776515483856201e-01
-9.217699617147445679e-02
6.613321602344512939e-02
3.851498067378997803e-01
-9.859140962362289429e-02
4.135262370109558105e-01
-1.611194610595703125e-01
5.122905969619750977e-01
5.506513118743896484e-01
-4.115844368934631348e-01
1.833477318286895752e-01
1.694418042898178101e-01
-1.826558858156204224e-01
2.874347269535064697e-01
-7.336716651916503906e-01
-7.867841981351375580e-03
-5.297608673572540283e-03
3.694357573986053467e-01
-2.961023747920989990e-01
-1.579504460096359253e-01
4.688945710659027100e-01
-1.148772716522216797e+00
-2.182648777961730957e-01
-9.689955413341522217e-02
-2.876144945621490479e-01
3.602674305438995361e-01
-2.348018251359462738e-02
1.118984892964363098e-01
1.726622879505157471e-01
-6.751557812094688416e-03
1.175973117351531982e-01
2.116287052631378174e-01
1.283704340457916260e-01
-7.425533235073089600e-02
3.319107636343687773e-04
-6.283915638923645020e-01
6.373395770788192749e-02
6.032058596611022949e-01
-6.371594071388244629e-01
4.521229267120361328e-01
6.268473267555236816e-01
-6.655874848365783691e-01
2.118849009275436401e-01
2.837584018707275391e-01
1.502646058797836304e-01
7.428185343742370605e-01
8.222444355487823486e-02
-7.093308027833700180e-03
7.717344164848327637e-02
1.237659007310867310e-01
-7.087479829788208008e-01
4.927348494529724121e-01
-6.930035352706909180e-01
4.651961922645568848e-01
-1.172683089971542358e-01
-4.352572560310363770e-02
2.146089449524879456e-02
7.200151681900024414e-01
3.759873509407043457e-01
1.565746217966079712e-01
3.314230740070343018e-01
-2.272253930568695068e-01
-3.340667486190795898e-01
-1.059055514633655548e-02
-1.126531958580017090e-01
3.205941021442413330e-01
3.271425962448120117e-01
-1.807543635368347168e-01
-7.311434745788574219e-01
5.914079770445823669e-02
-3.205351233482360840e-01
1.987661048769950867e-02
3.356507048010826111e-02
1.591789484024047852e+00
-2.429024130105972290e-01
-1.202436208724975586e+00
-6.547479033470153809e-01
-3.466833829879760742e-01
-1.499724984169006348e-01
-3.499040007591247559e-01
-2.757101356983184814e-01
2.546918392181396484e-01
-5.061134323477745056e-02
-2.607164084911346436e-01
3.384928405284881592e-01
-3.500733077526092529e-01
4.330258667469024658e-01
-3.356955051422119141e-01
-1.799238175153732300e-01
2.580545842647552490e-01
-3.888575360178947449e-02
-3.809283375740051270e-01
3.307580053806304932e-01
8.952148258686065674e-02
2.789564430713653564e-01
-2.232352495193481445e-01
2.756226621568202972e-02
-2.210732549428939819e-02
-8.790748566389083862e-02
2.361250817775726318e-01
-1.353191137313842773e-01
-7.646284648217260838e-04
-6.018030643463134766e-01
3.898415565490722656e-01
-1.319290697574615479e-01
-2.537051141262054443e-01
-1.921567618846893311e-01
3.828004598617553711e-01
1.773833036422729492e+00
-1.752483099699020386e-01
-9.847253561019897461e-03
2.492218315601348877e-01
-2.593173645436763763e-02
-1.312430262565612793e+00
-3.346108645200729370e-02
-5.278280377388000488e-01
-4.067329764366149902e-01
-8.121615648269653320e-02
8.467824012041091919e-02
-3.644210398197174072e-01
-8.881088495254516602e-01
-3.447261452674865723e-01
7.534717023372650146e-02
-4.104964435100555420e-01
3.645614683628082275e-01
-1.184147953987121582e+00
4.574343562126159668e-01
-1.044384315609931946e-01
-2.144652605056762695e-01
7.010237574577331543e-01
3.522213548421859741e-02
-7.101014256477355957e-01
5.659685730934143066e-01
6.251817941665649414e-01
3.014427125453948975e-01
-1.879962980747222900e-01
9.386732429265975952e-02
-1.100527495145797729e-01
1.550581771880388260e-03
2.509472966194152832e-01
6.209782958030700684e-01
1.336914449930191040e-01
-2.622834742069244385e-01
2.387380748987197876e-01
-9.338485598564147949e-01
4.298621714115142822e-01
-5.310846567153930664e-01
3.758815824985504150e-01
7.554739713668823242e-01
-6.854928731918334961e-01
1.022006943821907043e-01
3.849173188209533691e-01
-4.700832962989807129e-01
-3.277908265590667725e-01
-7.745838165283203125e-01
-2.862262129783630371e-01
-2.760481238365173340e-01
-2.563491463661193848e-01
-4.835588634014129639e-01
4.575830101966857910e-01
1.492353715002536774e-02
-5.460632443428039551e-01
1.367227584123611450e-01
2.187708206474781036e-02
4.530405998229980469e-01
-3.218826651573181152e-01
-1.079825088381767273e-01
-1.374294459819793701e-01
1.807650327682495117e+00
4.090969860553741455e-01
2.039931565523147583e-01
7.885350286960601807e-02
3.093399107456207275e-01
-3.476524651050567627e-01
-4.760474264621734619e-01
-1.939508467912673950e-01
-5.196712538599967957e-02
-1.049273252487182617e+00
-2.396862655878067017e-01
-1.940808445215225220e-02
3.123625926673412323e-02
2.013572454452514648e+00
1.219830065965652466e-01
-3.087837398052215576e-01
-5.171419978141784668e-01
2.538194060325622559e-01
3.727677762508392334e-01
3.281797096133232117e-02
1.120928287506103516e+00
-2.051718533039093018e-01
-2.250922769308090210e-01
-1.051889583468437195e-01
-1.141424998641014099e-01
-6.881493330001831055e-02
-3.446192145347595215e-01
-1.457264661788940430e+00
4.853869676589965820e-01
-1.180513128638267517e-01
4.733186587691307068e-02
5.864083170890808105e-01
7.588990926742553711e-01
7.295054197311401367e-02
-3.611527383327484131e-01
2.216292768716812134e-01
-4.971584081649780273e-01
6.525831222534179688e-01
-2.934782505035400391e-01
4.883615076541900635e-01
3.120903074741363525e-01
-3.057513833045959473e-01
1.264202147722244263e-01
5.125306248664855957e-01
-2.673573791980743408e-01
-2.936078608036041260e-01
-4.583993256092071533e-01
-3.349883854389190674e-02
8.520772308111190796e-02
1.029691547155380249e-01
-8.302642703056335449e-01
1.862855106592178345e-01
-4.129786789417266846e-02
4.246791005134582520e-01
-1.623074859380722046e-01
3.826895058155059814e-01
2.784629464149475098e-01
1.906433887779712677e-02
-4.761760830879211426e-01
2.881443500518798828e-01
-2.652185678482055664e+00
4.791734367609024048e-02
1.129133924841880798e-01
3.265207111835479736e-01
-4.045871198177337646e-01
2.682607471942901611e-01
-1.417198777198791504e-02
-6.151163578033447266e-01
2.459540665149688721e-01
-3.180483579635620117e-01
-1.309355050325393677e-01
3.650436699390411377e-01
1.850945353507995605e-01
-1.451435089111328125e-01
2.362931519746780396e-01
3.020469248294830322e-01
-7.934302687644958496e-01
4.832901954650878906e-01
2.591019310057163239e-02
3.042459487915039062e-01
-2.473866939544677734e+00
-3.432875871658325195e-01
5.262690186500549316e-01
2.766425907611846924e-01
-9.936547279357910156e-02
6.322948336601257324e-01
-3.234045207500457764e-01
4.887735247611999512e-01
-6.753548383712768555e-01
-2.289294451475143433e-02
1.864972859621047974e-01
-3.458793163299560547e-01
-1.141903623938560486e-01
-7.905832529067993164e-01
-1.457477658987045288e-01
-5.351366400718688965e-01
1.303053051233291626e-01
-3.606840670108795166e-01
2.279385328292846680e-01
-3.970905542373657227e-01
-1.705687791109085083e-01
5.763372778892517090e-02
-2.134027481079101562e-01
-4.301800131797790527e-01
4.606267809867858887e-01
5.150600895285606384e-02
-1.182211935520172119e-01
5.708219110965728760e-02
-1.552860289812088013e-01
-3.726137876510620117e-01
-9.273126721382141113e-03
1.246126815676689148e-01
1.555795073509216309e-01
1.119494199752807617e+00
1.979711502790451050e-01
2.559889256954193115e-01
-8.156349062919616699e-01
1.585748046636581421e-01
-2.015295922756195068e-01
-8.041924238204956055e-02
6.872850060462951660e-01
-5.554063320159912109e-01
4.736158251762390137e-01
1.339144408702850342e-01
-2.392638176679611206e-01
-5.316225066781044006e-02
-1.785974800586700439e-01
3.493007421493530273e-01
-1.489930152893066406e-01
1.027772188186645508e+00
3.443015366792678833e-02
-1.337154507637023926e-01
6.181162223219871521e-02
3.003996312618255615e-01
-7.781912088394165039e-01
6.367844343185424805e-02
-1.757213622331619263e-01
1.096147298812866211e-01
2.257512062788009644e-01
1.893632113933563232e-01
2.325733564794063568e-02
-4.072942137718200684e-01
-2.637976109981536865e-01
1.610727757215499878e-01
-7.199767976999282837e-02
-2.267823815345764160e-01
1.145337343215942383e+00
-9.800930619239807129e-01
-4.029271900653839111e-01
5.134280920028686523e-01
-1.675221882760524750e-02
2.360754460096359253e-01
9.770570397377014160e-01
-4.292343556880950928e-01
-6.715389341115951538e-02
2.741337120532989502e-01
-1.319255232810974121e-01
1.683955788612365723e-01
-1.217291504144668579e-01
7.482112199068069458e-02
-1.107386946678161621e-01
-2.228082120418548584e-01
4.624167978763580322e-01
4.285053312778472900e-01
-9.789492189884185791e-02
-1.616680920124053955e-01
-3.326163068413734436e-02
-3.975266218185424805e-01
4.882149770855903625e-02
-6.537535786628723145e-01
-8.344878554344177246e-01
1.069451928138732910e+00
5.994421988725662231e-02
2.877500951290130615e-01
1.115260273218154907e-01
4.170362278819084167e-02
3.124943375587463379e-01
-1.873859465122222900e-01
6.191738694906234741e-02
5.066084265708923340e-01
5.464957952499389648e-01
1.372032165527343750e-01
1.500228345394134521e-01
1.196836754679679871e-01
3.618758320808410645e-01
-2.812030613422393799e-01
-1.315553784370422363e+00
1.569883823394775391e-01
3.268150985240936279e-01
-1.295462995767593384e-02
-8.396045304834842682e-03
1.210544928908348083e-01
2.588808238506317139e-01
2.613348066806793213e-01
3.528026342391967773e-01
1.096487045288085938e+00
-4.529892802238464355e-01
2.067114785313606262e-02
-1.455178558826446533e-01
4.249736070632934570e-01
3.487705886363983154e-01
-3.831229805946350098e-01
8.309791088104248047e-01
4.759487807750701904e-01
-1.380343288183212280e-01
1.084916293621063232e-01
-2.479762025177478790e-02
1.272390484809875488e-01
9.796321392059326172e-02
-3.463570177555084229e-01
-3.009617328643798828e-01
9.321338683366775513e-02
-4.753783717751502991e-02
1.697584241628646851e-01
3.997322022914886475e-01
3.159123063087463379e-01
4.188364744186401367e-01
-1.731476336717605591e-01
-1.573188453912734985e-01
1.752188503742218018e-01
4.071198105812072754e-01
3.316308557987213135e-01
-4.809273779392242432e-01
-1.458056718111038208e-01
1.560281366109848022e-01
-2.230329811573028564e-01
5.239660739898681641e-01
2.249523997306823730e-01
1.255043447017669678e-01
-1.588183164596557617e+00
-1.277110427618026733e-01
1.332933753728866577e-01
2.045565992593765259e-01
-3.793004900217056274e-02
2.881958782672882080e-01
-1.477485150098800659e-01
-3.691624104976654053e-01
5.366744399070739746e-01
1.532174646854400635e-01
9.889467060565948486e-02
3.801286518573760986e-01
-7.852501869201660156e-01
-1.593425869941711426e-01
4.384773671627044678e-01
-3.929465711116790771e-01
-5.122720599174499512e-01
-2.601759135723114014e-01
9.613570570945739746e-02
-1.195788756012916565e-01
1.766973733901977539e-01
-2.138566039502620697e-02
-1.052353531122207642e-01
2.840505540370941162e-01
-1.560959964990615845e-01
3.683685958385467529e-01
9.862185269594192505e-02
-2.626764178276062012e-01
6.035687327384948730e-01
1.780409961938858032e-01
-1.091456413269042969e-01
-3.784785866737365723e-01
2.546291053295135498e-01
-4.617225751280784607e-02
3.007196485996246338e-01
1.426844447851181030e-01
3.807039558887481689e-01
1.332626342773437500e-01
-1.974829733371734619e-01
-1.322679400444030762e+00
-8.365552127361297607e-02
2.602580189704895020e-02
4.395935833454132080e-01
4.105894565582275391e-01
9.100416675209999084e-03
-4.003092646598815918e-02
1.931159347295761108e-01
2.149066627025604248e-01
1.288591921329498291e-01
-1.171920746564865112e-01
4.064062237739562988e-02
-6.308482885360717773e-01
3.349939286708831787e-01
-1.363399386405944824e+00
-5.971333384513854980e-01
3.146388232707977295e-01
3.688887953758239746e-01
9.479770809412002563e-02
5.381682515144348145e-01
-3.384348377585411072e-02
1.659824550151824951e-01
-3.298561275005340576e-01
-1.641941964626312256e-01
2.520769834518432617e-01
-1.681260168552398682e-01
-1.346042156219482422e-01
4.390369057655334473e-01
-5.807568430900573730e-01
2.469700872898101807e-01
1.113572359085083008e+00
-5.683315396308898926e-01
-2.842568755149841309e-01
-1.056065782904624939e-01
3.320908546447753906e-01
6.267667561769485474e-02
1.283734142780303955e-01
4.832013547420501709e-01
1.379222143441438675e-02
2.556900866329669952e-02
7.394425868988037109e-01
2.585988640785217285e-01
-1.236757934093475342e-01
2.492870949208736420e-02
5.968628525733947754e-01
-1.470053046941757202e-01
2.938735187053680420e-01
1.636037468910217285e+00
-1.514768719673156738e+00
2.502475976943969727e-01
9.470300376415252686e-02
-1.952771544456481934e-01
-5.209622979164123535e-01
1.134554520249366760e-01
9.281742572784423828e-02
3.574373722076416016e-01
5.914890766143798828e-01
4.733295142650604248e-01
-1.851820349693298340e-01
2.042759209871292114e-01
2.246177196502685547e+00
-4.754250943660736084e-01
-2.799041569232940674e-01
6.028505042195320129e-02
-1.684093624353408813e-01
7.022929936647415161e-02
-4.102284610271453857e-01
2.539608776569366455e-01
9.824096560478210449e-01
-4.881852865219116211e-01
-5.172038450837135315e-02
4.168326258659362793e-01
4.436744451522827148e-01
2.453423887491226196e-01
1.959360688924789429e-01
2.385164648294448853e-01
-3.308611810207366943e-01
-5.324911475181579590e-01
-8.326563984155654907e-02
-1.033212542533874512e-01
-5.182589292526245117e-01
-6.526481509208679199e-01
-3.884885013103485107e-01
1.490005552768707275e-01
-1.465995311737060547e-01
4.195073246955871582e-01
-3.257333338260650635e-01
-1.098452925682067871e+00
-1.982911348342895508e+00
-2.231445461511611938e-01
-7.690583169460296631e-02
-6.115441769361495972e-02
1.704352162778377533e-02
-1.988389343023300171e-01
-3.538357838988304138e-02
-5.309129357337951660e-01
-2.531563043594360352e-01
-2.053046226501464844e-01
9.229280948638916016e-01
-7.047875523567199707e-01
-6.212620437145233154e-02
-1.467041522264480591e-01
1.055812314152717590e-01
3.118592500686645508e-01
-8.693952858448028564e-02
3.190847337245941162e-01
-2.573114931583404541e-01
1.592128276824951172e-01
5.434175133705139160e-01
1.253142505884170532e-01
1.585617423057556152e+00
-1.629954427480697632e-01
2.149367630481719971e-01
-3.887844039127230644e-03
6.095386743545532227e-01
-3.285243213176727295e-01
3.391094207763671875e-01
-1.466113030910491943e-01
1.923084259033203125e-01
-4.711239039897918701e-01
1.419382095336914062e+00
3.609185814857482910e-01
6.409607529640197754e-01
-4.202508926391601562e-01
-6.488993763923645020e-02
2.779779136180877686e-01
-3.721685707569122314e-01
6.015869379043579102e-01
3.779207170009613037e-01
-2.621327936649322510e-01
3.241623938083648682e-02
1.099554076790809631e-02
-3.827502578496932983e-02
1.715937107801437378e-01
-2.921540439128875732e-01
4.615967571735382080e-01
3.381148576736450195e-01
6.340995430946350098e-02
-2.999216616153717041e-01
-6.598406434059143066e-01
-2.852961607277393341e-02
-1.796748787164688110e-01
1.215485036373138428e-01
1.095554307103157043e-01
-5.120068192481994629e-01
-3.780978498980402946e-03
-1.822144836187362671e-01
-4.909325838088989258e-01
8.321218490600585938e-01
-4.828765094280242920e-01
-3.513534963130950928e-01
1.962243914604187012e-01
5.632287859916687012e-01
-2.516006231307983398e-01
1.810797899961471558e-01
-1.380017101764678955e-01
-5.270802229642868042e-02
-5.357134938240051270e-01
-1.911919265985488892e-01
-5.230129510164260864e-02
-1.740420311689376831e-01
2.912618219852447510e-01
3.518358170986175537e-01
-2.352788001298904419e-01
-3.256148397922515869e-01
-1.126569136977195740e-01
-1.239352524280548096e-01
-3.662606477737426758e-01
8.023338317871093750e-01
-6.466083228588104248e-03
-9.750310331583023071e-02
5.264849066734313965e-01
1.651816666126251221e-01
1.899087727069854736e-01
1.840262711048126221e-01
-8.637726306915283203e-02
-4.028681293129920959e-02
-4.025971889495849609e-01
3.472804427146911621e-01
-6.505014002323150635e-02
8.983785659074783325e-02
-2.738910019397735596e-01
-7.661078572273254395e-01
4.230225831270217896e-02
-1.092049255967140198e-01
-2.239064872264862061e-02
1.393330004066228867e-02
-2.363902032375335693e-01
2.872581407427787781e-02
-2.673946693539619446e-02
5.740381311625242233e-03
8.487271070480346680e-01
-1.220514699816703796e-01
7.835949212312698364e-02
-1.265162378549575806e-01
-1.930605322122573853e-01
-4.409944638609886169e-02
-1.137487404048442841e-02
1.028412804007530212e-01
-8.398538827896118164e-02
4.203243553638458252e-01
-4.891910851001739502e-01
-4.537322819232940674e-01
-7.770209759473800659e-02
-3.742716610431671143e-01
3.475280478596687317e-02
-1.514523625373840332e-01
-4.212552309036254883e-01
1.424145102500915527e+00
-3.824615776538848877e-01
2.662521004676818848e-01
3.737580180168151855e-01
2.076147496700286865e-01
5.553764849901199341e-02
-6.012037992477416992e-01
-2.109341695904731750e-02
-1.494973599910736084e-01
-2.292479127645492554e-01
-9.082482755184173584e-02
2.635161578655242920e-01
-1.196163743734359741e-01
-7.197619229555130005e-02
-4.786665365099906921e-02
-1.642574667930603027e-01
-6.377140283584594727e-01
1.035361960530281067e-01
-3.453334867954254150e-01
-1.020470261573791504e+00
8.251200914382934570e-01
-1.730271726846694946e-01
-1.347789168357849121e+00
7.377457022666931152e-01
2.325099408626556396e-01
1.187201142311096191e-01
9.310930222272872925e-02
-1.099505722522735596e-01
-3.985641896724700928e-01
-1.785129159688949585e-01
1.649674475193023682e-01
-9.604003280401229858e-02
-1.842266917228698730e-01
4.504606872797012329e-02
2.412614971399307251e-01
2.244533747434616089e-01
-9.952158331871032715e-01
-6.069652363657951355e-02
3.712905198335647583e-02
-8.813743591308593750e-01
2.663873434066772461e-01
-2.067606002092361450e-01
-1.180519759654998779e-01
5.807120203971862793e-01
1.170422658324241638e-01
-2.498451620340347290e-01
7.058444619178771973e-02
1.638962700963020325e-02
-1.505165696144104004e-01
-2.756803035736083984e-01
1.176506280899047852e-01
1.422542333602905273e-01
3.854184746742248535e-01
6.108188629150390625e-01
9.197366982698440552e-02
-5.323182940483093262e-01
1.041400283575057983e-01
-1.880346238613128662e-02
1.121943369507789612e-01
-2.682397663593292236e-01
-5.124158412218093872e-02
3.810538947582244873e-01
4.179313778877258301e-02
-1.774181425571441650e-01
9.220679849386215210e-02
1.303136497735977173e-01
4.906008765101432800e-02
5.018825531005859375e-01
-1.298877149820327759e-01
1.274921838194131851e-02
-7.667174935340881348e-02
9.374549612402915955e-03
-5.672841072082519531e-01
-7.878199219703674316e-02
-5.500378012657165527e-01
4.478282034397125244e-01
8.511868715286254883e-01
-1.698666214942932129e-01
3.473442494869232178e-01
4.912706613540649414e-01
-9.061169028282165527e-01
2.671096026897430420e-01
1.177903771400451660e+00
-3.812873959541320801e-01
-3.677562773227691650e-01
-2.933625578880310059e-01
4.688044637441635132e-02
-1.769939810037612915e-01
2.044842690229415894e-01
4.702357649803161621e-01
2.979321181774139404e-01
-2.388670854270458221e-02
4.093978181481361389e-02
1.120201587677001953e+00
-4.538267478346824646e-02
-3.044730424880981445e-01
1.305489540100097656e-01
-8.898000121116638184e-01
5.221889615058898926e-01
4.264036715030670166e-01
7.705150544643402100e-02
6.177199482917785645e-01
-4.718207195401191711e-02
-1.787320822477340698e-01
-3.352009356021881104e-01
-4.775254428386688232e-02
9.999821335077285767e-02
7.103098630905151367e-01
2.798802852630615234e-01
4.071149528026580811e-01
-2.047082930803298950e-01
7.150660753250122070e-01
-2.873258590698242188e-01
3.819215297698974609e-01
1.135987490415573120e-01
-1.569392383098602295e-01
2.050832211971282959e-01
-3.147025406360626221e-02
2.468275278806686401e-01
5.764765143394470215e-01
7.782985568046569824e-01
3.461618423461914062e-01
-3.428677320480346680e-01
-2.632427513599395752e-01
-1.973187923431396484e-01
-1.851827278733253479e-02
-7.378829121589660645e-01
2.599012553691864014e-01
6.641575694084167480e-01
2.619143426418304443e-01
-2.140052765607833862e-01
1.393768470734357834e-02
-4.930666089057922363e-01
5.147501826286315918e-01
-4.762586206197738647e-02
2.218760401010513306e-01
1.779065132141113281e-01
-4.425650835037231445e-01
3.789122104644775391e-01
8.796276152133941650e-02
-4.541008472442626953e-01
4.861499965190887451e-01
-1.692978143692016602e+00
-3.981708586215972900e-01
-4.748057723045349121e-01
1.054350584745407104e-01
-7.125229835510253906e-01
2.190655022859573364e-01
-2.058376818895339966e-01
3.474011719226837158e-01
-6.507617831230163574e-01
2.027065455913543701e-01
4.137305319309234619e-01
8.073741197586059570e-02
4.655373394489288330e-01
6.175307631492614746e-01
-7.990694046020507812e-01
3.750503659248352051e-01
-2.059872448444366455e-01
-1.024376153945922852e+00
2.350408881902694702e-01
-2.165426611900329590e-01
5.048397779464721680e-01
5.178765580058097839e-02
1.089357510209083557e-01
-1.626193821430206299e-01
5.015110373497009277e-01
-1.220546104013919830e-02
-1.809630990028381348e-01
-3.668606579303741455e-01
-1.377522200345993042e-02
-1.617671698331832886e-01
-3.250802457332611084e-01
-1.109284833073616028e-01
3.167445957660675049e-02
-8.452099282294511795e-04
6.302651762962341309e-02
3.246718943119049072e-01
-5.054538324475288391e-02
-2.105115205049514771e-01
1.251175701618194580e-01
-6.154572591185569763e-02
-1.507384061813354492e+00
1.009810492396354675e-01
2.785986661911010742e-01
-6.677996367216110229e-02
-1.526018142700195312e+00
-1.543497592210769653e-01
3.808088302612304688e-01
-1.486157029867172241e-01
-1.730835065245628357e-02
-1.455914229154586792e-01
5.808412432670593262e-01
3.576805293560028076e-01
5.978226661682128906e-01
-5.464479327201843262e-01
-1.503974199295043945e-01
6.612073630094528198e-02
2.347595095634460449e-01
-3.660832345485687256e-01
-9.294603765010833740e-02
-4.110691249370574951e-01
-1.715828031301498413e-01
-2.709859749302268028e-03
-2.984905242919921875e-01
-3.291510511189699173e-03
3.318474590778350830e-01
1.752180606126785278e-01
2.990689873695373535e-01
-4.670207202434539795e-02
-8.552261441946029663e-02
-3.884489834308624268e-01
4.400524497032165527e-01
-4.250285029411315918e-01
-4.627257585525512695e-01
2.369969785213470459e-01
-3.176032900810241699e-01
-6.384729593992233276e-02
-5.006703734397888184e-01
3.106152713298797607e-01
2.707428932189941406e-01
1.353713423013687134e-01
-1.004590392112731934e-01
3.647766113281250000e-01
4.966789782047271729e-01
7.664225250482559204e-02
-3.147019147872924805e-01
-1.039129048585891724e-01
-3.518823981285095215e-01
2.110571712255477905e-01
-1.859941035509109497e-01
-3.380065411329269409e-02
-9.213595837354660034e-02
-1.152309328317642212e-01
-7.196409106254577637e-01
5.997012257575988770e-01
-6.187307089567184448e-02
2.637119591236114502e-01
4.397009499371051788e-03
6.064660549163818359e-01
6.747408509254455566e-01
2.308485954999923706e-01
4.919427633285522461e-01
3.871938884258270264e-01
5.928054451942443848e-01
-1.049696118570864201e-03
-3.387576341629028320e-01
-2.122205942869186401e-01
-2.935779690742492676e-01
-3.194785118103027344e-01
2.194446176290512085e-01
-1.499234698712825775e-02
-9.217087626457214355e-01
-2.310843020677566528e-01
-5.042748451232910156e-01
5.331953763961791992e-01
8.595053106546401978e-02
-1.929349750280380249e-01
6.953600049018859863e-01
1.491234153509140015e-01
2.829293012619018555e-01
1.548600755631923676e-02
8.935979567468166351e-04
-2.050913311541080475e-02
1.543594803661108017e-02
4.962605535984039307e-01
-5.292119458317756653e-02
1.461879909038543701e-01
-4.196236655116081238e-02
2.008479088544845581e-01
-3.373634442687034607e-02
-1.523433923721313477e-01
1.844501376152038574e+00
-6.215478181838989258e-01
-4.182262420654296875e-01
3.429054915904998779e-01
-1.665288060903549194e-01
1.623464822769165039e-01
-8.826784044504165649e-02
2.689490318298339844e-01
1.828183382749557495e-01
1.842070370912551880e-01
3.268180787563323975e-01
3.864199817180633545e-01
2.321634143590927124e-01
-2.680665850639343262e-01
-1.350485384464263916e-01
-3.134262263774871826e-01
-7.027255743741989136e-02
-4.133399575948715210e-02
2.335922420024871826e-01
7.562894225120544434e-01
3.974561691284179688e-01
-4.991990327835083008e-01
-2.768634855747222900e-01
-5.457482337951660156e-01
-3.134344220161437988e-01
-3.034103512763977051e-01
-4.944775402545928955e-01
1.804117858409881592e-01
-5.159465968608856201e-02
-1.041362062096595764e-01
-5.188276246190071106e-02
2.296054810285568237e-01
4.245449900627136230e-01
2.821125984191894531e-01
-7.735985517501831055e-01
7.286214828491210938e-02
-1.302277762442827225e-02
4.283210635185241699e-01
-1.382218599319458008e-01
2.948426902294158936e-01
2.546223402023315430e-01
8.980288356542587280e-02
2.824612855911254883e-01
-3.892131149768829346e-01
-4.944510161876678467e-01
7.903282344341278076e-02
-3.576549291610717773e-01
-4.186946153640747070e-01
-2.643246352672576904e-01
-4.070200026035308838e-01
-4.380822554230690002e-02
-4.296205341815948486e-01
-1.474069058895111084e-01
2.067472189664840698e-01
-1.564109921455383301e-01
5.019953250885009766e-01
2.042406499385833740e-01
1.146531179547309875e-01
-7.305247243493795395e-03
-2.825704813003540039e-01
1.072970986366271973e+00
-4.144105687737464905e-02
6.771460920572280884e-02
-4.293349683284759521e-01
5.635526031255722046e-02
-3.747498989105224609e-01
-1.941771656274795532e-01
-4.579612612724304199e-01
-1.684763878583908081e-01
3.680408596992492676e-01
-3.262445032596588135e-01
-3.767351210117340088e-01
-2.484869025647640228e-02
-2.758086286485195160e-02
1.620640009641647339e-01
2.980656325817108154e-01
4.005506932735443115e-01
1.979350447654724121e-01
4.530799984931945801e-01
1.185453981161117554e-01
5.304356813430786133e-01
7.841531038284301758e-01
-9.737399220466613770e-02
2.731781601905822754e-01
3.657423555850982666e-01
4.182224869728088379e-01
-4.216477572917938232e-01
3.380682691931724548e-02
-7.224919646978378296e-02
-1.425522267818450928e-01
1.378246992826461792e-01
-6.495720744132995605e-01
-4.089268743991851807e-01
-1.860343962907791138e-01
6.814298033714294434e-01
-2.555020749568939209e-01
-1.052200272679328918e-01
-4.289697706699371338e-01
3.452940285205841064e-02
1.298436671495437622e-01
-2.674518823623657227e-01
-2.196711488068103790e-02
1.034867987036705017e-01
2.697219252586364746e-01
-1.547413878142833710e-02
-5.816093683242797852e-01
-1.972249336540699005e-02
4.344695433974266052e-02
-8.868394494056701660e-01
1.627962291240692139e-01
-2.884981632232666016e-01
-6.481979787349700928e-02
2.240708023309707642e-01
2.276570498943328857e-01
4.261847957968711853e-02
2.804255187511444092e-01
-2.000836431980133057e-01
-1.847957074642181396e-01
2.189399152994155884e-01
8.747232705354690552e-02
-1.257916569709777832e+00
-3.530257046222686768e-01
5.111567676067352295e-02
-3.030599951744079590e-01
-2.941049337387084961e-01
-8.717957884073257446e-02
3.626277744770050049e-01
3.820620104670524597e-02
-8.929608017206192017e-02
-6.845036745071411133e-01
-3.276675939559936523e-01
-1.251805871725082397e-01
6.514562368392944336e-01
5.295560359954833984e-01
-7.071264088153839111e-02
1.262680292129516602e-01
-7.477296143770217896e-02
1.779251098632812500e-01
3.712599575519561768e-01
3.201047778129577637e-01
6.834208220243453979e-02
-7.413324899971485138e-03
-2.411469966173171997e-01
7.928880304098129272e-02
3.412032425403594971e-01
3.543809354305267334e-01
-2.731715887784957886e-02
-5.564640834927558899e-02
4.121686518192291260e-01
4.793537035584449768e-02
1.615772545337677002e-01
1.734131127595901489e-01
-1.578828543424606323e-01
1.922539025545120239e-01
5.513425469398498535e-01
-6.282480359077453613e-01
-7.240254282951354980e-01
-1.211142688989639282e-01
3.450887799263000488e-01
3.046332299709320068e-01
3.559217154979705811e-01
4.441915750503540039e-01
3.212064206600189209e-01
-6.678892970085144043e-01
-1.238556578755378723e-01
-2.115101367235183716e-01
-6.459623575210571289e-02
-2.281076163053512573e-01
-3.750180900096893311e-01
-6.514528393745422363e-01
-3.918751478195190430e-01
-6.106414198875427246e-01
-4.245256185531616211e-01
1.969640105962753296e-01
4.523815214633941650e-01
1.379538625478744507e-01
5.107260346412658691e-01
2.297896891832351685e-01
-2.479898929595947266e-01
-2.282874882221221924e-01
-5.086522921919822693e-02
-9.306557476520538330e-02
-6.356653571128845215e-01
1.710092872381210327e-01
-1.134691238403320312e-01
2.274523079395294189e-01
1.588858664035797119e-01
7.513842582702636719e-01
8.990445137023925781e-01
7.683435082435607910e-02
5.261541008949279785e-01
6.911276578903198242e-01
6.828926205635070801e-01
-4.892643094062805176e-01
-2.271490991115570068e-01
-6.666593998670578003e-02
-2.650350034236907959e-01
-3.391052037477493286e-02
2.729876041412353516e-01
1.284407675266265869e-01
-8.990134298801422119e-02
-4.735695123672485352e-01
-1.909897923469543457e-01
2.151532918214797974e-01
-3.632553815841674805e-01
3.946909010410308838e-01
-9.962022304534912109e-02
5.244190096855163574e-01
8.323758840560913086e-02
6.793529391288757324e-01
3.711408078670501709e-01
-3.875772058963775635e-01
9.359217882156372070e-01
-3.312433362007141113e-01
-4.774346053600311279e-01
-2.002679258584976196e-01
2.640331387519836426e-01
5.471219494938850403e-02
5.746267437934875488e-01
-8.934959173202514648e-01
2.322541624307632446e-01
3.497049957513809204e-02
2.500000000000000000e-01
-2.039941996335983276e-01
-4.866572022438049316e-01
-5.925759673118591309e-01
-3.410580754280090332e-01
-5.338761210441589355e-01
-3.102984726428985596e-01
-2.472306340932846069e-01
-5.955762267112731934e-01
4.316145181655883789e-02
-3.755862414836883545e-01
2.183759808540344238e-01
3.562538921833038330e-01
9.807053208351135254e-01
1.364663690328598022e-01
6.943212151527404785e-01
-3.320452272891998291e-01
-7.155953049659729004e-01
8.847684264183044434e-01
-3.818504214286804199e-01
-2.749783098697662354e-01
-2.845183908939361572e-01
8.519034087657928467e-02
-4.140790700912475586e-01
-8.011384010314941406e-01
-1.129820793867111206e-01
-1.676279157400131226e-01
1.163383126258850098e-01
6.229471787810325623e-02
-4.211286827921867371e-02
1.387736666947603226e-02
-3.669558465480804443e-01
1.576888412237167358e-01
9.376636147499084473e-02
2.203240543603897095e-01
1.965964436531066895e-01
-2.448637038469314575e-01
1.271393448114395142e-01
5.030789375305175781e-01
-4.200259447097778320e-01
-4.185812473297119141e-01
1.248893737792968750e+00
1.239453069865703583e-02
-2.263526469469070435e-01
8.481094241142272949e-01
3.792466819286346436e-01
-1.252343654632568359e-01
2.537548716645687819e-04
4.651275277137756348e-01
3.651098012924194336e-01
-1.521590258926153183e-02
9.812304377555847168e-02
-5.085137486457824707e-01
-1.231952533125877380e-01
3.231821060180664062e-01
5.382659286260604858e-02
9.673833101987838745e-02
2.289109528064727783e-01
1.082690283656120300e-01
3.792036175727844238e-01
8.303685113787651062e-03
2.328462004661560059e-01
1.771871149539947510e-01
4.407395720481872559e-01
2.684963345527648926e-01
-2.553268149495124817e-02
3.575612008571624756e-01
-5.562375783920288086e-01
-1.048184931278228760e-01
2.293504402041435242e-02
-5.402051806449890137e-01
-1.687287092208862305e-01
-2.299363464117050171e-01
-2.389993369579315186e-01
1.394536346197128296e-01
-2.853875458240509033e-01
-5.627642869949340820e-01
-1.320453286170959473e-01
4.471093714237213135e-01
-1.343113929033279419e-01
-1.779348403215408325e-01
1.178583741188049316e+00
-8.170287311077117920e-02
-2.516143023967742920e-01
3.566626608371734619e-01
3.606278598308563232e-01
4.950453341007232666e-01
1.157859936356544495e-01
5.282394886016845703e-01
-7.094502449035644531e-02
4.010325968265533447e-01
-2.230285704135894775e-01
-4.768888354301452637e-01
-5.623958706855773926e-01
3.059182167053222656e-01
-3.776445612311363220e-02
1.819234192371368408e-01
-2.485414594411849976e-02
-1.819076538085937500e-01
7.348608374595642090e-01
2.813454866409301758e-01
-3.120464980602264404e-01
1.666637659072875977e-01
2.299959212541580200e-01
-7.801939547061920166e-02
-2.978607714176177979e-01
-8.569781668484210968e-03
-2.949707210063934326e-01
-2.422672957181930542e-01
-4.798316955566406250e-01
-1.224622353911399841e-01
-1.407093405723571777e-01
5.245878100395202637e-01
-1.180541738867759705e-01
-2.225671410560607910e-01
-4.295925199985504150e-01
2.224169820547103882e-01
-3.032967746257781982e-01
-9.325221925973892212e-02
-4.167670309543609619e-01
-1.664464473724365234e-01
-3.568713366985321045e-01
-2.173297852277755737e-01
4.811357557773590088e-01
3.006529808044433594e-01
1.788061708211898804e-01
4.959693551063537598e-02
6.876030564308166504e-02
-1.095305979251861572e-01
3.696584403514862061e-01
-5.194888710975646973e-01
-2.385961413383483887e-01
6.618303656578063965e-01
6.320023536682128906e-02
-7.541750371456146240e-02
2.330100238323211670e-01
-1.426656991243362427e-01
2.450923062860965729e-02
-1.783723384141921997e-01
9.987802058458328247e-02
-2.276563644409179688e-01
-6.369068622589111328e-01
-4.435625076293945312e-01
1.574646830558776855e-01
-1.153418198227882385e-01
8.786981105804443359e-01
-2.325162291526794434e-01
-2.551141381263732910e-01
1.119636297225952148e-01
2.287965454161167145e-02
-4.221647977828979492e-02
8.176825642585754395e-01
1.267988681793212891e-01
4.892321676015853882e-02
-4.360155463218688965e-01
6.238487362861633301e-01
-9.170494973659515381e-02
1.360170006752014160e+00
-2.333483397960662842e-01
-1.800011247396469116e-01
4.451844468712806702e-02
3.011746406555175781e-01
-1.301834583282470703e-01
-1.343988627195358276e-01
6.413599103689193726e-02
1.033383756875991821e-01
6.070858985185623169e-02
2.684159018099308014e-02
6.183992326259613037e-02
2.127468138933181763e-01
-2.381071001291275024e-01
-5.251487717032432556e-02
-3.549222350120544434e-01
-1.112787239253520966e-02
1.567097753286361694e-01
-1.070177033543586731e-01
1.499871611595153809e-01
1.332454569637775421e-02
-3.381665050983428955e-02
-8.504077792167663574e-02
1.171246767044067383e-01
1.259965002536773682e-01
-2.135254815220832825e-02
-4.122175872325897217e-01
1.244654692709445953e-02
-9.372450411319732666e-02
2.375893853604793549e-02
7.126653194427490234e-01
7.930791378021240234e-02
-8.394251763820648193e-02
2.209864258766174316e-01
3.953183814883232117e-02
-8.485455811023712158e-02
-3.402723371982574463e-01
-3.561098501086235046e-02
2.817027866840362549e-01
2.073532342910766602e-02
1.097712814807891846e-01
-2.005218863487243652e-01
8.892706036567687988e-02
-1.436417084187269211e-02
