8.600803613662719727e-01
-1.316653788089752197e-01
-2.872727215290069580e-01
2.873366174753755331e-04
-2.817772924900054932e-01
7.143690586090087891e-01
-8.663845062255859375e-02
2.931393980979919434e-01
3.370135426521301270e-01
-1.274616718292236328e+00
-5.352419242262840271e-02
2.177198082208633423e-01
4.353951290249824524e-02
-1.597472876310348511e-01
-1.695635356009006500e-02
-1.142354965209960938e+00
-7.211164385080337524e-02
-6.732892990112304688e-02
4.076643586158752441e-01
8.750084042549133301e-01
-1.392318457365036011e-01
-1.868116497993469238e+00
3.421761840581893921e-02
-3.313317894935607910e-01
1.223506755195558071e-03
-5.885334610939025879e-01
1.116679981350898743e-01
1.216374993324279785e+00
-1.646133214235305786e-01
6.504639983177185059e-01
-8.489863947033882141e-03
5.197494849562644958e-02
3.816929459571838379e-01
-3.896896243095397949e-01
-4.750800132751464844e-01
-6.600607037544250488e-01
8.822190165519714355e-01
3.862657248973846436e-01
6.099741458892822266e-01
8.992055058479309082e-02
1.001881480216979980e+00
-8.884239196777343750e-01
7.434440255165100098e-01
-3.808807134628295898e-01
-2.927727997303009033e-01
4.817634522914886475e-01
-7.869366407394409180e-01
7.161418795585632324e-01
-4.098306298255920410e-01
3.168445527553558350e-01
-5.271400213241577148e-01
-1.078948751091957092e-01
6.664766669273376465e-01
-7.071232795715332031e-01
1.162464618682861328e+00
4.124648123979568481e-02
-1.403823588043451309e-02
-7.811859846115112305e-01
1.340862154960632324e+00
4.388657808303833008e-01
5.179827213287353516e-01
-3.585967123508453369e-01
-1.107568889856338501e-01
1.716020256280899048e-01
1.394201070070266724e-01
2.080690413713455200e-01
1.310701072216033936e-01
6.690548658370971680e-01
-3.043077588081359863e-01
-5.467621088027954102e-01
1.277456432580947876e-01
-1.357925832271575928e-01
-8.042409271001815796e-02
-7.165095210075378418e-01
-5.002485588192939758e-03
1.487721651792526245e-01
4.451584517955780029e-01
7.758647948503494263e-02
1.734905987977981567e-01
6.831480860710144043e-01
-2.576313018798828125e-01
-2.990362048149108887e-01
-1.048115640878677368e-01
-4.652292132377624512e-01
4.374205470085144043e-01
-1.674086153507232666e-01
-1.917952150106430054e-01
5.373807549476623535e-01
-2.278895229101181030e-01
-4.095799326896667480e-01
7.672535181045532227e-01
1.084775477647781372e-01
3.106982707977294922e-01
-3.519732952117919922e-01
-1.404596716165542603e-01
-4.518317580223083496e-01
-6.134088151156902313e-03
5.972862243652343750e-01
-3.669344782829284668e-01
-5.079756975173950195e-01
-4.272211715579032898e-02
1.632793098688125610e-01
3.546663224697113037e-01
1.149378865957260132e-01
-3.629603683948516846e-01
-1.639539003372192383e-01
3.199027478694915771e-01
2.306176126003265381e-01
3.318046405911445618e-02
2.059649378061294556e-01
-2.653748989105224609e-01
7.940024882555007935e-02
5.277009010314941406e-01
-9.518506377935409546e-02
1.195214837789535522e-01
6.488583981990814209e-02
-3.222900629043579102e-01
9.153896570205688477e-02
-2.944881618022918701e-01
-6.020311117172241211e-01
-9.521316736936569214e-02
1.229648888111114502e-01
1.484549343585968018e-01
-2.503370344638824463e-01
2.146083712577819824e-01
-1.742368191480636597e-01
-6.653957813978195190e-02
2.990845739841461182e-01
2.127094566822052002e-01
-5.902155488729476929e-02
-8.839866518974304199e-02
1.362615227699279785e-01
1.943631172180175781e-01
-4.859262704849243164e-01
2.359087765216827393e-02
6.272085756063461304e-02
-2.402408272027969360e-01
1.152492165565490723e-01
9.923855215311050415e-02
-2.850126624107360840e-01
-1.352895855903625488e+00
6.545869708061218262e-01
-3.615545108914375305e-02
2.807669937610626221e-01
1.416403949260711670e-01
-1.491752564907073975e-01
1.270130742341279984e-03
-2.609673440456390381e-01
2.338938415050506592e-01
4.843540191650390625e-01
-1.412754654884338379e-01
1.215825900435447693e-01
-1.851902604103088379e-01
2.010839283466339111e-01
-1.558841019868850708e-01
2.048338055610656738e-01
-9.431094527244567871e-01
-1.541545540094375610e-01
-8.182029426097869873e-02
-1.861746072769165039e+00
-2.049660310149192810e-02
-1.802857816219329834e-01
3.809127211570739746e-01
3.572802543640136719e-01
-1.338302850723266602e+00
3.601452410221099854e-01
-3.076866567134857178e-01
-3.645624518394470215e-01
-4.710652232170104980e-01
1.458034157752990723e+00
-1.627963542938232422e+00
-1.017715334892272949e+00
-2.919865250587463379e-01
3.087870776653289795e-01
4.272586703300476074e-01
3.677875399589538574e-01
2.737380862236022949e-01
-9.276521801948547363e-01
2.107453197240829468e-01
7.741749286651611328e-01
-3.673442602157592773e-01
1.163272336125373840e-01
-1.255547523498535156e+00
-1.572785973548889160e-01
2.684701681137084961e-01
1.292517408728599548e-02
8.161955475807189941e-01
-2.521013319492340088e-01
9.435771405696868896e-02
4.222437441349029541e-01
-8.153868913650512695e-01
-1.771563142538070679e-01
-2.658424377441406250e-01
2.825694084167480469e-01
-5.914801359176635742e-01
-6.905449628829956055e-01
4.876327812671661377e-01
1.768443733453750610e-01
-2.205739356577396393e-02
-2.195149213075637817e-01
5.501462221145629883e-01
-4.845214188098907471e-01
2.838663458824157715e-01
8.421918749809265137e-02
1.529978066682815552e-01
2.051329910755157471e-01
-1.934012174606323242e-01
1.029550209641456604e-01
-1.084064990282058716e-01
1.774301081895828247e-01
-1.744359433650970459e-01
-1.329247206449508667e-01
-1.215846613049507141e-01
-1.138100102543830872e-01
3.464313745498657227e-01
4.321245849132537842e-01
-9.665380418300628662e-02
-5.586458444595336914e-01
3.159474432468414307e-01
5.947555303573608398e-01
-3.412621617317199707e-01
1.190447136759757996e-01
-1.727639436721801758e-01
-3.422644138336181641e-01
-5.308657884597778320e-01
-8.228382468223571777e-02
-2.366202473640441895e-01
2.513524889945983887e-01
-1.895786225795745850e-01
9.786780476570129395e-01
-1.164705753326416016e+00
-4.319757223129272461e-01
4.910208880901336670e-01
7.622882723808288574e-02
6.096014752984046936e-02
2.079771608114242554e-01
-2.140714079141616821e-01
-2.741267979145050049e-01
1.300649344921112061e-01
4.060842096805572510e-02
2.533611059188842773e-01
-4.776862859725952148e-01
5.325887799263000488e-01
-1.142604872584342957e-01
-3.330442011356353760e-01
5.366353392601013184e-01
-6.192585825920104980e-01
1.592373847961425781e-02
-5.330272912979125977e-01
2.404139488935470581e-01
-5.765471607446670532e-02
-6.226504445075988770e-01
3.641705811023712158e-01
9.296323359012603760e-02
5.676168799400329590e-01
3.153044283390045166e-01
-3.830876052379608154e-01
-2.851103842258453369e-01
4.662342369556427002e-01
3.294597938656806946e-02
6.793309450149536133e-01
-2.913036346435546875e-01
-9.156043827533721924e-02
-4.553894996643066406e-01
-5.371667146682739258e-01
1.166003122925758362e-01
-2.305201143026351929e-01
6.940211057662963867e-01
-1.839968115091323853e-01
2.166555076837539673e-01
-5.690990686416625977e-01
-1.883817762136459351e-01
5.556885600090026855e-01
-6.121892929077148438e-01
-6.290614604949951172e-02
5.387137085199356079e-02
1.968300938606262207e-01
-3.840925991535186768e-01
3.581313788890838623e-01
2.803049385547637939e-01
4.767961427569389343e-02
3.434556424617767334e-01
1.936228871345520020e-01
4.329390227794647217e-01
-1.336824297904968262e-01
-6.050862669944763184e-01
1.389386206865310669e-01
4.604601860046386719e-01
3.206812739372253418e-01
-6.893914937973022461e-02
-2.042119204998016357e-01
-3.437422914430499077e-03
2.899049781262874603e-02
-2.517476379871368408e-01
-5.804383009672164917e-02
-2.212075442075729370e-01
-5.108011513948440552e-02
4.595887064933776855e-01
-9.074705243110656738e-01
1.391632705926895142e-01
6.488787941634654999e-03
5.116641521453857422e-02
3.905096352100372314e-01
-1.615862697362899780e-01
-2.307286299765110016e-02
-2.870221436023712158e-01
-3.108530342578887939e-01
6.076381206512451172e-01
-1.043763831257820129e-01
1.009850017726421356e-02
6.178748328238725662e-03
7.195896655321121216e-02
1.006162405014038086e+00
-6.333270072937011719e-01
7.588627934455871582e-01
-2.187166512012481689e-01
2.534162700176239014e-01
1.975328773260116577e-01
3.342857956886291504e-02
1.010147109627723694e-01
-1.445689201354980469e-01
1.448482573032379150e-01
3.169458508491516113e-01
9.788110852241516113e-02
-5.129789710044860840e-01
3.608489409089088440e-02
-3.495476841926574707e-01
1.070667877793312073e-01
-5.798798799514770508e-02
1.711482554674148560e-01
-3.544499278068542480e-01
-2.312794029712677002e-01
2.692750394344329834e-01
-5.063002184033393860e-02
1.894783079624176025e-01
2.268909215927124023e-01
-3.831648528575897217e-01
-3.648769855499267578e-01
1.552071720361709595e-01
-7.831885665655136108e-02
4.211337268352508545e-01
-4.751052260398864746e-01
-2.895511686801910400e-02
-1.727537252008914948e-02
2.167024463415145874e-02
3.630371093750000000e-01
-3.109080791473388672e-01
-1.783982068300247192e-01
-3.505585491657257080e-01
4.767189323902130127e-01
1.397833526134490967e-01
-4.300685226917266846e-02
1.834122091531753540e-01
2.724480926990509033e-01
3.978852927684783936e-01
4.304340183734893799e-01
7.115887403488159180e-01
-9.352232813835144043e-01
1.003334999084472656e+00
5.830088257789611816e-01
2.791911065578460693e-01
-6.043888926506042480e-01
5.645273327827453613e-01
4.512666538357734680e-02
-3.377731889486312866e-02
4.339330792427062988e-01
-4.036439955234527588e-01
1.766105741262435913e-01
-2.281655520200729370e-01
5.662005022168159485e-02
-4.600612819194793701e-01
-3.965001106262207031e-01
2.120039165019989014e-01
-2.835060656070709229e-01
5.309494137763977051e-01
2.977449893951416016e-01
-3.369260728359222412e-01
-2.506904602050781250e-01
5.182566046714782715e-01
1.894397884607315063e-01
-4.668618142604827881e-01
7.014767266809940338e-03
-1.721731945872306824e-02
4.871762171387672424e-02
2.230902388691902161e-02
-6.346836686134338379e-02
2.774218320846557617e-01
3.692444860935211182e-01
4.923762753605842590e-02
-1.325323581695556641e+00
3.202953934669494629e-01
3.255217373371124268e-01
-6.372723728418350220e-02
-7.584430575370788574e-01
-8.121144026517868042e-03
1.913884840905666351e-02
-4.208565354347229004e-01
7.980898618698120117e-01
-2.949803471565246582e-01
-8.064691424369812012e-01
2.475318163633346558e-01
-2.608753442764282227e-01
-4.287963733077049255e-02
-2.886706888675689697e-01
3.324851989746093750e-01
-1.060859411954879761e-01
-3.699091076850891113e-02
5.547155737876892090e-01
2.674053907394409180e-01
-7.394615411758422852e-01
2.900350391864776611e-01
3.442024588584899902e-01
5.182012543082237244e-02
-9.723117947578430176e-01
8.548725396394729614e-02
-7.383821159601211548e-02
2.066076844930648804e-01
4.300270676612854004e-01
-2.542031463235616684e-03
2.328256815671920776e-01
9.802490472793579102e-03
1.434826403856277466e-01
1.582147181034088135e-01
2.942037582397460938e-01
3.736267983913421631e-01
3.758452236652374268e-01
-1.545121222734451294e-01
-5.341627597808837891e-01
1.078245937824249268e-01
4.013199806213378906e-01
1.021653771400451660e+00
-1.276942156255245209e-02
-5.131304729729890823e-03
5.575636029243469238e-01
1.972590833902359009e-01
7.523918896913528442e-02
-1.142777595669031143e-02
-3.067498505115509033e-01
6.104267239570617676e-01
-1.761762797832489014e-02
-4.933774769306182861e-01
6.789308190345764160e-01
-5.644468665122985840e-01
3.604532778263092041e-01
4.312561452388763428e-01
-4.306001663208007812e-01
2.686022818088531494e-01
-1.752360016107559204e-01
2.403306216001510620e-01
-4.674398005008697510e-01
5.508035421371459961e-01
4.961455464363098145e-01
-1.524511128664016724e-01
-4.983143508434295654e-02
-1.468892991542816162e-01
-1.034527197480201721e-01
3.429467976093292236e-02
3.690209686756134033e-01
-2.326298952102661133e-01
-2.381435483694076538e-01
4.332942962646484375e-01
-1.146780997514724731e-01
2.651631534099578857e-01
-2.264408767223358154e-01
-2.930996417999267578e-01
5.607064366340637207e-01
-4.990089833736419678e-01
2.912335693836212158e-01
3.922734260559082031e-01
5.973023772239685059e-01
1.969439685344696045e-01
-4.003019034862518311e-01
2.435840815305709839e-01
3.262857496738433838e-01
5.745711922645568848e-01
8.126693964004516602e-01
-5.360229611396789551e-01
2.743779495358467102e-02
2.870912551879882812e-01
-6.096957325935363770e-01
-6.533653289079666138e-02
-6.300217509269714355e-01
4.412806332111358643e-01
1.589502394199371338e-01
-2.793367803096771240e-01
5.176776051521301270e-01
-1.024686813354492188e+00
6.254326701164245605e-01
6.329497098922729492e-01
2.254556894302368164e+00
-3.866783380508422852e-01
-8.251395076513290405e-02
4.763159751892089844e-01
6.214203834533691406e-01
7.205185294151306152e-01
7.322644591331481934e-01
-5.321466326713562012e-01
-5.484638214111328125e-01
4.699730575084686279e-01
-4.560997188091278076e-01
-3.094193041324615479e-01
-2.154864519834518433e-01
-7.304644584655761719e-02
-4.019281268119812012e-01
-2.467679977416992188e-01
6.832516193389892578e-02
-4.503064602613449097e-02
-1.006150469183921814e-01
3.115684986114501953e-01
-7.721199989318847656e-01
-1.003763452172279358e-01
-1.707507729530334473e+00
-5.499107837677001953e-01
1.064599007368087769e-01
1.048051789402961731e-01
-7.660950422286987305e-01
-2.691927254199981689e-01
4.173996448516845703e-01
-8.460742980241775513e-02
-3.755038604140281677e-02
4.919347539544105530e-02
-3.351476788520812988e-01
-1.501405686140060425e-01
1.070263162255287170e-01
-7.813830673694610596e-02
-2.131703794002532959e-01
2.894897758960723877e-01
-1.172515526413917542e-01
8.608853071928024292e-02
-1.222186461091041565e-01
1.534466296434402466e-01
-8.187652379274368286e-02
-1.204916182905435562e-02
-1.247623413801193237e-01
-2.698084414005279541e-01
-4.091183543205261230e-01
2.039598375558853149e-01
2.655766904354095459e-01
-7.670924663543701172e-01
3.873569369316101074e-01
2.908186316490173340e-01
-4.129715859889984131e-01
4.749708622694015503e-02
-5.965898036956787109e-01
-1.146117568016052246e+00
3.324813246726989746e-01
-4.542163908481597900e-01
4.033228754997253418e-01
1.944338232278823853e-01
2.031906098127365112e-01
-1.787805259227752686e-01
-3.192690312862396240e-01
3.987642005085945129e-02
1.953943669795989990e-01
2.071089297533035278e-01
2.960892915725708008e-01
-4.491762723773717880e-03
6.783095747232437134e-02
5.379663035273551941e-02
-4.650500714778900146e-01
-3.842318952083587646e-01
-4.633730053901672363e-01
1.554041206836700439e-01
-4.965391457080841064e-01
-3.626164495944976807e-01
6.532060354948043823e-02
-2.853129804134368896e-01
1.576187903992831707e-03
-4.710061475634574890e-02
-3.363530039787292480e-01
-2.333566695451736450e-01
-6.300856471061706543e-01
-5.821869149804115295e-02
-9.946198761463165283e-02
7.930658757686614990e-02
3.795892000198364258e-02
-3.210954368114471436e-01
3.614975214004516602e-01
2.200538963079452515e-01
-1.526018530130386353e-01
5.465658307075500488e-01
-6.461125612258911133e-02
5.157856941223144531e-01
8.471844792366027832e-01
-7.421322911977767944e-02
-3.446342051029205322e-02
-2.386295199394226074e-01
1.984133124351501465e-01
1.621211767196655273e-01
3.022425174713134766e-01
2.277050763368606567e-01
7.096948623657226562e-01
8.379370570182800293e-01
2.443814575672149658e-01
7.564017921686172485e-02
3.380602002143859863e-01
4.058761056512594223e-03
5.061028599739074707e-01
2.260804362595081329e-02
1.782218515872955322e-01
-5.891061946749687195e-02
-1.200633272528648376e-01
1.135513782501220703e+00
5.392528772354125977e-01
4.982961714267730713e-02
-2.761977016925811768e-01
1.788016110658645630e-01
1.011022925376892090e-01
-1.684025526046752930e-01
7.932253181934356689e-02
-6.796417236328125000e-01
3.768079876899719238e-01
-9.976311773061752319e-02
4.604151099920272827e-02
-3.309353068470954895e-02
1.700297892093658447e-01
3.541051223874092102e-02
-2.364705353975296021e-01
-2.794770300388336182e-01
2.034463286399841309e-01
2.097423188388347626e-02
-1.878140568733215332e-01
2.434837341308593750e+00
-1.929042488336563110e-01
-4.730010777711868286e-02
4.437559247016906738e-01
-1.049140393733978271e-01
4.098567366600036621e-01
2.675253152847290039e-01
2.187029421329498291e-01
-8.175016939640045166e-02
-2.852434217929840088e-01
5.359123349189758301e-01
2.110967636108398438e-01
8.306652307510375977e-02
1.941304504871368408e-01
-2.600344121456146240e-01
-9.179219603538513184e-01
-6.886053830385208130e-02
-2.271506488323211670e-01
4.793377816677093506e-01
1.858113259077072144e-01
-5.564358830451965332e-01
4.389686882495880127e-01
-1.055335253477096558e-02
-2.183975130319595337e-01
-2.938157878816127777e-02
1.081457883119583130e-01
-5.410642623901367188e-01
-1.766082048416137695e-01
5.903800204396247864e-02
1.100730076432228088e-01
-3.034236729145050049e-01
-2.018127739429473877e-01
-2.505579590797424316e-01
-2.248843014240264893e-01
1.623643003404140472e-02
1.069603443145751953e+00
1.670038700103759766e-01
1.701157391071319580e-01
-7.118010893464088440e-03
-5.803603678941726685e-02
4.746954143047332764e-01
-4.258015453815460205e-01
-9.530762434005737305e-01
2.803316116333007812e-01
-3.253175914287567139e-01
3.750159442424774170e-01
4.210170507431030273e-01
4.863139390945434570e-01
4.547450691461563110e-03
5.350705981254577637e-02
4.080108106136322021e-01
5.322763323783874512e-01
8.203740119934082031e-01
5.596640706062316895e-01
-8.815763592720031738e-01
2.362564653158187866e-01
7.130546569824218750e-01
-7.899993062019348145e-01
3.006322979927062988e-01
6.516004204750061035e-01
-7.122598290443420410e-01
1.143005937337875366e-01
1.741786003112792969e-01
-1.634463310241699219e+00
3.014549612998962402e-01
-2.506151497364044189e-01
-1.704199194908142090e+00
-2.696964442729949951e-01
2.697736024856567383e-01
-5.968281067907810211e-03
-2.553209960460662842e-01
-4.300036728382110596e-01
-3.639130294322967529e-01
-4.580247104167938232e-01
-2.072700858116149902e-01
3.969612717628479004e-01
3.009407222270965576e-01
4.808490872383117676e-01
-1.738300174474716187e-01
-4.673182070255279541e-01
2.069954425096511841e-01
5.757210776209831238e-02
-1.175912618637084961e+00
7.441442012786865234e-01
-5.238319635391235352e-01
8.052806854248046875e-01
6.751964688301086426e-01
2.065021991729736328e-01
-2.851368784904479980e-01
-9.273272752761840820e-02
3.277343213558197021e-01
6.172728538513183594e-01
4.949800968170166016e-01
5.552499294281005859e-01
-2.533231079578399658e-01
1.852336674928665161e-01
3.682451844215393066e-01
-6.672911643981933594e-01
7.956346869468688965e-01
-1.218985319137573242e-01
-3.240370154380798340e-01
-1.117726787924766541e-01
-2.186570912599563599e-01
3.927251696586608887e-01
-2.289469987154006958e-01
1.173963993787765503e-01
3.318018838763237000e-02
-6.053982377052307129e-01
1.071737557649612427e-01
-1.118886694312095642e-01
-1.288478821516036987e-01
1.261196583509445190e-01
2.990274131298065186e-01
1.816710829734802246e-01
1.681509315967559814e-01
9.066485166549682617e-01
1.215767413377761841e-01
-2.385799437761306763e-01
1.529302448034286499e-01
1.085784912109375000e+00
-1.559989750385284424e-01
5.373795628547668457e-01
-8.258571028709411621e-01
5.228685587644577026e-02
4.855645000934600830e-01
-1.892041862010955811e-01
-1.586322039365768433e-01
-2.549426257610321045e-01
6.195788979530334473e-01
2.496768236160278320e-01
-1.564439982175827026e-01
-5.289902091026306152e-01
-8.188529610633850098e-01
-1.793502420186996460e-01
2.100150823593139648e+00
4.959282577037811279e-01
-2.595776557922363281e+00
5.963840484619140625e-01
-7.576177120208740234e-01
-2.633993327617645264e-01
9.054562449455261230e-01
9.594709426164627075e-02
-3.455573916435241699e-01
1.094243004918098450e-01
-1.728493869304656982e-01
1.706373244524002075e-01
-2.722281217575073242e-01
-8.128114789724349976e-02
-5.042088031768798828e-01
9.214199334383010864e-02
-1.787176281213760376e-01
2.631440460681915283e-01
1.415521055459976196e-01
9.505241364240646362e-02
1.300854384899139404e-01
-2.925582528114318848e-01
-1.765672266483306885e-01
-4.241883754730224609e-02
-5.347251296043395996e-01
-7.656542956829071045e-02
1.509581804275512695e-01
-6.924852728843688965e-02
-8.528925776481628418e-01
-1.953156590461730957e-01
-3.578238189220428467e-01
-6.371447350829839706e-03
-5.208094418048858643e-02
-1.144638806581497192e-01
-6.084684133529663086e-01
-1.775040626525878906e-01
1.583900153636932373e-01
2.446566969156265259e-01
5.341547131538391113e-01
2.536933720111846924e-01
-3.331514596939086914e-01
-1.156574040651321411e-01
3.963881433010101318e-01
-2.539540529251098633e-01
7.749588787555694580e-02
8.960233628749847412e-02
-2.717960476875305176e-01
1.234721392393112183e-01
3.107826113700866699e-01
-3.663485944271087646e-01
4.958781599998474121e-01
-2.357968091964721680e-01
-5.034692883491516113e-01
-2.989212274551391602e-01
3.563757985830307007e-02
1.715396493673324585e-01
-3.551069796085357666e-01
-4.732929170131683350e-01
-8.604507446289062500e-01
-3.672462105751037598e-01
8.381969928741455078e-01
8.578345179557800293e-02
-2.877579033374786377e-01
5.582676529884338379e-01
-1.818207144737243652e+00
1.504149734973907471e-01
3.601741194725036621e-01
1.471518073230981827e-02
-1.964203566312789917e-01
4.224434867501258850e-02
-2.438433766365051270e-01
9.856472909450531006e-02
5.691319108009338379e-01
4.209561049938201904e-01
8.202799409627914429e-02
-1.905024051666259766e-01
2.700145542621612549e-01
-4.312211647629737854e-02
3.645880818367004395e-01
6.112058460712432861e-02
-2.990804910659790039e-01
-6.686903238296508789e-01
1.826569624245166779e-02
-3.952100574970245361e-01
3.649171888828277588e-01
1.604210287332534790e-01
-8.356932401657104492e-01
-1.042829826474189758e-01
2.025037765502929688e+00
-4.586970806121826172e-01
1.855785846710205078e-01
-1.614355742931365967e-01
1.274415850639343262e-01
3.486236631870269775e-01
6.549151539802551270e-01
-2.771235704421997070e-01
6.576834321022033691e-01
-4.489330947399139404e-01
-3.451856374740600586e-01
-1.668860167264938354e-01
-3.222672045230865479e-01
-8.932010531425476074e-01
-5.427230149507522583e-02
-2.954835072159767151e-02
1.424340456724166870e-01
-7.985167205333709717e-02
6.482878923416137695e-01
7.425088286399841309e-01
-7.930178195238113403e-02
4.102121666073799133e-02
-1.149820685386657715e-01
-2.482813298702239990e-01
1.199870463460683823e-02
2.949562072753906250e-01
-8.267866969108581543e-01
2.789853215217590332e-01
7.700359225273132324e-01
6.155587360262870789e-02
-2.214537113904953003e-01
5.876813828945159912e-02
3.143253028392791748e-01
1.509016305208206177e-01
-4.380213022232055664e-01
-2.492499910295009613e-02
7.143464088439941406e-01
-2.229789346456527710e-01
-1.173303797841072083e-01
4.981798231601715088e-01
3.840325474739074707e-01
-5.662629753351211548e-02
1.031782478094100952e-01
3.736558556556701660e-01
-7.312392443418502808e-02
5.402254462242126465e-01
-6.343299895524978638e-02
9.107441902160644531e-01
4.601317346096038818e-01
-2.470573931932449341e-01
7.757029682397842407e-02
8.800965547561645508e-02
-6.052491664886474609e-01
2.838724255561828613e-01
-5.189224481582641602e-01
4.812190309166908264e-02
-2.237705700099468231e-02
4.846727550029754639e-01
-3.794213756918907166e-03
-1.755151450634002686e-01
4.487768113613128662e-01
-1.429541349411010742e+00
-1.452810466289520264e-01
-1.216318383812904358e-01
-4.154168367385864258e-01
3.433577716350555420e-01
2.511333115398883820e-02
1.151971071958541870e-01
1.040868014097213745e-01
7.608226500451564789e-03
-6.067157723009586334e-03
1.997953057289123535e-01
1.216616556048393250e-01
2.270636558532714844e-01
-2.372005768120288849e-02
-5.304610133171081543e-01
1.635449826717376709e-01
-4.554827231913805008e-03
-5.004302263259887695e-01
5.530504584312438965e-01
6.629473567008972168e-01
-4.967654645442962646e-01
1.179527789354324341e-01
5.841191411018371582e-01
-3.562054634094238281e-01
8.423718810081481934e-01
-2.795199453830718994e-01
8.899123966693878174e-02
2.401480674743652344e-01
2.624275907874107361e-02
2.310688048601150513e-02
6.106267571449279785e-01
-7.363449782133102417e-02
-6.613498926162719727e-02
-2.040010839700698853e-01
1.921861916780471802e-01
1.037722174078226089e-02
4.026084840297698975e-01
1.234247311949729919e-01
1.454271227121353149e-01
2.046774178743362427e-01
-2.157680541276931763e-01
-2.204391956329345703e-01
-1.671698689460754395e-02
-3.882844746112823486e-01
3.097243010997772217e-01
2.935819327831268311e-01
-1.880071312189102173e-01
-7.218311429023742676e-01
7.655071467161178589e-02
4.498640596866607666e-01
7.079547271132469177e-03
1.892760545015335083e-01
1.517353892326354980e+00
-2.287371307611465454e-01
-1.072596192359924316e+00
-4.559828639030456543e-01
-1.325443983078002930e+00
-1.889805048704147339e-01
-1.521523594856262207e-01
-1.196111559867858887e+00
4.376292824745178223e-01
3.544498980045318604e-01
2.269113063812255859e-01
9.100326895713806152e-01
-1.523445695638656616e-01
1.881894618272781372e-01
-1.341966986656188965e-01
-5.935742706060409546e-02
2.225525379180908203e-01
-5.389723554253578186e-02
-2.088588625192642212e-01
6.973739713430404663e-02
-2.902387082576751709e-01
8.355913311243057251e-02
4.214358329772949219e-01
-1.438120305538177490e-01
-2.283760532736778259e-02
1.344668120145797729e-01
6.350791454315185547e-02
-2.956876456737518311e-01
-7.632120698690414429e-02
-3.842042088508605957e-01
2.246579378843307495e-01
3.001442924141883850e-02
-4.198181331157684326e-01
-2.055959030985832214e-02
2.114579379558563232e-01
1.635994434356689453e+00
-7.650940679013729095e-03
-4.637894630432128906e-01
7.599631696939468384e-02
1.472562104463577271e-01
-1.471100807189941406e+00
1.391954720020294189e-01
-2.648613452911376953e-01
-9.669111669063568115e-02
-1.382928490638732910e+00
-1.658697985112667084e-02
-5.751385539770126343e-02
-1.084763050079345703e+00
2.392902597784996033e-02
-4.963096380233764648e-01
-6.013913750648498535e-01
3.104461908340454102e+00
-8.395523428916931152e-01
1.509233832359313965e+00
2.003670185804367065e-01
1.346268504858016968e-01
3.593849837779998779e-01
-1.523858308792114258e+00
-3.991993367671966553e-01
4.462589919567108154e-01
-1.401957988739013672e+00
-3.056246787309646606e-02
-9.220519661903381348e-01
-1.851635277271270752e-01
-2.530249580740928650e-02
-1.508623957633972168e-01
-2.816036902368068695e-02
2.414893507957458496e-01
-3.070845901966094971e-01
2.205698043107986450e-01
3.847976922988891602e-01
-1.550920724868774414e+00
1.502855569124221802e-01
-3.411811590194702148e-01
9.641663730144500732e-02
3.919323086738586426e-01
-3.272845745086669922e-01
5.646167993545532227e-01
1.070286929607391357e-01
-5.935596823692321777e-01
9.609689563512802124e-02
-5.044935345649719238e-01
1.021637916564941406e+00
-2.131874412298202515e-01
-4.005546271800994873e-01
-1.877426952123641968e-01
5.203456282615661621e-01
3.293287009000778198e-02
-1.360638886690139771e-01
1.031169220805168152e-01
9.150077402591705322e-02
3.877333700656890869e-01
-2.652910947799682617e-01
-1.707621812820434570e-01
-7.105391472578048706e-02
2.348726511001586914e+00
3.455824255943298340e-01
-2.571936883032321930e-02
1.416458785533905029e-01
1.795379817485809326e-01
-3.630440533161163330e-01
-5.788491964340209961e-01
4.506730139255523682e-01
-6.949926167726516724e-02
-9.510874152183532715e-01
-1.770241856575012207e-01
-3.037150576710700989e-02
-1.850767061114311218e-02
1.750193357467651367e+00
7.357966899871826172e-02
-3.275779187679290771e-01
-4.682250618934631348e-01
2.571916878223419189e-01
3.938090503215789795e-01
1.525974459946155548e-02
7.994727492332458496e-01
-1.862716078758239746e-01
-1.016884297132492065e-01
-1.231357976794242859e-01
-7.928530126810073853e-02
-1.318567693233489990e-01
-3.393596708774566650e-01
-1.531589627265930176e+00
4.540375471115112305e-01
-1.813724488019943237e-01
-1.171908900141716003e-01
5.541136264801025391e-01
6.336797475814819336e-01
-4.582995548844337463e-02
-1.985749900341033936e-01
2.488610595464706421e-01
-5.569543838500976562e-01
6.192862391471862793e-01
-3.122939169406890869e-01
4.550078511238098145e-01
2.064157128334045410e-01
-2.716956734657287598e-01
4.503361135721206665e-02
4.768814444541931152e-01
-4.420214295387268066e-01
-1.072277352213859558e-01
-4.113174974918365479e-01
9.978279471397399902e-02
9.123554825782775879e-02
-2.277285605669021606e-01
-3.080832362174987793e-01
1.902521252632141113e-01
-2.130768075585365295e-02
3.098238110542297363e-01
4.882054403424263000e-02
3.678036034107208252e-01
3.791204690933227539e-01
8.516010828316211700e-03
-4.839072227478027344e-01
2.945160865783691406e-01
-2.755212306976318359e+00
4.238735139369964600e-02
8.547205477952957153e-02
3.309629559516906738e-01
-2.691898643970489502e-01
-1.511828042566776276e-02
8.711439557373523712e-03
-5.396932959556579590e-01
1.322864592075347900e-01
-1.465773284435272217e-01
-1.899038208648562431e-03
2.507156431674957275e-01
-8.900336176156997681e-02
3.108510375022888184e-01
4.272817969322204590e-01
1.008589863777160645e-01
-3.972910940647125244e-01
3.820700943470001221e-01
1.501781493425369263e-01
1.745258271694183350e-01
-2.187579154968261719e+00
-2.287605404853820801e-01
4.536007940769195557e-01
1.513367295265197754e-01
1.400489825755357742e-02
4.275980591773986816e-01
-2.153009921312332153e-01
8.935514092445373535e-01
-6.811370253562927246e-01
1.357967406511306763e-01
5.521527528762817383e-01
-3.454896509647369385e-01
-1.170604601502418518e-01
-8.574690818786621094e-01
-1.248884424567222595e-01
-5.841906070709228516e-01
1.907096505165100098e-01
-3.686396181583404541e-01
2.471692264080047607e-01
-3.992458581924438477e-01
9.297833591699600220e-02
6.394851952791213989e-02
-2.386752367019653320e-01
-4.381595253944396973e-01
5.709454417228698730e-01
-1.156127750873565674e-01
-1.422290354967117310e-01
1.052611023187637329e-01
-2.916911840438842773e-01
-5.640998482704162598e-01
-3.760413825511932373e-02
-1.177316345274448395e-02
8.442915044724941254e-03
1.471836090087890625e+00
3.810080885887145996e-01
1.116046905517578125e-01
-5.352317690849304199e-01
4.275747761130332947e-02
-5.329824239015579224e-02
-2.207677215337753296e-01
4.910612404346466064e-01
-4.186460077762603760e-01
3.020571768283843994e-01
-4.215843975543975830e-03
-5.459835007786750793e-02
-4.365772604942321777e-01
-8.959459513425827026e-02
6.503459215164184570e-01
-3.875317275524139404e-01
3.637899458408355713e-01
3.315089643001556396e-01
-3.727820813655853271e-01
-1.097323372960090637e-01
4.412364680320024490e-03
-4.687758982181549072e-01
-1.030091568827629089e-01
-3.850722908973693848e-01
-1.747168749570846558e-01
4.793809950351715088e-01
-2.951786294579505920e-02
-3.100380599498748779e-01
-1.689609140157699585e-01
-3.802566230297088623e-01
-7.622704654932022095e-02
1.260376125574111938e-01
3.323559463024139404e-01
1.393092393875122070e+00
-6.759521365165710449e-01
-3.653007745742797852e-01
6.878108978271484375e-01
-1.157325729727745056e-01
2.731422483921051025e-01
1.202121853828430176e+00
-5.308712720870971680e-01
-1.228745281696319580e-01
1.434891670942306519e-01
-3.190231621265411377e-01
2.062009274959564209e-01
-9.780384600162506104e-02
1.302445530891418457e-01
-1.192386969923973083e-01
-2.472988218069076538e-01
4.577704071998596191e-01
4.733774363994598389e-01
-1.058221161365509033e-01
-2.238504402339458466e-02
-6.086570397019386292e-02
-9.191157817840576172e-01
1.888492517173290253e-02
-3.387138247489929199e-01
-1.568753421306610107e-01
1.019547104835510254e+00
8.179012686014175415e-03
-4.576651751995086670e-01
1.073459014296531677e-01
1.653439179062843323e-02
3.772235810756683350e-01
-2.243105173110961914e-01
8.584775030612945557e-02
4.736618995666503906e-01
2.579381167888641357e-01
1.659207940101623535e-01
-4.255594909191131592e-01
8.733056485652923584e-02
1.829396337270736694e-01
-4.262048900127410889e-01
-1.200431466102600098e+00
1.413341909646987915e-01
1.192575991153717041e-01
-1.906907111406326294e-01
-5.332451686263084412e-02
-8.558324724435806274e-02
1.513785421848297119e-01
-4.479394480586051941e-02
4.992832243442535400e-01
1.043459177017211914e+00
-1.007247686386108398e+00
-1.874049007892608643e-01
1.586490124464035034e-02
2.092186510562896729e-01
1.314034610986709595e-01
-2.310234010219573975e-01
9.407874941825866699e-01
2.617789208889007568e-01
-1.532724350690841675e-01
6.259294152259826660e-01
2.145917862653732300e-01
5.292428731918334961e-01
1.221118494868278503e-01
-3.913484215736389160e-01
-1.071769669651985168e-01
1.166838482022285461e-01
-3.076774999499320984e-02
-2.738732099533081055e-01
3.236122131347656250e-01
3.889159858226776123e-01
3.252496719360351562e-01
-1.507159024477005005e-01
-1.928401440382003784e-01
1.760529726743698120e-01
5.033063292503356934e-01
2.981293499469757080e-01
-7.662855386734008789e-01
-1.233348771929740906e-01
7.645550183951854706e-03
-5.318139493465423584e-02
5.174772143363952637e-01
3.459122776985168457e-01
2.513076066970825195e-01
-1.098018139600753784e-01
-2.359158694744110107e-01
2.555846869945526123e-01
3.021989762783050537e-01
3.928788304328918457e-01
1.382188200950622559e-01
2.740067839622497559e-01
-7.953549027442932129e-01
5.896896719932556152e-01
-1.142556779086589813e-02
2.106707990169525146e-01
2.966986894607543945e-01
-8.882457017898559570e-01
3.509119749069213867e-01
5.796808004379272461e-01
-6.310129165649414062e-01
-1.287942007184028625e-02
-3.719190657138824463e-01
3.059051372110843658e-02
-1.366454958915710449e-01
2.764982283115386963e-01
-3.249822556972503662e-02
9.348863363265991211e-02
1.127065271139144897e-01
1.540218889713287354e-01
8.930215239524841309e-02
1.614991426467895508e-01
-2.802444696426391602e-01
5.722079277038574219e-01
1.840654313564300537e-01
-2.228239774703979492e-01
-3.845564126968383789e-01
1.181948632001876831e-01
-2.847121059894561768e-01
3.383490741252899170e-01
1.127516329288482666e-01
1.731433570384979248e-01
1.574004590511322021e-01
-7.174522429704666138e-02
-1.717636823654174805e+00
-2.438428252935409546e-01
8.637261390686035156e-02
6.251039505004882812e-01
3.425927460193634033e-01
1.881468445062637329e-01
-1.871667951345443726e-01
-6.457613408565521240e-02
-1.059055775403976440e-01
-3.291510045528411865e-02
1.926931925117969513e-02
1.143186166882514954e-01
-4.755426347255706787e-01
2.123539149761199951e-01
-3.736645877361297607e-01
-8.013881444931030273e-01
1.676414906978607178e-01
3.266921043395996094e-01
5.959281325340270996e-02
1.614623665809631348e-01
1.499530300498008728e-02
1.181532889604568481e-01
-5.467040538787841797e-01
-5.260617285966873169e-02
7.560217380523681641e-02
-5.907461419701576233e-02
-2.565199732780456543e-01
3.227426111698150635e-01
-8.065680861473083496e-01
1.299626231193542480e-01
2.016381919384002686e-01
-8.213092088699340820e-01
-1.627365201711654663e-01
-3.786708414554595947e-01
4.045922458171844482e-01
-1.849606931209564209e-01
-1.894993911264464259e-04
3.363173902034759521e-01
1.256828457117080688e-01
-8.744572848081588745e-02
4.415878057479858398e-01
2.302303463220596313e-01
-1.960606575012207031e-01
5.163626372814178467e-02
4.836368262767791748e-01
-1.221544966101646423e-01
2.693444192409515381e-01
1.973581194877624512e+00
-1.513969898223876953e+00
2.260667681694030762e-01
7.824632339179515839e-03
-3.651661574840545654e-01
-4.967035949230194092e-01
1.218063309788703918e-01
9.346564300358295441e-03
3.002296686172485352e-01
5.983817577362060547e-01
4.458949863910675049e-01
6.046166643500328064e-02
1.816361397504806519e-01
2.342476129531860352e+00
-2.125497013330459595e-01
2.344350069761276245e-01
6.997101008892059326e-02
-2.826404273509979248e-01
8.025774359703063965e-02
-4.201049804687500000e-01
6.194939464330673218e-02
9.253944158554077148e-01
-4.981293976306915283e-01
-5.266965180635452271e-02
1.489687338471412659e-02
4.628574252128601074e-01
5.040289759635925293e-01
9.151173382997512817e-02
2.111690640449523926e-01
-2.865768671035766602e-01
-5.434572100639343262e-01
-1.463023722171783447e-01
-2.488372772932052612e-01
-3.570317327976226807e-01
-3.006154000759124756e-01
-1.984893977642059326e-01
-3.909564018249511719e-01
-1.089373975992202759e-01
-1.288453638553619385e-01
4.094210267066955566e-02
-1.565630435943603516e-01
-1.990753412246704102e+00
1.259598433971405029e-01
-2.998612821102142334e-02
-1.701934337615966797e-01
-3.337071239948272705e-01
-7.389664649963378906e-02
-1.133245602250099182e-01
-1.242951899766921997e-01
1.618077605962753296e-01
2.563065290451049805e-01
7.001012563705444336e-01
-3.847132623195648193e-01
-1.228618621826171875e-01
-6.945969164371490479e-02
1.291357576847076416e-01
2.999319732189178467e-01
3.135134875774383545e-01
2.776618599891662598e-01
-2.112331837415695190e-01
2.090511173009872437e-01
3.945091068744659424e-01
1.893991082906723022e-01
1.093346953392028809e+00
-2.892344295978546143e-01
1.529652625322341919e-01
2.695530354976654053e-01
4.512825012207031250e-01
-3.832177817821502686e-01
4.162818789482116699e-01
-1.834531724452972412e-01
4.191625118255615234e-01
-5.135532021522521973e-01
1.352668166160583496e+00
1.375216543674468994e-01
2.263346463441848755e-01
-3.975707888603210449e-01
1.888953894376754761e-01
3.391989171504974365e-01
-4.245738089084625244e-01
6.274957656860351562e-01
4.440033435821533203e-01
-3.200042247772216797e-01
-3.377439975738525391e-01
-4.008900225162506104e-01
2.033270895481109619e-02
2.832912504673004150e-01
-2.398526221513748169e-01
5.268518328666687012e-01
3.295140862464904785e-01
-4.340833518654108047e-03
7.593181729316711426e-02
-7.169840931892395020e-01
7.940275073051452637e-01
-1.618942469358444214e-01
2.753942012786865234e-01
7.039260864257812500e-02
-3.049756288528442383e-01
-4.086978733539581299e-02
-1.455365419387817383e-01
-6.350498795509338379e-01
9.258638024330139160e-01
-4.459662437438964844e-01
1.940024346113204956e-01
2.460727691650390625e-01
5.247658491134643555e-01
3.943848311901092529e-01
3.636512756347656250e-01
-1.032118946313858032e-01
-1.666882820427417755e-02
-5.030851364135742188e-01
-2.602785527706146240e-01
-3.698037192225456238e-02
6.815542280673980713e-02
-8.976617455482482910e-02
1.260175257921218872e-01
-5.259785056114196777e-02
-3.284640014171600342e-01
8.975577354431152344e-02
-3.428129553794860840e-01
-6.407656073570251465e-01
5.723136067390441895e-01
-2.169552594423294067e-01
-2.326715439558029175e-01
2.622772157192230225e-01
3.761385679244995117e-01
4.673793539404869080e-02
3.015976548194885254e-01
-3.025062978267669678e-01
-2.528751790523529053e-01
-6.241802573204040527e-01
5.120307803153991699e-01
-2.198741585016250610e-01
-2.880112826824188232e-01
-6.441347301006317139e-02
-6.544685363769531250e-01
-2.036027726717293262e-04
-1.578256189823150635e-01
-5.518842115998268127e-02
3.575842455029487610e-02
-4.177056550979614258e-01
6.426250934600830078e-02
-4.609387367963790894e-03
2.565765380859375000e-01
1.116087555885314941e+00
-1.543481349945068359e-01
2.383386641740798950e-01
5.044938996434211731e-02
-1.767324954271316528e-01
-4.643920436501502991e-02
-4.041374661028385162e-03
-2.014690078794956207e-02
-3.574908711016178131e-03
3.758026659488677979e-01
-2.212067097425460815e-01
4.417350888252258301e-02
4.141560569405555725e-02
-4.255302846431732178e-01
1.559529155492782593e-01
-2.729495465755462646e-01
-1.393475055694580078e+00
8.841195106506347656e-01
-5.043109655380249023e-01
1.298803091049194336e-01
4.924985766410827637e-01
3.291642069816589355e-01
1.114909052848815918e+00
4.825983941555023193e-02
-1.451577246189117432e-01
-3.529329001903533936e-01
-3.506598770618438721e-01
-2.219757735729217529e-01
6.525407731533050537e-02
-2.178372293710708618e-01
-2.548805773258209229e-01
-1.230142861604690552e-01
-1.551736891269683838e-01
-6.212829351425170898e-01
1.149474903941154480e-01
-3.574359416961669922e-01
-1.006920099258422852e+00
7.951712012290954590e-01
-1.851114630699157715e-01
-1.792951107025146484e+00
5.264362692832946777e-01
2.442949414253234863e-01
1.230216994881629944e-01
1.532585322856903076e-01
-5.383993312716484070e-02
-3.887880742549896240e-01
-1.905774474143981934e-01
1.206931322813034058e-01
-1.154739931225776672e-01
-2.187442779541015625e-02
7.412257790565490723e-02
1.698895096778869629e-01
1.817126721143722534e-01
-1.039061188697814941e+00
-1.053635478019714355e-01
8.277253806591033936e-02
-7.244935035705566406e-01
6.850379705429077148e-01
-1.609207540750503540e-01
2.074549943208694458e-01
6.083420515060424805e-01
6.597069650888442993e-02
-2.384644150733947754e-01
1.104723569005727768e-02
1.297340244054794312e-01
-1.218696907162666321e-01
-2.338072359561920166e-01
2.276838384568691254e-02
2.344928085803985596e-01
1.232089772820472717e-01
6.599606275558471680e-01
-1.650586724281311035e-01
-5.464138388633728027e-01
1.325725167989730835e-01
-1.258527934551239014e-01
2.506523430347442627e-01
-1.060748472809791565e-01
5.896610021591186523e-02
5.220095515251159668e-01
-1.277350634336471558e-01
-2.194776087999343872e-01
-4.829445853829383850e-02
2.167994678020477295e-01
-1.177098006010055542e-01
6.309648156166076660e-01
3.699927777051925659e-02
1.396976262331008911e-01
-6.771543622016906738e-02
1.604280620813369751e-01
-4.853102564811706543e-01
-6.573184579610824585e-02
-4.437513053417205811e-01
4.288959205150604248e-01
7.914642691612243652e-01
-9.194473177194595337e-02
3.192275464534759521e-01
3.033028244972229004e-01
-1.667759656906127930e+00
2.253686934709548950e-01
6.551014780998229980e-01
-2.765091061592102051e-01
-3.195387423038482666e-01
-4.432087242603302002e-01
1.626916676759719849e-01
-1.685430854558944702e-01
1.519535034894943237e-01
4.635046422481536865e-01
5.545828938484191895e-01
-1.844181269407272339e-01
-1.325489431619644165e-01
1.038685202598571777e+00
-3.378399014472961426e-01
4.408184066414833069e-02
1.627196818590164185e-01
-5.475641489028930664e-01
1.809231936931610107e-01
2.412248589098453522e-02
-2.395506799221038818e-01
2.767636477947235107e-01
-1.201593875885009766e+00
-1.998627334833145142e-01
7.895274087786674500e-03
-1.196472883224487305e+00
3.023421764373779297e-01
2.457198947668075562e-01
-1.224414072930812836e-02
5.649934709072113037e-02
5.045528411865234375e-01
3.848939239978790283e-01
-6.117968559265136719e-01
1.836907863616943359e-01
-7.671245187520980835e-02
5.063006281852722168e-02
2.795505225658416748e-01
1.766988486051559448e-01
3.845978155732154846e-02
5.144572854042053223e-01
8.107452988624572754e-01
1.379695385694503784e-01
2.427452243864536285e-02
-7.676067948341369629e-01
5.455116741359233856e-03
3.805821835994720459e-01
-5.792241692543029785e-01
4.123535379767417908e-02
3.678191900253295898e-01
5.527314916253089905e-02
3.270027041435241699e-02
-1.849826127290725708e-01
-5.992999076843261719e-01
6.146247386932373047e-01
8.060389012098312378e-02
1.577516943216323853e-01
7.750277966260910034e-02
-5.329301953315734863e-01
4.760267734527587891e-01
3.321043848991394043e-01
1.376307010650634766e-02
5.759107470512390137e-01
1.143456026911735535e-01
-2.654170058667659760e-02
-5.721476078033447266e-01
1.931531429290771484e-01
-9.065010547637939453e-01
3.217256963253021240e-01
-8.200681209564208984e-02
4.616074562072753906e-01
-6.905493736267089844e-01
5.743283033370971680e-01
7.715590000152587891e-01
3.032736480236053467e-01
8.350649476051330566e-01
4.076254665851593018e-01
-7.745553255081176758e-01
1.649428606033325195e-01
-8.472583722323179245e-04
-7.106653451919555664e-01
5.787130594253540039e-01
-5.185286514461040497e-03
1.023213148117065430e+00
4.026356637477874756e-01
-9.812885522842407227e-02
-1.472365409135818481e-01
2.279945015907287598e-01
2.824760675430297852e-01
5.223061889410018921e-03
-1.898359954357147217e-01
-3.409945964813232422e-01
3.578064218163490295e-02
-4.659096598625183105e-01
-1.002567410469055176e-01
-1.597518771886825562e-01
-4.576320573687553406e-02
-4.861551895737648010e-02
3.416484296321868896e-01
-8.302923291921615601e-02
-2.439010739326477051e-01
-5.139593407511711121e-02
-9.574357420206069946e-02
-1.331279873847961426e+00
-8.581519871950149536e-02
3.126703202724456787e-01
-1.345600187778472900e-01
-9.645138978958129883e-01
-2.029234766960144043e-01
3.771187067031860352e-01
-1.626900434494018555e-01
2.493989467620849609e-01
-1.898609697818756104e-01
4.191643297672271729e-01
2.407748252153396606e-01
5.735808610916137695e-01
-5.565380454063415527e-01
1.985402107238769531e-01
1.302271783351898193e-01
1.768433749675750732e-01
-3.291630744934082031e-01
-3.033418953418731689e-01
-3.889881074428558350e-01
-2.934261858463287354e-01
-1.480285171419382095e-02
-2.526135146617889404e-01
1.375036537647247314e-01
2.901151478290557861e-01
-1.657058745622634888e-01
9.092707931995391846e-02
4.295985773205757141e-02
1.257782727479934692e-01
-4.226137101650238037e-01
2.640310227870941162e-01
-6.439477801322937012e-01
-4.155003428459167480e-01
2.621868848800659180e-01
-3.804572224617004395e-01
-2.146902978420257568e-01
-4.695516824722290039e-01
3.116247355937957764e-01
7.554975897073745728e-02
1.436983495950698853e-01
2.967002242803573608e-02
4.326801002025604248e-01
7.974900603294372559e-01
1.205101013183593750e-01
-4.041630029678344727e-01
1.469343453645706177e-01
-4.901003241539001465e-01
2.557018399238586426e-01
-5.442116260528564453e-01
1.475991457700729370e-01
-3.111999332904815674e-01
2.788320779800415039e-01
-5.734953284263610840e-01
1.163696885108947754e+00
-1.977774798870086670e-01
1.563939750194549561e-01
1.120493263006210327e-01
5.435903072357177734e-01
4.064136147499084473e-01
1.655573993921279907e-01
3.369605839252471924e-01
2.391796857118606567e-01
6.611516475677490234e-01
1.300735026597976685e-01
-5.365254878997802734e-01
-5.970119312405586243e-02
-2.251559048891067505e-01
-1.484548598527908325e-01
8.749142885208129883e-01
-1.554124951362609863e-01
-8.314900994300842285e-01
4.872902855277061462e-02
-4.945838451385498047e-01
8.790913224220275879e-01
7.867971807718276978e-02
-2.537013888359069824e-01
6.620455980300903320e-01
1.147708073258399963e-01
2.481094449758529663e-01
-3.518517315387725830e-01
6.824745237827301025e-02
-6.550652906298637390e-03
-4.454832673072814941e-01
5.351664423942565918e-01
1.451477408409118652e-01
3.216262534260749817e-02
2.137326747179031372e-01
2.122105211019515991e-01
-3.598725199699401855e-01
-7.397770136594772339e-02
2.221589088439941406e+00
-5.686781406402587891e-01
-4.366427361965179443e-01
2.584552168846130371e-01
-1.241039931774139404e-01
-6.729131340980529785e-01
2.662824280560016632e-02
2.511370182037353516e-01
7.637377828359603882e-02
3.369681835174560547e-01
3.384713828563690186e-01
5.666638016700744629e-01
1.261091530323028564e-01
-1.923788040876388550e-01
7.258296757936477661e-02
-1.163222491741180420e-01
-9.495609998703002930e-02
-6.434337794780731201e-02
-3.226015269756317139e-01
3.570267856121063232e-01
2.139959856867790222e-02
-6.523862481117248535e-02
-2.773307859897613525e-01
9.962280392646789551e-01
-3.031342327594757080e-01
-1.118281185626983643e-01
-2.999435961246490479e-01
2.670940756797790527e-01
2.968273311853408813e-02
-2.656843513250350952e-02
-5.745213106274604797e-02
2.924933731555938721e-01
7.760466337203979492e-01
2.773183286190032959e-01
-8.439580202102661133e-01
5.555838346481323242e-01
1.597722172737121582e-01
4.085629582405090332e-01
-1.372966766357421875e-01
2.324023395776748657e-01
2.212278842926025391e-01
8.607865869998931885e-02
2.696946263313293457e-01
-1.141689538955688477e+00
-4.908418655395507812e-01
1.622527092695236206e-01
-4.221909642219543457e-01
-3.410394787788391113e-01
-3.237119019031524658e-01
-8.416278660297393799e-02
-7.443966716527938843e-02
-3.910352289676666260e-01
5.814405083656311035e-01
1.874056160449981689e-01
-4.884503781795501709e-02
6.152659654617309570e-01
1.172326654195785522e-01
1.190803274512290955e-01
3.574113827198743820e-03
-2.053248584270477295e-01
6.818064451217651367e-01
-7.341799139976501465e-01
1.774812638759613037e-01
-1.323990464210510254e+00
-8.658086508512496948e-02
-3.892647624015808105e-01
-1.985195726156234741e-01
-6.447716355323791504e-01
-1.795254051685333252e-01
6.031813025474548340e-01
-2.770128548145294189e-01
-4.171436727046966553e-01
-4.942225217819213867e-01
3.702361136674880981e-02
3.445053398609161377e-01
-1.017633602023124695e-01
4.920912086963653564e-01
2.450989484786987305e-01
4.390758275985717773e-01
-3.922795131802558899e-02
3.009068667888641357e-01
8.479393720626831055e-01
-2.552863443270325661e-03
-1.628848612308502197e-01
2.698440253734588623e-01
6.265640258789062500e-02
-4.253471195697784424e-01
-2.181002348661422729e-01
-1.895263046026229858e-01
-3.708938360214233398e-01
-3.002381138503551483e-02
-8.218150734901428223e-01
-7.355190515518188477e-01
-1.227429434657096863e-01
8.244822025299072266e-01
-1.728371717035770416e-02
-1.163885444402694702e-01
-3.193383812904357910e-01
-3.934353962540626526e-02
1.374921500682830811e-01
7.156029939651489258e-01
4.052446782588958740e-02
2.104281187057495117e-01
5.545011162757873535e-01
-1.177893802523612976e-01
-1.471844613552093506e-01
5.074522923678159714e-03
1.429160386323928833e-01
-1.515855938196182251e-01
-6.806928515434265137e-01
-2.491815835237503052e-01
4.670067504048347473e-02
-5.030692219734191895e-01
3.099943697452545166e-01
-8.491597138345241547e-03
4.241634309291839600e-01
-4.495326057076454163e-02
-1.903815865516662598e-01
-9.179002046585083008e-01
1.206488534808158875e-01
-1.525595664978027344e+00
-3.126472830772399902e-01
6.367487460374832153e-02
-1.042574495077133179e-01
-3.229230344295501709e-01
2.100071907043457031e-01
3.286568522453308105e-01
8.911201357841491699e-02
-1.566492617130279541e-01
-9.191071987152099609e-01
-2.266607433557510376e-01
-1.289548873901367188e-01
5.763397812843322754e-01
5.351583957672119141e-01
-1.094668582081794739e-01
1.019848957657814026e-01
-1.400396320968866348e-02
2.158568650484085083e-01
3.315655589103698730e-01
-2.219450920820236206e-01
4.141238629817962646e-01
-2.252255380153656006e-01
-2.612411081790924072e-01
-1.143122985959053040e-01
3.729027211666107178e-01
-3.270937874913215637e-02
1.173000708222389221e-01
-4.630618095397949219e-01
4.495493769645690918e-01
1.766223758459091187e-01
-3.014560788869857788e-02
3.059621155261993408e-01
-5.786907076835632324e-01
1.728110164403915405e-01
-1.846022456884384155e-01
-5.574555397033691406e-01
-6.137248277664184570e-01
-1.317763775587081909e-01
6.653501391410827637e-01
4.317429363727569580e-01
7.060800194740295410e-01
9.156817197799682617e-02
3.113873302936553955e-01
-1.930555105209350586e+00
-1.210494711995124817e-01
-2.316621989011764526e-01
-1.153683513402938843e-01
-3.079248070716857910e-01
-2.688231170177459717e-01
-6.286844611167907715e-01
-2.864402532577514648e-01
-5.319811105728149414e-01
-7.394975423812866211e-01
1.642238050699234009e-01
4.313766062259674072e-01
2.759902924299240112e-02
4.297560751438140869e-01
2.061511725187301636e-01
-5.272957682609558105e-01
-1.636109054088592529e-01
1.862984746694564819e-01
9.041705727577209473e-02
-7.445107102394104004e-01
1.198763474822044373e-01
-2.282020449638366699e-02
2.067975997924804688e-01
1.145431585609912872e-02
7.529593110084533691e-01
9.082890152931213379e-01
-1.199492663145065308e-01
5.727319121360778809e-01
9.091922640800476074e-01
4.230379164218902588e-01
-5.810126066207885742e-01
-1.637682616710662842e-01
4.603071883320808411e-02
-3.554996848106384277e-01
-8.953668177127838135e-02
-2.453610599040985107e-01
2.784583866596221924e-01
-3.858438134193420410e-01
-7.445935010910034180e-01
-1.814815998077392578e-01
4.687801003456115723e-01
-3.701280951499938965e-01
3.008102476596832275e-01
1.095374673604965210e-01
5.157850980758666992e-01
4.042128473520278931e-02
5.458332896232604980e-01
3.449653685092926025e-01
-3.463978469371795654e-01
6.968120932579040527e-01
-2.940157949924468994e-01
-5.685421228408813477e-01
-1.280542910099029541e-01
2.599296569824218750e-01
7.646838575601577759e-02
3.773167431354522705e-01
-9.038459658622741699e-01
4.863924682140350342e-01
1.353092044591903687e-01
8.316845446825027466e-02
-6.658079624176025391e-01
-3.176460862159729004e-01
-4.958979785442352295e-01
-4.897194504737854004e-01
-3.267330527305603027e-01
-2.214576154947280884e-01
-4.369622170925140381e-01
-6.105415225028991699e-01
2.619329094886779785e-01
4.493431448936462402e-01
4.987718537449836731e-02
3.679619729518890381e-01
1.105615854263305664e+00
-1.220820937305688858e-02
5.496852397918701172e-01
-4.988788962364196777e-01
-4.332474470138549805e-01
-1.815330386161804199e-01
-5.334246158599853516e-01
-1.190968528389930725e-01
-6.817753314971923828e-01
-6.255156546831130981e-02
-1.659833490848541260e-01
-8.831802606582641602e-01
-1.404044628143310547e-01
-1.899197250604629517e-01
1.211669683456420898e+00
-4.237179458141326904e-02
-5.274231433868408203e-01
6.669510006904602051e-01
-2.453407645225524902e-01
4.278702288866043091e-02
2.161811850965023041e-02
-9.073122590780258179e-02
2.007464915513992310e-01
7.494818419218063354e-02
-1.020886525511741638e-01
-3.838885724544525146e-01
-5.175373554229736328e-01
-4.782048761844635010e-01
9.406088590621948242e-01
6.325741112232208252e-02
1.184946671128273010e-01
7.863092422485351562e-01
3.172200024127960205e-01
1.530508138239383698e-02
-6.160695105791091919e-03
5.112293362617492676e-01
2.662685811519622803e-01
-3.043770790100097656e-01
5.309306085109710693e-02
-4.109451770782470703e-01
-3.527173399925231934e-01
5.409914627671241760e-02
-4.531714320182800293e-02
4.468360543251037598e-01
1.962440460920333862e-01
-3.261646032333374023e-01
4.388368725776672363e-01
1.349380239844322205e-03
-3.389078751206398010e-02
1.736648380756378174e-01
3.789305686950683594e-01
3.125902116298675537e-01
2.984397113323211670e-02
3.266820907592773438e-01
-9.562400579452514648e-01
-1.234356611967086792e-01
1.130299270153045654e-01
-5.181344747543334961e-01
-1.864049285650253296e-01
2.324571758508682251e-01
-6.147315725684165955e-02
1.168793514370918274e-01
-2.787528634071350098e-01
-3.122114837169647217e-01
-2.175413370132446289e-01
-2.364241778850555420e-01
-5.313529968261718750e-01
-1.984010487794876099e-01
9.282268881797790527e-01
-6.019495055079460144e-02
1.771058291196823120e-01
3.440129160881042480e-01
2.200798504054546356e-02
2.371025979518890381e-01
6.616712808609008789e-01
4.651563763618469238e-01
-1.750649064779281616e-01
-4.144510626792907715e-01
-2.410015314817428589e-01
-2.076037526130676270e-01
-7.175653576850891113e-01
2.625274956226348877e-01
-1.142330989241600037e-01
4.673219025135040283e-01
-4.450007155537605286e-02
-7.123573869466781616e-02
4.133524894714355469e-01
3.120212256908416748e-01
-5.018930435180664062e-01
1.414480954408645630e-01
8.904463797807693481e-02
-1.361656934022903442e-01
-3.919840157032012939e-01
-9.801729023456573486e-02
-4.255514740943908691e-01
-3.909801244735717773e-01
-4.092838764190673828e-01
-1.090264692902565002e-01
-9.095877408981323242e-02
5.020859241485595703e-01
9.774889796972274780e-03
-1.705338954925537109e-01
-4.035998284816741943e-01
9.394153356552124023e-01
-2.436654269695281982e-01
-4.724397137761116028e-02
-3.008996546268463135e-01
-1.617698669433593750e-01
-3.770333528518676758e-01
-2.213711589574813843e-01
4.673111736774444580e-01
4.046661853790283203e-01
2.799449861049652100e-01
1.754725128412246704e-01
7.879165560007095337e-02
-1.297752559185028076e-01
3.652024567127227783e-01
-6.131417751312255859e-01
-2.294406741857528687e-01
4.931123554706573486e-01
2.305591255426406860e-01
-1.338267922401428223e-01
2.269026786088943481e-01
-1.665348559617996216e-01
5.550783127546310425e-02
-1.045612841844558716e-01
-5.059500336647033691e-01
-3.446450531482696533e-01
-4.423907399177551270e-01
-4.559485018253326416e-01
8.664606511592864990e-02
-1.260699182748794556e-01
4.078836143016815186e-01
-4.706544876098632812e-01
-6.116476655006408691e-01
2.308987081050872803e-01
3.823103010654449463e-01
6.351241469383239746e-02
1.202855110168457031e+00
3.219774663448333740e-01
2.931475937366485596e-01
-6.180959343910217285e-01
2.244714945554733276e-01
-2.597307562828063965e-01
1.132600188255310059e+00
-2.697529196739196777e-01
-2.301941215991973877e-01
1.444199085235595703e-01
3.190084695816040039e-01
-7.603617012500762939e-02
-1.038129851222038269e-01
1.656264960765838623e-01
1.469014585018157959e-01
-2.511854171752929688e-01
-2.873827144503593445e-02
2.746908366680145264e-02
2.117433249950408936e-01
-2.465669512748718262e-01
-8.207452297210693359e-02
-3.207073807716369629e-01
2.714835805818438530e-03
1.339831352233886719e-01
-1.021644994616508484e-01
1.624153107404708862e-01
-1.553591936826705933e-01
-2.015905231237411499e-01
-6.422065943479537964e-02
1.911666244268417358e-01
-1.007571145892143250e-01
-8.007115684449672699e-03
-6.283927559852600098e-01
-2.651140391826629639e-01
-1.178702861070632935e-01
2.327282577753067017e-01
4.811264872550964355e-01
2.267628312110900879e-01
-1.484739780426025391e-01
4.362784624099731445e-01
2.444325387477874756e-02
1.443344354629516602e-01
-6.413507461547851562e-01
-2.128107473254203796e-03
4.436160624027252197e-01
-2.068119794130325317e-01
1.856098622083663940e-01
-3.059139549732208252e-01
1.178985834121704102e-01
-2.309246510267257690e-01
