5.258303284645080566e-01
-2.471723854541778564e-01
-9.589918702840805054e-02
2.067194879055023193e-01
-3.243226110935211182e-01
7.165817022323608398e-01
2.495281398296356201e-02
3.349201977252960205e-01
1.231147572398185730e-01
-1.350526452064514160e+00
-1.721468940377235413e-02
2.007797211408615112e-01
3.413520753383636475e-01
-3.065746426582336426e-01
-9.628728032112121582e-02
-9.784463644027709961e-01
-8.419170044362545013e-03
7.279518246650695801e-02
4.526950120925903320e-01
7.614315748214721680e-01
-1.196147948503494263e-01
-1.678323149681091309e+00
6.303067505359649658e-02
-6.127132177352905273e-01
-1.038543973118066788e-02
-6.715642213821411133e-01
2.174303382635116577e-01
8.934599757194519043e-01
-2.634936571121215820e-01
6.226714253425598145e-01
2.189214713871479034e-02
1.028940305113792419e-01
4.009424149990081787e-01
-5.676626563072204590e-01
-4.049775302410125732e-01
-6.905261278152465820e-01
5.407921075820922852e-01
5.309664607048034668e-01
4.115354716777801514e-01
2.210466377437114716e-02
9.899615049362182617e-01
-8.504622578620910645e-01
9.047359824180603027e-01
-3.723308444023132324e-01
-2.603516280651092529e-01
4.811948835849761963e-01
-9.169785976409912109e-01
7.291046977043151855e-01
-5.133984684944152832e-01
2.976956367492675781e-01
-4.920972585678100586e-01
-3.886296451091766357e-01
6.443207263946533203e-01
-7.003321647644042969e-01
1.369510531425476074e+00
9.988150559365749359e-03
5.158376693725585938e-02
-8.066681623458862305e-01
1.490915894508361816e+00
6.493171453475952148e-01
2.398185729980468750e-01
-2.560564577579498291e-01
-1.894787698984146118e-01
2.359047085046768188e-01
2.563507556915283203e-01
1.362847387790679932e-01
2.338743954896926880e-01
7.655734419822692871e-01
-1.901545822620391846e-01
-7.306787967681884766e-01
1.817454546689987183e-01
-1.575577631592750549e-02
4.800850152969360352e-02
-8.119568824768066406e-01
-6.286406517028808594e-02
1.368582248687744141e-01
3.502493798732757568e-01
1.978308111429214478e-01
6.155683472752571106e-02
5.063649415969848633e-01
-4.905626773834228516e-01
-8.891295641660690308e-03
-2.976149916648864746e-01
-1.241008862853050232e-01
2.510291337966918945e-01
-3.805141448974609375e-01
4.390956088900566101e-02
1.956225633621215820e-01
6.252323091030120850e-02
-2.684212923049926758e-01
4.427187442779541016e-01
1.516173034906387329e-01
-4.612290486693382263e-02
-3.695512562990188599e-02
-3.895287513732910156e-01
-3.956825137138366699e-01
-1.773838698863983154e-01
7.073170542716979980e-01
-5.652256011962890625e-01
-5.911117196083068848e-01
2.395100146532058716e-01
-1.336742639541625977e-01
3.636704385280609131e-01
2.356097698211669922e-01
-5.510303378105163574e-01
4.199097678065299988e-02
2.807093262672424316e-01
-3.143287003040313721e-01
-1.717482358217239380e-01
4.392329156398773193e-01
-3.064331710338592529e-01
-2.463585883378982544e-01
2.968661487102508545e-03
4.070430397987365723e-01
1.944990754127502441e-01
2.891039252281188965e-01
-2.319929748773574829e-01
-2.057720869779586792e-01
6.058502569794654846e-02
-2.056327760219573975e-01
-3.089202642440795898e-01
1.310008913278579712e-01
2.493989616632461548e-01
-1.636616736650466919e-01
1.148878112435340881e-01
-1.620152145624160767e-01
-1.154802143573760986e-01
-1.257366240024566650e-01
2.523327171802520752e-01
2.146293641999363899e-03
-4.369114711880683899e-02
5.590812489390373230e-02
-1.287499815225601196e-01
-1.969972252845764160e-01
3.348698467016220093e-02
9.011936932802200317e-02
-4.089668393135070801e-01
1.306542605161666870e-01
1.050129085779190063e-01
-3.531906008720397949e-01
-7.428749203681945801e-01
3.928414881229400635e-01
1.001279354095458984e-01
-9.867499768733978271e-02
1.027247458696365356e-01
-3.066859208047389984e-02
-1.858198791742324829e-01
-1.632898747920989990e-01
-3.543872851878404617e-03
7.136181592941284180e-01
-1.354986280202865601e-01
5.438360571861267090e-02
1.440230458974838257e-01
1.889138668775558472e-01
-1.925751753151416779e-02
-9.635028988122940063e-02
-9.368568062782287598e-01
-4.142335355281829834e-01
2.008518427610397339e-01
-4.926046729087829590e-01
1.542438566684722900e-01
-3.260146081447601318e-01
4.372109472751617432e-01
-1.488067656755447388e-01
-7.296490669250488281e-01
4.141716361045837402e-01
-4.183808267116546631e-01
2.485698312520980835e-01
-5.838674306869506836e-01
-1.516999900341033936e-01
-5.864659547805786133e-01
-4.961045980453491211e-01
2.810629606246948242e-01
-2.706639170646667480e-01
5.244838595390319824e-01
6.310874223709106445e-01
2.995348870754241943e-01
-2.742999494075775146e-01
1.375772356986999512e-01
4.510781764984130859e-01
7.050199806690216064e-02
-2.062956541776657104e-01
-8.230525851249694824e-01
-5.110252499580383301e-01
6.721957325935363770e-01
2.466755360364913940e-01
3.268716931343078613e-01
-3.113250248134136200e-03
-1.881778538227081299e-01
5.508720278739929199e-01
5.680491924285888672e-01
2.566333115100860596e-01
-1.173520982265472412e-01
-2.079799175262451172e-01
-3.146568238735198975e-01
-8.115661740303039551e-01
4.333251714706420898e-01
-1.720866262912750244e-01
3.375820219516754150e-01
1.601732820272445679e-01
3.910833895206451416e-01
-4.553503096103668213e-01
3.998537659645080566e-01
-4.813686907291412354e-01
3.159185871481895447e-02
1.974393576383590698e-01
-2.655190527439117432e-01
6.141554713249206543e-01
-1.183115318417549133e-01
9.327924810349941254e-03
-2.398290187120437622e-01
-7.151840627193450928e-02
6.119074225425720215e-01
-5.083701610565185547e-01
4.192165136337280273e-01
2.395576536655426025e-01
-6.902866065502166748e-02
-4.154164791107177734e-01
1.983348131179809570e-01
2.918353974819183350e-01
-4.073872566223144531e-01
1.938257217407226562e-01
1.186276450753211975e-01
-2.855804264545440674e-01
-5.987940430641174316e-01
-7.198869250714778900e-03
-2.794483602046966553e-01
1.990021020174026489e-01
-1.455699950456619263e-01
6.489893794059753418e-01
-1.042518854141235352e+00
-6.932102441787719727e-01
4.324386119842529297e-01
1.136493235826492310e-01
1.388652175664901733e-01
3.011424243450164795e-01
-3.721115291118621826e-01
-4.894364997744560242e-02
3.464134782552719116e-02
-1.277691721916198730e-01
2.098131179809570312e-01
-3.823204636573791504e-01
2.706579566001892090e-01
-4.654671624302864075e-02
-1.610741168260574341e-01
3.113631904125213623e-01
-4.332054257392883301e-01
-1.090296655893325806e-01
-3.988657295703887939e-01
6.081609129905700684e-01
-9.524124860763549805e-02
-4.236943423748016357e-01
2.398837804794311523e-01
2.179129570722579956e-01
3.903646469116210938e-01
1.000634282827377319e-01
-1.954291015863418579e-01
-2.601044178009033203e-01
3.898085951805114746e-01
2.615224421024322510e-01
4.848544895648956299e-01
-8.097722381353378296e-02
-2.152460068464279175e-01
-2.852535843849182129e-01
-3.846319019794464111e-01
-2.097057364881038666e-02
-1.154870986938476562e-01
9.182355999946594238e-01
1.223704894073307514e-03
5.835732817649841309e-02
-4.132005274295806885e-01
-4.253652691841125488e-02
7.174261212348937988e-01
-8.152886033058166504e-01
-1.995823681354522705e-01
-5.660478025674819946e-02
3.095091879367828369e-01
-2.235555499792098999e-01
1.939857602119445801e-01
7.909691333770751953e-02
5.232338979840278625e-02
3.214113712310791016e-01
2.206832170486450195e-01
3.490857779979705811e-01
-4.889899492263793945e-02
-5.917476415634155273e-01
7.219786942005157471e-02
5.582088232040405273e-01
3.099789917469024658e-01
-2.162478305399417877e-02
-3.624317049980163574e-02
1.235411614179611206e-01
2.460745722055435181e-02
-4.580327868461608887e-01
-1.422411575913429260e-02
-2.105633318424224854e-01
2.314927428960800171e-02
3.754876255989074707e-01
-8.275243043899536133e-01
2.473510056734085083e-01
1.155750174075365067e-02
-6.499775499105453491e-02
5.921143293380737305e-01
-4.856482744216918945e-01
-1.625975966453552246e-01
-2.011348754167556763e-01
-4.609512090682983398e-01
6.645351648330688477e-01
-1.848747581243515015e-01
6.199354305863380432e-03
-1.041128635406494141e-01
-2.699644863605499268e-02
1.108324050903320312e+00
-6.822348237037658691e-01
8.962671160697937012e-01
-2.489602267742156982e-01
2.793200612068176270e-01
1.792845278978347778e-01
4.587719216942787170e-02
1.735141873359680176e-01
1.373406648635864258e-01
-1.777040511369705200e-01
1.834354549646377563e-01
-2.284033298492431641e-01
-8.888529986143112183e-02
9.931066632270812988e-02
-3.450162410736083984e-01
2.180639356374740601e-01
-3.216857910156250000e-01
2.584199905395507812e-01
-1.311679631471633911e-01
-9.451623260974884033e-02
5.054417252540588379e-01
-6.316917389631271362e-02
3.067517280578613281e-01
7.351472973823547363e-02
-1.208178699016571045e-01
-5.174062848091125488e-01
4.232974052429199219e-01
1.250452399253845215e-01
3.590694069862365723e-01
-3.772439658641815186e-01
-1.380593627691268921e-01
1.537731885910034180e-01
-1.669862270355224609e-01
2.713748216629028320e-01
-1.870446801185607910e-01
-3.403958678245544434e-01
-2.536519169807434082e-01
1.478160738945007324e+00
-5.006505250930786133e-01
-8.432002365589141846e-02
3.403649106621742249e-02
4.364985525608062744e-01
2.967708110809326172e-01
6.992952823638916016e-01
1.479318141937255859e+00
-1.241756677627563477e+00
1.021888852119445801e+00
7.416576743125915527e-01
2.271405458450317383e-01
-5.343043208122253418e-01
4.342047572135925293e-01
6.177013367414474487e-02
1.073321774601936340e-01
3.528231382369995117e-01
-4.128552973270416260e-01
1.408507525920867920e-01
-1.521529257297515869e-01
1.022197380661964417e-01
-2.337678819894790649e-01
-1.542103141546249390e-01
1.484916806221008301e-01
-2.841020524501800537e-01
4.547413289546966553e-01
2.002557069063186646e-01
-3.297238945960998535e-01
-1.879183799028396606e-01
4.732545018196105957e-01
2.394144684076309204e-01
-3.447974324226379395e-01
-7.445652782917022705e-02
-1.825408190488815308e-01
-1.449728161096572876e-01
4.053198993206024170e-01
-8.402656763792037964e-02
3.148927092552185059e-01
4.350946247577667236e-01
1.980282395379617810e-04
-8.717991113662719727e-01
7.419506311416625977e-01
5.292413830757141113e-01
1.272482983767986298e-02
-8.170720338821411133e-01
-2.284584753215312958e-02
-3.718810677528381348e-01
-1.972415857017040253e-02
6.949713826179504395e-01
-2.585703134536743164e-01
-2.349250763654708862e-01
3.236833512783050537e-01
-2.479968965053558350e-01
-2.269581705331802368e-01
-2.170091718435287476e-01
4.925107359886169434e-01
-2.804651856422424316e-01
1.996160000562667847e-01
3.419878482818603516e-01
3.916308879852294922e-01
-6.861786842346191406e-01
6.181908249855041504e-01
5.276219248771667480e-01
-2.889453060925006866e-02
-6.853393316268920898e-01
-2.013072837144136429e-03
3.629261255264282227e-02
4.001940488815307617e-01
4.697096645832061768e-01
-1.015858501195907593e-01
3.783214986324310303e-01
3.041346073150634766e-01
-9.714997559785842896e-02
2.838180959224700928e-01
7.725013047456741333e-02
-2.530994117259979248e-01
5.967096686363220215e-01
-3.075827658176422119e-01
-2.101126909255981445e-01
-1.426258683204650879e-01
1.082428812980651855e+00
-6.303035020828247070e-01
-3.787719607353210449e-01
2.253042757511138916e-01
2.510301768779754639e-01
3.815171718597412109e-01
1.661231964826583862e-01
6.165988445281982422e-01
-1.207521438598632812e+00
9.424133300781250000e-01
6.727627515792846680e-01
-3.904820978641510010e-01
5.451650619506835938e-01
-4.442415237426757812e-01
1.940000206232070923e-01
5.454744696617126465e-01
-3.316767513751983643e-01
8.402428030967712402e-02
-1.472599431872367859e-02
1.304360330104827881e-01
-5.759245157241821289e-01
8.309417366981506348e-01
3.073568046092987061e-01
3.038919996470212936e-03
-1.984524428844451904e-01
-5.284315347671508789e-02
-3.792180120944976807e-01
9.231064468622207642e-02
2.500441968441009521e-01
-1.164119914174079895e-01
-1.255473643541336060e-01
3.773752748966217041e-01
-4.212354421615600586e-01
3.806148469448089600e-01
-2.303913086652755737e-01
-1.457169800996780396e-01
7.541121244430541992e-01
-1.830134689807891846e-01
3.224291205406188965e-01
3.525405824184417725e-01
4.634206295013427734e-01
5.903008952736854553e-02
-3.628906905651092529e-01
3.449299633502960205e-01
5.325619578361511230e-01
4.700983166694641113e-01
7.412363886833190918e-01
-4.930498003959655762e-01
-3.867967799305915833e-02
4.593094289302825928e-01
-4.683159887790679932e-01
-4.122295975685119629e-01
-4.139164686203002930e-01
1.210411563515663147e-01
4.067860841751098633e-01
6.591393798589706421e-02
9.902594238519668579e-02
-1.484893083572387695e+00
2.911453843116760254e-01
7.964765429496765137e-01
1.906105756759643555e+00
-7.285465598106384277e-01
4.544639885425567627e-01
1.278707385063171387e-01
2.744602859020233154e-01
4.039926826953887939e-01
3.963704407215118408e-01
-2.162517979741096497e-02
-1.123260855674743652e+00
2.735589742660522461e-01
-1.012276336550712585e-01
-3.220733702182769775e-01
-1.043849289417266846e-01
3.554579243063926697e-02
-4.534466862678527832e-01
-4.265808761119842529e-01
3.268546611070632935e-02
5.133103206753730774e-02
-1.020979434251785278e-01
2.999111711978912354e-01
-7.473422884941101074e-01
-4.463409259915351868e-02
-1.782868027687072754e+00
-5.112107992172241211e-01
1.228487268090248108e-01
1.255528926849365234e-01
-7.546554803848266602e-01
-2.106420099735260010e-01
3.588745892047882080e-01
-1.090540960431098938e-01
-3.290545940399169922e-02
-6.881655454635620117e-01
1.669185161590576172e-01
-1.609022915363311768e-01
2.028423249721527100e-01
2.832205891609191895e-01
-4.305040836334228516e-01
1.772228628396987915e-01
-2.543520629405975342e-01
-2.170384824275970459e-01
-2.311862558126449585e-01
-1.278926283121109009e-01
4.579452797770500183e-02
-2.310989052057266235e-01
-2.853009104728698730e-01
-3.750677704811096191e-01
-5.188288092613220215e-01
3.801902830600738525e-01
1.133307293057441711e-01
-5.242596268653869629e-01
5.064285397529602051e-01
1.918424516916275024e-01
-5.493222475051879883e-01
1.354213058948516846e-01
-5.993974804878234863e-01
-9.714342951774597168e-01
4.328271448612213135e-01
-5.330091118812561035e-01
4.640198349952697754e-01
3.002193570137023926e-01
2.532473206520080566e-01
-1.572216302156448364e-01
-4.037729501724243164e-01
3.601385951042175293e-01
2.585276663303375244e-01
2.648990452289581299e-01
3.518383502960205078e-01
-9.451502561569213867e-02
-3.198184818029403687e-02
1.532526463270187378e-01
-5.241202712059020996e-01
-1.852559149265289307e-01
-3.676285445690155029e-01
1.189157515764236450e-01
-6.881010532379150391e-01
-4.451149702072143555e-01
1.212777346372604370e-01
-2.221700847148895264e-01
7.232727855443954468e-02
-4.969364404678344727e-02
-2.575673758983612061e-01
-1.259756088256835938e-01
-5.645459294319152832e-01
5.717929080128669739e-02
-3.326005302369594574e-03
1.613872349262237549e-01
1.122398599982261658e-01
-1.881728470325469971e-01
-2.261983230710029602e-03
3.675053119659423828e-01
-1.974556297063827515e-01
4.109548330307006836e-01
5.211210343986749649e-03
4.697013795375823975e-01
9.263911843299865723e-01
-6.125161307863891125e-04
-1.127366200089454651e-01
-2.983772158622741699e-01
1.278940737247467041e-01
4.010144993662834167e-02
2.062045782804489136e-01
7.241757959127426147e-02
7.525614500045776367e-01
8.932251930236816406e-01
1.664609909057617188e-01
-1.070932392030954361e-02
2.591764926910400391e-01
6.896349787712097168e-02
4.585995972156524658e-01
3.385344147682189941e-02
2.481873184442520142e-01
-5.476062893867492676e-01
6.832332164049148560e-02
9.063275456428527832e-01
3.362397551536560059e-01
2.136683017015457153e-01
-3.338227570056915283e-01
1.156565845012664795e-01
7.181046903133392334e-02
-2.101790308952331543e-01
4.498524963855743408e-02
-7.348491549491882324e-01
4.281752705574035645e-01
-1.900567710399627686e-01
1.028048899024724960e-02
-6.441597640514373779e-02
1.350103020668029785e-01
2.551381289958953857e-01
-1.772920489311218262e-01
8.712274581193923950e-02
2.366916686296463013e-01
2.981574274599552155e-02
-4.024825990200042725e-01
2.137148380279541016e+00
-5.440645385533571243e-03
-4.312572255730628967e-02
4.659734070301055908e-01
-2.305670976638793945e-01
4.166539311408996582e-01
2.451062649488449097e-01
2.188146859407424927e-01
-7.565278559923171997e-02
-3.406964242458343506e-01
5.407210588455200195e-01
1.163040548563003540e-01
9.221266210079193115e-02
1.974060684442520142e-01
-3.276153206825256348e-01
-8.358193635940551758e-01
1.554044778458774090e-03
-2.515692114830017090e-01
5.089948773384094238e-01
1.025640517473220825e-01
-5.305094122886657715e-01
4.890814125537872314e-01
-1.190985459834337234e-02
7.112406939268112183e-02
1.062952447682619095e-02
1.182339489459991455e-01
-2.076109051704406738e-01
-1.985872834920883179e-01
7.066224515438079834e-02
1.641315370798110962e-01
-2.818362116813659668e-01
-1.924655139446258545e-01
-3.000768721103668213e-01
-2.203762680292129517e-01
-1.193827111274003983e-02
1.062368750572204590e+00
-1.553795933723449707e-01
1.297583281993865967e-01
-3.827640414237976074e-01
-2.169889509677886963e-01
2.950122356414794922e-01
-7.500200867652893066e-01
-8.475139141082763672e-01
2.837490141391754150e-01
-6.445656716823577881e-02
2.879183590412139893e-01
2.421093434095382690e-01
4.150370955467224121e-01
-1.911722421646118164e-01
1.078716069459915161e-01
3.551139831542968750e-01
4.638366699218750000e-01
7.612985372543334961e-01
4.754531681537628174e-01
-7.580146193504333496e-01
1.110031679272651672e-01
7.605516910552978516e-01
-6.806795597076416016e-01
2.259237766265869141e-01
6.429626941680908203e-01
-3.430612981319427490e-01
9.659377485513687134e-02
2.204942852258682251e-01
-4.473530054092407227e-01
3.296012878417968750e-01
-3.351943492889404297e-01
-5.981052517890930176e-01
-3.192627131938934326e-01
2.117770016193389893e-01
1.590202450752258301e-01
-3.240968585014343262e-01
-4.138703048229217529e-01
-4.644369781017303467e-01
-5.095822811126708984e-01
6.272388696670532227e-01
3.716177642345428467e-01
-2.501793205738067627e-01
5.426300168037414551e-01
-2.901120483875274658e-01
-8.426797986030578613e-01
6.324266642332077026e-02
-3.152916133403778076e-01
-1.033136963844299316e+00
6.552163958549499512e-01
-3.407318592071533203e-01
7.454141974449157715e-01
6.733554601669311523e-01
1.299612671136856079e-01
-3.649505972862243652e-01
-3.165985643863677979e-02
2.628964781761169434e-01
5.290575027465820312e-01
4.367118179798126221e-01
4.767036437988281250e-01
-5.287797451019287109e-01
-1.668552011251449585e-01
5.262359380722045898e-01
-5.951612591743469238e-01
8.065794110298156738e-01
-1.154493466019630432e-01
-4.691831767559051514e-01
-2.773925960063934326e-01
-1.057797446846961975e-01
3.788075745105743408e-01
-4.720390215516090393e-02
9.930916130542755127e-02
1.210765726864337921e-02
-6.179835796356201172e-01
8.979941904544830322e-02
-5.951917171478271484e-02
-4.855361208319664001e-02
1.161780282855033875e-01
2.842729389667510986e-01
1.688316315412521362e-01
1.873036026954650879e-01
8.852652311325073242e-01
2.428644597530364990e-01
-2.244625240564346313e-01
2.883451581001281738e-01
2.124239318072795868e-02
-5.387862920761108398e-01
5.538643524050712585e-02
-9.387862682342529297e-01
-6.356555968523025513e-02
8.676449656486511230e-01
-4.546268284320831299e-02
-2.795112133026123047e-01
-1.556937098503112793e-01
7.406885027885437012e-01
-3.007955150678753853e-03
-3.853676095604896545e-02
-4.390285909175872803e-01
-7.092509865760803223e-01
-6.967161595821380615e-02
9.228332042694091797e-01
7.094504833221435547e-01
-5.925420522689819336e-01
5.099370479583740234e-01
-6.023567318916320801e-01
-3.499842584133148193e-01
8.111397624015808105e-01
-2.063159197568893433e-01
-3.847362101078033447e-01
2.163495868444442749e-01
-2.836024165153503418e-01
2.657162249088287354e-01
-1.825035512447357178e-01
1.447657682001590729e-02
-4.263599812984466553e-01
7.985579967498779297e-02
-2.062103711068630219e-02
3.548283874988555908e-01
2.413747161626815796e-01
1.883978098630905151e-01
5.265858024358749390e-02
-3.530842363834381104e-01
-3.581175114959478378e-03
-1.265356987714767456e-01
-3.502328097820281982e-01
-5.258427262306213379e-01
3.033060133457183838e-01
-1.677110642194747925e-01
-9.731861948966979980e-01
1.003569737076759338e-01
-3.314593434333801270e-01
1.265727579593658447e-01
3.112092018127441406e-01
2.221444994211196899e-02
-4.772250354290008545e-01
-2.461724430322647095e-01
3.036834895610809326e-01
4.241285622119903564e-01
6.429386138916015625e-01
3.853304982185363770e-01
-3.811916708946228027e-01
-1.662552505731582642e-01
3.483593761920928955e-01
-3.770227730274200439e-01
3.690688610076904297e-01
4.768247008323669434e-01
-2.984614968299865723e-01
9.044501185417175293e-02
-2.241269126534461975e-02
-1.612037718296051025e-01
6.939992904663085938e-01
3.070898912847042084e-02
-1.445284605026245117e+00
-1.170796342194080353e-02
3.150271177291870117e-01
-1.079236343502998352e-01
-7.416719943284988403e-02
-2.030832916498184204e-01
-4.539393484592437744e-01
-8.697907626628875732e-02
1.016534447669982910e+00
4.682378470897674561e-01
-1.872208416461944580e-01
3.520673811435699463e-01
-1.853140950202941895e+00
1.951220184564590454e-01
-1.988581866025924683e-01
1.525785177946090698e-01
-9.339152276515960693e-02
-7.157960534095764160e-02
-2.280812412500381470e-01
2.283171750605106354e-03
5.088289380073547363e-01
3.120151162147521973e-01
-1.209315098822116852e-02
-1.092495620250701904e-01
1.625740379095077515e-01
-1.208791658282279968e-01
2.386820614337921143e-01
-3.397959843277931213e-02
-2.517243325710296631e-01
-6.738134026527404785e-01
1.768920868635177612e-01
-3.192016780376434326e-01
3.660809993743896484e-01
4.559941887855529785e-01
-4.573722481727600098e-01
2.825844287872314453e-01
1.702534914016723633e+00
-6.853231787681579590e-01
7.556272745132446289e-01
-4.262403845787048340e-01
-2.294309437274932861e-01
8.535988628864288330e-02
3.444044888019561768e-01
1.308422833681106567e-01
-3.527009487152099609e-01
-6.971935629844665527e-01
-6.270307302474975586e-01
-4.284064471721649170e-01
8.111931383609771729e-03
2.303248345851898193e-01
-6.271136403083801270e-01
2.270755767822265625e-01
-1.977286785840988159e-01
1.232550852000713348e-02
7.323306202888488770e-01
6.525964140892028809e-01
4.540694132447242737e-02
-1.521824277006089687e-03
-1.545933037996292114e-01
-2.549972534179687500e-01
-5.249138548970222473e-02
2.862202227115631104e-01
-8.966086506843566895e-01
2.593626379966735840e-01
6.632420420646667480e-01
4.782474413514137268e-02
-2.208659797906875610e-01
5.071467533707618713e-02
3.067028820514678955e-01
2.085151374340057373e-01
-2.812518477439880371e-01
-2.019405364990234375e-02
3.754415214061737061e-01
-2.098763436079025269e-01
-2.267070263624191284e-01
5.536383986473083496e-01
4.618440568447113037e-01
-1.345701217651367188e-01
6.749995052814483643e-02
3.790429234504699707e-01
-6.213370710611343384e-02
4.535205364227294922e-01
-1.163613051176071167e-01
8.304534554481506348e-01
4.478591084480285645e-01
-1.325071603059768677e-01
1.687542349100112915e-01
2.162080109119415283e-01
-3.272738754749298096e-01
1.878547966480255127e-01
-7.749214768409729004e-01
3.949638083577156067e-02
6.392105668783187866e-02
5.439246892929077148e-01
-4.713947698473930359e-02
-1.576275974512100220e-01
4.656251668930053711e-01
-1.183775305747985840e+00
-1.041720137000083923e-01
-1.021989881992340088e-01
-4.061802625656127930e-01
3.607765436172485352e-01
4.437784198671579361e-03
1.325686126947402954e-01
2.021936327219009399e-01
5.990557000041007996e-02
5.609061568975448608e-02
2.129645049571990967e-01
1.206179633736610413e-01
-4.578442778438329697e-03
-2.700986806303262711e-04
-5.281975269317626953e-01
6.061864271759986877e-02
1.376119256019592285e-01
-4.040741324424743652e-01
4.521303772926330566e-01
6.295720338821411133e-01
-5.458820462226867676e-01
2.528671622276306152e-01
4.045444428920745850e-01
-3.413925468921661377e-01
7.414255142211914062e-01
-1.902140378952026367e-01
-1.192483212798833847e-02
7.446666806936264038e-02
1.801272183656692505e-01
1.187803372740745544e-01
5.214627981185913086e-01
3.174775466322898865e-02
-1.698011308908462524e-01
-1.155453845858573914e-01
1.175822243094444275e-01
-1.040268242359161377e-01
3.548059165477752686e-01
1.040155813097953796e-01
1.749960631132125854e-01
3.479557633399963379e-01
-4.086384922266006470e-02
-3.969352245330810547e-01
1.036444678902626038e-02
-2.246944755315780640e-01
3.389005661010742188e-01
2.521423399448394775e-01
-1.587695032358169556e-01
-6.558788418769836426e-01
1.065414398908615112e-01
-6.939289160072803497e-03
4.153038188815116882e-02
1.971825957298278809e-01
1.440858602523803711e+00
-2.614825665950775146e-01
-1.214730143547058105e+00
-6.695355772972106934e-01
-3.133160769939422607e-01
8.675952255725860596e-02
-4.200847744941711426e-01
-3.592051565647125244e-01
1.747479885816574097e-01
1.085849776864051819e-01
-2.610767781734466553e-01
4.531018137931823730e-01
-4.215356707572937012e-01
4.207383394241333008e-01
-4.034202992916107178e-01
-4.131724834442138672e-01
1.338864117860794067e-01
-1.783417612314224243e-01
-4.528414607048034668e-01
3.248729705810546875e-01
1.609876155853271484e-01
3.517545163631439209e-01
-2.595265395939350128e-02
-1.774862036108970642e-02
-2.660959064960479736e-01
-4.551472666207700968e-04
1.891369819641113281e-01
-1.927093416452407837e-01
2.332037240266799927e-01
-4.494932293891906738e-01
3.425868749618530273e-01
-8.461961150169372559e-02
-2.939004600048065186e-01
-1.467083394527435303e-01
3.374735713005065918e-01
1.545670270919799805e+00
-1.314211785793304443e-01
-6.418178230524063110e-02
2.024719566106796265e-01
2.122862078249454498e-02
-1.364470481872558594e+00
1.199671719223260880e-02
-3.693604767322540283e-01
-3.910003006458282471e-01
7.870582938194274902e-01
-5.740012601017951965e-02
1.143289916217327118e-02
-4.140751659870147705e-01
-1.282666683197021484e+00
-3.203372955322265625e-01
-3.687771968543529510e-03
5.133698582649230957e-01
-7.755704522132873535e-01
1.028240248560905457e-01
2.648470997810363770e-01
2.037284523248672485e-01
1.238166332244873047e+00
5.243324115872383118e-02
-3.305535614490509033e-01
3.651280999183654785e-01
-5.183786749839782715e-01
-7.341141998767852783e-02
-7.610604763031005859e-01
-7.952877879142761230e-02
-2.388239055871963501e-01
-3.102149665355682373e-01
1.202780604362487793e-01
4.587603509426116943e-01
-3.502470627427101135e-02
-8.480299264192581177e-02
1.491507738828659058e-01
-1.009681463241577148e+00
2.985352873802185059e-01
-4.472690522670745850e-01
2.445619106292724609e-01
4.795529842376708984e-01
-4.595160186290740967e-01
1.686301082372665405e-01
2.530218362808227539e-01
-7.428877353668212891e-01
-1.879401952028274536e-01
-6.430018544197082520e-01
4.664364829659461975e-02
-1.896181851625442505e-01
-7.544146478176116943e-02
-2.255516946315765381e-01
5.427893400192260742e-01
9.926532208919525146e-02
-1.942360103130340576e-01
5.151754990220069885e-02
1.088005080819129944e-01
3.664366304874420166e-01
-2.414466440677642822e-01
-1.947783529758453369e-01
-4.723164811730384827e-02
2.224547624588012695e+00
3.225519657135009766e-01
2.900200784206390381e-01
1.653067022562026978e-01
1.557109802961349487e-01
-3.390352427959442139e-01
-5.627244710922241211e-01
-2.040287405252456665e-01
-2.214795723557472229e-02
-7.197020053863525391e-01
-2.325426936149597168e-01
1.249652355909347534e-02
6.233025342226028442e-02
1.524556875228881836e+00
-5.544838681817054749e-02
-2.778673171997070312e-01
-5.411769747734069824e-01
3.057855963706970215e-01
3.433345854282379150e-01
6.392801553010940552e-02
1.087657451629638672e+00
-2.330863922834396362e-01
-2.046194672584533691e-01
-7.414221763610839844e-02
-1.278081238269805908e-01
-6.064500659704208374e-02
-3.756407201290130615e-01
-1.712171792984008789e+00
3.724753558635711670e-01
-2.691563665866851807e-01
-4.026226326823234558e-02
4.734665155410766602e-01
5.985414385795593262e-01
3.610007092356681824e-02
-1.042466163635253906e-01
1.425997316837310791e-01
-5.123301148414611816e-01
5.377756357192993164e-01
-2.290023565292358398e-01
3.736367821693420410e-01
1.183070167899131775e-01
-1.839133054018020630e-01
1.357503384351730347e-01
3.944300115108489990e-01
-3.701885640621185303e-01
-2.796662747859954834e-01
-3.454515039920806885e-01
1.591426879167556763e-01
1.143652722239494324e-01
1.077780723571777344e-01
-2.911320328712463379e-01
1.667585372924804688e-01
-7.310563325881958008e-02
-3.040587715804576874e-02
8.994532981887459755e-05
3.650489449501037598e-01
3.293551206588745117e-01
-1.605951040983200073e-02
-4.629128277301788330e-01
2.699103951454162598e-01
-2.735931634902954102e+00
1.860088407993316650e-01
-1.129409670829772949e-02
3.034215271472930908e-01
-2.405560761690139771e-01
-1.563028842210769653e-01
4.570534918457269669e-03
-3.674507141113281250e-01
2.302834242582321167e-01
-1.612607836723327637e-01
-5.302617326378822327e-02
2.929839789867401123e-01
8.075550198554992676e-02
3.692729175090789795e-01
2.696670293807983398e-01
1.089631542563438416e-01
-5.603831410408020020e-01
4.232232570648193359e-01
1.062547788023948669e-01
2.157316058874130249e-01
-2.512398242950439453e+00
-3.066560328006744385e-01
4.343671202659606934e-01
1.996692568063735962e-01
-2.581995911896228790e-02
6.967428326606750488e-01
-2.510804235935211182e-01
6.462446451187133789e-01
-4.012696743011474609e-01
1.341663599014282227e+00
2.973732650279998779e-01
-9.420131146907806396e-02
1.247302368283271790e-01
-1.168985962867736816e+00
-1.644875705242156982e-01
-3.172938525676727295e-01
-3.026263974606990814e-02
-1.113080307841300964e-01
-1.168361026793718338e-02
-1.418655514717102051e-01
-1.033058539032936096e-01
-1.148124262690544128e-01
-1.977653242647647858e-02
-1.785796284675598145e-01
3.176642060279846191e-01
2.201962620019912720e-01
-3.696241974830627441e-01
-2.358850091695785522e-02
-1.796494573354721069e-01
-4.540934562683105469e-01
-1.643980443477630615e-01
1.203531324863433838e-01
1.523123085498809814e-01
1.322188258171081543e+00
2.354899197816848755e-01
2.554555535316467285e-01
-6.520765423774719238e-01
1.746878772974014282e-01
-1.854212582111358643e-01
-8.882047235965728760e-02
6.978550553321838379e-01
-4.779724478721618652e-01
3.392040133476257324e-01
1.292504817247390747e-01
-1.885232627391815186e-01
-3.647121787071228027e-01
-1.740499883890151978e-01
3.601947426795959473e-01
-3.785167932510375977e-01
1.655253171920776367e+00
2.557440102100372314e-01
-2.994573414325714111e-01
-1.444204449653625488e-01
-7.076650261878967285e-01
-6.760511398315429688e-01
-8.299413323402404785e-02
-3.545645475387573242e-01
-1.018922328948974609e-01
4.079176485538482666e-01
4.332550987601280212e-02
-1.913358420133590698e-01
-2.030754238367080688e-01
-3.101439177989959717e-01
-1.449153199791908264e-02
5.481816455721855164e-02
1.759531199932098389e-01
1.311335563659667969e+00
-8.222994208335876465e-01
-4.206955134868621826e-01
3.902449309825897217e-01
-6.172737106680870056e-02
2.272941470146179199e-01
9.685733914375305176e-01
-5.088780522346496582e-01
-5.781339481472969055e-02
2.623913288116455078e-01
-2.078381627798080444e-01
1.600613445043563843e-01
-1.095709502696990967e-01
8.411783725023269653e-02
-8.548503369092941284e-02
-1.859583407640457153e-01
4.909532070159912109e-01
4.206776320934295654e-01
-5.017565935850143433e-02
-1.083089932799339294e-01
-2.477480098605155945e-02
-3.542330265045166016e-01
9.661703556776046753e-02
-1.421424001455307007e-01
-2.387529015541076660e-01
1.108743071556091309e+00
1.200687289237976074e-01
-2.218265086412429810e-01
-3.259547287598252296e-03
1.123025864362716675e-01
2.535163164138793945e-01
-1.403014957904815674e-01
1.301152748055756092e-03
5.575644373893737793e-01
1.723233908414840698e-01
8.658328652381896973e-02
2.273544073104858398e-01
1.741390973329544067e-01
9.593972563743591309e-02
-2.338137477636337280e-01
-1.369483590126037598e+00
-1.729171839542686939e-03
2.491672486066818237e-01
-7.701063156127929688e-02
-1.281580030918121338e-01
-9.879008866846561432e-04
1.305958479642868042e-01
1.530937552452087402e-01
4.738368988037109375e-01
9.462010860443115234e-01
-4.690115153789520264e-01
-1.021268516778945923e-01
-4.329727217555046082e-02
2.944844067096710205e-01
2.291161566972732544e-01
-4.073644280433654785e-01
7.519332766532897949e-01
3.486202657222747803e-01
-2.877652645111083984e-01
3.345312774181365967e-01
9.758737683296203613e-02
3.238445222377777100e-01
8.513382077217102051e-02
-5.532463192939758301e-01
-1.363763958215713501e-01
1.550630480051040649e-01
3.723664581775665283e-02
9.725522249937057495e-02
2.410215139389038086e-01
3.756113946437835693e-01
2.357180714607238770e-01
-1.124869138002395630e-01
-2.243999093770980835e-01
2.142990231513977051e-01
7.086976766586303711e-01
3.279139995574951172e-01
-3.820024430751800537e-01
-8.482337743043899536e-02
-3.423433378338813782e-02
-6.861983239650726318e-02
4.621891379356384277e-01
1.627079546451568604e-01
2.164891213178634644e-01
-2.005605101585388184e-01
-2.505665719509124756e-01
2.690577805042266846e-01
3.515177667140960693e-01
3.761064410209655762e-01
-4.084843397140502930e-02
1.776590794324874878e-01
-7.639029622077941895e-01
6.008605957031250000e-01
-2.923524752259254456e-02
2.217394858598709106e-01
6.027595400810241699e-01
-9.466501474380493164e-01
2.153974175453186035e-01
5.868267416954040527e-01
-6.481444835662841797e-01
-2.380516380071640015e-01
-3.972065150737762451e-01
-1.705623567104339600e-01
-1.192496269941329956e-01
1.755335628986358643e-01
-3.290293738245964050e-03
-1.757987141609191895e-01
2.387153953313827515e-01
2.179163396358489990e-01
2.374535799026489258e-01
1.853224635124206543e-01
-2.315619736909866333e-01
4.908179938793182373e-01
1.594311892986297607e-01
-1.816432625055313110e-01
-1.271741092205047607e-01
2.501203715801239014e-01
-2.118735313415527344e-01
2.922045588493347168e-01
1.967561691999435425e-01
2.584346234798431396e-01
1.956336349248886108e-01
-6.070318073034286499e-02
-1.790239572525024414e+00
-1.327403932809829712e-01
-1.140274014323949814e-02
4.905044436454772949e-01
1.041213795542716980e-01
-7.536458224058151245e-02
-9.055142849683761597e-02
-1.642817854881286621e-01
-3.139958903193473816e-02
7.819286733865737915e-02
2.744436636567115784e-02
1.768472045660018921e-02
-6.810202002525329590e-01
4.157909452915191650e-01
-5.964450240135192871e-01
-6.719723939895629883e-01
2.574249207973480225e-01
3.293047845363616943e-01
1.414887905120849609e-01
2.723245918750762939e-01
-3.348291153088212013e-03
1.171730533242225647e-01
-5.137960910797119141e-01
-4.562432318925857544e-02
1.416604965925216675e-01
-1.676881760358810425e-01
-2.524537742137908936e-01
2.574107646942138672e-01
-8.570351600646972656e-01
1.291183084249496460e-01
4.447839260101318359e-01
-8.177905082702636719e-01
-1.416212171316146851e-01
-1.594414263963699341e-01
3.521064817905426025e-01
-1.577074974775314331e-01
9.678967297077178955e-03
3.628847002983093262e-01
1.131381168961524963e-01
-8.803398162126541138e-02
5.439575910568237305e-01
2.511879503726959229e-01
-1.712714731693267822e-01
2.816070057451725006e-02
3.969032168388366699e-01
-1.454426646232604980e-01
2.906368076801300049e-01
9.579799771308898926e-01
-2.108983755111694336e+00
2.471127957105636597e-01
8.119765669107437134e-02
-1.896539032459259033e-01
-3.846920132637023926e-01
-3.028329908847808838e-01
4.010403156280517578e-02
3.179600238800048828e-01
5.913140773773193359e-01
4.687100350856781006e-01
1.031554639339447021e-01
2.022519111633300781e-01
2.009269952774047852e+00
-2.491538524627685547e-01
-1.920227543450891972e-03
1.055316030979156494e-01
7.210107147693634033e-02
1.104772463440895081e-01
-4.556826949119567871e-01
8.518885076045989990e-02
8.364637494087219238e-01
-5.335833430290222168e-01
-3.855273723602294922e-01
1.697379052639007568e-01
4.967285990715026855e-01
4.374137893319129944e-02
3.172504901885986328e-01
1.754072904586791992e-01
-3.737639188766479492e-01
-5.761333107948303223e-01
-6.812146306037902832e-02
-2.843538820743560791e-01
-7.729631662368774414e-01
-5.343527793884277344e-01
-3.038151860237121582e-01
3.360585868358612061e-02
-2.102702856063842773e-01
3.037229478359222412e-01
-2.103004753589630127e-01
-1.505079507827758789e+00
-2.729821681976318359e+00
-1.078091114759445190e-01
-3.754790499806404114e-02
5.345295369625091553e-02
-1.577309817075729370e-01
-1.023605912923812866e-01
1.607295870780944824e-02
-3.990553617477416992e-01
-1.492989957332611084e-01
-8.631899952888488770e-02
7.885215282440185547e-01
-6.192737221717834473e-01
-1.646171882748603821e-02
-8.041182160377502441e-02
3.142469227313995361e-01
2.607784867286682129e-01
-2.277176640927791595e-02
1.836815327405929565e-01
-2.051528394222259521e-01
2.421716302633285522e-01
4.098116755485534668e-01
1.774722784757614136e-01
8.773774504661560059e-01
-6.755632907152175903e-02
2.045600116252899170e-01
-1.219041272997856140e-02
4.869613647460937500e-01
-2.924526929855346680e-01
3.907850980758666992e-01
-9.419238567352294922e-02
2.662379145622253418e-01
-5.253418684005737305e-01
1.390600919723510742e+00
1.945613026618957520e-01
4.774303734302520752e-01
-4.176982045173645020e-01
-1.753085106611251831e-01
2.879360020160675049e-01
-3.748955130577087402e-01
5.190160274505615234e-01
2.895282804965972900e-01
-2.648170590400695801e-01
3.732755780220031738e-02
3.070303611457347870e-02
1.914167255163192749e-01
1.360482871532440186e-01
-3.400385677814483643e-01
4.423590004444122314e-01
3.416657447814941406e-01
7.017105817794799805e-02
6.002642214298248291e-02
-6.617381572723388672e-01
6.097618862986564636e-02
-4.567092284560203552e-03
4.412686526775360107e-01
-8.536022901535034180e-02
-3.689098656177520752e-01
-1.587239205837249756e-01
1.149611361324787140e-02
-2.412801980972290039e-01
9.918783307075500488e-01
-2.891431152820587158e-01
-2.265605926513671875e-01
3.827894628047943115e-01
4.058459699153900146e-01
-1.213057860732078552e-01
2.747793793678283691e-01
7.698825746774673462e-02
1.397632211446762085e-01
-3.423994481563568115e-01
-4.125784933567047119e-01
1.196540221571922302e-01
-1.800923943519592285e-01
5.400294438004493713e-02
2.394803762435913086e-01
-1.677746027708053589e-01
-2.570056617259979248e-01
-1.193982199765741825e-03
-1.917675584554672241e-01
-1.808289885520935059e-01
6.758364439010620117e-01
-7.425779104232788086e-02
-4.001477360725402832e-01
6.045396924018859863e-01
2.423438727855682373e-01
1.087000817060470581e-01
1.668981462717056274e-01
-1.748987585306167603e-01
-1.199785992503166199e-01
-4.738457798957824707e-01
5.368339419364929199e-01
-7.723977416753768921e-02
-1.619359403848648071e-01
-6.143298745155334473e-02
-5.450702905654907227e-01
1.937247812747955322e-02
-1.627166122198104858e-01
-4.378215223550796509e-02
3.565163165330886841e-02
-2.873459756374359131e-01
2.034566253423690796e-01
-5.026329774409532547e-03
1.866655349731445312e-01
7.110410332679748535e-01
-1.910841315984725952e-01
7.555589079856872559e-02
2.112683504819869995e-01
-1.861087381839752197e-01
-1.693535782396793365e-02
3.955198917537927628e-03
-1.984191983938217163e-01
-4.014355596154928207e-03
-2.403943240642547607e-01
-2.221254110336303711e-01
-1.789692230522632599e-02
4.382929205894470215e-02
-6.289441585540771484e-01
1.584867537021636963e-01
-2.735332846641540527e-01
-9.094983339309692383e-01
1.312010169029235840e+00
-5.044212341308593750e-01
-2.546896971762180328e-02
2.522351443767547607e-01
1.521080881357192993e-01
1.134107410907745361e-01
-5.289538949728012085e-02
-1.615897864103317261e-01
-3.067789971828460693e-01
-3.531480729579925537e-01
-1.357829421758651733e-01
6.526140868663787842e-02
-1.547842323780059814e-01
-1.770597249269485474e-01
-4.181714355945587158e-02
-2.293915897607803345e-01
-3.464430570602416992e-01
7.195670902729034424e-02
-2.806190252304077148e-01
-7.449629902839660645e-01
1.057315349578857422e+00
-1.083912625908851624e-01
-1.519107103347778320e+00
6.422818303108215332e-01
1.794998645782470703e-01
1.777218431234359741e-01
1.210724413394927979e-01
1.698739081621170044e-02
-3.298628628253936768e-01
-1.095873042941093445e-01
1.276882439851760864e-01
-3.880081325769424438e-02
4.459695518016815186e-02
7.048121839761734009e-02
1.672111302614212036e-01
1.813278943300247192e-01
-8.761181831359863281e-01
-9.942536801099777222e-02
8.000800013542175293e-02
-4.740358293056488037e-01
8.055236935615539551e-02
-1.639118939638137817e-01
-2.159180939197540283e-01
5.086137652397155762e-01
5.462098121643066406e-02
-2.830404937267303467e-01
3.056215122342109680e-03
6.452991068363189697e-02
-1.081760376691818237e-01
-2.324943542480468750e-01
1.100506111979484558e-01
2.314016520977020264e-01
4.187252223491668701e-01
5.391684174537658691e-01
-5.771335959434509277e-02
-5.544622540473937988e-01
1.082782745361328125e-01
-3.567351028323173523e-02
1.343541741371154785e-01
-2.534372508525848389e-01
-2.542569860816001892e-02
4.031899869441986084e-01
-7.146697491407394409e-03
-2.296505421400070190e-01
8.443385362625122070e-02
1.497936695814132690e-01
1.184910815209150314e-02
5.104181170463562012e-01
-1.053582206368446350e-01
3.464269265532493591e-02
-1.008229032158851624e-01
4.181211069226264954e-02
-2.991931438446044922e-01
-9.601751714944839478e-02
-4.495488703250885010e-01
5.171358585357666016e-01
7.858458161354064941e-01
-2.678302228450775146e-01
2.786917984485626221e-01
2.389228343963623047e-01
-1.112407326698303223e+00
1.984215974807739258e-01
6.899413466453552246e-01
-5.704116225242614746e-01
-2.515664696693420410e-01
-3.305646181106567383e-01
9.412026405334472656e-02
-2.741580009460449219e-01
1.377179920673370361e-01
3.982523381710052490e-01
9.183359891176223755e-02
-2.110756337642669678e-01
-2.952353283762931824e-02
1.327221274375915527e+00
2.525496529415249825e-03
-2.473299652338027954e-01
-1.102035585790872574e-02
-7.870894074440002441e-01
4.648498594760894775e-01
3.364156484603881836e-01
3.695005923509597778e-02
5.602180957794189453e-01
8.347778767347335815e-02
-2.880587577819824219e-01
-2.777200043201446533e-01
-1.168871149420738220e-01
-7.050941139459609985e-02
6.642950773239135742e-01
2.256164699792861938e-01
3.463767766952514648e-01
-5.902459099888801575e-02
6.685420274734497070e-01
-4.121432006359100342e-01
1.877149939537048340e-01
-8.795394748449325562e-02
4.709773510694503784e-02
3.391194343566894531e-01
1.738390922546386719e-01
4.193729162216186523e-02
7.967543601989746094e-01
8.751061558723449707e-01
1.413686424493789673e-01
1.952308863401412964e-01
-4.533096253871917725e-01
8.481160551309585571e-02
-3.091634511947631836e-01
-6.231041550636291504e-01
5.799906328320503235e-02
4.650033116340637207e-01
5.881885066628456116e-02
-8.838172256946563721e-02
-1.818166822195053101e-01
-5.291284322738647461e-01
6.837759017944335938e-01
5.092170462012290955e-02
6.189219653606414795e-02
1.541251689195632935e-01
-5.329196453094482422e-01
5.383158922195434570e-01
4.771929979324340820e-02
-1.098855882883071899e-01
6.454709768295288086e-01
-3.857955336570739746e-02
-1.893507838249206543e-01
-6.935834884643554688e-01
1.830565482378005981e-01
-7.694084048271179199e-01
3.615862429141998291e-01
-1.706727594137191772e-02
5.041461586952209473e-01
-7.438828945159912109e-01
6.438822746276855469e-01
6.065003275871276855e-01
3.129373192787170410e-01
6.416061520576477051e-01
3.958067595958709717e-01
-1.042194008827209473e+00
1.233887374401092529e-01
1.563573814928531647e-02
-1.000853300094604492e+00
3.314565718173980713e-01
4.972126334905624390e-03
6.935442686080932617e-01
8.380687236785888672e-02
-1.721818447113037109e-01
-1.029313541948795319e-02
2.058505117893218994e-01
1.845645904541015625e-01
4.017099738121032715e-02
-1.469929218292236328e-01
-3.852919042110443115e-01
4.599716141819953918e-02
-3.560074269771575928e-01
-9.896696358919143677e-02
-4.060333222150802612e-02
3.169957175850868225e-02
2.770128846168518066e-02
3.381482064723968506e-01
-8.292812108993530273e-02
-2.374351918697357178e-01
2.629585564136505127e-02
-9.396769106388092041e-02
-1.685014843940734863e+00
-3.770610550418496132e-03
2.843008041381835938e-01
-1.240860670804977417e-01
-1.022697567939758301e+00
-2.326076775789260864e-01
3.532844781875610352e-01
-1.836588829755783081e-01
6.700094789266586304e-02
-1.881742030382156372e-01
5.304119586944580078e-01
2.398570626974105835e-01
5.947227478027343750e-01
-5.918644070625305176e-01
-3.511518239974975586e-02
1.182515993714332581e-01
2.321694791316986084e-01
-1.723941862583160400e-01
-1.606974750757217407e-01
-3.893960714340209961e-01
-2.936135530471801758e-01
6.189131736755371094e-02
-2.555985450744628906e-01
1.888784021139144897e-02
2.631629109382629395e-01
1.177999824285507202e-01
9.430859982967376709e-02
1.127883344888687134e-01
1.359809637069702148e-01
-4.208148419857025146e-01
6.296895146369934082e-01
-4.585044682025909424e-01
-5.509876012802124023e-01
1.347204148769378662e-01
-2.244374155998229980e-01
-6.855939328670501709e-02
-4.978172779083251953e-01
2.876848280429840088e-01
3.953711390495300293e-01
1.152834668755531311e-01
1.108535006642341614e-01
5.625820755958557129e-01
4.406361877918243408e-01
6.212506815791130066e-02
-3.206250071525573730e-01
-1.057295352220535278e-01
-2.913199961185455322e-01
2.077414393424987793e-01
-3.214005231857299805e-01
1.155396997928619385e-01
1.353815644979476929e-01
-6.939882040023803711e-02
-9.477664232254028320e-01
8.044849038124084473e-01
1.381161436438560486e-02
5.005483329296112061e-02
-3.640710934996604919e-02
4.318771958351135254e-01
5.846376419067382812e-01
4.361423105001449585e-02
5.362252593040466309e-01
4.389277398586273193e-01
3.486986756324768066e-01
-3.558088466525077820e-02
-3.879455924034118652e-01
-2.478561997413635254e-01
-3.936071097850799561e-01
-2.995293438434600830e-01
1.822340190410614014e-01
1.502231229096651077e-02
-9.645472168922424316e-01
3.292497619986534119e-02
-4.077460765838623047e-01
6.730751395225524902e-01
8.192729949951171875e-02
-4.762551933526992798e-02
7.239493727684020996e-01
1.178203672170639038e-01
2.112042605876922607e-01
3.461400046944618225e-02
4.785797372460365295e-02
-1.205557771027088165e-02
3.974983096122741699e-02
5.411885380744934082e-01
2.214743942022323608e-01
1.851000338792800903e-01
6.317476928234100342e-02
2.457098662853240967e-01
-3.218463659286499023e-01
-1.538196802139282227e-01
1.482375860214233398e+00
-2.614296376705169678e-01
-4.863398373126983643e-01
2.717076838016510010e-01
-3.690825104713439941e-01
1.200512349605560303e-01
6.611407548189163208e-02
-4.039759188890457153e-02
2.061693556606769562e-02
5.114198103547096252e-02
2.914743423461914062e-01
5.893737673759460449e-01
3.525409102439880371e-01
-1.381690204143524170e-01
1.964842379093170166e-01
-2.081995010375976562e-01
1.769064813852310181e-01
6.094604358077049255e-02
-1.500107347965240479e-01
1.024439692497253418e+00
1.925098448991775513e-01
-1.699196100234985352e-01
-3.153532147407531738e-01
-9.197095036506652832e-02
-2.031079530715942383e-01
-8.206458389759063721e-02
-5.948902964591979980e-01
2.433229982852935791e-01
1.942004710435867310e-01
1.056336909532546997e-01
2.923369593918323517e-02
5.005052685737609863e-01
6.865190267562866211e-01
2.362731844186782837e-01
-5.671503543853759766e-01
4.766959697008132935e-02
-8.701535314321517944e-02
3.872203826904296875e-01
-1.074704825878143311e-01
4.146731793880462646e-01
9.332583546638488770e-01
1.138337887823581696e-02
-4.031762480735778809e-02
-4.485572278499603271e-01
-5.536323189735412598e-01
-5.363769456744194031e-02
-4.146471023559570312e-01
-2.804248034954071045e-01
-1.132079064846038818e-01
-2.268410474061965942e-01
1.140952333807945251e-01
-2.741685509681701660e-01
-8.429364114999771118e-02
6.766283512115478516e-02
-1.623562276363372803e-01
3.499462902545928955e-01
9.296541661024093628e-02
-1.760972104966640472e-02
3.989855945110321045e-02
-1.780844181776046753e-01
2.598623633384704590e-01
-4.486026465892791748e-01
2.595994770526885986e-01
-7.691117525100708008e-01
-1.388888508081436157e-01
-3.860583305358886719e-01
1.087298393249511719e-01
-7.304016351699829102e-01
-3.295540213584899902e-01
-6.022942438721656799e-02
-5.035451054573059082e-01
-5.722640752792358398e-01
-1.855099499225616455e-01
2.926123738288879395e-01
-1.930000782012939453e-01
5.667752027511596680e-01
7.150018215179443359e-01
4.092827737331390381e-01
2.578130960464477539e-01
-7.273955643177032471e-02
3.469807803630828857e-01
4.821133911609649658e-01
-2.504280209541320801e-02
-1.679750904440879822e-02
1.825385838747024536e-01
1.985294520854949951e-01
-3.019985258579254150e-01
-3.365535438060760498e-01
-2.373775392770767212e-01
-2.253490835428237915e-01
-6.770913302898406982e-02
-8.892055153846740723e-01
-4.773171246051788330e-01
-6.182434782385826111e-02
5.126020312309265137e-01
-1.273881196975708008e-01
-2.908009663224220276e-02
-2.923014461994171143e-01
2.138448059558868408e-01
-9.955752640962600708e-03
-9.300768375396728516e-01
1.538071185350418091e-01
2.355697453022003174e-01
1.035469621419906616e-01
-4.129277169704437256e-02
-4.527842402458190918e-01
1.623420603573322296e-02
-7.334515452384948730e-02
-2.730492055416107178e-01
6.294875591993331909e-02
-2.658081352710723877e-01
-1.784326136112213135e-01
1.140413731336593628e-01
2.726032137870788574e-01
-3.590125218033790588e-02
3.305937349796295166e-01
-1.726682782173156738e-01
-2.662320733070373535e-01
2.046211957931518555e-01
-1.860613971948623657e-01
-1.418140530586242676e+00
-6.978118419647216797e-02
-3.736101323738694191e-03
-1.931650750339031219e-02
-2.952037155628204346e-01
-1.046567484736442566e-01
3.191279470920562744e-01
1.259378939867019653e-01
-3.963671624660491943e-02
-6.487479805946350098e-01
-1.503760516643524170e-01
-2.121722996234893799e-01
3.655484616756439209e-01
4.590698182582855225e-01
8.732131123542785645e-02
5.594129860401153564e-02
8.823841810226440430e-03
1.355367898941040039e-01
2.260713875293731689e-01
2.754766866564750671e-02
-9.626855850219726562e-01
-1.470607146620750427e-02
-1.921317279338836670e-01
1.930222213268280029e-01
5.533797740936279297e-01
2.012285590171813965e-01
2.461996860802173615e-02
-3.866253495216369629e-01
3.426720201969146729e-01
-2.811222970485687256e-01
9.878836572170257568e-02
6.167153269052505493e-02
-1.680191233754158020e-02
2.464986890554428101e-01
3.275155723094940186e-01
-5.775231719017028809e-01
-1.094230651855468750e+00
-6.136786192655563354e-02
4.969967603683471680e-01
2.563026249408721924e-01
1.049419522285461426e+00
5.762177109718322754e-01
3.494934439659118652e-01
-9.360150098800659180e-01
-2.683294750750064850e-02
-4.026874303817749023e-01
-9.216706454753875732e-02
-5.295798182487487793e-01
-3.227228522300720215e-01
-6.166268587112426758e-01
-2.981426119804382324e-01
-4.463076889514923096e-01
-1.152113080024719238e-01
2.150002419948577881e-01
5.828817486763000488e-01
1.536611020565032959e-01
1.475983113050460815e-01
2.258218824863433838e-01
-4.562621414661407471e-01
-2.032874375581741333e-01
1.086679697036743164e+00
1.212777476757764816e-02
-6.435708403587341309e-01
1.739938259124755859e-01
-5.711498484015464783e-02
2.169822305440902710e-01
1.034054085612297058e-01
6.635747551918029785e-01
7.587875127792358398e-01
1.352229565382003784e-01
5.191377997398376465e-01
7.501385807991027832e-01
5.495188236236572266e-01
-5.405991077423095703e-01
-2.026800811290740967e-01
-1.189868599176406860e-01
-2.935646176338195801e-01
-4.966072365641593933e-02
2.973426133394241333e-02
1.931240111589431763e-01
1.133563816547393799e-01
-7.889432907104492188e-01
-1.917748302221298218e-01
2.194649577140808105e-01
-5.314266681671142578e-01
2.743940353393554688e-01
-4.512881115078926086e-02
5.283349752426147461e-01
-5.424127355217933655e-02
6.468454003334045410e-01
3.537645339965820312e-01
-4.189532697200775146e-01
7.077445387840270996e-01
-2.889109849929809570e-01
-6.707244515419006348e-01
-1.888287514448165894e-01
4.511880576610565186e-01
7.892293483018875122e-02
5.961202979087829590e-01
-8.817375302314758301e-01
2.582251429557800293e-01
-3.313122391700744629e-01
2.391750663518905640e-01
-1.667549163103103638e-01
-5.548142790794372559e-01
-7.047562599182128906e-01
-3.633726239204406738e-01
-3.284825682640075684e-01
-3.648694455623626709e-01
-8.468461036682128906e-02
-6.030886173248291016e-01
7.753556966781616211e-02
-3.183851838111877441e-01
1.789606660604476929e-01
1.548660546541213989e-01
9.401960372924804688e-01
8.541063964366912842e-02
6.779033541679382324e-01
-5.835989117622375488e-02
-6.796587705612182617e-01
8.710674047470092773e-01
-3.153135180473327637e-01
-2.564543783664703369e-01
-4.525304138660430908e-01
3.689569979906082153e-02
-1.710297316312789917e-01
-7.288558483123779297e-01
-2.106958627700805664e-01
-6.256987154483795166e-02
-1.061378233134746552e-02
-2.917946502566337585e-02
3.482507541775703430e-02
3.708310425281524658e-02
-2.735458612442016602e-01
2.542740404605865479e-01
1.773845702409744263e-01
1.776084154844284058e-01
1.177959367632865906e-01
-3.236720263957977295e-01
1.577880978584289551e-01
1.905456781387329102e-01
-2.490707635879516602e-01
-5.152461528778076172e-01
6.326811909675598145e-01
2.621527574956417084e-02
1.098405718803405762e-01
8.074656128883361816e-01
3.277632296085357666e-01
1.964455284178256989e-02
4.825716372579336166e-03
5.528448224067687988e-01
3.293680846691131592e-01
1.130749955773353577e-01
5.433303490281105042e-02
-2.184247374534606934e-01
-1.633204221725463867e-01
2.781445980072021484e-01
-2.675447054207324982e-02
9.938483685255050659e-02
3.360007703304290771e-01
5.843513086438179016e-02
3.564034998416900635e-01
3.272960335016250610e-02
1.756558753550052643e-02
1.225529760122299194e-01
3.260445594787597656e-01
2.909003794193267822e-01
-1.638520509004592896e-01
2.395066320896148682e-01
-5.985131263732910156e-01
-1.318127810955047607e-01
6.061576679348945618e-02
-8.620238304138183594e-01
-1.552382707595825195e-01
7.499599456787109375e-02
-2.402564436197280884e-01
1.425877809524536133e-01
-2.736807465553283691e-01
-7.822095155715942383e-01
-8.279047161340713501e-02
5.187032818794250488e-01
-1.411121785640716553e-01
-2.330566048622131348e-01
3.480291068553924561e-01
-1.230482682585716248e-01
3.814124763011932373e-01
2.940960228443145752e-01
2.851271629333496094e-01
3.137828707695007324e-01
4.617474228143692017e-02
5.780273079872131348e-01
-1.600255966186523438e-01
5.286678671836853027e-01
-3.093348741531372070e-01
1.376385688781738281e-01
-6.443856358528137207e-01
4.584428369998931885e-01
-1.717377007007598877e-01
4.415507912635803223e-01
8.579999208450317383e-02
-1.709710210561752319e-01
5.360957980155944824e-01
2.651014626026153564e-01
-1.299739480018615723e-01
2.379514575004577637e-01
3.521032258868217468e-02
-3.074764832854270935e-02
-2.467413693666458130e-01
-1.372267603874206543e-01
-1.376318782567977905e-01
-2.342042475938796997e-01
-5.085839629173278809e-01
3.276074677705764771e-02
-1.266112923622131348e-01
4.008572101593017578e-01
-1.410114765167236328e-01
-3.580865561962127686e-01
-4.575091302394866943e-01
3.561929166316986084e-01
-3.346579074859619141e-01
-9.506241977214813232e-02
-4.523324966430664062e-01
-1.275186091661453247e-01
-2.517778277397155762e-01
-2.424723058938980103e-01
3.288374543190002441e-01
5.693324208259582520e-01
3.068617880344390869e-01
9.975831210613250732e-02
-1.425105263479053974e-03
-5.891334637999534607e-02
3.855008780956268311e-01
-5.719583630561828613e-01
-2.272023856639862061e-01
6.213284730911254883e-01
1.467509120702743530e-01
-1.156094297766685486e-01
2.317817509174346924e-01
-2.245935350656509399e-01
1.581482123583555222e-03
-2.852337658405303955e-01
7.177308946847915649e-02
-2.160666435956954956e-01
-7.030523419380187988e-01
-4.943564832210540771e-01
2.105051130056381226e-01
-1.352434307336807251e-01
6.195369362831115723e-01
-1.236933320760726929e-01
-3.779221475124359131e-01
1.849987171590328217e-02
2.816707082092761993e-02
-7.051188498735427856e-02
1.002323508262634277e+00
1.499929130077362061e-01
1.731750518083572388e-01
-3.078253865242004395e-01
6.863961815834045410e-01
-1.660511940717697144e-01
8.119842410087585449e-01
-2.283136993646621704e-01
-1.726187914609909058e-01
-1.497402973473072052e-02
3.064319193363189697e-01
-6.478108465671539307e-02
-1.373084336519241333e-01
9.500078111886978149e-02
7.046249508857727051e-02
5.052762106060981750e-02
1.553326565772294998e-02
7.066292315721511841e-02
2.086734026670455933e-01
-2.314998805522918701e-01
-6.999094784259796143e-02
-3.617835938930511475e-01
-3.363888477906584740e-03
1.062191054224967957e-01
-1.217792481184005737e-01
1.489314287900924683e-01
-1.169765070080757141e-01
-1.972270430997014046e-03
-8.600267767906188965e-02
2.493342310190200806e-01
-6.515724211931228638e-02
-3.305661678314208984e-02
-3.931180536746978760e-01
-5.590830743312835693e-02
-8.294023573398590088e-02
1.123033836483955383e-01
3.896057605743408203e-01
-1.034182831645011902e-01
-5.911642313003540039e-02
1.879300028085708618e-01
-6.041976436972618103e-02
-7.402007281780242920e-02
-3.662463128566741943e-01
1.648916862905025482e-02
1.880397796630859375e-01
-1.591653563082218170e-03
1.568110883235931396e-01
-1.777908504009246826e-01
8.199745416641235352e-02
-2.299791667610406876e-03
