7.199633121490478516e-01
-1.937270611524581909e-01
-4.991872906684875488e-01
1.332200616598129272e-01
-3.166652917861938477e-01
6.558011174201965332e-01
-3.681809008121490479e-01
2.167544215917587280e-01
2.135152667760848999e-01
-1.020188927650451660e+00
2.868660092353820801e-01
1.271314267069101334e-02
6.188156604766845703e-01
-7.937651872634887695e-02
-2.953494489192962646e-01
-1.156703472137451172e+00
-3.111274242401123047e-01
1.439049243927001953e-01
7.127603292465209961e-01
6.005408763885498047e-01
-2.530197799205780029e-01
-1.339227557182312012e+00
-9.772023558616638184e-02
-2.339273393154144287e-01
-5.110539793968200684e-01
-5.794832110404968262e-01
4.600633680820465088e-01
1.168589472770690918e+00
-4.711603522300720215e-01
5.764717459678649902e-01
-1.456190794706344604e-01
2.397856563329696655e-01
6.084069013595581055e-01
-4.141060709953308105e-01
-8.856407999992370605e-01
-3.116873800754547119e-01
1.346760392189025879e+00
1.364226043224334717e-01
7.534517049789428711e-01
9.877716191112995148e-03
1.030717372894287109e+00
-7.894210815429687500e-01
3.726165890693664551e-01
-5.572159290313720703e-01
-1.421954780817031860e-01
3.918204903602600098e-01
-6.430318951606750488e-01
9.543836116790771484e-01
-4.043456017971038818e-01
2.182416617870330811e-01
-5.087252259254455566e-01
-9.319964796304702759e-02
5.915115475654602051e-01
-8.771837949752807617e-01
1.750527471303939819e-01
-1.894445419311523438e-01
4.700658917427062988e-01
-6.060116291046142578e-01
1.049641370773315430e+00
6.001188158988952637e-01
3.625501692295074463e-01
-3.377112150192260742e-01
-1.091847121715545654e-01
-8.208835497498512268e-03
8.070375770330429077e-02
1.857469975948333740e-01
2.813517451286315918e-01
8.123598098754882812e-01
-3.436062633991241455e-01
-6.512584090232849121e-01
9.092987328767776489e-02
-8.300807327032089233e-02
1.273531168699264526e-01
-8.085116147994995117e-01
-1.355403512716293335e-01
-1.028090436011552811e-02
4.391389787197113037e-01
1.844912618398666382e-01
6.336378306150436401e-02
5.681865811347961426e-01
-3.662488460540771484e-01
-8.532132208347320557e-02
-3.105753064155578613e-01
-2.918893396854400635e-01
5.130484700202941895e-01
-2.691807150840759277e-01
4.808889701962471008e-02
2.777533829212188721e-01
-5.272301286458969116e-02
-3.148445188999176025e-01
8.055977821350097656e-01
2.053766883909702301e-02
4.351469129323959351e-02
-1.158351525664329529e-01
-3.723089993000030518e-01
-4.446551203727722168e-01
3.603091090917587280e-02
5.632317662239074707e-01
-3.505563139915466309e-01
-4.662635922431945801e-01
-1.795013099908828735e-01
2.349482476711273193e-01
2.566613256931304932e-01
5.150265693664550781e-01
-3.916628658771514893e-01
-1.999765783548355103e-01
3.761191964149475098e-01
-5.006901621818542480e-01
1.577187776565551758e-01
2.424424290657043457e-01
-1.155188977718353271e-01
-8.508582413196563721e-02
-4.263845086097717285e-02
6.208027005195617676e-01
9.596899151802062988e-02
3.184173107147216797e-01
-6.692222952842712402e-01
1.669277101755142212e-01
-4.425272345542907715e-01
-6.619886159896850586e-01
-4.383285343647003174e-01
3.345675170421600342e-01
3.330156505107879639e-01
2.290794402360916138e-01
4.241799935698509216e-02
-1.735390424728393555e-01
-1.744816303253173828e-01
-6.389054656028747559e-02
3.987412154674530029e-01
-7.377803325653076172e-02
-9.402878582477569580e-02
1.176028698682785034e-02
-1.018475145101547241e-01
-2.379372566938400269e-01
8.849243074655532837e-02
2.336700856685638428e-01
-7.091538310050964355e-01
2.198758423328399658e-01
-1.313253343105316162e-01
-5.669493079185485840e-01
-8.968015909194946289e-01
6.818605065345764160e-01
-1.573824435472488403e-01
1.714756608009338379e+00
3.335097134113311768e-01
-2.308577895164489746e-01
1.035566627979278564e-01
-1.013453245162963867e+00
2.853777706623077393e-01
4.417459070682525635e-01
1.001749634742736816e-01
2.417962998151779175e-01
-1.371844172477722168e+00
9.589480161666870117e-01
-2.926069200038909912e-01
7.511211186647415161e-02
-8.813380599021911621e-01
-9.769266843795776367e-02
-1.078434288501739502e-01
-7.147672176361083984e-01
2.181703895330429077e-01
-3.515982031822204590e-01
3.503719866275787354e-01
-1.230307370424270630e-01
-5.457253456115722656e-01
3.856686055660247803e-01
-4.176670312881469727e-01
8.157013058662414551e-01
-6.714487671852111816e-01
-8.660342544317245483e-02
-5.235983133316040039e-01
-3.965332508087158203e-01
7.591465711593627930e-01
-8.243646025657653809e-01
4.662099778652191162e-01
3.152707815170288086e-01
5.837478041648864746e-01
-3.487082421779632568e-01
1.701153963804244995e-01
4.435426890850067139e-01
-9.331118315458297729e-02
-7.129726558923721313e-02
-9.469280838966369629e-01
-3.936631083488464355e-01
-6.648293137550354004e-02
6.634203344583511353e-02
6.359280943870544434e-01
-9.011277556419372559e-02
-1.997518725693225861e-02
4.050830304622650146e-01
6.356450915336608887e-01
2.420381903648376465e-01
-1.090273335576057434e-01
5.412962660193443298e-02
-3.785533308982849121e-01
-5.379514098167419434e-01
9.314439892768859863e-01
-6.585557758808135986e-02
2.972076833248138428e-01
7.983624190092086792e-02
2.765395045280456543e-01
-2.878034114837646484e-01
1.442921757698059082e-01
7.250502705574035645e-02
1.547296494245529175e-01
6.578031182289123535e-02
2.339101023972034454e-02
8.140465617179870605e-01
1.386702805757522583e-02
-8.784321695566177368e-02
-1.379301249980926514e-01
2.261101827025413513e-02
4.430660605430603027e-01
-6.736114025115966797e-01
5.191932432353496552e-03
5.936234071850776672e-02
-1.766122728586196899e-01
-3.674504756927490234e-01
2.399899065494537354e-01
1.743353158235549927e-01
-4.532661437988281250e-01
2.734178900718688965e-01
-3.419189900159835815e-02
-1.468698680400848389e-01
-1.123864531517028809e+00
-1.864065527915954590e-01
-1.257852613925933838e-01
1.774168312549591064e-01
-4.592560231685638428e-02
6.935746669769287109e-01
-7.178553342819213867e-01
-4.435636997222900391e-01
4.309676289558410645e-01
1.464044004678726196e-01
5.863416939973831177e-02
9.496299624443054199e-01
-4.160895049571990967e-01
-1.012888997793197632e-01
2.178549580276012421e-02
-1.208268105983734131e-01
3.125412762165069580e-01
-4.505829811096191406e-01
5.395883917808532715e-01
-7.592085003852844238e-02
-1.483929604291915894e-01
4.801524579524993896e-01
-5.843786597251892090e-01
4.352027550339698792e-02
-4.977913200855255127e-01
3.771316707134246826e-01
-1.466730684041976929e-01
-5.612580180168151855e-01
3.956339955329895020e-01
4.817933589220046997e-02
4.972139596939086914e-01
5.553698912262916565e-02
-1.961613595485687256e-01
-4.676370322704315186e-01
4.677417576313018799e-01
2.675788104534149170e-01
6.709701418876647949e-01
-2.741580009460449219e-01
-9.337816387414932251e-02
-6.004043817520141602e-01
-5.374320745468139648e-01
1.080888584256172180e-01
-2.350826114416122437e-01
5.451382398605346680e-01
-1.303135901689529419e-01
2.921146154403686523e-01
-5.601361393928527832e-01
-1.961763352155685425e-01
3.367452919483184814e-01
-4.640813469886779785e-01
-6.259863078594207764e-02
2.029011771082878113e-02
2.194638401269912720e-01
-4.345341920852661133e-01
4.762580096721649170e-01
3.576672077178955078e-01
1.755993962287902832e-01
1.972988247871398926e-01
3.575728833675384521e-01
2.610629200935363770e-01
-2.123805880546569824e-01
-4.291766583919525146e-01
-3.085314854979515076e-02
9.242890477180480957e-01
1.545200943946838379e-01
-2.956066131591796875e-01
-2.785316109657287598e-01
2.911121398210525513e-02
3.428446948528289795e-01
-7.881666421890258789e-01
7.278484851121902466e-02
-1.698241829872131348e-01
-1.747310161590576172e-01
3.812422454357147217e-01
-8.141849637031555176e-01
8.262024819850921631e-02
-1.462606191635131836e-01
1.331756263971328735e-01
5.701529979705810547e-01
-2.566539943218231201e-01
-8.458661288022994995e-02
-2.147575765848159790e-01
-5.095440745353698730e-01
7.131066918373107910e-01
-3.762176260352134705e-02
-1.446781158447265625e-01
1.550655625760555267e-02
-1.113511808216571808e-02
1.057968974113464355e+00
-8.005459308624267578e-01
7.947623133659362793e-01
-2.219067215919494629e-01
2.085541933774948120e-01
3.458474874496459961e-01
-1.660547256469726562e-01
-4.509268328547477722e-02
-4.598366022109985352e-01
4.229997396469116211e-01
1.690388470888137817e-01
5.556656122207641602e-01
-3.261676132678985596e-01
-2.521674036979675293e-01
-1.789732873439788818e-01
1.627215445041656494e-01
2.504275739192962646e-01
2.258971706032752991e-02
-3.230017721652984619e-01
5.903599411249160767e-02
3.569946289062500000e-01
-7.430779188871383667e-02
4.838862642645835876e-02
2.619459033012390137e-01
-9.007494449615478516e-01
-1.482013911008834839e-01
-4.404497519135475159e-02
-4.253928363323211670e-01
2.567830383777618408e-01
-3.372478187084197998e-01
-3.522318601608276367e-02
1.611558943986892700e-01
-1.523840725421905518e-01
2.381930053234100342e-01
-2.076492160558700562e-01
-3.789893686771392822e-01
-1.838683336973190308e-01
9.527092576026916504e-01
-1.899195611476898193e-01
-1.387235522270202637e-01
-2.728116232901811600e-03
4.614721536636352539e-01
3.599395751953125000e-01
6.477079987525939941e-01
2.482416480779647827e-01
-9.085111021995544434e-01
8.797723650932312012e-01
6.203751564025878906e-01
2.501851618289947510e-01
-5.195128321647644043e-01
5.807583928108215332e-01
1.871907860040664673e-01
-1.801801025867462158e-01
3.155365884304046631e-01
-2.940100431442260742e-01
1.547345519065856934e-01
-1.220031529664993286e-01
1.502548009157180786e-01
-6.782962679862976074e-01
-5.094834566116333008e-01
1.040146201848983765e-01
-2.699581086635589600e-01
3.660381734371185303e-01
2.271676063537597656e-01
-3.890637755393981934e-01
-2.164018899202346802e-01
4.496156573295593262e-01
2.051859050989151001e-01
-5.115250945091247559e-01
1.457955986261367798e-01
-1.110040247440338135e-01
3.205378353595733643e-01
-2.349811196327209473e-01
-2.455816715955734253e-01
3.706775605678558350e-01
1.857351362705230713e-01
2.131666541099548340e-01
-9.693898558616638184e-01
2.504661679267883301e-01
2.998975515365600586e-01
-2.073948830366134644e-01
-5.831564068794250488e-01
-8.969312906265258789e-02
5.018442869186401367e-02
-4.978392720222473145e-01
9.095255732536315918e-01
-5.751907825469970703e-01
-6.896831989288330078e-01
2.364026755094528198e-01
-1.833156198263168335e-01
-1.082917451858520508e-01
-1.936631500720977783e-01
2.803788483142852783e-01
-3.195829987525939941e-01
1.096260249614715576e-01
4.352636635303497314e-01
4.285694956779479980e-01
-7.994989752769470215e-01
2.587812542915344238e-01
3.667324781417846680e-01
-1.441076099872589111e-01
-8.081615567207336426e-01
2.040727296844124794e-03
-1.539662629365921021e-01
2.869703173637390137e-01
5.378466844558715820e-01
-1.462637037038803101e-01
2.598168551921844482e-01
6.886351853609085083e-02
7.843302190303802490e-02
1.721988469362258911e-01
2.270732074975967407e-01
2.241317555308341980e-02
3.844642639160156250e-01
-1.409538090229034424e-01
-4.132143855094909668e-01
7.070442289113998413e-02
9.105290174484252930e-01
-3.581192195415496826e-01
-1.021756678819656372e-01
1.357670035213232040e-02
4.438060820102691650e-01
2.154972404241561890e-01
-9.283410757780075073e-02
3.963612914085388184e-01
-5.641048550605773926e-01
5.989578366279602051e-01
4.541445076465606689e-01
-6.595392227172851562e-01
8.008275628089904785e-01
-7.400637269020080566e-01
4.319550395011901855e-01
6.914113759994506836e-01
-6.606035828590393066e-01
2.304933071136474609e-01
-1.186500787734985352e-01
3.012986481189727783e-01
-1.745418429374694824e+00
1.419930815696716309e+00
1.410245776176452637e+00
-4.554382711648941040e-02
-1.043943464756011963e-01
-3.590436577796936035e-01
-2.671868205070495605e-01
-1.000976413488388062e-01
1.266731858253479004e+00
-8.491862416267395020e-01
-7.701364755630493164e-01
4.418265819549560547e-01
-3.767582178115844727e-01
2.047109156847000122e-01
-2.699531316757202148e-01
-4.431492388248443604e-01
8.127069473266601562e-01
-3.673878312110900879e-01
1.852304041385650635e-01
2.741388082504272461e-01
5.640897154808044434e-01
1.884719580411911011e-01
-2.284208983182907104e-01
1.906830072402954102e-01
1.470523625612258911e-01
4.570365250110626221e-01
7.379075288772583008e-01
-6.532958745956420898e-01
-1.141142398118972778e-01
2.821876406669616699e-01
-6.677052378654479980e-01
-3.447266295552253723e-02
-8.553884625434875488e-01
9.786366671323776245e-02
4.547140374779701233e-02
-3.296466171741485596e-01
4.767772555351257324e-01
-7.585321664810180664e-01
6.633764505386352539e-01
4.771253168582916260e-01
2.292260408401489258e+00
-3.471056520938873291e-01
9.286390244960784912e-02
5.100049376487731934e-01
-1.204928085207939148e-01
7.631306648254394531e-01
9.272248148918151855e-01
-6.859059333801269531e-01
-1.523423045873641968e-01
6.470959186553955078e-01
-5.046659708023071289e-01
-1.056686043739318848e-01
-5.670088157057762146e-02
-3.323520720005035400e-01
-6.109944581985473633e-01
7.544144755229353905e-04
-1.073976606130599976e-01
8.107005059719085693e-02
-2.932292819023132324e-01
2.255116403102874756e-01
-8.961777687072753906e-01
-1.822751164436340332e-01
-1.749240636825561523e+00
-2.077298015356063843e-01
-3.812348842620849609e-01
-2.695731073617935181e-02
-8.728185892105102539e-01
-1.003283783793449402e-01
2.034768611192703247e-01
-2.220388501882553101e-01
9.449724853038787842e-02
-6.356977224349975586e-01
2.102120369672775269e-01
-1.575694419443607330e-02
2.302081733942031860e-01
5.918415188789367676e-01
-6.099289655685424805e-01
3.482948243618011475e-01
-4.840608835220336914e-01
-2.904689013957977295e-01
-4.094018936157226562e-01
-2.048843353986740112e-01
4.819196090102195740e-02
-4.245997071266174316e-01
-2.850311398506164551e-01
-5.087023377418518066e-01
-6.763412356376647949e-01
5.432004332542419434e-01
1.243420094251632690e-01
-5.646990537643432617e-01
6.818396449089050293e-01
1.534807533025741577e-01
-6.162778735160827637e-01
4.625277593731880188e-02
-8.493030071258544922e-01
-1.305800914764404297e+00
5.673686861991882324e-01
-5.599584579467773438e-01
5.361200571060180664e-01
3.153516352176666260e-01
3.949129879474639893e-01
2.117873169481754303e-02
-4.415118396282196045e-01
3.328633308410644531e-01
1.751828789710998535e-01
4.123059809207916260e-01
4.763882160186767578e-01
-2.351143211126327515e-01
2.122546173632144928e-02
1.875204592943191528e-01
-6.625609397888183594e-01
-6.987094879150390625e-01
-1.576681137084960938e-01
1.135640591382980347e-01
-8.981640934944152832e-01
-1.959189027547836304e-01
5.768603459000587463e-02
-1.505696475505828857e-01
-3.298702090978622437e-02
-2.324959188699722290e-01
-3.173016905784606934e-01
-2.364399582147598267e-01
-1.321487307548522949e+00
-3.534073382616043091e-02
-1.892350614070892334e-01
1.225036829710006714e-01
5.583783611655235291e-02
-1.811573803424835205e-01
5.083956718444824219e-01
-4.072680696845054626e-02
-1.529478579759597778e-01
2.514852583408355713e-01
2.071565575897693634e-02
5.455078482627868652e-01
8.729888200759887695e-01
2.146532200276851654e-02
-1.870601773262023926e-01
-7.255335152149200439e-02
-2.494868449866771698e-02
7.458902150392532349e-02
1.512955129146575928e-01
9.310567378997802734e-02
4.628615081310272217e-01
7.837150096893310547e-01
1.644048839807510376e-01
-6.822498142719268799e-02
1.913622915744781494e-01
1.250486075878143311e-01
2.505337893962860107e-01
9.760656952857971191e-02
3.212782144546508789e-01
1.096512470394372940e-02
-8.667829632759094238e-02
1.010177612304687500e+00
1.941180527210235596e-01
-9.151586145162582397e-02
-1.735181361436843872e-01
2.515884637832641602e-01
1.398693472146987915e-01
-9.343702346086502075e-02
2.035864591598510742e-01
-5.519641637802124023e-01
-3.775539994239807129e-01
-1.722824387252330780e-02
-1.497388537973165512e-02
1.093193441629409790e-01
2.882558107376098633e-01
5.838407203555107117e-02
-4.051606357097625732e-01
3.075790405273437500e-01
7.677860558032989502e-02
3.231377005577087402e-01
-6.819203495979309082e-01
1.734465718269348145e+00
-2.469216138124465942e-01
-3.641246259212493896e-01
7.800120115280151367e-01
-4.462068676948547363e-01
7.133672833442687988e-01
2.118647843599319458e-01
5.395563244819641113e-01
2.343855202198028564e-01
-1.968224197626113892e-01
7.909905314445495605e-01
-1.073667109012603760e-01
3.577521741390228271e-01
4.970327317714691162e-01
-5.062375664710998535e-01
-6.549619436264038086e-01
1.042855679988861084e-01
-5.212016105651855469e-01
4.352484345436096191e-01
2.479556947946548462e-01
-3.118587136268615723e-01
4.966461658477783203e-01
3.230429068207740784e-02
2.989713288843631744e-02
-1.060644909739494324e-01
6.732409447431564331e-02
-3.209873437881469727e-01
-2.212414890527725220e-01
2.987473644316196442e-02
2.422791421413421631e-01
-3.336989581584930420e-01
-3.426955938339233398e-01
-2.400760501623153687e-01
-3.745684027671813965e-01
1.077229157090187073e-01
1.356880068778991699e+00
-2.325752824544906616e-01
2.099984139204025269e-01
-1.249808296561241150e-01
-2.222856044769287109e+00
4.491875171661376953e-01
-1.890068799257278442e-01
-6.473129391670227051e-01
2.826138399541378021e-02
-6.289983987808227539e-01
1.213249862194061279e-01
1.399901986122131348e+00
1.924536973237991333e-01
-3.367536962032318115e-01
5.075798034667968750e-01
2.690552175045013428e-01
1.175662517547607422e+00
9.002555012702941895e-01
4.046065807342529297e-01
-6.372963190078735352e-01
2.445303276181221008e-02
1.962610960006713867e+00
-7.324173450469970703e-01
1.437916755676269531e-01
5.478541851043701172e-01
-2.894876003265380859e-01
-1.256701070815324783e-02
3.377153873443603516e-01
-5.462044477462768555e-01
1.000104069709777832e+00
-4.470140039920806885e-01
-3.700455725193023682e-01
-3.917478322982788086e-01
1.131420433521270752e-01
8.236501365900039673e-02
-4.573279917240142822e-01
-4.674685001373291016e-01
-5.482570528984069824e-01
-4.730301499366760254e-01
6.395035386085510254e-01
5.085051655769348145e-01
-3.559065461158752441e-01
6.166370511054992676e-01
2.732831239700317383e-02
-7.774599194526672363e-01
-4.948455393314361572e-01
-1.710951626300811768e-01
-1.233164787292480469e+00
7.697020173072814941e-01
-2.565954029560089111e-01
9.825636148452758789e-01
5.473053455352783203e-01
2.371055632829666138e-01
-2.496993243694305420e-01
2.661203145980834961e-01
6.417493820190429688e-01
4.758073389530181885e-01
5.020334720611572266e-01
5.578942298889160156e-01
-6.375437378883361816e-01
1.678692102432250977e-01
4.854434430599212646e-01
-7.011025547981262207e-01
1.188297986984252930e+00
-1.679215282201766968e-01
-3.384685516357421875e-01
-2.508170902729034424e-01
-2.724713981151580811e-01
4.370677471160888672e-01
-1.905779391527175903e-01
1.111976876854896545e-01
7.571866363286972046e-02
-5.595070123672485352e-01
2.046070694923400879e-01
-4.591596871614456177e-02
2.954618632793426514e-02
1.196206361055374146e-01
3.400985002517700195e-01
2.263379991054534912e-01
1.226297765970230103e-01
7.989260554313659668e-01
2.944892346858978271e-01
-2.852510809898376465e-01
2.080409824848175049e-01
5.309649929404258728e-02
-1.044721126556396484e+00
-5.325876474380493164e-01
-1.056897044181823730e+00
4.596039280295372009e-02
3.096860647201538086e-01
-1.070448663085699081e-02
-5.241578072309494019e-02
-3.701413422822952271e-02
8.482536673545837402e-01
2.198177874088287354e-01
2.849297225475311279e-01
-6.946389675140380859e-01
-5.767989158630371094e-01
3.792709903791546822e-03
7.770882844924926758e-01
1.018899202346801758e+00
-5.341195464134216309e-01
3.799332976341247559e-01
-5.588846802711486816e-01
-4.968607425689697266e-01
1.000902175903320312e+00
-9.890231490135192871e-02
-3.681592047214508057e-01
2.096078097820281982e-01
4.057863354682922363e-01
2.434487193822860718e-01
-4.376559257507324219e-01
1.567714661359786987e-02
-4.132749736309051514e-01
2.864638864994049072e-01
-5.173121020197868347e-02
4.082612991333007812e-01
3.325400948524475098e-01
2.293074131011962891e-01
-1.944231800734996796e-02
-1.123656034469604492e+00
2.478267401456832886e-01
-1.302050054073333740e-01
-1.944583207368850708e-01
-3.183789849281311035e-01
-4.149062037467956543e-01
-4.093323945999145508e-01
-1.030612349510192871e+00
2.052825838327407837e-01
-4.786563217639923096e-01
2.610689699649810791e-01
2.419186085462570190e-01
1.189990565180778503e-01
-3.700211942195892334e-01
-1.490909010171890259e-01
3.169924318790435791e-01
2.512719631195068359e-01
6.951652765274047852e-01
4.710406959056854248e-01
-5.220317244529724121e-01
3.816708922386169434e-01
2.089490145444869995e-01
-4.827585220336914062e-01
1.640139073133468628e-01
2.001411199569702148e+00
1.255680061876773834e-02
9.283625334501266479e-02
2.514314055442810059e-01
-3.650946319103240967e-01
2.766073048114776611e-01
-1.762650161981582642e-01
-1.954222679138183594e+00
-3.260609209537506104e-01
1.114074513316154480e-01
2.067664414644241333e-01
-2.462221831083297729e-01
-1.115451335906982422e+00
-1.236751154065132141e-01
-4.693988561630249023e-01
7.907837033271789551e-01
6.768702268600463867e-01
-3.711367547512054443e-01
4.862621426582336426e-01
-1.737817168235778809e+00
-5.206887722015380859e-01
1.068105921149253845e-01
-1.101691201329231262e-01
-2.907900214195251465e-01
9.372113645076751709e-02
-3.725402355194091797e-01
1.753738671541213989e-01
5.355032682418823242e-01
5.044502019882202148e-01
1.530000120401382446e-01
2.304546982049942017e-01
1.384068280458450317e-01
1.194762513041496277e-01
4.282818436622619629e-01
1.692151725292205811e-01
-4.366581439971923828e-01
-7.823242545127868652e-01
3.870234191417694092e-01
-5.189719796180725098e-01
4.595532417297363281e-01
5.431129336357116699e-01
-1.213500976562500000e+00
-9.381674975156784058e-02
1.655320644378662109e+00
-4.083717763423919678e-01
-9.052795171737670898e-02
-2.497759908437728882e-01
1.364717483520507812e-01
3.501858711242675781e-01
6.408933997154235840e-01
3.183220922946929932e-01
-1.597640663385391235e-01
-6.181381940841674805e-01
-1.336080133914947510e-01
-2.618827521800994873e-01
-1.703935563564300537e-01
7.634344100952148438e-01
-1.796980500221252441e-01
-2.808842249214649200e-02
-2.336425483226776123e-01
-6.012167315930128098e-03
9.350050687789916992e-01
7.898014187812805176e-01
-1.080933809280395508e-01
4.366813600063323975e-02
-1.571638733148574829e-01
-1.582148969173431396e-01
1.178148668259382248e-03
3.273729979991912842e-01
-7.349132299423217773e-01
4.597587585449218750e-01
8.456603884696960449e-01
2.013968080282211304e-01
-1.849965900182723999e-01
9.319269657135009766e-02
2.599480748176574707e-01
1.192090883851051331e-01
-2.195453047752380371e-01
-6.636337935924530029e-02
7.540421485900878906e-01
-3.499158024787902832e-01
-4.061346054077148438e-01
6.885126829147338867e-01
3.991573154926300049e-01
-2.087457031011581421e-01
2.282470911741256714e-01
6.889684796333312988e-01
-1.020234525203704834e-01
1.972561478614807129e-01
-2.147205173969268799e-01
9.452753663063049316e-01
5.067286491394042969e-01
-2.166411094367504120e-02
1.616079956293106079e-01
3.219080567359924316e-01
-5.310944318771362305e-01
3.522278368473052979e-01
-4.933826923370361328e-01
8.453624695539474487e-02
3.233095631003379822e-02
5.431562066078186035e-01
-8.430438488721847534e-02
-1.205459460616111755e-01
8.663076758384704590e-01
-1.608077406883239746e+00
-5.354027748107910156e-01
-7.484383136034011841e-02
-6.079184412956237793e-01
3.977101743221282959e-01
-3.172582015395164490e-02
1.698827147483825684e-01
7.156837731599807739e-02
2.257388979196548462e-01
-9.132240712642669678e-02
2.513084113597869873e-01
3.478607162833213806e-02
2.562420070171356201e-01
-7.726594060659408569e-02
-7.961670756340026855e-01
4.868033528327941895e-02
3.718121349811553955e-01
-3.898478150367736816e-01
4.381482601165771484e-01
7.135061621665954590e-01
-4.252004623413085938e-01
3.794531226158142090e-01
3.057395815849304199e-01
8.126683533191680908e-02
7.162676453590393066e-01
-1.127813085913658142e-01
-2.585921809077262878e-02
7.995265722274780273e-02
-1.269728422164916992e+00
8.460997939109802246e-01
4.877367317676544189e-01
1.731185615062713623e-01
-6.378194689750671387e-01
4.905411005020141602e-01
-1.957150995731353760e-01
-8.191545307636260986e-02
6.407275199890136719e-01
2.256874889135360718e-01
5.338234826922416687e-02
3.465324342250823975e-01
4.955834895372390747e-02
-2.753573358058929443e-01
-7.454343140125274658e-02
-1.612002849578857422e-01
2.187428027391433716e-01
3.397182822227478027e-01
-2.803144454956054688e-01
-7.410261034965515137e-01
2.955134809017181396e-01
-2.555060386657714844e-01
-8.400125801563262939e-02
2.638751268386840820e-01
1.268603801727294922e+00
-2.345487661659717560e-02
-1.081321120262145996e+00
-4.562903344631195068e-01
-5.919256210327148438e-01
-1.823891252279281616e-01
-1.509802788496017456e-01
1.149507761001586914e-01
7.077422142028808594e-01
5.409918427467346191e-01
-4.173501394689083099e-03
3.037958443164825439e-01
-1.480323374271392822e-01
1.489506810903549194e-01
-1.344115138053894043e-01
8.840072154998779297e-02
5.845089554786682129e-01
-5.600547790527343750e-01
-1.865915954113006592e-01
5.036896094679832458e-03
4.897410273551940918e-01
6.746069341897964478e-02
7.736735939979553223e-01
-1.223757676780223846e-02
-4.902657866477966309e-02
-5.991276353597640991e-03
1.950243562459945679e-01
-6.014533042907714844e-01
-2.265726476907730103e-01
-8.262944817543029785e-01
3.480348885059356689e-01
-8.207503706216812134e-02
-2.882888913154602051e-01
-1.523910015821456909e-01
3.430253267288208008e-01
1.446423530578613281e+00
-6.886911392211914062e-02
-6.991782039403915405e-02
2.087522298097610474e-01
1.540734618902206421e-02
-1.368706941604614258e+00
1.277150586247444153e-02
-4.803710281848907471e-01
-7.063286900520324707e-01
2.212109863758087158e-01
6.165092587471008301e-01
-6.624585986137390137e-01
-1.028249382972717285e+00
-9.595097601413726807e-02
4.095397591590881348e-01
-6.511692404747009277e-01
5.301820039749145508e-01
-1.412342429161071777e+00
7.368602752685546875e-01
-4.088443815708160400e-01
-5.530952811241149902e-01
1.999669224023818970e-01
1.883411258459091187e-01
-1.016104578971862793e+00
9.532651901245117188e-01
-7.711029797792434692e-02
-8.399724960327148438e-02
-5.342962220311164856e-02
4.230173304677009583e-02
-2.908096611499786377e-01
-3.894667625427246094e-01
1.997551172971725464e-01
9.300777316093444824e-01
-3.451607525348663330e-01
-5.998127534985542297e-02
2.687183022499084473e-01
-1.154567003250122070e+00
3.123996257781982422e-01
-5.295412540435791016e-01
3.238694369792938232e-01
4.197189807891845703e-01
-3.161737918853759766e-01
-3.439694270491600037e-02
3.392539024353027344e-01
-6.710621714591979980e-01
1.480506211519241333e-01
-1.141901612281799316e-01
-1.677622199058532715e-01
-2.180392593145370483e-01
-1.098708659410476685e-01
-1.964744031429290771e-01
5.140502452850341797e-01
2.202089689671993256e-02
-1.799779981374740601e-01
-2.415004223585128784e-01
8.024863153696060181e-02
3.990550041198730469e-01
-2.710499763488769531e-01
-1.661185324192047119e-01
-7.590676099061965942e-02
2.277682781219482422e+00
3.633437752723693848e-01
2.640622258186340332e-01
1.363274753093719482e-01
1.841809898614883423e-01
-3.698856234550476074e-01
-5.264654755592346191e-01
-4.647658765316009521e-01
-1.317480504512786865e-01
-7.313007712364196777e-01
-1.219615042209625244e-01
-9.854768961668014526e-02
-1.895180344581604004e-01
1.719440698623657227e+00
-9.944813698530197144e-02
-3.979692757129669189e-01
-4.120273888111114502e-01
1.997295916080474854e-01
4.394824504852294922e-01
-4.694957658648490906e-02
1.044658303260803223e+00
-3.201824724674224854e-01
-2.242436110973358154e-01
-1.842047423124313354e-01
-3.786788135766983032e-02
-9.847947210073471069e-02
-2.926196753978729248e-01
-1.393023490905761719e+00
5.938149094581604004e-01
-4.431061148643493652e-01
-2.618481516838073730e-01
6.948279738426208496e-01
7.460157275199890137e-01
-1.040166765451431274e-01
-3.318784236907958984e-01
4.130285978317260742e-01
-3.916414976119995117e-01
7.417830228805541992e-01
-4.389887750148773193e-01
5.947855114936828613e-01
3.077078461647033691e-01
-7.927310653030872345e-03
9.843435883522033691e-02
6.211826801300048828e-01
-5.483804345130920410e-01
-4.599938914179801941e-02
-7.939004898071289062e-02
-1.180462017655372620e-01
2.084022946655750275e-02
-9.732748568058013916e-02
-2.454187273979187012e-01
1.210372522473335266e-01
-4.870073753409087658e-04
-9.417042136192321777e-02
-1.394191663712263107e-02
3.187528848648071289e-01
3.929091393947601318e-01
-8.844423294067382812e-02
-4.090996086597442627e-01
2.241428196430206299e-01
-2.831327438354492188e+00
-1.018732488155364990e-01
-2.109234035015106201e-01
2.591094970703125000e-01
-2.245504707098007202e-01
-1.257122904062271118e-01
2.652097642421722412e-01
-3.947852849960327148e-01
3.162221312522888184e-01
-1.647938787937164307e-01
-1.955253034830093384e-01
4.355953037738800049e-01
-3.722387254238128662e-01
6.788049340248107910e-01
2.767298221588134766e-01
3.201845884323120117e-01
-4.860441386699676514e-01
5.692331194877624512e-01
-4.317242279648780823e-02
3.584776520729064941e-01
-2.397298336029052734e+00
-1.998096853494644165e-01
5.741399526596069336e-01
3.399080932140350342e-01
-1.686328202486038208e-01
7.286621332168579102e-01
-3.435766100883483887e-01
8.398132920265197754e-01
-4.974574446678161621e-01
-5.138351395726203918e-02
3.706713020801544189e-01
-1.681979149580001831e-01
3.871173262596130371e-01
-1.525973081588745117e+00
-3.030019104480743408e-01
-2.987175583839416504e-01
-2.492797188460826874e-02
-1.780145019292831421e-01
-3.871627151966094971e-02
-2.154523581266403198e-01
-9.376507997512817383e-02
1.498898416757583618e-01
-7.848479151725769043e-01
-2.460431307554244995e-01
3.109043836593627930e-01
4.096778929233551025e-01
-4.001908898353576660e-01
-1.423588246107101440e-01
6.818393617868423462e-02
-2.535648941993713379e-01
-3.923382461071014404e-01
3.489390015602111816e-01
4.078760147094726562e-01
7.311843037605285645e-01
-2.990804985165596008e-02
5.038865804672241211e-01
-6.831296086311340332e-01
3.968977630138397217e-01
-3.584930598735809326e-01
1.393180340528488159e-01
7.223528623580932617e-01
-1.907923370599746704e-01
-3.495235145092010498e-01
3.517721295356750488e-01
-3.621870279312133789e-01
-2.108907848596572876e-01
5.662567564286291599e-04
4.073228314518928528e-02
-4.071632921695709229e-01
1.937963813543319702e-02
3.501518666744232178e-01
-3.942946493625640869e-01
-2.853983044624328613e-01
1.967186778783798218e-01
-4.426637291908264160e-01
-2.027788013219833374e-01
7.804193496704101562e-01
-2.728130221366882324e-01
4.675670862197875977e-01
-5.061278492212295532e-02
-2.863160073757171631e-01
-1.300284415483474731e-01
-3.904662132263183594e-01
-1.086201295256614685e-01
3.794792890548706055e-01
-2.826284170150756836e-01
1.835756659507751465e+00
-2.324965596199035645e-01
-4.812799394130706787e-01
6.483532786369323730e-01
8.134735748171806335e-03
1.574351042509078979e-01
6.576412320137023926e-01
-1.766486316919326782e-01
-1.613737829029560089e-02
2.176511883735656738e-01
1.612049639225006104e-01
8.921784907579421997e-02
4.368262365460395813e-03
1.426110882312059402e-02
-1.158752515912055969e-01
-7.822285890579223633e-01
4.473278224468231201e-01
3.527967333793640137e-01
4.556152969598770142e-02
-3.618013262748718262e-01
2.538610100746154785e-01
-8.437691330909729004e-01
1.681800484657287598e-01
-3.569814562797546387e-01
-3.044206500053405762e-01
1.174257636070251465e+00
8.882360905408859253e-02
-1.751895695924758911e-01
-1.952899992465972900e-01
2.036287635564804077e-01
1.256712824106216431e-01
-6.688953191041946411e-02
-9.587158262729644775e-02
6.227608323097229004e-01
5.486981272697448730e-01
1.075425371527671814e-01
1.903916448354721069e-01
2.419044822454452515e-01
-4.153838008642196655e-02
-1.252368986606597900e-01
-1.444233417510986328e+00
-2.214064598083496094e-01
3.829759955406188965e-01
-2.062229365110397339e-01
-3.072107434272766113e-01
1.776206791400909424e-01
2.922312319278717041e-01
1.115573570132255554e-01
2.991099059581756592e-01
8.867635726928710938e-01
-3.948631882667541504e-01
7.003172487020492554e-02
-1.829079985618591309e-01
4.729633033275604248e-01
4.124572575092315674e-01
-1.099359244108200073e-01
5.262278318405151367e-01
5.687443017959594727e-01
-4.318716526031494141e-01
2.435388267040252686e-01
1.350423097610473633e-01
2.803965844213962555e-02
1.028526723384857178e-01
-3.317221105098724365e-01
-7.887681573629379272e-02
9.779907763004302979e-02
4.322992861270904541e-01
-8.903133869171142578e-02
9.234451055526733398e-01
3.461122512817382812e-01
3.832803368568420410e-01
-1.690326929092407227e-01
-2.466242462396621704e-01
1.568497419357299805e-01
5.771628022193908691e-01
-1.179580837488174438e-01
-3.637489676475524902e-01
-1.415880918502807617e-01
2.445293962955474854e-02
1.052159368991851807e-01
6.854268908500671387e-01
6.886296272277832031e-01
2.371139228343963623e-01
-9.004493802785873413e-02
-2.262582182884216309e-01
2.450735569000244141e-01
8.984071016311645508e-01
-1.580307781696319580e-01
6.135109439492225647e-02
1.515761017799377441e-01
-1.883284211158752441e+00
6.491127610206604004e-01
-2.632884681224822998e-02
1.971977204084396362e-01
3.907839059829711914e-01
-7.593597769737243652e-01
-7.675325125455856323e-02
5.677910447120666504e-01
-7.242658138275146484e-01
4.167608618736267090e-01
-3.993378579616546631e-01
-6.432015448808670044e-02
-8.194750547409057617e-02
1.616415381431579590e-01
-1.248428598046302795e-01
9.321919083595275879e-02
2.442712634801864624e-01
-4.557975828647613525e-01
3.167431950569152832e-01
1.566467285156250000e-01
-3.424402475357055664e-01
7.119657397270202637e-01
1.136677637696266174e-01
-3.890210762619972229e-02
-2.008135318756103516e-01
4.782847464084625244e-01
-3.057915568351745605e-01
2.223505675792694092e-01
2.620173692703247070e-01
4.368257820606231689e-01
1.381713151931762695e-01
-8.527243882417678833e-02
-1.836746215820312500e+00
-6.956872344017028809e-02
-5.065912604331970215e-01
3.030548095703125000e-01
1.765729039907455444e-01
6.850053369998931885e-02
-1.133010238409042358e-01
-3.632752224802970886e-03
1.684854552149772644e-02
6.941140443086624146e-02
-3.377771079540252686e-01
2.366776466369628906e-01
-5.222193598747253418e-01
2.538878023624420166e-01
-4.066659808158874512e-01
-5.983330011367797852e-01
2.518107295036315918e-01
3.262701928615570068e-01
4.977230448275804520e-03
2.555440962314605713e-01
3.968239426612854004e-01
3.063337504863739014e-01
-4.752807915210723877e-01
-3.333570957183837891e-01
-4.294535890221595764e-02
-3.727925196290016174e-02
-2.694357335567474365e-01
3.260564208030700684e-01
-4.387772679328918457e-01
1.161101907491683960e-01
7.469600439071655273e-01
-4.152694940567016602e-01
-3.457918763160705566e-02
-2.337961792945861816e-01
3.466250598430633545e-01
-3.838669955730438232e-01
-1.579048926942050457e-03
3.378676772117614746e-01
-7.263133525848388672e-01
-9.383226931095123291e-02
4.720453619956970215e-01
3.160204887390136719e-01
-1.620400398969650269e-01
2.796226646751165390e-03
4.428075551986694336e-01
-1.403842121362686157e-01
2.864896655082702637e-01
1.429340600967407227e+00
-1.504286408424377441e+00
2.436626404523849487e-01
1.216257140040397644e-01
-1.660865843296051025e-01
-5.347680449485778809e-01
1.070691645145416260e-01
-1.247059926390647888e-02
3.477113842964172363e-01
5.856713056564331055e-01
4.663353860378265381e-01
-1.124880313873291016e-01
1.970538944005966187e-01
1.821353435516357422e+00
-4.352950751781463623e-01
3.119114935398101807e-01
4.813531041145324707e-01
2.520565092563629150e-01
1.241553872823715210e-01
-3.921516537666320801e-01
7.720876485109329224e-02
1.340512156486511230e+00
-5.419002175331115723e-01
-3.309632837772369385e-01
1.670699566602706909e-01
6.819372773170471191e-01
1.610623449087142944e-01
-7.349149137735366821e-02
6.446356773376464844e-01
-3.821657299995422363e-01
-5.787876844406127930e-01
2.631306648254394531e-01
-2.159583717584609985e-01
-1.546916067600250244e-01
-4.719482958316802979e-01
3.843563795089721680e-01
-1.254899650812149048e-01
3.979351520538330078e-01
2.657484412193298340e-01
-1.637073904275894165e-01
-1.031386256217956543e+00
-2.773758888244628906e+00
-6.938687711954116821e-02
1.041226148605346680e+00
3.528329730033874512e-01
-9.297054260969161987e-02
-4.810479283332824707e-02
8.020853251218795776e-02
3.415413200855255127e-01
-1.074499487876892090e-01
-5.112628266215324402e-02
-1.388457119464874268e-01
-5.679888725280761719e-01
3.165733069181442261e-02
-3.827749788761138916e-01
3.079926967620849609e-01
3.360792100429534912e-01
-1.705600172281265259e-01
2.324315607547760010e-01
-1.230343878269195557e-01
2.958722412586212158e-01
7.675084471702575684e-02
2.120212018489837646e-01
1.378718137741088867e+00
-4.107881784439086914e-01
3.958128094673156738e-01
1.946397125720977783e-02
3.468120396137237549e-01
-1.670569926500320435e-02
4.251616299152374268e-01
-6.619594991207122803e-02
8.253359794616699219e-01
-4.585644900798797607e-01
1.819276452064514160e+00
4.036350548267364502e-02
4.545199871063232422e-01
-4.288837611675262451e-01
-2.064209431409835815e-01
3.272795975208282471e-01
-4.581569433212280273e-01
5.890766382217407227e-01
-3.995541855692863464e-02
-3.115117251873016357e-01
-8.443154394626617432e-02
-1.862030923366546631e-01
5.718177929520606995e-02
1.231243461370468140e-01
-2.829425334930419922e-01
4.091439843177795410e-01
2.950515449047088623e-01
2.591984905302524567e-02
-5.311031937599182129e-01
-7.641832828521728516e-01
1.959444433450698853e-01
-4.594441056251525879e-01
8.074460029602050781e-01
4.128258526325225830e-01
-2.342097461223602295e-01
-1.519451588392257690e-01
-3.724233061075210571e-02
-1.993381679058074951e-01
9.877425432205200195e-01
-3.347049951553344727e-01
-4.562518000602722168e-01
3.961925208568572998e-01
6.236616373062133789e-01
-8.173003792762756348e-02
2.251658290624618530e-01
-8.639774918556213379e-01
9.282385557889938354e-02
-3.911516070365905762e-01
-9.837671518325805664e-01
6.846503913402557373e-02
-9.263504296541213989e-02
2.885044366121292114e-02
1.108184307813644409e-01
-1.586310863494873047e-01
-7.974608540534973145e-01
-5.113931745290756226e-02
-1.658503860235214233e-01
-4.942235648632049561e-01
6.204349994659423828e-01
-6.801930814981460571e-02
-5.015923380851745605e-01
5.000717043876647949e-01
2.332209050655364990e-01
1.343362778425216675e-01
9.884005784988403320e-02
-7.825514674186706543e-01
-1.145323663949966431e-01
-4.707640111446380615e-01
5.887035131454467773e-01
-5.626804381608963013e-02
-7.118809223175048828e-01
-1.850917786359786987e-01
-7.381494641304016113e-01
8.005118370056152344e-02
-2.756691873073577881e-01
-1.152489408850669861e-01
3.862357512116432190e-02
-2.815970778465270996e-01
1.952850073575973511e-01
6.594359129667282104e-02
-9.853028692305088043e-03
5.816318988800048828e-01
-2.859815359115600586e-01
1.967172473669052124e-01
3.587317466735839844e-01
-5.038206577301025391e-01
5.114651471376419067e-02
5.811751633882522583e-02
3.239904642105102539e-01
-9.886170178651809692e-02
-8.018703758716583252e-02
-6.482244133949279785e-01
1.493829786777496338e-01
7.597936987876892090e-01
-3.514399528503417969e-01
3.714222833514213562e-02
-1.611786037683486938e-01
-2.016639411449432373e-01
1.044571518898010254e+00
-3.848725855350494385e-01
2.804118767380714417e-02
-6.311751604080200195e-01
3.053482174873352051e-01
3.048569150269031525e-02
-2.082948572933673859e-02
-6.661652326583862305e-01
-1.858654767274856567e-01
-2.332495301961898804e-01
6.820273995399475098e-01
1.783626973628997803e-01
4.327363073825836182e-01
-8.052745461463928223e-01
1.535314619541168213e-01
2.158750742673873901e-01
-7.376192808151245117e-01
5.163677781820297241e-02
-2.973425388336181641e-01
-9.551434516906738281e-01
8.989193439483642578e-01
-1.211270689964294434e-01
-1.340840816497802734e+00
5.276402235031127930e-01
1.541808396577835083e-01
1.865732222795486450e-01
1.692427694797515869e-01
1.047121211886405945e-01
-3.429472446441650391e-01
-1.291499137878417969e-01
9.501314163208007812e-01
-5.100214108824729919e-02
-5.556813478469848633e-01
2.616339623928070068e-01
-5.251828432083129883e-01
8.176658302545547485e-02
-1.587998270988464355e-01
-7.714015245437622070e-02
4.785966500639915466e-02
-7.506665587425231934e-01
1.009831190109252930e+00
-1.902723610401153564e-01
-5.801255702972412109e-01
5.738237500190734863e-01
6.427847594022750854e-02
-1.629789322614669800e-01
2.638280019164085388e-02
3.671427369117736816e-01
-1.371871531009674072e-01
-2.503019571304321289e-01
1.371965557336807251e-01
1.973412632942199707e-01
2.116415739059448242e+00
6.297881007194519043e-01
5.548035353422164917e-02
-4.097615182399749756e-01
-1.529598385095596313e-01
-1.344231143593788147e-02
4.027509316802024841e-02
-2.631576061248779297e-01
-2.784411311149597168e-01
3.757178485393524170e-01
1.296311318874359131e-01
-4.645122215151786804e-02
9.174457937479019165e-02
1.226286664605140686e-01
2.897319793701171875e-01
7.553569078445434570e-01
-1.349755972623825073e-01
9.169384837150573730e-03
-2.924457192420959473e-01
-4.484477266669273376e-02
-7.575271129608154297e-01
5.028710961341857910e-01
-2.326643317937850952e-01
3.851229846477508545e-01
1.203517079353332520e+00
-1.329220235347747803e-01
3.062859773635864258e-01
5.465433001518249512e-01
-6.151109337806701660e-01
2.301655709743499756e-01
8.920519948005676270e-01
-7.483586072921752930e-01
-3.066546320915222168e-01
-3.765846490859985352e-01
1.865204274654388428e-01
-2.482835501432418823e-01
1.706114858388900757e-01
4.299072623252868652e-01
-6.620902568101882935e-02
-1.783194392919540405e-01
7.447531223297119141e-01
1.322531104087829590e+00
6.314410269260406494e-02
-2.329081743955612183e-01
4.022448956966400146e-01
-1.035682439804077148e+00
6.303390860557556152e-01
5.878815650939941406e-01
3.168488144874572754e-01
7.637110948562622070e-01
-3.374131321907043457e-01
-1.412602216005325317e-01
-5.058283805847167969e-01
1.075040027499198914e-01
-1.758077144622802734e-01
2.733783125877380371e-01
4.267352521419525146e-01
5.746006369590759277e-01
-2.038270682096481323e-01
8.999754190444946289e-01
-2.928667962551116943e-01
3.948295712471008301e-01
3.495983183383941650e-01
-2.200951427221298218e-01
-1.327689588069915771e-01
2.718439698219299316e-01
6.782191991806030273e-02
3.004588186740875244e-01
2.814418375492095947e-01
4.290409013628959656e-02
4.064678847789764404e-01
-4.321242868900299072e-01
1.186730787158012390e-01
-3.488645851612091064e-01
-9.335706233978271484e-01
1.753102838993072510e-01
3.691392540931701660e-01
-3.767190873622894287e-02
-7.375708818435668945e-01
1.228309050202369690e-02
-7.742075920104980469e-01
-4.649007692933082581e-02
-1.011000722646713257e-01
5.738663077354431152e-01
5.228936672210693359e-01
-2.315095514059066772e-01
1.391906142234802246e-01
6.116813793778419495e-02
-2.942529320716857910e-01
2.750215828418731689e-01
-6.075577735900878906e-01
-6.738517880439758301e-01
-6.112836003303527832e-01
-9.162854403257369995e-02
-1.989631354808807373e-01
2.258230745792388916e-01
-3.919916450977325439e-01
1.114142984151840210e-01
4.863072037696838379e-01
2.279300242662429810e-01
1.324548721313476562e-01
1.953579187393188477e-01
-3.604299202561378479e-02
5.657913088798522949e-01
-1.174581170082092285e+00
2.222113609313964844e-01
-8.740571886301040649e-02
-6.829822063446044922e-01
5.148919224739074707e-01
-6.373523920774459839e-02
5.433827042579650879e-01
1.206004917621612549e-01
-1.239117383956909180e-01
-5.311026796698570251e-02
4.471741020679473877e-01
-1.674388796091079712e-01
-2.637943997979164124e-02
-2.145949006080627441e-01
3.373059034347534180e-01
-1.921784281730651855e-01
-5.237822532653808594e-01
-2.966007292270660400e-01
1.754657775163650513e-01
2.809977233409881592e-01
-1.636311709880828857e-01
4.332451522350311279e-01
-1.424208283424377441e-01
-3.315399587154388428e-01
3.510611057281494141e-01
-1.701907217502593994e-01
-1.341125130653381348e+00
1.615024060010910034e-01
1.510618925094604492e-01
-1.984295547008514404e-01
-9.450975656509399414e-01
-4.873670935630798340e-01
2.776262164115905762e-01
-2.671922147274017334e-01
1.179655909538269043e+00
-2.568980157375335693e-01
5.214180946350097656e-01
2.268843650817871094e-01
5.912742018699645996e-01
-6.004003286361694336e-01
3.300923388451337814e-03
1.527987420558929443e-01
1.856010854244232178e-01
-2.179160714149475098e-01
-1.544563770294189453e-01
-3.182292282581329346e-01
-1.739683449268341064e-01
4.918609932065010071e-02
-2.819927334785461426e-01
-8.647313341498374939e-03
2.949442863464355469e-01
3.209525942802429199e-01
-4.240130074322223663e-03
-2.577300667762756348e-01
6.733055412769317627e-02
-4.970225393772125244e-01
1.550490856170654297e-01
-3.115231990814208984e-01
-4.297621548175811768e-01
3.810942173004150391e-01
-3.399198353290557861e-01
-2.518775761127471924e-01
-3.444203436374664307e-01
2.528370618820190430e-01
3.297981321811676025e-01
2.900534868240356445e-01
1.242064833641052246e-01
7.558229565620422363e-01
2.091394038870930672e-03
1.051964014768600464e-01
-7.054270505905151367e-01
-7.335095852613449097e-02
-5.978577733039855957e-01
1.994849890470504761e-01
-1.440701186656951904e-01
-2.206822484731674194e-01
3.090926110744476318e-01
-2.346217483282089233e-01
-3.997263312339782715e-01
3.335949778556823730e-01
-4.597977697849273682e-01
-3.763358294963836670e-02
6.520166993141174316e-01
5.014973878860473633e-01
2.852199673652648926e-01
3.572728633880615234e-01
1.511901319026947021e-01
2.876600325107574463e-01
-1.136332470923662186e-02
3.620121181011199951e-01
-6.611816287040710449e-01
1.292519271373748779e-01
-1.434039771556854248e-01
5.123476982116699219e-01
1.822219640016555786e-01
-2.827865481376647949e-01
-9.959248900413513184e-01
1.361282765865325928e-01
-5.236213207244873047e-01
1.073705196380615234e+00
8.294685184955596924e-02
-3.941104561090469360e-02
1.099843144416809082e+00
-1.468213200569152832e-01
1.184555664658546448e-01
-3.239122927188873291e-01
9.761204570531845093e-02
-1.339396089315414429e-01
-1.264319121837615967e-01
2.971900403499603271e-01
2.639016509056091309e-01
1.076005622744560242e-01
1.723460555076599121e-01
1.889823004603385925e-02
-1.381044685840606689e-01
-2.401142716407775879e-01
1.641285181045532227e+00
-5.257692337036132812e-01
-4.604853391647338867e-01
4.247748851776123047e-01
-1.211763471364974976e-01
-1.010381877422332764e-01
-4.667248427867889404e-01
2.347964346408843994e-01
1.012866050004959106e-01
-1.520510576665401459e-02
3.393880128860473633e-01
7.668783515691757202e-02
4.437619447708129883e-01
-8.821201324462890625e-02
-4.015720784664154053e-01
-3.566887378692626953e-01
-9.563228487968444824e-02
-1.157363876700401306e-01
1.652762740850448608e-01
7.760277390480041504e-01
4.660386443138122559e-01
-2.266239374876022339e-01
-2.996056377887725830e-01
9.172276407480239868e-02
-2.989739775657653809e-01
-1.813842803239822388e-01
-1.448377847671508789e+00
2.432964742183685303e-01
1.401027441024780273e-01
1.143465712666511536e-01
-1.799193769693374634e-02
-3.411564230918884277e-01
1.414053440093994141e+00
-3.215701133012771606e-02
5.238626599311828613e-01
5.167164281010627747e-02
1.352265030145645142e-01
7.902307510375976562e-01
-7.094261050224304199e-02
-4.245750978589057922e-02
3.881114423274993896e-01
-6.461411714553833008e-02
4.306420683860778809e-01
-4.821635484695434570e-01
-5.944816470146179199e-01
3.310067206621170044e-02
-5.003603100776672363e-01
-5.299688577651977539e-01
-4.505309164524078369e-01
2.470242232084274292e-01
-1.678704023361206055e-01
-1.883600503206253052e-01
-2.715427875518798828e-01
1.653549224138259888e-01
-6.074844300746917725e-02
6.492635011672973633e-01
1.879311800003051758e-01
5.700596421957015991e-02
-3.442323952913284302e-02
-4.603945463895797729e-02
3.356543779373168945e-01
-1.242232561111450195e+00
-7.834582030773162842e-02
9.658538550138473511e-02
2.820368409156799316e-01
-3.518271744251251221e-01
-1.393665671348571777e+00
-3.517637848854064941e-01
-9.779074462130665779e-04
-1.053201630711555481e-01
-1.268041431903839111e-01
-1.914637535810470581e-01
5.644972622394561768e-02
-3.061287403106689453e-01
1.053256392478942871e+00
1.537245512008666992e-01
2.816534340381622314e-01
2.105596363544464111e-01
4.137256145477294922e-01
6.245557665824890137e-01
2.908307611942291260e-01
3.433545529842376709e-01
-9.263665229082107544e-02
-2.524336874485015869e-01
3.847871422767639160e-01
1.376421302556991577e-01
-3.999263644218444824e-01
-5.917165055871009827e-02
-8.767183125019073486e-02
-1.529658883810043335e-01
9.307444095611572266e-02
-7.984265685081481934e-01
-2.449879646301269531e-01
-6.168613433837890625e-01
3.424287736415863037e-01
-2.030774056911468506e-01
4.281673580408096313e-03
-4.638918042182922363e-01
-1.255284547805786133e-01
1.261406838893890381e-01
-5.102515816688537598e-01
-4.007211327552795410e-01
-5.431572441011667252e-03
1.210864633321762085e-01
-1.032359525561332703e-01
-3.817307054996490479e-01
4.838201701641082764e-01
3.260925412178039551e-01
5.161546915769577026e-02
-8.285689949989318848e-01
-9.406746178865432739e-02
4.987889528274536133e-01
1.223241537809371948e-01
2.471587210893630981e-01
-3.631637692451477051e-01
1.822571307420730591e-01
-2.553295493125915527e-01
1.656849086284637451e-01
2.440080195665359497e-01
5.604394674301147461e-01
-1.264297485351562500e+00
-4.748579263687133789e-01
-4.221232235431671143e-02
-2.979609668254852295e-01
-1.159983873367309570e-01
-2.088524699211120605e-01
-3.269371017813682556e-02
8.194948546588420868e-03
-6.421585381031036377e-02
-1.434653401374816895e+00
-1.657409518957138062e-01
1.313072070479393005e-02
9.065068960189819336e-01
7.069147825241088867e-01
-5.639990568161010742e-01
3.198626637458801270e-02
2.632793784141540527e-02
4.613486826419830322e-01
2.531916797161102295e-01
-3.162365034222602844e-02
2.416134774684906006e-01
-1.654552370309829712e-01
-2.074813395738601685e-01
8.257186412811279297e-01
8.511590212583541870e-02
3.104379773139953613e-01
2.456301748752593994e-01
1.782240122556686401e-01
3.482264876365661621e-01
-5.231368541717529297e-01
-2.146198414266109467e-02
-1.853731572628021240e-01
-2.956980764865875244e-01
9.453551173210144043e-01
4.499232769012451172e-01
-5.728647708892822266e-01
-4.183678925037384033e-01
5.132712423801422119e-02
2.031491994857788086e-01
3.360337913036346436e-01
6.065695881843566895e-01
1.047625184059143066e+00
1.687238961458206177e-01
-1.158199667930603027e+00
4.829404933843761683e-04
1.221639215946197510e-01
-1.734485477209091187e-01
-2.783080749213695526e-02
-8.380910009145736694e-02
-2.051901221275329590e-01
-2.397249191999435425e-01
-3.319441676139831543e-01
-6.569719314575195312e-01
2.218170166015625000e-01
7.563726305961608887e-01
9.448970668017864227e-03
4.308379292488098145e-01
1.387072205543518066e-01
-1.223242133855819702e-01
1.836935430765151978e-02
-2.767890505492687225e-02
-5.333553254604339600e-02
-7.401525974273681641e-01
4.515951126813888550e-02
-4.236929118633270264e-03
-1.030519008636474609e-01
9.170255810022354126e-02
1.580518245697021484e+00
7.289111614227294922e-01
5.047966241836547852e-01
5.904766917228698730e-01
8.227137327194213867e-01
4.703086316585540771e-01
-1.284159898757934570e+00
1.117146611213684082e-01
-1.769604682922363281e-01
-2.341768890619277954e-01
-1.798440366983413696e-01
1.703826338052749634e-01
4.071736335754394531e-01
6.108269095420837402e-02
1.960878446698188782e-02
-5.796924233436584473e-02
1.745920926332473755e-01
-4.542762041091918945e-01
1.154542565345764160e-01
-1.118125393986701965e-01
3.074827790260314941e-01
-1.152168437838554382e-01
6.328086853027343750e-01
2.634973526000976562e-01
-7.996837496757507324e-01
7.823369503021240234e-01
-1.163729801774024963e-01
-4.121512770652770996e-01
-6.728300452232360840e-02
4.815047681331634521e-01
1.351524293422698975e-01
3.788636028766632080e-01
-1.080553412437438965e+00
9.257596731185913086e-01
2.635476887226104736e-01
5.297833681106567383e-02
-3.697561323642730713e-01
-3.510125279426574707e-01
1.186843141913414001e-01
-6.389235258102416992e-01
1.342205051332712173e-02
-1.052782833576202393e-01
1.106864213943481445e+00
-3.877569735050201416e-01
5.448202490806579590e-01
1.276940852403640747e-01
-1.534991431981325150e-02
1.480447530746459961e+00
7.833049297332763672e-01
-9.744615852832794189e-02
7.173080444335937500e-01
-3.629072010517120361e-02
-1.488533616065979004e-01
8.866141438484191895e-01
-4.837997853755950928e-01
-1.479355990886688232e-01
-5.717375874519348145e-01
2.003077566623687744e-01
3.127986490726470947e-01
-8.181816339492797852e-01
-1.379434913396835327e-01
-9.504054486751556396e-02
9.783867597579956055e-01
-6.134512647986412048e-02
-9.782763570547103882e-02
6.512558460235595703e-01
-1.088743060827255249e-01
-5.019723176956176758e-01
2.402245551347732544e-01
2.226878404617309570e-01
2.961458563804626465e-01
-1.543792188167572021e-01
-1.972250454127788544e-02
-4.809044301509857178e-01
-7.928076386451721191e-02
-4.617433845996856689e-01
8.077743053436279297e-01
1.364629417657852173e-01
-3.272187709808349609e-01
8.356649279594421387e-01
9.080069512128829956e-02
-6.657785922288894653e-02
-1.123770713806152344e+00
4.965566098690032959e-01
1.715763807296752930e-01
-4.045845270156860352e-01
-3.386110439896583557e-02
1.131399199366569519e-01
-1.752405464649200439e-01
1.325266212224960327e-01
-2.190789580345153809e-01
4.141404852271080017e-02
2.324020862579345703e-01
-2.567664682865142822e-01
4.864943027496337891e-01
-1.276732087135314941e-01
3.364102840423583984e-01
1.874881088733673096e-01
2.921580672264099121e-01
5.221861004829406738e-01
-9.677384048700332642e-03
3.901146054267883301e-01
-9.216078519821166992e-01
-7.525897584855556488e-03
-1.193550154566764832e-01
-3.246713876724243164e-01
-9.605666249990463257e-02
-3.472614586353302002e-01
-3.733855783939361572e-01
1.427570730447769165e-01
-2.482257485389709473e-01
-6.005859375000000000e-01
-2.205956876277923584e-01
4.665723815560340881e-02
-2.326371371746063232e-01
-2.304229438304901123e-01
5.208781361579895020e-01
-1.361143290996551514e-01
2.095305770635604858e-01
4.362097382545471191e-01
1.949796229600906372e-01
3.469226360321044922e-01
-7.605836987495422363e-01
5.888830423355102539e-01
-8.804232478141784668e-01
5.837109088897705078e-01
-1.840696483850479126e-01
-2.846446037292480469e-01
-6.099455356597900391e-01
4.120944738388061523e-01
4.144098162651062012e-01
1.467225700616836548e-01
-4.300544261932373047e-01
-1.262400746345520020e-01
7.487280368804931641e-01
2.742173671722412109e-01
-3.770978450775146484e-01
1.299566775560379028e-01
5.666458234190940857e-02
7.718447595834732056e-02
-1.509964615106582642e-01
-1.022694259881973267e-01
-1.205289810895919800e-01
-2.523013353347778320e-01
-4.731149375438690186e-01
-2.859677970409393311e-01
1.450569033622741699e-01
2.261744439601898193e-01
-1.019148603081703186e-01
-1.669940799474716187e-01
-6.009246706962585449e-01
2.806528508663177490e-01
6.617885828018188477e-02
-6.266887485980987549e-02
-7.516634464263916016e-02
-2.050538957118988037e-01
-4.001953601837158203e-01
-2.385209351778030396e-01
6.282758116722106934e-01
1.562653928995132446e-01
2.312454283237457275e-01
-4.860037192702293396e-02
-2.547712251543998718e-02
-5.413246527314186096e-02
2.412597388029098511e-01
-6.297867894172668457e-01
-1.056511178612709045e-01
4.644623994827270508e-01
2.095030397176742554e-01
-1.275371164083480835e-01
9.856344014406204224e-02
-1.902324706315994263e-01
4.068396613001823425e-02
-2.268585562705993652e-01
2.120290249586105347e-01
-4.205195605754852295e-01
-7.252005934715270996e-01
-4.741438627243041992e-01
1.183031722903251648e-01
-5.640853643417358398e-01
8.747339844703674316e-01
-4.400785565376281738e-01
-3.424995839595794678e-01
1.340169906616210938e-01
2.161954157054424286e-02
-6.885335780680179596e-03
1.035192728042602539e+00
2.652605473995208740e-01
3.245807886123657227e-01
-2.848136723041534424e-01
4.228797852993011475e-01
-2.666357532143592834e-02
1.573067903518676758e+00
-3.252894580364227295e-01
-7.882080674171447754e-01
3.953136131167411804e-02
1.882365047931671143e-01
4.734205901622772217e-01
-6.962915509939193726e-02
6.027103066444396973e-01
4.279211759567260742e-01
-4.085997045040130615e-01
-4.060525074601173401e-02
-1.931307017803192139e-01
2.390398681163787842e-01
-3.097314834594726562e-01
-1.241036783903837204e-02
-3.372883200645446777e-01
6.660841405391693115e-02
3.442747890949249268e-01
-7.241113483905792236e-02
9.348087012767791748e-03
-3.495839834213256836e-01
-2.413812428712844849e-01
9.307022392749786377e-02
1.087838649749755859e+00
-2.501006722450256348e-01
5.683667063713073730e-01
-1.355655670166015625e+00
-1.527590453624725342e-01
-8.280655145645141602e-01
3.469025194644927979e-01
1.336580753326416016e+00
4.308982789516448975e-01
1.121260762214660645e+00
1.217594623565673828e+00
2.519944906234741211e-01
-3.835767507553100586e-01
-7.736217975616455078e-01
3.816397488117218018e-01
1.179150104522705078e+00
1.429054141044616699e+00
5.493271946907043457e-01
-2.450052052736282349e-01
1.974338740110397339e-01
-1.089489340782165527e+00
