6.669272184371948242e-01
-3.110336065292358398e-01
-1.972625553607940674e-01
3.530825674533843994e-02
-7.798555493354797363e-01
6.076765656471252441e-01
-1.243953406810760498e-01
1.682775318622589111e-01
4.369336068630218506e-01
-1.114728093147277832e+00
1.669904030859470367e-02
2.281201183795928955e-01
1.759463697671890259e-01
-3.173686563968658447e-01
-9.897012263536453247e-02
-9.430320858955383301e-01
-6.893169879913330078e-02
1.040380820631980896e-01
3.562221527099609375e-01
8.247557878494262695e-01
-3.109977580606937408e-02
-1.362138986587524414e+00
4.396822676062583923e-02
-6.948098540306091309e-01
-8.036879822611808777e-03
-6.216850876808166504e-01
2.066657841205596924e-01
9.837701916694641113e-01
-6.006147861480712891e-01
5.823993682861328125e-01
-2.191541716456413269e-02
1.825893521308898926e-01
4.681597054004669189e-01
-3.610497117042541504e-01
-4.264202415943145752e-01
-8.758436441421508789e-01
6.837565898895263672e-01
6.061148643493652344e-01
6.445974111557006836e-01
1.078771278262138367e-01
1.033415079116821289e+00
-9.425836801528930664e-01
7.831447124481201172e-01
-3.767727017402648926e-01
-4.136350452899932861e-01
5.521492362022399902e-01
-7.483186721801757812e-01
8.644831180572509766e-01
-4.881320595741271973e-01
1.768617480993270874e-01
-3.041662871837615967e-01
-2.092904895544052124e-01
6.370408535003662109e-01
-8.896341323852539062e-01
1.211213588714599609e+00
-3.003549203276634216e-02
1.425151377916336060e-01
-7.176830768585205078e-01
1.273370862007141113e+00
6.820143461227416992e-01
3.206534683704376221e-01
-2.598990201950073242e-01
-1.390354186296463013e-01
1.032540723681449890e-01
1.846918910741806030e-01
1.507679522037506104e-01
1.490882337093353271e-01
6.788212060928344727e-01
-1.969885081052780151e-01
-6.228120923042297363e-01
1.880967617034912109e-01
-6.758427619934082031e-02
1.196378394961357117e-01
-7.606741189956665039e-01
-5.606839433312416077e-02
1.366468220949172974e-01
4.199767410755157471e-01
1.178574264049530029e-01
1.388529986143112183e-01
5.671367049217224121e-01
-1.877057999372482300e-01
-1.987574100494384766e-01
-2.207971215248107910e-01
-3.937623202800750732e-01
7.063911557197570801e-01
-2.713100314140319824e-01
-7.456249743700027466e-02
3.842760324478149414e-01
-1.028684675693511963e-01
-3.570775091648101807e-01
8.428997397422790527e-01
2.704778909683227539e-01
1.680091172456741333e-01
-2.114586830139160156e-01
-2.550596296787261963e-01
-2.714347243309020996e-01
2.485145628452301025e-01
5.967042446136474609e-01
-3.417780697345733643e-01
-2.734919190406799316e-01
-1.873846501111984253e-01
1.757435649633407593e-01
4.085722863674163818e-01
2.011802941560745239e-01
-3.664316833019256592e-01
-1.288253068923950195e-01
3.119676113128662109e-01
4.578494932502508163e-03
1.072574499994516373e-02
1.117995940148830414e-02
-1.791175641119480133e-02
4.423074796795845032e-02
2.893211543560028076e-01
1.485504806041717529e-01
1.293623149394989014e-01
1.753841340541839600e-01
-2.387626618146896362e-01
2.887020111083984375e-01
-4.674889445304870605e-01
-6.702105998992919922e-01
-1.858787536621093750e-01
2.817244529724121094e-01
1.188457608222961426e-01
-1.037066951394081116e-01
2.742633521556854248e-01
-3.026929199695587158e-01
3.435168415307998657e-02
-7.225509732961654663e-02
3.700849115848541260e-01
-1.910838931798934937e-01
1.543276160955429077e-01
2.367365360260009766e-01
-9.404302388429641724e-02
-1.438882201910018921e-01
-9.607688337564468384e-02
1.539400313049554825e-02
-2.145365029573440552e-01
2.933013737201690674e-01
-4.000078514218330383e-02
-3.195122182369232178e-01
-1.145389676094055176e+00
7.804415225982666016e-01
-1.668554991483688354e-01
1.492282271385192871e+00
3.985014855861663818e-01
-2.451004087924957275e-01
1.095053032040596008e-01
-9.606027603149414062e-01
5.037604570388793945e-01
6.465675830841064453e-01
1.485367715358734131e-01
1.958435922861099243e-01
-8.855661153793334961e-01
9.883116483688354492e-01
-3.231860995292663574e-01
2.606703341007232666e-01
-1.415498137474060059e+00
-1.955642402172088623e-01
-4.414166510105133057e-02
-4.922812283039093018e-01
2.374888956546783447e-01
-4.313380718231201172e-01
3.336324095726013184e-01
-2.307130694389343262e-01
-6.451053619384765625e-01
4.618376493453979492e-01
-4.479981064796447754e-01
5.186837911605834961e-01
-6.945279240608215332e-01
-6.875205785036087036e-02
-5.559693574905395508e-01
-4.464187026023864746e-01
4.878149628639221191e-01
-5.761724710464477539e-01
5.544711351394653320e-01
5.812145471572875977e-01
4.228879213333129883e-01
-3.682006001472473145e-01
2.333353310823440552e-01
4.954648017883300781e-01
-2.552419602870941162e-01
-1.717572100460529327e-02
-8.337566256523132324e-01
-2.875941693782806396e-01
3.441603481769561768e-02
8.285141736268997192e-02
7.039378881454467773e-01
-3.536831215023994446e-02
-1.882711425423622131e-02
4.747139215469360352e-01
-2.620638720691204071e-02
-1.049961447715759277e-01
3.844049572944641113e-02
1.676318794488906860e-01
-4.815445542335510254e-01
-6.077767014503479004e-01
7.583782076835632324e-01
1.100982725620269775e-02
1.328837871551513672e-01
-1.060228869318962097e-01
3.424715995788574219e-01
-4.661850333213806152e-01
4.473123550415039062e-01
-5.898644402623176575e-02
5.293761938810348511e-02
2.643383741378784180e-01
-3.089964091777801514e-01
4.418030381202697754e-01
-1.707546412944793701e-01
-1.008254215121269226e-01
-9.567054361104965210e-02
-6.434390693902969360e-02
1.065755933523178101e-01
-4.880878627300262451e-01
4.469465911388397217e-01
3.855669200420379639e-01
-1.826946288347244263e-01
-3.740275502204895020e-01
2.153389602899551392e-01
2.271181792020797729e-01
-5.197805762290954590e-01
3.774131536483764648e-01
-2.191109955310821533e-01
-9.776665270328521729e-02
-4.358056485652923584e-01
-3.373360633850097656e-01
9.710710495710372925e-02
-2.227843701839447021e-01
1.091755330562591553e-01
8.454520106315612793e-01
-7.109869718551635742e-01
-4.264799058437347412e-01
5.511973798274993896e-02
5.556925535202026367e-01
-2.304397076368331909e-01
2.635538578033447266e-01
-2.322496175765991211e-01
-1.203553006052970886e-01
-8.037763833999633789e-02
-1.677517406642436981e-02
2.541052699089050293e-01
-4.192660450935363770e-01
-2.538742683827877045e-02
-7.999828457832336426e-02
-3.896978124976158142e-02
2.883612513542175293e-01
-4.482212364673614502e-01
-5.834751203656196594e-02
-4.497123956680297852e-01
4.992608129978179932e-01
1.328991055488586426e-01
1.590537428855895996e-01
2.693921327590942383e-01
1.616296321153640747e-01
3.402174711227416992e-01
-5.336886644363403320e-02
-1.471740454435348511e-01
-2.810580432415008545e-01
4.910395145416259766e-01
3.270348906517028809e-01
7.363383769989013672e-01
-2.631052136421203613e-01
-1.482106000185012817e-01
-7.065190672874450684e-01
-4.823585450649261475e-01
6.826534867286682129e-02
-1.699138581752777100e-01
5.777595043182373047e-01
-1.204041168093681335e-01
2.042098939418792725e-01
-5.052207112312316895e-01
-1.446563601493835449e-01
4.911824762821197510e-01
-4.742708802223205566e-01
-1.124598532915115356e-01
-1.480970345437526703e-02
4.704729616641998291e-01
-3.438169956207275391e-01
3.202538192272186279e-01
3.712892532348632812e-01
1.307926476001739502e-01
3.629058599472045898e-01
2.144787311553955078e-01
3.374250829219818115e-01
-3.228275105357170105e-03
-6.679546236991882324e-01
1.205120682716369629e-01
5.402187705039978027e-01
3.563854098320007324e-01
-3.995805680751800537e-01
1.110629811882972717e-01
2.377642393112182617e-01
8.098661154508590698e-02
-3.729500770568847656e-01
-7.420814782381057739e-02
-2.440164983272552490e-01
2.165762148797512054e-02
5.756705999374389648e-01
-9.090695381164550781e-01
1.693176925182342529e-01
8.178351074457168579e-02
-7.757208310067653656e-03
4.866982400417327881e-01
-5.099392533302307129e-01
-1.135684996843338013e-01
-2.999703586101531982e-01
-3.634996116161346436e-01
9.566355347633361816e-01
-9.877430647611618042e-02
-1.975263655185699463e-02
-5.848955735564231873e-02
5.882411822676658630e-02
1.413209557533264160e+00
-8.740556240081787109e-01
8.248935937881469727e-01
-2.972713410854339600e-01
4.745146632194519043e-01
2.070921808481216431e-01
5.692572798579931259e-03
1.511519551277160645e-01
-2.662658989429473877e-01
2.335582971572875977e-01
1.478361934423446655e-01
8.762902021408081055e-02
-2.934610545635223389e-01
-1.784203797578811646e-01
-1.694128662347793579e-01
2.152416855096817017e-01
3.877076134085655212e-02
-2.905870079994201660e-01
1.109949685633182526e-02
5.302488431334495544e-02
3.151723444461822510e-01
-1.736573129892349243e-01
5.832253396511077881e-02
-2.097785025835037231e-01
-7.600321173667907715e-01
-4.932343587279319763e-02
-2.434171922504901886e-02
-3.648725748062133789e-01
3.593282103538513184e-01
-3.795143663883209229e-01
-1.383196711540222168e-01
8.238429576158523560e-02
4.872565343976020813e-02
2.891587913036346436e-01
-2.121596038341522217e-01
-3.523744642734527588e-01
-2.499364018440246582e-01
1.067620277404785156e+00
-6.625666022300720215e-01
-6.135197281837463379e-01
1.697309687733650208e-02
4.458196759223937988e-01
2.914860546588897705e-01
6.344986557960510254e-01
1.235342741012573242e+00
-1.495098710060119629e+00
1.039224386215209961e+00
9.859924912452697754e-01
3.136889636516571045e-01
-6.259865760803222656e-01
4.653559923171997070e-01
1.749771088361740112e-02
7.123313844203948975e-02
4.216958880424499512e-01
-4.063898921012878418e-01
1.632587164640426636e-01
-2.305448800325393677e-01
8.033469319343566895e-02
-3.349349200725555420e-01
-3.996820747852325439e-02
1.891529411077499390e-01
-2.786586284637451172e-01
5.030188560485839844e-01
8.069998025894165039e-02
-2.066999971866607666e-01
-3.388424515724182129e-01
6.082879900932312012e-01
3.727750480175018311e-01
-3.381687104701995850e-01
1.360807660967111588e-02
-3.381436765193939209e-01
-1.588359475135803223e-02
2.171699702739715576e-01
-2.579115033149719238e-01
4.075132608413696289e-01
2.348599284887313843e-01
1.198166757822036743e-01
-6.592386364936828613e-01
3.756528198719024658e-01
5.047329068183898926e-01
-1.631555557250976562e-01
-6.108556985855102539e-01
-1.836578249931335449e-01
-3.626599013805389404e-01
-1.131825894117355347e-01
6.456139683723449707e-01
-2.059116363525390625e-01
-2.289448529481887817e-01
2.154973596334457397e-01
-2.535663247108459473e-01
-2.342842705547809601e-02
-2.057830542325973511e-01
2.656985521316528320e-01
-1.598690301179885864e-01
-1.874310895800590515e-02
3.804730474948883057e-01
3.360412418842315674e-01
-6.787349581718444824e-01
3.210268318653106689e-01
2.306612133979797363e-01
-1.229689866304397583e-01
-7.891414761543273926e-01
3.577572852373123169e-02
1.961488462984561920e-02
1.750099360942840576e-01
4.829054772853851318e-01
-1.141940578818321228e-01
2.548292875289916992e-01
3.433879315853118896e-01
-2.038930207490921021e-01
3.978132903575897217e-01
-2.578307688236236572e-02
1.412449479103088379e-01
6.934872269630432129e-01
-4.462697803974151611e-01
-1.392257660627365112e-01
-2.414151132106781006e-01
8.168159723281860352e-01
9.704979509115219116e-02
-2.725736796855926514e-01
2.874990999698638916e-01
1.724285483360290527e-01
4.957408010959625244e-01
6.597559154033660889e-02
1.205805018544197083e-01
-3.873642981052398682e-01
8.250393867492675781e-01
3.957119882106781006e-01
-3.058312237262725830e-01
4.422328770160675049e-01
-4.102202355861663818e-01
7.522761076688766479e-02
5.915317535400390625e-01
-2.436462491750717163e-01
2.689404040575027466e-02
1.188201978802680969e-01
6.627963739447295666e-04
-1.105904936790466309e+00
1.072000861167907715e+00
6.696430444717407227e-01
1.176770329475402832e-01
-3.429307341575622559e-01
6.253419071435928345e-02
-3.169876933097839355e-01
8.420307934284210205e-02
2.884816229343414307e-01
-9.401696734130382538e-03
-1.480462998151779175e-01
3.902632892131805420e-01
-2.570239901542663574e-01
2.601645886898040771e-01
-3.535874485969543457e-01
-4.812669754028320312e-01
8.539807200431823730e-01
-3.908790647983551025e-01
3.856915235519409180e-01
9.009070694446563721e-02
4.950414299964904785e-01
1.507022231817245483e-01
-4.094226658344268799e-01
3.048197925090789795e-01
2.225966304540634155e-01
4.677501022815704346e-01
8.194842338562011719e-01
-6.334550380706787109e-01
-2.139970846474170685e-02
5.847217440605163574e-01
-3.777061998844146729e-01
-1.073889881372451782e-01
-9.034443497657775879e-01
-9.639660269021987915e-02
-1.961396187543869019e-01
-2.525062859058380127e-01
4.030961096286773682e-01
-9.388666152954101562e-01
5.970054268836975098e-01
4.114804863929748535e-01
2.532464742660522461e+00
-4.183091521263122559e-01
-2.787038087844848633e-01
4.331540763378143311e-01
3.997988998889923096e-01
7.361573576927185059e-01
6.903690099716186523e-01
-9.081953763961791992e-01
-5.288294553756713867e-01
8.952770233154296875e-01
-4.608444273471832275e-01
-3.325893282890319824e-01
-2.717691659927368164e-01
-2.255361825227737427e-01
-2.872543931007385254e-01
-2.525466978549957275e-01
2.359595894813537598e-02
-2.835503593087196350e-02
-1.082948446273803711e-01
3.634591996669769287e-01
-7.575147151947021484e-01
-6.899547576904296875e-02
-1.742766618728637695e+00
-6.424866318702697754e-01
5.346302408725023270e-03
9.238771349191665649e-02
-7.603674530982971191e-01
-2.331911772489547729e-01
2.226509004831314087e-01
-1.159144267439842224e-01
-8.903776109218597412e-02
-4.042047560214996338e-01
-9.224243462085723877e-02
-1.254668712615966797e+00
-1.621950268745422363e-01
5.502934381365776062e-02
-2.012958973646163940e-01
1.689581423997879028e-01
-1.070260815322399139e-02
-2.172643691301345825e-01
-1.245347503572702408e-02
3.119086325168609619e-01
-2.152574807405471802e-01
-7.089236974716186523e-01
-1.136473536491394043e+00
-1.575858443975448608e-01
-2.905698418617248535e-01
1.711763590574264526e-01
4.149016737937927246e-02
-3.041124045848846436e-01
2.606282830238342285e-01
1.216151416301727295e-01
-5.330136418342590332e-01
-5.979490652680397034e-02
-7.805935740470886230e-01
-1.164501905441284180e+00
4.275172650814056396e-01
-4.528624415397644043e-01
4.570654034614562988e-01
1.831876486539840698e-01
2.635296881198883057e-01
-1.459403038024902344e-01
-5.346146225929260254e-01
3.321036696434020996e-01
1.468499898910522461e-01
2.875502407550811768e-01
3.470021188259124756e-01
-1.443164199590682983e-01
8.847672492265701294e-02
1.566748917102813721e-01
-7.023200392723083496e-01
-2.038415074348449707e-01
-2.332574278116226196e-01
6.386272609233856201e-02
-6.456999778747558594e-01
-4.530410170555114746e-01
1.428810805082321167e-01
-3.522874116897583008e-01
9.436886012554168701e-02
-1.028315126895904541e-01
-2.488726079463958740e-01
-1.310927122831344604e-01
-6.865246295928955078e-01
7.709576189517974854e-02
-7.161316275596618652e-02
1.837828606367111206e-01
1.323622614145278931e-01
-2.568577527999877930e-01
2.285838127136230469e-02
3.764472603797912598e-01
-1.173365637660026550e-01
5.346660017967224121e-01
-1.328858360648155212e-02
6.223201155662536621e-01
8.405092954635620117e-01
-3.868625313043594360e-02
-1.150694712996482849e-01
-1.725525707006454468e-01
1.267680972814559937e-01
-2.342533618211746216e-01
2.024632096290588379e-01
1.399881392717361450e-01
7.481565475463867188e-01
8.416778445243835449e-01
2.442319393157958984e-01
-6.602189037948846817e-03
2.569638788700103760e-01
6.393352895975112915e-02
5.831729173660278320e-01
2.343616075813770294e-02
2.178832888603210449e-01
-7.265270948410034180e-01
-6.608712021261453629e-03
1.426417946815490723e+00
3.133955597877502441e-01
5.918185785412788391e-02
-2.312369048595428467e-01
1.217353865504264832e-01
1.730576604604721069e-01
-6.013393774628639221e-02
1.392527073621749878e-01
-6.558167934417724609e-01
3.347607553005218506e-01
-1.466140151023864746e-02
1.923394352197647095e-01
1.461562328040599823e-02
2.371322810649871826e-01
1.551248133182525635e-01
-2.452638447284698486e-01
1.869039684534072876e-01
1.315354108810424805e-01
3.135225176811218262e-02
-5.164336562156677246e-01
2.067866325378417969e+00
-7.164171338081359863e-02
-3.182268142700195312e-02
4.452958703041076660e-01
5.827726796269416809e-02
3.965633213520050049e-01
2.164772450923919678e-01
1.869087666273117065e-01
-9.336305409669876099e-02
-4.233314990997314453e-01
5.343824028968811035e-01
-4.768875241279602051e-01
1.683762371540069580e-01
1.769664883613586426e-01
-2.367356866598129272e-01
-8.126198053359985352e-01
-2.348744124174118042e-02
-5.467070341110229492e-01
5.740128159523010254e-01
2.087937146425247192e-01
-9.872981905937194824e-02
5.372735857963562012e-01
-6.683862209320068359e-02
1.339290738105773926e-01
-8.326202630996704102e-02
1.807498782873153687e-01
-3.770617544651031494e-01
-1.539341360330581665e-01
1.300601214170455933e-01
2.679157257080078125e-01
-2.179143279790878296e-01
-2.066469192504882812e-01
-2.142112106084823608e-01
-1.598671823740005493e-01
7.515209913253784180e-02
1.063283562660217285e+00
-1.033941656351089478e-01
1.719311624765396118e-01
6.921402364969253540e-02
-1.236719414591789246e-01
1.320093125104904175e-01
-7.625026702880859375e-01
-9.623979926109313965e-01
3.318100869655609131e-01
-3.323587477207183838e-01
3.376488983631134033e-01
2.326177656650543213e-01
4.394466578960418701e-01
-3.340734541416168213e-02
8.961790055036544800e-02
3.867382705211639404e-01
4.048273861408233643e-01
7.754650115966796875e-01
5.206366777420043945e-01
-8.210977911949157715e-01
2.342891991138458252e-01
7.730838656425476074e-01
-6.288650631904602051e-01
3.290836513042449951e-01
1.182963132858276367e+00
-2.114541083574295044e-01
2.187491655349731445e-01
1.360788643360137939e-01
-3.443255722522735596e-01
7.859649509191513062e-02
-2.324062138795852661e-01
-4.594478905200958252e-01
-2.054032683372497559e-01
3.111340105533599854e-01
4.795276522636413574e-01
-2.269219160079956055e-01
6.594387348741292953e-03
-3.418121337890625000e-01
-4.085795283317565918e-01
6.052764654159545898e-01
3.509501814842224121e-01
-1.522077172994613647e-01
1.347659707069396973e+00
-1.795487850904464722e-01
-1.083404183387756348e+00
-1.080944463610649109e-01
-3.477771580219268799e-01
-1.146603226661682129e+00
7.011307477951049805e-01
-4.370169043540954590e-01
7.884966135025024414e-01
3.095612227916717529e-01
1.739851534366607666e-01
-3.153260648250579834e-01
-2.003078907728195190e-01
3.092161118984222412e-01
4.686321318149566650e-01
4.898375868797302246e-01
5.254375934600830078e-01
-6.606848239898681641e-01
4.160666465759277344e-02
5.909096002578735352e-01
-1.017300367355346680e+00
8.845328092575073242e-01
-1.130900681018829346e-01
-6.828524917364120483e-02
-2.913690507411956787e-01
-2.336030751466751099e-01
3.726210892200469971e-01
-2.177496999502182007e-01
9.551481902599334717e-02
-3.432676568627357483e-02
-6.287880539894104004e-01
1.571880578994750977e-01
-5.630720034241676331e-02
3.441946208477020264e-01
2.680340707302093506e-01
2.804689407348632812e-01
1.630470901727676392e-01
1.902044862508773804e-01
8.652778863906860352e-01
2.333386093378067017e-01
-2.194167375564575195e-01
1.665033996105194092e-01
6.721233129501342773e-01
-7.548953592777252197e-02
3.161482810974121094e-01
-8.336156010627746582e-01
-1.751348078250885010e-01
1.220519766211509705e-01
-1.570266783237457275e-01
-5.266561508178710938e-01
-2.397726029157638550e-01
6.186664700508117676e-01
3.170345723628997803e-01
-1.380757093429565430e-01
-6.013345122337341309e-01
-1.019895911216735840e+00
-1.694327294826507568e-01
9.423545002937316895e-01
4.528673291206359863e-01
-6.226954460144042969e-01
8.124472498893737793e-01
-6.034629344940185547e-01
-2.487917095422744751e-01
8.873096704483032227e-01
-1.684492890490218997e-04
-2.115178853273391724e-01
1.010581254959106445e-01
-2.070887386798858643e-01
1.480156630277633667e-01
-2.976441681385040283e-01
-9.780693799257278442e-02
-4.865890443325042725e-01
1.156961396336555481e-01
8.472491800785064697e-02
1.790203303098678589e-01
1.664075106382369995e-01
8.209405094385147095e-02
7.676108181476593018e-02
-3.846728801727294922e-01
-1.129389703273773193e-01
-7.438021153211593628e-02
-4.589879512786865234e-01
-8.596880733966827393e-02
4.311170279979705811e-01
-6.482303887605667114e-02
-9.288518428802490234e-01
4.489287361502647400e-02
-4.745359420776367188e-01
6.818533688783645630e-02
3.461737036705017090e-01
-7.091834396123886108e-02
-5.366886854171752930e-01
-6.603376567363739014e-02
2.712637484073638916e-01
8.542513847351074219e-01
5.898572802543640137e-01
3.294182717800140381e-01
-3.150160610675811768e-01
7.904266007244586945e-03
2.834841310977935791e-01
-1.565480083227157593e-01
3.819005489349365234e-01
1.546909093856811523e+00
-3.807700574398040771e-01
5.449740886688232422e-01
1.978620700538158417e-02
-1.310193836688995361e-01
-7.863283902406692505e-02
6.046421825885772705e-02
-4.890092015266418457e-01
1.847257278859615326e-02
3.402561545372009277e-01
3.488661050796508789e-01
-4.868799075484275818e-02
2.837941423058509827e-02
-6.636094450950622559e-01
-6.119394674897193909e-02
8.318859934806823730e-01
4.405437409877777100e-01
-1.908405572175979614e-01
1.079119920730590820e+00
-2.014106750488281250e+00
1.825287044048309326e-01
1.439069956541061401e-01
-2.866681292653083801e-02
-5.513790622353553772e-02
-1.406585723161697388e-01
-3.790555149316787720e-02
-6.849090754985809326e-02
5.924766063690185547e-01
3.024771213531494141e-01
-8.903633058071136475e-02
-6.204189732670783997e-02
9.692278504371643066e-02
-2.829569578170776367e-01
2.107704430818557739e-01
-1.023124828934669495e-01
-2.106482684612274170e-01
-7.708932757377624512e-01
1.461293399333953857e-01
-2.383097261190414429e-01
5.018510818481445312e-01
2.743087410926818848e-01
-1.051306962966918945e+00
1.658944040536880493e-01
1.656929612159729004e+00
-4.324364960193634033e-01
1.801977306604385376e-01
-1.720446348190307617e-01
1.739984452724456787e-01
3.440140187740325928e-01
6.034943461418151855e-01
-8.003900758922100067e-03
-2.123223803937435150e-02
-6.599618792533874512e-01
-3.743241131305694580e-01
-1.588754951953887939e-01
-1.538376212120056152e-01
-9.361006319522857666e-02
-3.880215287208557129e-01
-2.808931656181812286e-02
-1.141366586089134216e-01
3.923144191503524780e-02
7.828767299652099609e-01
7.349389195442199707e-01
8.356984704732894897e-02
-7.526973634958267212e-02
-3.846687823534011841e-02
-3.336047530174255371e-01
-1.366858929395675659e-01
2.152207940816879272e-01
-9.482684135437011719e-01
3.350331187248229980e-01
6.298875808715820312e-01
1.747277751564979553e-02
-3.043155670166015625e-01
-2.221859805285930634e-02
3.682281374931335449e-01
3.090753555297851562e-01
-3.534707129001617432e-01
4.369945731014013290e-03
6.797013282775878906e-01
-2.191527336835861206e-01
1.816329197026789188e-03
5.480897426605224609e-01
4.832240939140319824e-01
-1.369517445564270020e-01
1.701710820198059082e-01
3.589862287044525146e-01
8.988926419988274574e-04
5.010868906974792480e-01
-1.403059158474206924e-02
8.774220943450927734e-01
4.415100514888763428e-01
-2.436191886663436890e-01
5.368545278906822205e-02
1.619795858860015869e-01
-2.986176311969757080e-01
1.192764863371849060e-01
-5.224936008453369141e-01
-3.443738445639610291e-02
7.667518407106399536e-02
4.924299716949462891e-01
-9.611115604639053345e-02
-7.612964510917663574e-02
5.458641052246093750e-01
-1.357163906097412109e+00
-3.244104981422424316e-01
-1.476851478219032288e-02
-5.181950926780700684e-01
4.424095749855041504e-01
-1.088530421257019043e-01
2.141978144645690918e-01
2.712065577507019043e-01
-8.892060816287994385e-02
-1.077794656157493591e-01
2.973006069660186768e-01
-6.808790843933820724e-03
2.311284095048904419e-01
-7.598628103733062744e-02
-6.939943432807922363e-01
1.371145844459533691e-01
1.034240573644638062e-01
-4.823788106441497803e-01
5.265878438949584961e-01
6.645504236221313477e-01
-5.432102680206298828e-01
1.500020921230316162e-01
4.247787892818450928e-01
-1.830068677663803101e-01
8.160184025764465332e-01
-2.653725445270538330e-01
6.247294694185256958e-02
1.508450806140899658e-01
3.343551978468894958e-02
1.116647943854331970e-01
5.913215875625610352e-01
-2.098855189979076385e-02
-2.822765111923217773e-01
-2.066605091094970703e-01
4.776095598936080933e-02
2.939910814166069031e-02
5.169336199760437012e-01
7.183185778558254242e-03
1.648328453302383423e-01
3.360746204853057861e-01
-3.612017631530761719e-01
-3.354673981666564941e-01
7.248334586620330811e-02
-2.529839277267456055e-01
3.287361860275268555e-01
2.652928531169891357e-01
-1.689444929361343384e-01
-6.687084436416625977e-01
6.044448912143707275e-02
-9.549705684185028076e-02
1.106170099228620529e-02
1.428975164890289307e-01
1.383122086524963379e+00
-1.821411550045013428e-01
-1.338341832160949707e+00
-7.627591490745544434e-01
-2.675352692604064941e-01
9.925514459609985352e-02
-4.573616981506347656e-01
-3.829607069492340088e-01
3.173823058605194092e-01
7.029119879007339478e-02
-3.100669085979461670e-01
3.624898195266723633e-01
-4.590471982955932617e-01
4.530926644802093506e-01
-4.409011900424957275e-01
-3.397156596183776855e-01
3.713664710521697998e-01
6.006049364805221558e-02
-5.014326572418212891e-01
2.950319647789001465e-01
1.914235949516296387e-01
3.613496422767639160e-01
-7.354564219713211060e-02
9.405171871185302734e-02
6.705431733280420303e-03
-1.235503107309341431e-01
3.013778030872344971e-01
-5.845535919070243835e-02
-8.594045788049697876e-02
-5.670468807220458984e-01
4.563705325126647949e-01
-2.000112235546112061e-01
-1.819755584001541138e-01
-2.588374912738800049e-01
4.493433237075805664e-01
1.740295290946960449e+00
-2.417102456092834473e-01
1.473746448755264282e-01
3.171983063220977783e-01
-9.128500521183013916e-02
-1.263306498527526855e+00
-9.907636791467666626e-02
-5.157019495964050293e-01
-3.690941333770751953e-01
1.373018417507410049e-02
3.436196744441986084e-01
-3.249578177928924561e-01
-8.284924626350402832e-01
-3.116706609725952148e-01
5.384917929768562317e-02
-3.973392844200134277e-01
5.472927689552307129e-01
-1.111860632896423340e+00
4.426214993000030518e-01
-7.132349908351898193e-02
-1.645326316356658936e-01
6.766526103019714355e-01
-3.786686658859252930e-01
-7.143324613571166992e-01
7.100887298583984375e-01
-1.143480911850929260e-01
4.013218581676483154e-01
-3.569921255111694336e-01
2.692604251205921173e-02
1.856022328138351440e-01
1.728693842887878418e-01
1.843937337398529053e-01
5.434848070144653320e-01
-4.474633336067199707e-01
-5.431529879570007324e-02
-6.483581662178039551e-01
-9.593198299407958984e-01
3.623925745487213135e-01
-6.893203854560852051e-01
3.084846735000610352e-01
6.711755990982055664e-01
-5.366548299789428711e-01
1.383512169122695923e-01
1.138731557875871658e-02
-2.013029813766479492e+00
-1.879989504814147949e-01
-5.581387877464294434e-01
-1.176886558532714844e-01
-2.056345194578170776e-01
-1.595452129840850830e-01
-5.243220329284667969e-01
5.265889167785644531e-01
8.545150607824325562e-02
-1.808227300643920898e-01
3.118243813514709473e-01
8.991199731826782227e-02
3.891028165817260742e-01
-2.577112913131713867e-01
-1.783099174499511719e-01
-6.349112093448638916e-02
2.189105272293090820e+00
3.375261127948760986e-01
5.378977656364440918e-01
1.559501439332962036e-01
1.742362231016159058e-01
-3.560899198055267334e-01
-5.789958238601684570e-01
-4.415874183177947998e-02
-1.147125065326690674e-01
-7.659791707992553711e-01
-9.989083558320999146e-02
-8.155339211225509644e-02
-3.350823372602462769e-02
1.742018818855285645e+00
1.224718019366264343e-01
-3.679779171943664551e-01
-3.793399333953857422e-01
2.119927108287811279e-01
4.372806251049041748e-01
-2.995464205741882324e-02
1.032529115676879883e+00
-1.422707438468933105e-01
-4.419858455657958984e-01
-1.648237109184265137e-01
-3.539472818374633789e-02
-1.333298087120056152e-01
-2.039638757705688477e-01
-1.605647325515747070e+00
4.605271816253662109e-01
-2.217294126749038696e-01
-1.104377210140228271e-01
5.616030097007751465e-01
6.921950578689575195e-01
3.282379359006881714e-02
-2.354654371738433838e-01
1.798207163810729980e-01
-3.694855868816375732e-01
6.258994340896606445e-01
-3.119067847728729248e-01
4.614848494529724121e-01
2.560555636882781982e-01
-2.820933461189270020e-01
2.081446647644042969e-01
4.886601567268371582e-01
-4.390651285648345947e-01
-2.927513122558593750e-01
-4.301945269107818604e-01
4.966917447745800018e-03
3.679850324988365173e-02
8.359106630086898804e-02
-3.033184111118316650e-01
1.371122002601623535e-01
-1.030770614743232727e-01
9.011981636285781860e-02
3.533246368169784546e-02
3.535190224647521973e-01
5.405215620994567871e-01
-4.591540247201919556e-02
-4.422716200351715088e-01
2.401235699653625488e-01
-2.726697683334350586e+00
9.216193854808807373e-02
-7.395099103450775146e-02
2.710460126399993896e-01
-2.701797783374786377e-01
1.791113615036010742e-01
1.539206225425004959e-02
-3.550537228584289551e-01
2.907628715038299561e-01
8.831420540809631348e-02
-1.157022044062614441e-01
4.102019965648651123e-01
2.226301878690719604e-01
-9.276918321847915649e-02
2.182024568319320679e-01
2.789532244205474854e-01
-7.172753214836120605e-01
5.404185056686401367e-01
-1.176409609615802765e-02
3.330313861370086670e-01
-2.420827627182006836e+00
-3.879616260528564453e-01
4.256891608238220215e-01
3.162670731544494629e-01
-1.524776369333267212e-01
7.814499735832214355e-01
-2.673362195491790771e-01
4.328412413597106934e-01
-5.824682712554931641e-01
2.114173918962478638e-01
5.457637310028076172e-01
-2.532041072845458984e-01
-2.227666787803173065e-02
-1.160791158676147461e+00
-2.710556387901306152e-01
-4.424391984939575195e-01
4.798565059900283813e-03
-2.697933912277221680e-01
1.428895741701126099e-01
-3.003943860530853271e-01
-3.662439063191413879e-02
-4.087512567639350891e-02
-6.707287430763244629e-01
-3.352091014385223389e-01
4.527329802513122559e-01
2.065092623233795166e-01
-1.651897430419921875e-01
-3.970895707607269287e-02
-3.400261998176574707e-01
-1.492801215499639511e-02
-1.421006768941879272e-01
-5.945411697030067444e-02
-9.811837226152420044e-03
9.167948961257934570e-01
5.214420557022094727e-01
1.338250935077667236e-01
-6.701600551605224609e-01
-5.521573591977357864e-03
-1.298687607049942017e-02
-2.690574824810028076e-01
2.243444323539733887e-01
-3.724443614482879639e-01
8.708357214927673340e-01
-3.690269961953163147e-02
-1.521113961935043335e-01
-3.535102009773254395e-01
-9.085987508296966553e-02
5.571029186248779297e-01
-1.637806892395019531e-01
4.371775388717651367e-01
5.209184065461158752e-02
-1.491136550903320312e-01
-4.446906596422195435e-02
1.360455304384231567e-01
-7.616122364997863770e-01
1.033148691058158875e-01
-2.311145961284637451e-01
4.896990209817886353e-02
2.443536520004272461e-01
1.942225396633148193e-01
-7.137484848499298096e-02
-3.959929347038269043e-01
-1.200686693191528320e+00
1.323736906051635742e-01
-9.038652479648590088e-02
-1.158351451158523560e-01
1.184497117996215820e+00
-7.515451312065124512e-01
-3.321379423141479492e-01
3.132448196411132812e-01
-1.542017906904220581e-01
3.065791726112365723e-01
1.065336585044860840e+00
-4.682651162147521973e-01
-1.715824753046035767e-01
2.804623544216156006e-01
-1.777804642915725708e-01
2.393893599510192871e-01
-1.872120946645736694e-01
1.634195744991302490e-01
7.876433432102203369e-03
-2.981274724006652832e-01
4.327275156974792480e-01
5.118271112442016602e-01
-5.818482860922813416e-02
-1.466216593980789185e-01
-1.057405620813369751e-01
-5.193088054656982422e-01
-1.139947623014450073e-01
1.033696234226226807e-01
-2.109178006649017334e-01
8.919984698295593262e-01
-9.965066611766815186e-02
-7.770032286643981934e-01
2.658902406692504883e-01
-2.966439425945281982e-01
8.947244882583618164e-01
-3.571848571300506592e-01
2.193062603473663330e-01
3.407538831233978271e-01
2.775363624095916748e-01
2.989938259124755859e-01
4.592304229736328125e-01
-5.938312038779258728e-02
2.286428958177566528e-01
-1.248810589313507080e-01
-1.036341309547424316e+00
2.970246076583862305e-01
3.714072704315185547e-01
-9.471504390239715576e-02
-7.681524008512496948e-02
1.657959818840026855e-01
2.601360678672790527e-01
1.683062463998794556e-01
3.164719343185424805e-01
1.013782620429992676e+00
-2.685399353504180908e-01
6.471638381481170654e-02
-1.368996649980545044e-01
4.613002538681030273e-01
3.966415822505950928e-01
-3.707505762577056885e-01
6.006728410720825195e-01
4.351098537445068359e-01
-4.073069393634796143e-01
7.765193283557891846e-02
-1.268969383090734482e-02
2.050106227397918701e-01
1.284699141979217529e-01
-4.515146315097808838e-01
2.242599874734878540e-01
1.234654039144515991e-01
-1.355390995740890503e-02
8.240945637226104736e-02
3.491253256797790527e-01
2.140872478485107422e-01
4.785735607147216797e-01
-1.443471610546112061e-01
-1.867924034595489502e-01
1.824465990066528320e-01
4.546507596969604492e-01
2.965416312217712402e-01
-6.426086425781250000e-01
-1.561861634254455566e-01
1.657939702272415161e-01
-1.758338809013366699e-01
5.814342498779296875e-01
2.780879139900207520e-01
3.619504868984222412e-01
-1.379646807909011841e-01
-7.892758399248123169e-02
3.688150644302368164e-01
4.454923272132873535e-01
3.957563042640686035e-01
-1.647004112601280212e-02
2.454608529806137085e-01
-6.029303073883056641e-01
7.005025148391723633e-01
-1.320271641016006470e-01
3.213366568088531494e-01
5.839247107505798340e-01
-1.028209924697875977e+00
1.286529153585433960e-01
6.844082474708557129e-01
-6.318452954292297363e-01
-2.589322328567504883e-01
-4.897274971008300781e-01
-1.972030252218246460e-01
-3.758635744452476501e-02
2.500270307064056396e-01
-1.349319610744714737e-02
-2.133076488971710205e-01
3.505620658397674561e-01
-1.183122694492340088e-01
3.014062345027923584e-01
1.690519154071807861e-01
-3.254424035549163818e-01
5.788187384605407715e-01
1.296290904283523560e-01
-6.435293704271316528e-02
-2.857047915458679199e-01
6.988964974880218506e-02
-6.096150353550910950e-02
3.715127110481262207e-01
-2.012861706316471100e-02
4.253000020980834961e-01
1.637841314077377319e-01
3.890940919518470764e-02
-1.584254741668701172e+00
-5.698388814926147461e-02
9.657928347587585449e-02
4.150326251983642578e-01
4.814163744449615479e-01
-1.481522060930728912e-02
-1.177156344056129456e-02
7.914903014898300171e-02
4.201840162277221680e-01
1.528562456369400024e-01
2.147826999425888062e-01
-2.334400452673435211e-02
-6.781288385391235352e-01
5.455807447433471680e-01
-7.900071740150451660e-01
-5.693941712379455566e-01
2.262041866779327393e-01
4.047257602214813232e-01
-2.062525004148483276e-01
3.474375307559967041e-01
-1.258507221937179565e-01
1.251381188631057739e-01
-5.612772703170776367e-01
-5.349211394786834717e-02
1.106399819254875183e-01
-5.743835121393203735e-02
-2.448820769786834717e-01
3.242802023887634277e-01
-7.054266929626464844e-01
1.363349407911300659e-01
6.095403432846069336e-01
-5.235167741775512695e-01
-1.629125177860260010e-01
-5.221090912818908691e-01
4.520528018474578857e-01
-8.282976597547531128e-02
-8.161968737840652466e-02
3.695898950099945068e-01
3.007979393005371094e-01
-8.112917840480804443e-02
6.924268007278442383e-01
2.550535500049591064e-01
-1.456347405910491943e-01
2.496380731463432312e-02
4.809615015983581543e-01
-1.470691263675689697e-01
2.941592931747436523e-01
1.646295785903930664e+00
-1.506828427314758301e+00
2.503800988197326660e-01
6.997036188840866089e-02
-1.974543482065200806e-01
-5.204579830169677734e-01
6.777846068143844604e-02
1.081241946667432785e-02
3.438607752323150635e-01
5.793603062629699707e-01
4.731457233428955078e-01
1.115843560546636581e-02
2.059526145458221436e-01
2.028713226318359375e+00
-2.131860256195068359e-01
-1.460841596126556396e-01
7.202871143817901611e-02
-1.923176497220993042e-01
8.075206726789474487e-02
-4.182771444320678711e-01
6.751491129398345947e-02
1.198933482170104980e+00
-4.986990094184875488e-01
-1.343713551759719849e-01
-1.301283016800880432e-02
3.819638788700103760e-01
7.572508454322814941e-01
5.944315195083618164e-01
2.054512500762939453e-01
-3.597238659858703613e-01
-5.432706475257873535e-01
-6.037949770689010620e-02
-2.494056969881057739e-01
-2.660366892814636230e-01
-3.763907849788665771e-01
-1.208935156464576721e-01
-1.241939961910247803e-01
1.088600382208824158e-01
1.462891250848770142e-01
-5.218770354986190796e-02
-5.485068559646606445e-01
-2.460375308990478516e+00
5.011098459362983704e-02
1.157572418451309204e-01
2.319959849119186401e-01
-3.090157210826873779e-01
-4.538202658295631409e-03
-6.011403724551200867e-02
-2.590630054473876953e-01
-6.047334894537925720e-02
6.814979761838912964e-02
5.967035293579101562e-01
-4.608479440212249756e-01
-4.199134185910224915e-02
-3.567926585674285889e-02
1.314892172813415527e-01
2.177335768938064575e-01
3.707494586706161499e-02
2.236238420009613037e-01
-1.548673659563064575e-01
2.956609725952148438e-01
4.140944778919219971e-01
2.206645905971527100e-01
1.019772648811340332e+00
-2.753081917762756348e-01
7.144764810800552368e-02
-7.154355198144912720e-02
3.736030757427215576e-01
-2.425630092620849609e-01
2.113265991210937500e-01
-5.143301561474800110e-02
4.150861203670501709e-01
-4.821797311305999756e-01
1.560198307037353516e+00
3.242184221744537354e-01
4.499324858188629150e-01
-5.468477010726928711e-01
4.657638072967529297e-02
1.513172388076782227e-01
-2.442548274993896484e-01
7.033623456954956055e-01
4.582323431968688965e-01
-1.355181187391281128e-01
-4.520337283611297607e-02
2.406077273190021515e-02
-1.022751107811927795e-01
1.701001822948455811e-02
-1.474315673112869263e-01
6.087771654129028320e-01
3.359367847442626953e-01
1.689534783363342285e-01
-2.271066457033157349e-01
-5.323612689971923828e-01
1.884092837572097778e-01
-3.161545842885971069e-02
5.968810915946960449e-01
-5.782118067145347595e-02
-3.095242679119110107e-01
-1.702493131160736084e-01
-1.473446469753980637e-02
-3.091618120670318604e-01
1.143370628356933594e+00
-3.163966536521911621e-01
-3.275404870510101318e-01
5.564391016960144043e-01
3.836565911769866943e-01
-2.259337604045867920e-01
5.219969749450683594e-01
3.216717019677162170e-02
-1.687854975461959839e-01
-3.700637519359588623e-01
-3.947677910327911377e-01
9.257848560810089111e-02
-1.672387868165969849e-01
9.615495800971984863e-02
2.332244217395782471e-01
-2.087550461292266846e-01
-2.976890802383422852e-01
-8.599520474672317505e-02
-1.473561823368072510e-01
-3.087809979915618896e-01
6.301584243774414062e-01
-3.320901468396186829e-02
-6.037410497665405273e-01
3.206300139427185059e-01
1.559658497571945190e-01
-2.712814211845397949e-01
3.562520742416381836e-01
-1.232059895992279053e-01
-3.460852429270744324e-02
-4.330859482288360596e-01
8.124811053276062012e-01
-3.634843602776527405e-02
-8.948038518428802490e-02
-8.866972476243972778e-02
-7.313570976257324219e-01
4.934475943446159363e-02
-1.515218615531921387e-01
-1.456931512802839279e-02
5.125843919813632965e-03
-3.681027889251708984e-01
3.018897175788879395e-01
-3.461959585547447205e-02
1.361407637596130371e-01
6.936995387077331543e-01
-1.423852443695068359e-01
7.463375926017761230e-01
-8.529537171125411987e-02
-1.949558258056640625e-01
-2.591772470623254776e-03
-2.830141782760620117e-02
-1.467816531658172607e-01
-3.364638611674308777e-02
-2.140128612518310547e-01
-2.446428984403610229e-01
-1.470814738422632217e-02
6.644512712955474854e-02
-4.736233949661254883e-01
1.794891655445098877e-01
-2.963016033172607422e-01
-8.988578915596008301e-01
8.943794369697570801e-01
-5.273616909980773926e-01
1.317236945033073425e-02
3.201925754547119141e-01
3.537301719188690186e-01
1.525345630943775177e-02
-5.530842021107673645e-02
-1.861644089221954346e-01
-2.779186367988586426e-01
-3.755536973476409912e-01
-2.003753334283828735e-01
4.227738827466964722e-02
-2.321771718561649323e-02
-2.237396389245986938e-01
-3.968502581119537354e-01
-1.841385215520858765e-01
-5.396489500999450684e-01
8.407343178987503052e-02
-3.268148303031921387e-01
-9.817122817039489746e-01
8.073551058769226074e-01
-1.535612493753433228e-01
-1.488415002822875977e+00
2.420756071805953979e-01
2.488216608762741089e-01
2.436850219964981079e-01
3.444063365459442139e-01
-9.115429967641830444e-02
-7.095479369163513184e-01
-1.593675613403320312e-01
-1.659794002771377563e-01
-8.399173617362976074e-02
-1.810588091611862183e-01
-2.484293282032012939e-02
1.996566504240036011e-01
2.769941389560699463e-01
-1.054585099220275879e+00
-8.294903673231601715e-03
-1.574743539094924927e-02
-8.278936147689819336e-01
4.338241219520568848e-01
-2.592489421367645264e-01
-1.253444552421569824e-01
4.499839246273040771e-01
9.574582427740097046e-02
-1.058270931243896484e-01
-1.704910099506378174e-01
5.053400993347167969e-02
-1.474269032478332520e-01
-3.306718766689300537e-01
2.468113601207733154e-01
1.361880749464035034e-01
4.171310663223266602e-01
5.404427051544189453e-01
-7.627490907907485962e-02
-5.552473068237304688e-01
1.393569707870483398e-01
-4.183249920606613159e-02
1.333637237548828125e-01
-2.384898513555526733e-01
-1.507754772901535034e-01
4.040247499942779541e-01
-2.011820860207080841e-02
-1.830876469612121582e-01
1.083243936300277710e-01
9.538149833679199219e-02
4.696441814303398132e-02
5.267161130905151367e-01
-1.098474189639091492e-01
3.658233210444450378e-02
-1.588935106992721558e-01
4.263116419315338135e-02
-7.892025113105773926e-01
-1.307249814271926880e-01
-6.188153624534606934e-01
5.498833656311035156e-01
7.357169389724731445e-01
-6.845981627702713013e-02
2.565269768238067627e-01
4.086875617504119873e-01
-1.267138242721557617e+00
1.655426770448684692e-01
8.407765626907348633e-01
-4.537889659404754639e-01
-2.811679840087890625e-01
-1.699537783861160278e-01
-1.742143929004669189e-01
-2.904524803161621094e-01
-4.249159619212150574e-02
3.652627766132354736e-01
5.244905352592468262e-01
-2.439737617969512939e-01
-2.140103876590728760e-01
1.092176437377929688e+00
-9.991139769554138184e-01
-2.065644040703773499e-02
-4.466336667537689209e-01
-6.060019731521606445e-01
2.375352829694747925e-01
1.419820934534072876e-01
-9.971752166748046875e-01
3.338737785816192627e-01
9.678988456726074219e-01
-6.471285820007324219e-01
3.800096362829208374e-02
1.131589934229850769e-01
9.327587485313415527e-02
1.677545905113220215e-01
8.447549492120742798e-02
1.142113208770751953e-01
-3.783665001392364502e-01
4.423512220382690430e-01
-4.535679817199707031e-01
2.187306284904479980e-01
-2.961729280650615692e-02
1.620833016932010651e-02
1.115973219275474548e-01
1.420464813709259033e-01
7.326242327690124512e-02
3.943892419338226318e-01
1.830585479736328125e+00
1.726621687412261963e-01
-3.698047101497650146e-01
-4.079487621784210205e-01
-6.441844999790191650e-02
-8.402857929468154907e-02
-5.088198184967041016e-01
7.944037765264511108e-02
5.280073285102844238e-01
8.919134736061096191e-02
-3.810915350914001465e-02
-1.504380553960800171e-01
-4.883677363395690918e-01
6.924685239791870117e-01
-6.012888625264167786e-03
5.251745134592056274e-02
3.833811879158020020e-01
-6.112596392631530762e-01
5.469245910644531250e-01
4.018018543720245361e-01
-5.653588101267814636e-02
6.550125479698181152e-01
-1.584389209747314453e-01
-2.898635268211364746e-01
-6.355188488960266113e-01
1.735148280858993530e-01
-4.642168581485748291e-01
3.535427153110504150e-01
1.185060199350118637e-02
5.131469964981079102e-01
-7.087537646293640137e-01
6.533479690551757812e-01
4.766677320003509521e-01
1.647866517305374146e-01
5.670102834701538086e-01
5.429790616035461426e-01
-7.414839267730712891e-01
2.996222674846649170e-01
-1.304577887058258057e-01
-9.109512567520141602e-01
-4.405148327350616455e-01
-1.411090493202209473e-01
6.700241565704345703e-01
3.684512078762054443e-01
2.011956274509429932e-01
-5.624145269393920898e-01
7.358231544494628906e-01
7.118230313062667847e-02
-1.832894533872604370e-01
-2.914880514144897461e-01
-1.128719970583915710e-01
-1.001811698079109192e-01
-3.230150043964385986e-01
-7.234624773263931274e-02
2.837930992245674133e-02
5.321902688592672348e-03
1.039455682039260864e-01
3.307723999023437500e-01
-5.990019068121910095e-02
-2.238881736993789673e-01
-2.867947891354560852e-02
-6.772960722446441650e-02
-1.315389871597290039e+00
-7.563287508673965931e-04
2.797675728797912598e-01
-2.829093933105468750e-01
-9.551506042480468750e-01
-2.605829238891601562e-01
3.587801456451416016e-01
-1.616809070110321045e-01
-7.477796077728271484e-02
-1.618974059820175171e-01
6.048247814178466797e-01
2.470983862876892090e-01
5.979182720184326172e-01
-5.569339394569396973e-01
1.227750107645988464e-01
1.614503711462020874e-01
3.614167869091033936e-01
-1.996226906776428223e-01
-1.196676865220069885e-01
-4.189789295196533203e-01
-3.162813484668731689e-01
1.674851402640342712e-02
-3.509327471256256104e-01
1.971517130732536316e-02
2.303116023540496826e-01
-1.086392700672149658e-01
1.255897432565689087e-01
1.222981736063957214e-01
-1.008969452232122421e-02
-3.945961892604827881e-01
2.043281793594360352e-01
-1.436546891927719116e-01
-5.647525787353515625e-01
6.311066746711730957e-01
-2.165811657905578613e-01
1.841543591581285000e-03
-6.565276980400085449e-01
2.936836183071136475e-01
4.436043202877044678e-01
3.905557990074157715e-01
2.017149776220321655e-01
6.845917701721191406e-01
5.168110132217407227e-01
-4.109361022710800171e-02
-1.031090244650840759e-01
1.135487556457519531e-01
-4.575014412403106689e-01
1.058189570903778076e-01
-7.269621640443801880e-02
1.356954723596572876e-01
3.341269791126251221e-01
-4.264499843120574951e-01
-6.195154786109924316e-01
1.300984263420104980e+00
-1.571724414825439453e-01
1.359589397907257080e-01
9.266895800828933716e-02
2.998907566070556641e-01
3.754471242427825928e-01
-5.094157531857490540e-02
3.932101428508758545e-01
3.563741445541381836e-01
1.180571913719177246e-01
1.041928827762603760e-01
-6.396845579147338867e-01
3.681324124336242676e-01
-1.978864222764968872e-01
-1.678630262613296509e-01
2.090084701776504517e-01
-9.836417436599731445e-02
-1.122896790504455566e+00
-7.399258762598037720e-02
-5.623000860214233398e-01
7.503103613853454590e-01
1.427475363016128540e-01
-3.923517465591430664e-02
6.476376652717590332e-01
1.217671930789947510e-01
3.479005694389343262e-01
8.689893782138824463e-02
1.423058807849884033e-01
1.511657387018203735e-01
3.856010735034942627e-02
4.455910921096801758e-01
-9.500163048505783081e-02
2.563291192054748535e-01
-1.454956978559494019e-01
1.468427479267120361e-01
1.759304255247116089e-01
-7.987972348928451538e-02
1.724730134010314941e+00
-2.825910449028015137e-01
-5.281320214271545410e-01
3.042198121547698975e-01
-5.877576023340225220e-02
4.415376186370849609e-01
-2.491003423929214478e-01
2.777239680290222168e-01
3.476901054382324219e-01
6.254879236221313477e-01
4.374578893184661865e-01
5.197108387947082520e-01
3.792737126350402832e-01
-3.945164382457733154e-01
5.227903723716735840e-01
-3.481031358242034912e-01
-1.761822104454040527e-01
-1.525578498840332031e-01
3.785255253314971924e-01
7.276373505592346191e-01
1.661828309297561646e-01
1.247174367308616638e-01
-3.918928802013397217e-01
3.123308718204498291e-01
-1.992228329181671143e-01
2.166315726935863495e-02
-7.413460612297058105e-01
6.781698763370513916e-02
2.544502913951873779e-01
3.097141087055206299e-01
1.261157989501953125e-01
4.851452112197875977e-01
4.224585294723510742e-01
1.383893489837646484e-01
-3.603183329105377197e-01
2.922213673591613770e-01
-8.706011623144149780e-02
2.988399267196655273e-01
8.958409540355205536e-03
3.717441558837890625e-01
9.201427102088928223e-01
-2.439261972904205322e-01
2.721571624279022217e-01
1.434820294380187988e-01
-2.594948112964630127e-01
1.126082986593246460e-01
-3.875363171100616455e-01
-4.423756301403045654e-01
-2.948585152626037598e-01
-4.345912635326385498e-01
-7.672981917858123779e-02
-3.060148954391479492e-01
-1.804462820291519165e-01
2.027487903833389282e-01
-2.018145471811294556e-01
3.269634544849395752e-01
4.417694509029388428e-01
1.226662024855613708e-01
-1.571191698312759399e-01
-2.193278223276138306e-01
8.566832542419433594e-01
6.348239183425903320e-01
8.665160275995731354e-03
-3.912355899810791016e-01
7.696713507175445557e-02
-1.936756819486618042e-01
-2.671338319778442383e-01
-5.652467608451843262e-01
-3.563797101378440857e-02
3.113165795803070068e-01
-2.378475069999694824e-01
-2.663590013980865479e-01
-6.960957646369934082e-01
-1.214439496397972107e-01
9.013791680335998535e-01
7.389962077140808105e-01
1.341686099767684937e-01
7.769316434860229492e-02
3.879562914371490479e-01
1.365702003240585327e-01
3.296132683753967285e-01
2.564361095428466797e-01
6.889236718416213989e-02
-3.640232980251312256e-01
1.213353946805000305e-01
6.618294864892959595e-02
-2.800697684288024902e-01
3.301122188568115234e-01
-2.486777305603027344e-01
-3.552314341068267822e-01
-1.002142652869224548e-01
-9.553007483482360840e-01
-4.676429927349090576e-01
-3.477873280644416809e-02
3.225805461406707764e-01
-2.486387938261032104e-01
7.435978949069976807e-02
-2.528646290302276611e-01
-3.012241721153259277e-01
-3.200159594416618347e-02
-5.528192520141601562e-01
3.293137550354003906e-01
1.911607533693313599e-01
-1.457423269748687744e-01
-9.304030239582061768e-02
-3.237428069114685059e-01
7.620784640312194824e-02
-3.957403302192687988e-01
-2.766961455345153809e-01
-2.590235695242881775e-02
-2.593849301338195801e-01
4.877860471606254578e-02
-1.860283082351088524e-03
3.163350820541381836e-01
-1.688455194234848022e-01
9.306525588035583496e-01
-2.281534373760223389e-01
-2.252524197101593018e-01
1.021974906325340271e-01
-5.105691403150558472e-02
-1.183499217033386230e+00
-2.753449082374572754e-01
-8.537922799587249756e-02
-4.017942845821380615e-01
-1.950300931930541992e-01
9.753436595201492310e-02
2.204011082649230957e-01
-1.314329355955123901e-01
3.005019202828407288e-02
-6.194842457771301270e-01
-8.336216956377029419e-02
-4.633883386850357056e-02
5.169340372085571289e-01
3.765562772750854492e-01
-2.573327422142028809e-01
3.396622240543365479e-01
-2.927653491497039795e-01
6.875573843717575073e-02
4.528161287307739258e-01
4.202644228935241699e-01
-3.354655504226684570e-01
3.116757571697235107e-01
-1.806288659572601318e-01
1.512530297040939331e-01
-4.640880227088928223e-02
2.200951129198074341e-01
-1.006719935685396194e-02
9.467335045337677002e-02
3.058538138866424561e-01
-1.639421135187149048e-01
9.691035002470016479e-02
7.182995229959487915e-02
-2.126978933811187744e-01
2.527665793895721436e-01
1.360075592994689941e+00
-5.449592471122741699e-01
-1.289019584655761719e+00
-5.036651715636253357e-02
4.301564022898674011e-02
2.456670999526977539e-01
2.902404963970184326e-01
3.134582340717315674e-01
2.628482282161712646e-01
-1.021977663040161133e+00
-5.506134033203125000e-02
-1.299295872449874878e-01
-1.125155016779899597e-01
-2.370147854089736938e-01
-2.168182730674743652e-01
-5.688971281051635742e-01
-3.275305628776550293e-01
-6.869754791259765625e-01
-3.528288006782531738e-01
1.320397704839706421e-01
5.455045700073242188e-01
-1.587683856487274170e-01
3.894610702991485596e-01
1.480819433927536011e-01
-1.684624403715133667e-01
-1.636637896299362183e-01
7.033384591341018677e-02
2.802293747663497925e-02
-7.399808764457702637e-01
2.402850389480590820e-01
-3.008397109806537628e-02
2.231802940368652344e-01
4.143489990383386612e-03
6.619598865509033203e-01
8.780918717384338379e-01
1.589597016572952271e-01
6.546300649642944336e-01
8.607488274574279785e-01
7.268297076225280762e-01
-5.764388442039489746e-01
-1.775673776865005493e-01
-3.578389063477516174e-02
-3.280405402183532715e-01
-8.534997701644897461e-02
3.586083352565765381e-01
2.360955029726028442e-01
-1.796465367078781128e-01
-6.528855562210083008e-01
-1.686515212059020996e-01
4.237980842590332031e-01
-4.414618313312530518e-01
1.664670109748840332e-01
-7.580119371414184570e-02
9.807999134063720703e-01
9.220483154058456421e-02
6.719084978103637695e-01
3.401544690132141113e-01
-4.285159111022949219e-01
1.157786965370178223e+00
-3.049268126487731934e-01
-6.490848064422607422e-01
-3.328292667865753174e-01
1.552917957305908203e-01
8.955264836549758911e-02
4.866866171360015869e-01
-9.100432395935058594e-01
-4.123627543449401855e-01
4.315980076789855957e-01
3.427457809448242188e-02
1.346717953681945801e+00
-2.000597715377807617e-01
-1.875209957361221313e-01
-5.501745939254760742e-01
-6.842726469039916992e-01
-9.409007430076599121e-02
8.492149412631988525e-02
-3.938553333282470703e-01
3.139076530933380127e-01
-6.085305213928222656e-01
1.221122778952121735e-02
4.292656481266021729e-01
7.401754856109619141e-01
-6.357360631227493286e-02
5.072345733642578125e-01
-5.861034244298934937e-02
-5.051032304763793945e-01
1.328226923942565918e+00
-4.589055776596069336e-01
-1.922679245471954346e-01
-4.608746170997619629e-01
2.051498442888259888e-01
-3.477722406387329102e-01
-7.139955163002014160e-01
-1.224934905767440796e-01
-1.218874901533126831e-01
5.577994138002395630e-02
-5.949603766202926636e-02
3.756075864657759666e-03
-8.555372059345245361e-02
-2.714922726154327393e-01
7.175983488559722900e-02
3.294564485549926758e-01
-3.470236808061599731e-02
1.211330443620681763e-01
-2.851955592632293701e-01
1.251214593648910522e-01
3.963963985443115234e-01
-4.170519411563873291e-01
-3.147129416465759277e-01
1.039943575859069824e+00
-1.930778622627258301e-01
-3.151216730475425720e-02
9.571161866188049316e-01
6.046041250228881836e-01
-3.330053985118865967e-01
-5.117272958159446716e-02
3.554247021675109863e-01
1.050435528159141541e-01
-1.440675407648086548e-01
2.110200822353363037e-01
-8.392747640609741211e-01
-3.249461650848388672e-01
6.047502160072326660e-01
1.107017695903778076e-01
1.929921358823776245e-01
7.883829623460769653e-02
1.588386856019496918e-02
3.596012890338897705e-01
4.575523082166910172e-03
2.165446579456329346e-01
2.167479842901229858e-01
3.338671028614044189e-01
2.307796627283096313e-01
3.293040692806243896e-01
3.416795730590820312e-01
-5.404930114746093750e-01
-1.099617853760719299e-01
8.848852664232254028e-02
-3.764596581459045410e-01
-2.079397737979888916e-01
3.764511644840240479e-01
-6.439990997314453125e-01
3.102649003267288208e-02
-2.754246592521667480e-01
-5.884324908256530762e-01
-1.286319345235824585e-01
5.216493830084800720e-02
5.839550122618675232e-02
-4.004891216754913330e-01
5.118243694305419922e-01
1.328204125165939331e-01
4.127113521099090576e-01
1.404152512550354004e-01
1.665358096361160278e-01
5.732371211051940918e-01
4.263515770435333252e-01
7.265931367874145508e-01
4.413353279232978821e-03
6.932788491249084473e-01
-4.489208459854125977e-01
1.829742193222045898e-01
-5.745186209678649902e-01
9.127835184335708618e-02
-2.982269227504730225e-01
3.768737614154815674e-01
2.174893170595169067e-01
-1.689987480640411377e-01
7.566785216331481934e-01
2.411982715129852295e-01
-1.997922211885452271e-01
2.023290991783142090e-01
1.612223982810974121e-01
-1.179863512516021729e-01
-1.618856191635131836e-01
4.202244803309440613e-03
-2.517788410186767578e-01
-2.264730483293533325e-01
-3.567820489406585693e-01
-8.949694782495498657e-02
-1.782145202159881592e-01
8.824950456619262695e-01
-1.551104895770549774e-02
-1.542298346757888794e-01
-4.733603596687316895e-01
3.137668371200561523e-01
-2.421418726444244385e-01
-1.972598582506179810e-01
-3.213703632354736328e-01
-2.263439595699310303e-01
-4.649726748466491699e-01
-3.313151001930236816e-01
4.705473184585571289e-01
2.386492192745208740e-01
3.460875749588012695e-01
1.411018073558807373e-01
-6.797916442155838013e-02
-4.814486205577850342e-02
3.073650598526000977e-01
-6.090250015258789062e-01
-2.164335846900939941e-01
4.510646462440490723e-01
1.493722051382064819e-01
2.258392237126827240e-02
2.301453351974487305e-01
-3.499170839786529541e-01
-1.440957374870777130e-02
-2.744012773036956787e-01
9.499365091323852539e-02
-2.198181897401809692e-01
-7.389624714851379395e-01
-3.963789343833923340e-01
2.810231447219848633e-01
-5.869971513748168945e-01
5.804321765899658203e-01
-2.517298460006713867e-01
-2.087424993515014648e-01
-5.390088260173797607e-02
1.232150048017501831e-01
-1.433536559343338013e-01
1.504544496536254883e+00
3.631468713283538818e-01
2.447789460420608521e-01
-5.754382014274597168e-01
8.592252135276794434e-01
-1.726582944393157959e-01
1.525002598762512207e+00
-2.189300507307052612e-01
-1.715321242809295654e-01
-3.051089122891426086e-02
3.105720579624176025e-01
-5.226570367813110352e-02
-1.419714838266372681e-01
6.441908329725265503e-02
6.525138020515441895e-02
-4.255687817931175232e-02
-1.408654749393463135e-01
1.661831289529800415e-01
2.013026922941207886e-01
-2.267497926950454712e-01
-9.743281640112400055e-03
-3.414475917816162109e-01
-1.079004332423210144e-01
2.252135127782821655e-01
2.390673011541366577e-02
1.526036113500595093e-01
1.279151290655136108e-01
-1.460858248174190521e-02
8.053242345340549946e-04
3.236117064952850342e-01
1.562814712524414062e-01
5.135760456323623657e-02
-3.916372656822204590e-01
-8.841071277856826782e-02
-1.330374777317047119e-01
9.308997541666030884e-02
6.679437756538391113e-01
-8.590318262577056885e-02
-1.012861132621765137e-01
2.398177385330200195e-01
1.279534399509429932e-02
2.264246046543121338e-01
-4.590374827384948730e-01
-1.099345088005065918e-01
2.477626949548721313e-01
9.248531609773635864e-02
1.817993447184562683e-02
-9.905978292226791382e-02
7.786948978900909424e-02
-3.260618075728416443e-02
