5.866480469703674316e-01
-3.453027307987213135e-01
-2.044917829334735870e-02
1.304648369550704956e-01
-1.598904281854629517e-01
8.878197669982910156e-01
-7.777778059244155884e-02
4.074095785617828369e-01
4.985696822404861450e-02
-1.709900140762329102e+00
-5.198727548122406006e-02
2.712312340736389160e-01
2.202097624540328979e-01
-2.016973346471786499e-01
-5.312577635049819946e-02
-9.912392497062683105e-01
5.640866607427597046e-02
1.501024812459945679e-01
4.504626691341400146e-01
8.432949185371398926e-01
-1.335270404815673828e-01
-1.713470101356506348e+00
6.967414915561676025e-02
-7.661367654800415039e-01
1.174684707075357437e-02
-7.392087578773498535e-01
1.522405892610549927e-01
9.544826149940490723e-01
-2.416089326143264771e-01
7.641324400901794434e-01
-2.626773901283740997e-02
9.112331271171569824e-02
3.346606492996215820e-01
-4.027871191501617432e-01
-3.725666105747222900e-01
-7.275157570838928223e-01
4.410288631916046143e-01
6.530085206031799316e-01
3.767276108264923096e-01
8.310943841934204102e-02
1.041292786598205566e+00
-8.527403473854064941e-01
9.535343050956726074e-01
-3.670128881931304932e-01
3.134699165821075439e-01
5.252900719642639160e-01
-8.783240914344787598e-01
6.762057542800903320e-01
-5.183918476104736328e-01
2.923843860626220703e-01
-2.326911082491278648e-03
-2.619378268718719482e-01
6.256547570228576660e-01
-6.264122724533081055e-01
1.325411915779113770e+00
-8.804724365472793579e-02
2.289214730262756348e-01
-8.141011595726013184e-01
1.561153292655944824e+00
6.885867118835449219e-01
2.350341379642486572e-01
-2.547235786914825439e-01
-1.890939176082611084e-01
5.648942291736602783e-02
3.284728825092315674e-01
7.773957401514053345e-02
1.885940581560134888e-01
8.952724933624267578e-01
-1.774397641420364380e-01
-7.770519256591796875e-01
2.791503965854644775e-01
3.985943645238876343e-02
2.202436774969100952e-01
-9.201506972312927246e-01
-6.805700808763504028e-02
8.021859079599380493e-02
3.020741343498229980e-01
2.407471090555191040e-01
1.394548919051885605e-02
4.909457564353942871e-01
-4.587302803993225098e-01
-3.167733922600746155e-02
-3.757417201995849609e-01
-2.963993847370147705e-01
7.324680089950561523e-01
-4.324498474597930908e-01
3.867674618959426880e-02
2.793036401271820068e-01
3.641896322369575500e-02
-3.640313446521759033e-01
8.663966655731201172e-01
6.034923195838928223e-01
6.444774568080902100e-02
-1.052091941237449646e-01
-3.989682197570800781e-01
-5.091204047203063965e-01
1.550434529781341553e-01
1.058804631233215332e+00
-6.031022071838378906e-01
-6.865760684013366699e-01
1.107880249619483948e-01
-5.227459222078323364e-02
3.259552717208862305e-01
4.652971327304840088e-01
-6.281533837318420410e-01
-4.512720555067062378e-02
3.166381120681762695e-01
-5.024880170822143555e-01
-8.124683052301406860e-02
4.257991015911102295e-01
-3.157230913639068604e-01
-2.089280486106872559e-01
-2.882681488990783691e-01
5.432959794998168945e-01
1.141031086444854736e-01
3.117332160472869873e-01
-3.232599198818206787e-01
-1.548979431390762329e-01
-4.916891828179359436e-02
-2.369193732738494873e-01
-6.146715879440307617e-01
1.855205446481704712e-01
2.140555232763290405e-01
3.752863407135009766e-01
1.480671167373657227e-01
-1.902127712965011597e-01
-6.536753475666046143e-02
-9.149362891912460327e-02
2.799284160137176514e-01
-2.039256840944290161e-01
-2.579436637461185455e-02
9.249983727931976318e-02
-2.423273622989654541e-01
-1.910639405250549316e-01
4.630454350262880325e-03
1.393947303295135498e-01
-4.068430066108703613e-01
2.024507373571395874e-01
5.541093274950981140e-02
-4.952856302261352539e-01
-1.278533697128295898e+00
6.204007267951965332e-01
-1.211061626672744751e-01
6.743798255920410156e-01
2.153201997280120850e-01
-2.170515209436416626e-01
6.920454651117324829e-02
-5.591567978262901306e-02
2.349368780851364136e-01
-1.993305087089538574e-01
5.178489908576011658e-02
2.100147157907485962e-01
-8.985864371061325073e-02
4.867096990346908569e-02
-2.284046858549118042e-01
3.679021447896957397e-02
-9.785715937614440918e-01
-5.137166008353233337e-02
-1.127306893467903137e-01
-9.024288058280944824e-01
-2.032003849744796753e-01
-8.140119723975658417e-03
4.703648090362548828e-01
3.438753485679626465e-01
-1.056563138961791992e+00
2.879340350627899170e-01
-2.976128756999969482e-01
3.384805843234062195e-02
-3.755986988544464111e-01
-3.925334215164184570e-01
-6.616966128349304199e-01
-1.007991671562194824e+00
-7.347756624221801758e-02
-2.114049643278121948e-01
2.806492745876312256e-01
8.695124983787536621e-01
-6.725441664457321167e-02
-2.239810302853584290e-02
-8.770679682493209839e-02
9.043787419795989990e-02
1.733855009078979492e-01
-3.646519482135772705e-01
-7.693365216255187988e-01
-1.850493997335433960e-01
5.757448077201843262e-01
3.839070796966552734e-01
3.080319166183471680e-01
-1.286443918943405151e-01
-2.783024609088897705e-01
3.550381958484649658e-01
3.639943599700927734e-01
5.405365303158760071e-02
-2.815004289150238037e-01
1.644743978977203369e-01
-1.240435838699340820e-01
-2.420567125082015991e-01
5.814017653465270996e-01
-4.548258706927299500e-02
3.587360978126525879e-01
1.756611019372940063e-01
1.862181127071380615e-01
-2.169418334960937500e-01
5.311625003814697266e-01
2.491366416215896606e-01
-2.050883024930953979e-01
2.313175499439239502e-01
-2.139784842729568481e-01
3.122841119766235352e-01
-2.531352080404758453e-02
-2.647106051445007324e-01
-2.773135900497436523e-01
-2.249651104211807251e-01
-7.721709460020065308e-02
-3.720070719718933105e-01
3.194129765033721924e-01
5.446027517318725586e-01
-6.838311553001403809e-01
-1.868696957826614380e-01
1.093843672424554825e-02
5.647271499037742615e-02
-2.599432468414306641e-01
2.161240130662918091e-01
-3.836249001324176788e-03
-2.444196939468383789e-01
-5.606997013092041016e-01
-9.555310755968093872e-02
-1.961310058832168579e-01
1.339128017425537109e-01
-1.037586703896522522e-01
7.878468036651611328e-01
-1.081603050231933594e+00
-6.055365800857543945e-01
3.854423165321350098e-01
1.588222831487655640e-01
7.188371568918228149e-02
2.733670771121978760e-01
-2.541503012180328369e-01
-1.085054427385330200e-01
7.397543638944625854e-02
6.615485064685344696e-03
-3.079088032245635986e-01
-9.781331568956375122e-02
-1.771563664078712463e-02
5.741111189126968384e-02
-7.973168790340423584e-02
9.583989158272743225e-03
-2.111461758613586426e-01
4.609003290534019470e-02
-1.358355432748794556e-01
3.373337164521217346e-02
-1.555662304162979126e-01
-4.212998971343040466e-02
1.333062052726745605e-01
-2.146966308355331421e-01
9.153413772583007812e-02
-8.602902293205261230e-02
-3.758241832256317139e-01
8.190114796161651611e-02
1.831991970539093018e-01
-2.078725844621658325e-01
4.167770445346832275e-01
-7.206346839666366577e-02
-2.498899698257446289e-01
-7.231033444404602051e-01
-3.555256128311157227e-01
-4.524641856551170349e-02
-7.287725806236267090e-02
7.600668072700500488e-01
1.955571770668029785e-02
-2.222636342048645020e-02
-3.602613806724548340e-01
-3.195260837674140930e-02
6.588113903999328613e-01
-7.054685354232788086e-01
-2.271506339311599731e-01
-6.246798206120729446e-03
3.260478377342224121e-01
-1.622108519077301025e-01
1.492244005203247070e-01
3.888309746980667114e-02
-1.317780166864395142e-01
4.112610816955566406e-01
1.894731074571609497e-01
4.795232713222503662e-01
-5.843527615070343018e-02
-6.696747541427612305e-01
1.403467804193496704e-01
3.707222342491149902e-01
4.072070121765136719e-01
1.614088565111160278e-02
-6.680996716022491455e-02
1.679809987545013428e-01
-1.597444713115692139e-01
-2.779463529586791992e-01
-8.141048997640609741e-02
-2.233851999044418335e-01
4.347892105579376221e-02
4.786572456359863281e-01
-9.123856425285339355e-01
2.111200094223022461e-01
-5.646242201328277588e-02
-2.124937251210212708e-02
5.476921796798706055e-01
-5.136661529541015625e-01
-1.174170225858688354e-01
-1.918333619832992554e-01
-4.168705344200134277e-01
8.165502548217773438e-01
-2.741861343383789062e-01
6.552643608301877975e-03
-8.905637264251708984e-02
2.152012288570404053e-02
1.419580578804016113e+00
-7.379649877548217773e-01
8.832385540008544922e-01
-4.317961260676383972e-02
1.421549171209335327e-01
1.717802435159683228e-01
4.863301292061805725e-02
1.290100812911987305e-01
3.942788839340209961e-01
2.522185817360877991e-02
-1.353733539581298828e-01
-9.463402628898620605e-01
1.692735850811004639e-01
-3.517224490642547607e-01
2.058613449335098267e-01
7.091129422187805176e-01
9.103094786405563354e-02
1.206644177436828613e-01
1.046738103032112122e-01
2.432809025049209595e-01
9.434186816215515137e-01
-4.335952401161193848e-01
-1.158276852220296860e-02
-3.953677415847778320e-01
4.670535922050476074e-01
-2.768837809562683105e-01
1.348641812801361084e-01
1.774289011955261230e-01
3.847325444221496582e-01
-3.374700844287872314e-01
-1.608230024576187134e-01
1.477890312671661377e-01
-1.003205403685569763e-01
2.330542653799057007e-01
-1.526302248239517212e-01
-3.569328784942626953e-01
-2.102661132812500000e-01
1.163822650909423828e+00
-2.047340422868728638e-01
-1.401471644639968872e-01
2.273868024349212646e-02
4.583431184291839600e-01
2.613606154918670654e-01
4.366929233074188232e-01
1.148379087448120117e+00
-1.069670915603637695e+00
9.370865821838378906e-01
6.809521317481994629e-01
2.076047509908676147e-01
-5.230241417884826660e-01
4.890182912349700928e-01
1.098798587918281555e-01
1.322233676910400391e-01
3.273538947105407715e-01
-3.312541246414184570e-01
1.319666653871536255e-01
-1.715820431709289551e-01
-3.107688948512077332e-02
-2.468020319938659668e-01
-2.886608988046646118e-02
1.468383371829986572e-01
-2.502395808696746826e-01
4.406030476093292236e-01
3.024772107601165771e-01
-3.632544577121734619e-01
-1.622009873390197754e-01
4.873133301734924316e-01
2.407100796699523926e-01
-2.556062936782836914e-01
-4.604065790772438049e-02
-1.671200543642044067e-01
-9.580569714307785034e-02
3.154053986072540283e-01
-2.723653316497802734e-01
4.183662533760070801e-01
3.482645750045776367e-01
1.025326028466224670e-01
-1.097568869590759277e+00
8.403217196464538574e-01
5.314159989356994629e-01
-3.364739939570426941e-02
-7.271996140480041504e-01
-1.919516175985336304e-01
-1.616581976413726807e-01
-1.315224319696426392e-01
7.701553106307983398e-01
-1.808096766471862793e-01
-2.600083947181701660e-01
5.441550016403198242e-01
-4.382041692733764648e-01
-1.074447408318519592e-01
-3.001078963279724121e-01
5.323954224586486816e-01
-1.367188096046447754e-01
1.087007597088813782e-01
5.748769640922546387e-01
9.897802770137786865e-02
-6.563054323196411133e-01
4.671166539192199707e-01
4.547166526317596436e-01
1.517432779073715210e-01
-8.778795003890991211e-01
6.953804939985275269e-02
-3.548364713788032532e-02
4.953705072402954102e-01
3.576025366783142090e-01
1.049089804291725159e-01
4.999828040599822998e-01
3.189724087715148926e-01
-9.157598018646240234e-02
2.765974104404449463e-01
4.606094583868980408e-02
-2.806931175291538239e-02
5.883531570434570312e-01
-2.995759844779968262e-01
-1.924851238727569580e-01
-1.396883577108383179e-01
8.801120519638061523e-01
-2.374563664197921753e-01
-3.371489942073822021e-01
2.474290877580642700e-01
2.357993572950363159e-01
3.741902410984039307e-01
2.457113564014434814e-02
4.963725507259368896e-01
-9.686079025268554688e-01
8.800322413444519043e-01
6.108221411705017090e-01
-3.183830380439758301e-01
5.468547344207763672e-01
-5.859979391098022461e-01
8.293206989765167236e-02
6.049359440803527832e-01
-4.298387765884399414e-01
2.014247328042984009e-01
-6.153339054435491562e-03
1.565679758787155151e-01
-5.845437049865722656e-01
7.832940220832824707e-01
6.187262535095214844e-01
6.388512253761291504e-02
-1.791537106037139893e-01
-8.202282339334487915e-02
-1.708289980888366699e-01
1.269983947277069092e-01
2.394107431173324585e-01
-5.779213458299636841e-02
-1.234620213508605957e-01
3.779757916927337646e-01
-3.949700295925140381e-01
3.268143236637115479e-01
-2.586558163166046143e-01
-3.562967777252197266e-01
4.421212077140808105e-01
-3.671375662088394165e-02
1.257325559854507446e-01
2.842281460762023926e-01
1.905561089515686035e-01
3.040295839309692383e-02
-4.318812489509582520e-01
3.443625271320343018e-01
2.660950124263763428e-01
4.348422288894653320e-01
7.279285788536071777e-01
-5.630180239677429199e-01
8.686190098524093628e-02
4.569872617721557617e-01
-4.655183255672454834e-01
-2.918979823589324951e-01
-4.654353857040405273e-01
1.165071964263916016e+00
1.990623474121093750e-01
-5.816075950860977173e-02
1.994902826845645905e-02
-8.517529368400573730e-01
3.118312358856201172e-01
4.822553098201751709e-01
1.824273347854614258e+00
-6.205583810806274414e-01
8.057618886232376099e-02
2.320546656847000122e-01
3.802031278610229492e-01
5.045887231826782227e-01
5.040893554687500000e-01
-3.033591806888580322e-01
-8.216662406921386719e-01
3.800971210002899170e-01
-2.558465301990509033e-01
-1.889683604240417480e-01
-8.558132499456405640e-02
-3.562777936458587646e-01
-3.205815255641937256e-01
-2.304866760969161987e-01
1.693523116409778595e-02
-8.361676707863807678e-03
-1.061694025993347168e-01
2.588721513748168945e-01
-6.755809187889099121e-01
-9.680211544036865234e-02
-1.731694340705871582e+00
-4.692925214767456055e-01
1.884735524654388428e-01
9.456027299165725708e-02
-7.633857727050781250e-01
-1.740520447492599487e-01
4.576972723007202148e-01
-1.217964366078376770e-01
-2.971583046019077301e-02
-4.139271378517150879e-01
-2.247641384601593018e-01
5.133230090141296387e-01
-5.831230282783508301e-01
9.815151989459991455e-02
-2.069398611783981323e-01
9.435634613037109375e-01
-1.132156932726502419e-03
1.062921881675720215e-01
-4.349842071533203125e-01
3.575289845466613770e-01
-5.556299090385437012e-01
-1.137279570102691650e-01
2.207820564508438110e-01
-1.358355581760406494e-01
-2.646397650241851807e-01
-1.353306323289871216e-01
-3.882762417197227478e-02
-2.740021347999572754e-01
2.133878767490386963e-01
4.281648248434066772e-02
-2.744460999965667725e-01
6.970928981900215149e-03
-2.790017724037170410e-01
-8.347959518432617188e-01
9.771050512790679932e-02
-9.083674550056457520e-01
1.243804991245269775e-01
2.390304058790206909e-01
5.210444331169128418e-01
-6.790161132812500000e-01
-7.751718629151582718e-03
-9.835596382617950439e-02
-1.407818496227264404e-01
-1.241239085793495178e-01
-3.936349600553512573e-02
-4.579072073101997375e-02
-5.149230826646089554e-03
-2.402309775352478027e-01
-1.837887167930603027e-01
-3.616878092288970947e-01
-3.403980433940887451e-01
3.184020891785621643e-02
-6.399454474449157715e-01
-3.611702620983123779e-01
9.699288755655288696e-02
-2.278158962726593018e-01
-1.511206501163542271e-03
-2.926449663937091827e-02
-3.201350271701812744e-01
-2.172130197286605835e-01
-5.336728692054748535e-01
-1.634841412305831909e-02
-6.307226419448852539e-02
8.094573020935058594e-02
4.367087036371231079e-02
-1.729242652654647827e-01
4.782217089086771011e-03
2.968701124191284180e-01
-1.683080345392227173e-01
4.281149804592132568e-01
1.735649071633815765e-02
5.705814361572265625e-01
7.852458953857421875e-01
-9.929902851581573486e-02
-2.859339490532875061e-02
-1.251765042543411255e-01
1.850758045911788940e-01
8.341414481401443481e-02
2.711133360862731934e-01
2.207376062870025635e-01
7.252935767173767090e-01
9.750018119812011719e-01
-9.360339492559432983e-02
4.177581146359443665e-02
3.035521507263183594e-01
9.326357394456863403e-02
3.956869542598724365e-01
7.862121611833572388e-02
2.219482958316802979e-01
-1.015196591615676880e-01
1.747674494981765747e-01
7.986483573913574219e-01
6.676321625709533691e-01
2.986499369144439697e-01
-4.365528523921966553e-01
1.816228479146957397e-01
-3.618773445487022400e-02
-3.390501439571380615e-01
7.500933855772018433e-02
-7.477890849113464355e-01
5.761624574661254883e-01
-1.443742215633392334e-01
9.026166051626205444e-02
-1.687865704298019409e-01
3.023764863610267639e-02
3.587195873260498047e-01
-5.068811774253845215e-02
-1.742606423795223236e-02
3.409523665904998779e-01
7.669669389724731445e-02
-6.601718068122863770e-01
1.784869790077209473e+00
-1.200148761272430420e-01
-9.678948670625686646e-02
6.606186032295227051e-01
-2.261717617511749268e-02
5.523529052734375000e-01
-5.595137178897857666e-02
2.264655381441116333e-01
-3.493627160787582397e-02
-4.526599347591400146e-01
5.820510387420654297e-01
1.599989533424377441e-01
1.355801522731781006e-01
2.422041445970535278e-01
-1.926725804805755615e-01
-6.216768026351928711e-01
4.091894626617431641e-02
-3.309617042541503906e-01
3.806200027465820312e-01
1.207694262266159058e-01
-5.465403795242309570e-01
5.567262172698974609e-01
1.095485836267471313e-01
-3.369907736778259277e-01
1.388936936855316162e-01
-1.414585858583450317e-01
-9.094445705413818359e-01
-5.440937876701354980e-01
-2.929213270545005798e-02
2.853213846683502197e-01
-3.970934450626373291e-01
-2.952693104743957520e-01
-3.627269268035888672e-01
-3.405052125453948975e-01
-1.656449288129806519e-01
9.422049522399902344e-01
-2.558523416519165039e-01
4.023055732250213623e-01
2.441796660423278809e-01
2.404402494430541992e-01
-2.860684692859649658e-01
-1.011887192726135254e+00
-5.664741992950439453e-01
-5.551201105117797852e-02
-2.672238834202289581e-02
-3.712844476103782654e-02
-3.453850746154785156e-02
1.978510767221450806e-01
7.903549075126647949e-01
6.707157492637634277e-01
2.043243885040283203e+00
9.355537891387939453e-01
3.697770237922668457e-01
1.324559599161148071e-01
-3.366377353668212891e-01
6.710672378540039062e-01
4.012352824211120605e-01
-3.301313817501068115e-01
3.708980977535247803e-01
9.875107407569885254e-01
-3.398476243019104004e-01
7.578918593935668468e-04
9.974966198205947876e-02
-1.228202581405639648e+00
2.761849164962768555e-01
-5.012764334678649902e-01
-6.489333510398864746e-01
-4.738680124282836914e-01
3.651129007339477539e-01
9.022361785173416138e-02
-1.806794553995132446e-01
-2.702856659889221191e-01
-3.249646425247192383e-01
-3.727869689464569092e-01
5.453934669494628906e-01
4.369821846485137939e-01
-1.186264529824256897e-01
6.557289958000183105e-01
-2.475353330373764038e-01
-9.689148068428039551e-01
-1.962669789791107178e-01
-1.516956239938735962e-01
-1.092817544937133789e+00
6.891242861747741699e-01
-2.096353918313980103e-01
7.398195266723632812e-01
4.566342234611511230e-01
8.368583023548126221e-02
-3.709197640419006348e-01
-1.853584796190261841e-01
2.570986747741699219e-01
5.283735394477844238e-01
4.414713680744171143e-01
4.784583151340484619e-01
-5.049654841423034668e-01
-1.758433580398559570e-01
5.256605744361877441e-01
-6.882027387619018555e-01
1.009499788284301758e+00
-1.510614603757858276e-01
-3.510974049568176270e-01
-2.926779389381408691e-01
-1.322425752878189087e-01
4.076989591121673584e-01
-2.077637314796447754e-01
1.387035995721817017e-01
5.311974138021469116e-02
-4.649557471275329590e-01
1.365164518356323242e-01
-7.629172503948211670e-02
1.663041263818740845e-01
3.030937910079956055e-01
3.161169886589050293e-01
1.983232498168945312e-01
1.531974226236343384e-01
8.161687850952148438e-01
2.723176181316375732e-01
-2.549570202827453613e-01
1.292439401149749756e-01
2.851433753967285156e-01
-5.992591381072998047e-01
2.217304706573486328e-01
-7.853853106498718262e-01
-5.190268903970718384e-02
8.303193449974060059e-01
-1.485148370265960693e-01
-8.298789262771606445e-01
-1.149931550025939941e+00
5.821939110755920410e-01
1.194778904318809509e-01
-1.978633254766464233e-01
-5.871006250381469727e-01
-8.272059559822082520e-01
-2.382712215185165405e-01
8.744001984596252441e-01
4.821932911872863770e-01
-7.350717186927795410e-01
6.423710584640502930e-01
-4.199409484863281250e-01
-4.917592704296112061e-01
8.676154017448425293e-01
-4.823274910449981689e-01
-5.542047619819641113e-01
3.692661523818969727e-01
-1.750779002904891968e-01
4.197823107242584229e-01
2.433487027883529663e-02
9.218075126409530640e-02
-2.319127172231674194e-01
-1.477559208869934082e-01
1.716842949390411377e-01
5.327561497688293457e-01
4.426029324531555176e-01
3.690160810947418213e-01
-5.349297821521759033e-02
-2.622101604938507080e-01
1.772451549768447876e-01
-2.631548047065734863e-01
-3.207238614559173584e-01
-4.716356992721557617e-01
7.066617906093597412e-02
-2.220330983400344849e-01
-9.934172034263610840e-01
9.624549001455307007e-02
-3.370736837387084961e-01
1.267755627632141113e-01
1.560461372137069702e-01
-6.313361972570419312e-02
-4.782805144786834717e-01
-3.223358988761901855e-01
3.066342473030090332e-01
4.294893443584442139e-01
6.588078141212463379e-01
3.884003758430480957e-01
-2.566978633403778076e-01
-9.970775991678237915e-02
3.520037829875946045e-01
-3.622100353240966797e-01
1.808323413133621216e-01
2.261003971099853516e+00
7.998230308294296265e-02
6.973264813423156738e-01
2.388366460800170898e-01
-3.216753602027893066e-01
-2.988029718399047852e-01
-1.348039209842681885e-01
-8.962427377700805664e-01
3.788455724716186523e-01
1.144895330071449280e-01
6.221427321434020996e-01
-2.547263801097869873e-01
-4.127790331840515137e-01
-8.864388465881347656e-01
-2.779957652091979980e-01
1.596166491508483887e+00
3.373612761497497559e-01
-4.565344750881195068e-01
7.954627871513366699e-01
-1.781049489974975586e+00
-1.386686116456985474e-01
5.188751816749572754e-01
-2.532773613929748535e-01
-2.280357927083969116e-01
-1.451984196901321411e-01
-1.534713208675384521e-01
2.966567873954772949e-02
5.822856426239013672e-01
4.110861420631408691e-01
8.864261955022811890e-02
-2.687538564205169678e-01
2.586435675621032715e-01
-5.451896414160728455e-02
4.036529958248138428e-01
6.927601248025894165e-02
-5.823222398757934570e-01
-1.335907101631164551e+00
2.882354855537414551e-01
-4.038218259811401367e-01
1.218131303787231445e+00
1.026468724012374878e-01
8.610734343528747559e-01
1.602015830576419830e-02
1.594455718994140625e+00
-3.290904760360717773e-01
3.037803173065185547e-01
-7.722678780555725098e-02
3.421331644058227539e-01
1.453193426132202148e-01
9.137471914291381836e-01
-3.742392063140869141e-01
3.134220838546752930e-01
5.665455386042594910e-02
-2.788189351558685303e-01
-8.029190450906753540e-02
-2.749773263931274414e-01
-9.818344116210937500e-01
-2.804655432701110840e-01
-1.289088577032089233e-01
4.918556287884712219e-02
1.155128180980682373e-01
6.790093183517456055e-01
7.443955540657043457e-01
1.214404106140136719e-01
-9.608167409896850586e-02
2.767340838909149170e-02
-3.620744943618774414e-01
-1.617056131362915039e-01
1.583902239799499512e-01
-6.408759355545043945e-01
3.682335317134857178e-01
6.999619007110595703e-01
1.870772689580917358e-01
-3.208884000778198242e-01
-5.413689836859703064e-02
4.074081778526306152e-01
4.318472146987915039e-01
-3.855374455451965332e-01
8.411250263452529907e-02
4.827347695827484131e-01
-2.177161723375320435e-01
2.431993745267391205e-02
1.548559069633483887e-01
3.932098746299743652e-01
-9.090194851160049438e-02
-3.695870190858840942e-02
4.200214743614196777e-01
-1.760613322257995605e-01
1.143334805965423584e-01
2.224705182015895844e-02
8.224670290946960449e-01
4.764479994773864746e-01
-2.919759154319763184e-01
3.455636203289031982e-01
2.182378470897674561e-01
-5.077338218688964844e-01
2.852145433425903320e-01
-4.331139028072357178e-01
-6.569421291351318359e-02
-4.298818111419677734e-02
4.945610761642456055e-01
3.461921811103820801e-01
-2.517627179622650146e-01
4.091572165489196777e-01
-1.304192304611206055e+00
-8.046604692935943604e-03
-1.217760816216468811e-01
-3.846033215522766113e-01
3.085235357284545898e-01
4.318992421030998230e-02
7.345203310251235962e-02
1.479068398475646973e-01
2.492350526154041290e-02
3.764211013913154602e-02
1.535848975181579590e-01
1.672844588756561279e-01
1.699891984462738037e-01
1.164736673235893250e-01
-4.984499514102935791e-01
4.187615513801574707e-01
-1.022819578647613525e-01
-3.957274556159973145e-01
1.041286468505859375e+00
4.740831851959228516e-01
-7.679185867309570312e-01
4.007446169853210449e-01
9.305444955825805664e-01
-8.330330848693847656e-01
5.824367403984069824e-01
1.687001064419746399e-02
-1.682747453451156616e-01
-8.676575124263763428e-02
-5.563372373580932617e-01
8.471171557903289795e-02
3.603197932243347168e-01
-6.884475704282522202e-03
2.155186235904693604e-01
-3.222262486815452576e-02
2.933369576930999756e-01
4.575923383235931396e-01
6.398506760597229004e-01
5.249383300542831421e-02
2.507661283016204834e-01
3.195524811744689941e-01
-7.527573406696319580e-02
-2.920658588409423828e-01
4.463134706020355225e-02
-2.369907647371292114e-01
2.999224960803985596e-01
3.416302800178527832e-01
-1.972779184579849243e-01
-7.537745833396911621e-01
-2.614457607269287109e-01
1.020922288298606873e-01
1.711777597665786743e-02
1.729606240987777710e-01
1.434263229370117188e+00
-2.307393103837966919e-01
-1.147849321365356445e+00
-3.719291687011718750e-01
-6.917572617530822754e-01
-5.185775458812713623e-02
-2.230992019176483154e-01
-3.514347374439239502e-01
8.461303263902664185e-02
-2.331336401402950287e-02
-2.018844336271286011e-01
4.697308242321014404e-01
-3.923660814762115479e-01
4.108294844627380371e-01
-4.120082557201385498e-01
-2.352676987648010254e-01
6.629551202058792114e-02
-2.597704827785491943e-01
-4.595896601676940918e-01
2.614900767803192139e-01
2.937090098857879639e-01
4.214344620704650879e-01
-2.148718237876892090e-01
7.875118404626846313e-02
-9.412831068038940430e-02
-1.869959533214569092e-01
2.930670082569122314e-01
-7.954305410385131836e-02
-3.610767051577568054e-02
-5.866141915321350098e-01
4.437500238418579102e-01
-1.839966624975204468e-01
-1.554845571517944336e-01
-2.443490326404571533e-01
4.349078834056854248e-01
1.725476503372192383e+00
-2.272575646638870239e-01
6.361458450555801392e-02
3.019443750381469727e-01
-7.648112624883651733e-02
-1.272683262825012207e+00
-7.228532433509826660e-02
-4.613228440284729004e-01
7.292608916759490967e-02
-5.371535420417785645e-01
1.482009142637252808e-01
-2.266302555799484253e-01
-8.883860707283020020e-01
-2.537123560905456543e-01
9.073121100664138794e-02
-4.119604527950286865e-01
7.288407683372497559e-01
-1.125372529029846191e+00
4.967641532421112061e-01
-1.040682494640350342e-01
-2.185148596763610840e-01
5.298190116882324219e-01
-3.580007851123809814e-01
-7.537745237350463867e-01
1.054322004318237305e+00
1.171902343630790710e-01
3.337870240211486816e-01
-3.256001174449920654e-01
3.585180640220642090e-02
-7.422779202461242676e-01
-3.926896154880523682e-01
3.708188980817794800e-02
4.764533415436744690e-02
4.043187201023101807e-01
4.439238309860229492e-01
-1.214547604322433472e-01
-7.882595062255859375e-01
-1.669843792915344238e-01
-8.243678510189056396e-02
-1.397358626127243042e-01
3.045842945575714111e-01
-3.099332451820373535e-01
-1.166052222251892090e-01
-1.303414553403854370e-01
-3.813216686248779297e-01
-5.667709112167358398e-01
-7.321665287017822266e-01
5.878764390945434570e-01
-1.229735016822814941e-01
-1.011542454361915588e-01
-2.734830081462860107e-01
6.020532846450805664e-01
1.720579415559768677e-01
-1.980447769165039062e-01
-2.791249752044677734e-01
1.764652580022811890e-01
2.981624305248260498e-01
-1.284774094820022583e-01
-2.625088691711425781e-01
2.018934302031993866e-02
2.476922035217285156e+00
2.548009753227233887e-01
3.665238320827484131e-01
2.331936508417129517e-01
8.824612945318222046e-02
-2.684639394283294678e-01
-5.820605158805847168e-01
-4.068150222301483154e-01
3.808874264359474182e-02
-7.696509361267089844e-01
-6.525757163763046265e-02
-2.107781022787094116e-01
1.709827221930027008e-02
1.829826235771179199e+00
8.330977708101272583e-02
-3.249787390232086182e-01
-4.849714040756225586e-01
2.522338330745697021e-01
3.895822167396545410e-01
1.926617883145809174e-02
1.139971613883972168e+00
-1.659392267465591431e-01
-2.500844895839691162e-01
-1.191871687769889832e-01
-8.292715996503829956e-02
-2.530111670494079590e-01
-1.141019612550735474e-01
-1.599737286567687988e+00
2.909538447856903076e-01
-2.110106199979782104e-01
-3.506103157997131348e-02
6.067512035369873047e-01
7.316984534263610840e-01
1.377166621387004852e-02
-3.276480138301849365e-01
2.362017482519149780e-01
-6.085022091865539551e-01
6.305847167968750000e-01
-3.416655361652374268e-01
4.675691723823547363e-01
2.564512491226196289e-01
-2.438597232103347778e-01
3.354594707489013672e-01
4.914544522762298584e-01
-4.967726767063140869e-01
-1.306169927120208740e-01
-3.342227935791015625e-01
2.653502859175205231e-02
-1.139289960265159607e-01
-1.506633758544921875e-01
-2.710747122764587402e-01
-7.492203731089830399e-03
-2.420687675476074219e-01
8.736460655927658081e-02
1.796500086784362793e-01
2.139819264411926270e-01
4.485720694065093994e-01
-9.159500710666179657e-03
-3.114616572856903076e-01
1.158656477928161621e-01
-2.770787715911865234e+00
2.156031280755996704e-01
-1.465022861957550049e-01
1.502756029367446899e-01
-9.924319386482238770e-02
-1.801362335681915283e-01
1.880245357751846313e-01
-2.619215250015258789e-01
2.395471781492233276e-01
1.832716464996337891e-01
-2.299781739711761475e-01
2.552186250686645508e-01
1.324572414159774780e-01
-5.574879422783851624e-02
2.483373135328292847e-01
2.241515219211578369e-01
-6.185910701751708984e-01
4.625594913959503174e-01
6.564516574144363403e-02
2.560216784477233887e-01
-2.522369146347045898e+00
-3.219347596168518066e-01
4.057005941867828369e-01
2.390377074480056763e-01
-8.550488948822021484e-02
5.137411952018737793e-01
-7.210379838943481445e-01
4.946704208850860596e-01
-2.400972694158554077e-01
-8.633818477392196655e-02
1.289168000221252441e+00
-2.709313035011291504e-01
-1.455336809158325195e-02
-8.341658115386962891e-01
-1.813618689775466919e-01
-2.999872863292694092e-01
-2.848975360393524170e-02
-4.539268910884857178e-01
1.490071266889572144e-01
-3.019647896289825439e-01
2.659362182021141052e-02
-3.141782581806182861e-01
-1.245235204696655273e-01
-3.274308443069458008e-01
4.501397609710693359e-01
3.564518392086029053e-01
7.122863084077835083e-02
-4.866614937782287598e-02
-1.343213170766830444e-01
3.032471239566802979e-01
-2.535894215106964111e-01
3.404281139373779297e-01
5.369408726692199707e-01
7.918131351470947266e-01
-1.811608523130416870e-01
5.676603317260742188e-01
-9.495158791542053223e-01
5.209974646568298340e-01
-5.524567961692810059e-01
2.942568659782409668e-01
9.257537126541137695e-01
-8.198501467704772949e-01
6.957845687866210938e-01
5.054267644882202148e-01
-5.348481535911560059e-01
-2.930287420749664307e-01
-6.317763328552246094e-01
-4.460867121815681458e-02
-2.846707403659820557e-01
9.695938229560852051e-01
8.603089451789855957e-01
-2.261198759078979492e-01
-6.191897671669721603e-03
2.871168255805969238e-01
-7.781102061271667480e-01
8.925644308328628540e-02
-3.394572734832763672e-01
1.390136405825614929e-02
2.630664706230163574e-01
1.691892892122268677e-01
-7.922979444265365601e-02
-3.605946600437164307e-01
-2.168944925069808960e-01
1.249634474515914917e-01
-9.556002169847488403e-02
-1.364788860082626343e-01
1.085651993751525879e+00
-9.171516299247741699e-01
-4.014236032962799072e-01
4.052117764949798584e-01
-4.349004849791526794e-02
2.238614559173583984e-01
9.642717242240905762e-01
-5.156441926956176758e-01
-3.068689443171024323e-02
2.612435519695281982e-01
-2.351421266794204712e-01
1.533649414777755737e-01
-1.100062802433967590e-01
7.907954603433609009e-02
-1.187638565897941589e-01
-2.182026058435440063e-01
5.029594302177429199e-01
4.160573780536651611e-01
-5.303914472460746765e-02
-8.182946592569351196e-02
-3.402294591069221497e-02
-3.570607900619506836e-01
1.965453922748565674e-01
-1.223138868808746338e-01
-9.750963002443313599e-02
1.183106422424316406e+00
2.175503820180892944e-01
-1.614867150783538818e-01
-9.442368149757385254e-01
2.021348774433135986e-01
1.519867628812789917e-01
-5.417342111468315125e-02
-8.590222895145416260e-02
6.434304118156433105e-01
1.298134207725524902e+00
3.584864316508173943e-04
3.536249101161956787e-01
2.609134018421173096e-01
1.287338510155677795e-02
-8.951549232006072998e-02
-1.283110857009887695e+00
-4.163325726985931396e-01
7.704555243253707886e-02
-2.237023785710334778e-02
-1.287527382373809814e-01
4.582828655838966370e-02
2.489419579505920410e-01
1.845386177301406860e-01
3.575153052806854248e-01
1.064089536666870117e+00
-4.363301396369934082e-01
1.324194576591253281e-02
-1.543224006891250610e-01
4.060585200786590576e-01
3.364110887050628662e-01
-2.785121798515319824e-01
8.959154486656188965e-01
4.624800682067871094e-01
-3.629681468009948730e-01
1.202529892325401306e-01
-9.050391614437103271e-03
1.437007635831832886e-01
7.976021617650985718e-02
-6.377194523811340332e-01
2.088449709117412567e-02
1.302917450666427612e-01
4.515133425593376160e-02
-1.387741416692733765e-01
1.901641786098480225e-01
3.780500590801239014e-01
2.069350481033325195e-01
-9.085981547832489014e-02
-2.331997454166412354e-01
2.163414061069488525e-01
6.229903101921081543e-01
2.709298729896545410e-01
-3.517811298370361328e-01
-8.067581057548522949e-02
-5.170555412769317627e-02
1.611749827861785889e-01
9.454219341278076172e-01
1.601913869380950928e-01
-2.802790105342864990e-01
-8.556491136550903320e-01
-4.860655963420867920e-01
1.216537132859230042e-01
1.625798791646957397e-01
-3.298585070297122002e-03
1.863763034343719482e-01
-1.291970610618591309e-01
-4.863496124744415283e-01
3.707350194454193115e-01
1.761780679225921631e-01
4.663924500346183777e-02
1.325307190418243408e-01
-5.126231908798217773e-01
2.035458892351016402e-04
3.791843354701995850e-01
-4.040510058403015137e-01
-4.490921795368194580e-01
-1.252379566431045532e-01
8.513411134481430054e-02
-1.783366799354553223e-01
1.780687272548675537e-02
-4.214951023459434509e-02
-1.846213042736053467e-01
3.361341357231140137e-01
-1.495866626501083374e-01
-1.470158845186233521e-01
2.527525424957275391e-01
-2.761959135532379150e-01
5.848791599273681641e-01
5.373171065002679825e-03
-1.414126455783843994e-01
-2.876837253570556641e-01
6.334267854690551758e-01
-8.636780828237533569e-02
2.871570587158203125e-01
2.826119661331176758e-01
3.700693845748901367e-01
1.976266801357269287e-01
-2.351299822330474854e-01
-1.617902040481567383e+00
-1.360147446393966675e-01
-4.410272929817438126e-03
4.016465246677398682e-01
4.197672903537750244e-01
-2.859738841652870178e-02
6.566284596920013428e-02
6.253108382225036621e-02
1.975107342004776001e-01
1.663480252027511597e-01
-5.627680942416191101e-02
1.510549336671829224e-01
-7.525793313980102539e-01
3.770599067211151123e-01
-1.137465238571166992e+00
-5.757548809051513672e-01
3.517779707908630371e-01
4.024782180786132812e-01
1.469083428382873535e-01
3.997233211994171143e-01
-1.105545088648796082e-02
2.274338454008102417e-01
-4.375347197055816650e-01
-1.421402692794799805e-01
2.177262604236602783e-01
-1.477495729923248291e-01
-3.972918689250946045e-01
4.222199022769927979e-01
-7.944128513336181641e-01
2.266201227903366089e-01
5.474296212196350098e-01
-5.188530087471008301e-01
-2.441858202219009399e-01
-1.383784860372543335e-01
3.314998745918273926e-01
5.036544054746627808e-02
1.050771325826644897e-01
4.608515202999114990e-01
4.359644949436187744e-01
-2.753269486129283905e-02
6.588380932807922363e-01
1.390485316514968872e-01
-3.268451988697052002e-01
1.518587172031402588e-01
4.523631632328033447e-01
-2.067106589674949646e-02
-3.901538848876953125e-01
1.515562057495117188e+00
-1.813011646270751953e+00
1.239277571439743042e-01
2.132861018180847168e-01
-1.068740963935852051e+00
-3.602516353130340576e-01
-1.263825781643390656e-02
1.485472917556762695e-01
1.812595129013061523e-01
4.656570553779602051e-01
3.446390032768249512e-01
1.088669657707214355e+00
-1.917152404785156250e-01
2.089674711227416992e+00
-2.509118020534515381e-01
1.650829017162322998e-01
6.960868090391159058e-02
-1.571177393198013306e-01
8.005297929048538208e-02
-5.960556864738464355e-01
8.303247392177581787e-02
8.142811059951782227e-01
-4.980933070182800293e-01
5.164021253585815430e-02
3.457112610340118408e-01
4.404619932174682617e-01
1.874455958604812622e-01
1.509386152029037476e-01
2.086839228868484497e-01
-3.394590318202972412e-01
-5.421659350395202637e-01
-2.485022991895675659e-01
-1.771853119134902954e-01
-5.277358889579772949e-01
-6.247572898864746094e-01
-3.634316027164459229e-01
1.255010664463043213e-01
-8.697621524333953857e-02
3.959328830242156982e-01
-8.816474117338657379e-03
-9.689624309539794922e-01
-1.469183325767517090e+00
-1.996594369411468506e-01
-6.718364357948303223e-01
-6.234622374176979065e-02
1.281029284000396729e-01
-1.773193031549453735e-01
-4.034897387027740479e-01
-5.070960521697998047e-01
-2.385292202234268188e-01
-1.813581585884094238e-01
8.942618370056152344e-01
-1.871868669986724854e-01
-2.769807912409305573e-02
-4.362028464674949646e-02
1.667029857635498047e-01
3.058648407459259033e-01
-8.863431960344314575e-02
3.125467300415039062e-01
-3.876460492610931396e-01
1.927771419286727905e-01
4.901090860366821289e-01
1.319877654314041138e-01
8.277885317802429199e-01
-5.196008086204528809e-01
2.004071474075317383e-01
-6.218316033482551575e-02
5.111463069915771484e-01
-3.170680701732635498e-01
3.448888361454010010e-01
-1.389887034893035889e-01
4.077190458774566650e-01
-4.203587770462036133e-01
1.334268331527709961e+00
2.331374138593673706e-01
4.159988462924957275e-01
-4.299752116203308105e-01
-4.940443485975265503e-02
2.684319615364074707e-01
-3.646590709686279297e-01
6.191093325614929199e-01
4.798413813114166260e-01
-2.525673806667327881e-01
-5.803955718874931335e-02
-6.220794096589088440e-02
-5.096226185560226440e-02
1.926893293857574463e-01
-4.046938717365264893e-01
4.628821313381195068e-01
3.541621565818786621e-01
7.974340021610260010e-02
-2.755951583385467529e-01
-6.322839260101318359e-01
-9.983639419078826904e-02
-2.223700881004333496e-01
2.040740996599197388e-01
1.099112033843994141e-01
-5.142687559127807617e-01
-2.109133405610918999e-03
1.995685845613479614e-01
-5.353681445121765137e-01
7.428844571113586426e-01
-4.846191704273223877e-01
-1.718297004699707031e-01
2.829047739505767822e-01
5.404714345932006836e-01
-2.319419682025909424e-01
2.566406130790710449e-01
-1.512217968702316284e-01
-5.690399557352066040e-02
-5.381456017494201660e-01
-3.809480369091033936e-01
-7.483653724193572998e-03
4.834300875663757324e-01
1.708575896918773651e-02
2.439041584730148315e-01
-9.106405079364776611e-02
-4.657360613346099854e-01
2.937434427440166473e-02
1.774943768978118896e-01
-4.734201133251190186e-01
7.461042404174804688e-01
-1.484361290931701660e-01
-2.548926770687103271e-01
5.753760337829589844e-01
4.010595679283142090e-01
5.392461270093917847e-02
9.637002646923065186e-02
-2.139069437980651855e-01
-1.942381262779235840e-01
-5.434143543243408203e-01
1.122425317764282227e+00
4.407080113887786865e-01
-1.984941810369491577e-01
-1.602398902177810669e-01
-6.160061359405517578e-01
1.032612100243568420e-01
-1.682244092226028442e-01
3.980258479714393616e-02
3.031584247946739197e-02
-3.869618475437164307e-01
-6.051840260624885559e-02
-8.900213241577148438e-02
1.494433283805847168e-01
6.525692939758300781e-01
-4.220551997423171997e-02
4.095024615526199341e-02
1.763720065355300903e-01
-2.453773468732833862e-01
-1.016337424516677856e-01
-7.093679904937744141e-02
1.859680004417896271e-02
-9.669476747512817383e-02
-1.974320858716964722e-01
-2.308444231748580933e-01
-1.708864793181419373e-02
2.884858287870883942e-02
-5.015892386436462402e-01
1.417988091707229614e-01
-3.814539685845375061e-02
-8.679367303848266602e-01
1.030894160270690918e+00
-4.895778000354766846e-01
-3.002383001148700714e-02
4.003624320030212402e-01
2.775865793228149414e-01
-7.414592057466506958e-02
-4.823727533221244812e-03
-1.387087851762771606e-01
-2.904968261718750000e-01
-3.376059234142303467e-01
-1.495743989944458008e-01
2.338650077581405640e-01
-1.651057600975036621e-01
-3.730779588222503662e-01
-3.438917398452758789e-01
-1.001352518796920776e-01
-7.847765088081359863e-01
1.678666621446609497e-01
-8.523909002542495728e-02
-1.073871731758117676e+00
7.688449025154113770e-01
-2.374430447816848755e-01
-1.008154869079589844e+00
3.278778195381164551e-01
2.679550945758819580e-01
7.159359008073806763e-02
4.829782992601394653e-03
-2.150660604238510132e-01
-4.583982527256011963e-01
-2.503163814544677734e-01
-3.824636340141296387e-02
-1.133166104555130005e-01
-1.104645431041717529e-01
6.097764894366264343e-02
1.596537530422210693e-01
1.851503700017929077e-01
-9.563214182853698730e-01
-1.000851765275001526e-01
1.873410344123840332e-01
-8.017913699150085449e-01
3.955981433391571045e-01
-1.673468351364135742e-01
-1.686561107635498047e-01
6.497712135314941406e-01
6.829787790775299072e-02
-1.925177723169326782e-01
7.576570659875869751e-02
4.736492410302162170e-02
-1.136611700057983398e-01
-2.354220300912857056e-01
1.632624655030667782e-03
2.475066334009170532e-01
3.829187452793121338e-01
5.487886667251586914e-01
-3.805057331919670105e-02
-5.723244547843933105e-01
1.527722924947738647e-01
-5.880591645836830139e-02
1.700551509857177734e-01
-2.245163619518280029e-01
-1.870379550382494926e-03
4.210089147090911865e-01
2.540542930364608765e-02
-2.104120850563049316e-01
6.855428218841552734e-02
1.731368452310562134e-01
3.089352883398532867e-02
5.499817728996276855e-01
-8.733659237623214722e-02
5.255762860178947449e-02
-1.736405789852142334e-01
4.278080910444259644e-02
-2.640278935432434082e-01
7.804217189550399780e-02
-5.321236848831176758e-01
4.604853987693786621e-01
8.353972434997558594e-01
-1.579488515853881836e-01
4.696521162986755371e-01
4.752394855022430420e-01
-1.033467411994934082e+00
2.552766799926757812e-01
6.222382783889770508e-01
-7.682895064353942871e-01
-3.478271067142486572e-01
-3.508321344852447510e-01
8.950685709714889526e-02
-1.943514496088027954e-01
1.931529790163040161e-01
4.560899138450622559e-01
6.269400119781494141e-01
3.739877417683601379e-02
-2.137148939073085785e-02
1.010508775711059570e+00
-3.800696134567260742e-01
-7.370474934577941895e-02
-1.798696964979171753e-01
-6.573341488838195801e-01
5.695130825042724609e-01
2.047451734542846680e-01
-3.315089643001556396e-01
3.850393295288085938e-01
4.865867495536804199e-01
-3.610475659370422363e-01
4.398436844348907471e-02
-2.669294178485870361e-01
3.267406299710273743e-02
3.481642901897430420e-01
5.821025744080543518e-02
1.593912839889526367e-01
-7.592946290969848633e-01
1.141569390892982483e-01
-2.728134095668792725e-01
3.495889902114868164e-01
1.075110509991645813e-01
-1.266502141952514648e-01
1.592541486024856567e-01
3.961897455155849457e-04
2.390710264444351196e-01
5.539119839668273926e-01
4.506028890609741211e-01
3.143495619297027588e-01
3.554063141345977783e-01
-1.603718250989913940e-01
-1.291691362857818604e-01
-8.131530880928039551e-02
-6.011012196540832520e-01
2.309931665658950806e-01
6.402098536491394043e-01
2.328590154647827148e-01
-3.341970741748809814e-01
-1.623636335134506226e-01
-5.430110096931457520e-01
4.941881597042083740e-01
-5.224656313657760620e-02
2.224306315183639526e-01
2.403642684221267700e-01
-4.388560950756072998e-01
3.661356568336486816e-01
2.582281529903411865e-01
-1.660974472761154175e-01
4.824001789093017578e-01
-1.204680278897285461e-02
4.070802032947540283e-01
-4.291661679744720459e-01
2.353101372718811035e-01
-4.898969531059265137e-01
2.241001278162002563e-01
-1.764156669378280640e-01
3.477177321910858154e-01
-1.599840521812438965e+00
2.125705480575561523e-01
8.032784461975097656e-01
2.727009654045104980e-01
6.346242427825927734e-01
4.764740467071533203e-01
-7.069766521453857422e-01
2.337445914745330811e-01
4.118353426456451416e-01
-8.264709711074829102e-01
3.849102258682250977e-01
-7.501836121082305908e-02
5.263903141021728516e-01
-7.724724709987640381e-02
4.058759659528732300e-02
-1.112113222479820251e-01
6.577237844467163086e-01
1.227690801024436951e-01
-3.981347382068634033e-02
-2.216767817735671997e-01
-1.536326855421066284e-01
3.248652517795562744e-01
-4.208971261978149414e-01
-1.512092947959899902e-01
-1.280360817909240723e-01
7.654988765716552734e-02
-2.269921004772186279e-01
4.016403257846832275e-01
-9.832719713449478149e-02
-3.005005717277526855e-01
-1.282547879964113235e-02
-1.386165916919708252e-01
-1.191391229629516602e+00
-6.945241242647171021e-02
3.622929453849792480e-01
-1.637015044689178467e-01
-9.910141229629516602e-01
-4.318602383136749268e-01
3.089559972286224365e-01
-2.343390285968780518e-01
1.027332767844200134e-01
-2.266664803028106689e-01
6.186143159866333008e-01
3.373824656009674072e-01
4.715169966220855713e-01
-5.564039349555969238e-01
-1.269670128822326660e-01
7.270400971174240112e-02
2.443630546331405640e-01
-3.677981793880462646e-01
-2.349632680416107178e-01
-4.733506143093109131e-01
-2.786561846733093262e-01
-6.704543530941009521e-02
-2.590984106063842773e-01
3.671267628669738770e-02
3.199490904808044434e-01
-5.739516392350196838e-02
2.672586441040039062e-01
-5.039291828870773315e-02
5.579153075814247131e-02
-4.654021859169006348e-01
6.181507110595703125e-01
-4.885154664516448975e-01
-4.929762482643127441e-01
2.844303846359252930e-01
-3.344073295593261719e-01
-3.537360429763793945e-01
-4.602372646331787109e-01
3.095843195915222168e-01
-4.620537459850311279e-01
3.181317746639251709e-01
8.330054581165313721e-02
2.531177699565887451e-01
4.769637584686279297e-01
5.660774558782577515e-02
-4.091719090938568115e-01
-9.580840170383453369e-02
-4.082761406898498535e-01
5.975716710090637207e-01
-9.344335198402404785e-01
-1.471191179007291794e-02
1.257800161838531494e-01
-2.889695465564727783e-01
-8.377909064292907715e-01
5.427197813987731934e-01
8.048235625028610229e-02
2.425043433904647827e-01
-1.428415030241012573e-01
7.118465900421142578e-01
5.158500075340270996e-01
1.246364936232566833e-01
6.374659538269042969e-01
5.525203943252563477e-01
5.997903347015380859e-01
-1.471523344516754150e-01
-3.523306548595428467e-01
-3.536553680896759033e-01
-4.578126668930053711e-01
-3.856329023838043213e-01
2.585930228233337402e-01
1.383824199438095093e-01
-8.577435016632080078e-01
-3.739674389362335205e-01
-5.599017739295959473e-01
6.102399826049804688e-01
1.280144304037094116e-01
1.152673885226249695e-01
6.567170023918151855e-01
2.065716981887817383e-01
1.991058588027954102e-01
7.896764576435089111e-02
1.211546733975410461e-01
2.346652932465076447e-02
3.149639442563056946e-02
4.576851427555084229e-01
1.830284483730792999e-02
1.215259283781051636e-01
-1.332979183644056320e-02
2.013162821531295776e-01
-1.474338918924331665e-01
-1.136766001582145691e-01
1.983977794647216797e+00
-5.991209149360656738e-01
-4.945922493934631348e-01
4.380135834217071533e-01
-2.400000989437103271e-01
-1.331078112125396729e-01
1.264055026695132256e-03
2.072240263223648071e-01
1.309448294341564178e-02
2.178306281566619873e-01
2.569812834262847900e-01
3.056063055992126465e-01
1.763976067304611206e-01
-1.790101677179336548e-01
-2.211485952138900757e-01
-2.246806621551513672e-01
3.687535412609577179e-03
7.195509225130081177e-02
3.563783466815948486e-01
4.684098660945892334e-01
1.626538634300231934e-01
-2.537356615066528320e-01
-1.959857493638992310e-01
1.216502338647842407e-01
-3.900506198406219482e-01
-5.168502032756805420e-02
-4.165925681591033936e-01
1.309622377157211304e-01
1.280971318483352661e-01
-1.240277215838432312e-01
-7.307264208793640137e-02
1.546782255172729492e-01
3.135731816291809082e-01
3.693208396434783936e-01
-8.190378546714782715e-01
1.546622365713119507e-01
4.996249452233314514e-02
6.319177746772766113e-01
-2.496934831142425537e-01
9.248873591423034668e-02
4.817423224449157715e-01
1.303074359893798828e-01
1.581213176250457764e-01
-6.379739642143249512e-01
-3.987925052642822266e-01
1.831035017967224121e-01
-4.488729834556579590e-01
-3.913670182228088379e-01
-9.943937510251998901e-02
-2.625055909156799316e-01
1.819705963134765625e-02
-2.731574475765228271e-01
-3.005333803594112396e-02
1.119980886578559875e-01
-4.902903363108634949e-02
4.116244316101074219e-01
4.894838854670524597e-02
4.515022337436676025e-01
2.511250786483287811e-03
-2.107781618833541870e-01
5.551361441612243652e-01
-5.802311301231384277e-01
2.144941315054893494e-02
-6.553210616111755371e-01
1.135182976722717285e-01
-7.784394174814224243e-02
-2.649358808994293213e-01
-3.628432452678680420e-01
3.134773671627044678e-01
4.437697231769561768e-01
-2.322091758251190186e-01
-4.678302705287933350e-01
2.080138958990573883e-02
-9.291981905698776245e-02
5.946950912475585938e-01
2.522374987602233887e-01
3.599913120269775391e-01
8.842439204454421997e-02
7.835279703140258789e-01
3.081434965133666992e-02
1.246173903346061707e-01
7.370877265930175781e-01
1.470256000757217407e-01
4.717439878731966019e-03
2.386638373136520386e-01
2.196929305791854858e-01
-2.947948575019836426e-01
-1.739153563976287842e-01
1.986326649785041809e-02
-3.466561436653137207e-01
-6.905341893434524536e-02
-7.667958140373229980e-01
-5.156073570251464844e-01
-5.369481071829795837e-02
5.689572095870971680e-01
-1.538940817117691040e-01
-4.906328767538070679e-02
-3.373256027698516846e-01
3.622689470648765564e-02
3.557905554771423340e-02
-4.629964008927345276e-02
6.926874071359634399e-02
3.725886344909667969e-01
-8.391346037387847900e-02
-2.917996346950531006e-01
-3.720422685146331787e-01
2.569552361965179443e-01
-2.004116773605346680e-01
-3.517063558101654053e-01
-1.521628201007843018e-01
-4.523772001266479492e-01
-2.535289525985717773e-01
-4.464321210980415344e-02
5.171623229980468750e-01
6.361851096153259277e-02
5.664514303207397461e-01
9.828333556652069092e-02
-8.712671697139739990e-02
-6.019778084009885788e-03
-2.069448381662368774e-01
-1.217990636825561523e+00
-4.125383794307708740e-01
-5.207686498761177063e-02
-1.007866784930229187e-01
-2.291339486837387085e-01
-7.519540190696716309e-02
2.980112135410308838e-01
1.106237694621086121e-01
-2.728226780891418457e-01
-5.947201251983642578e-01
-1.527608782052993774e-01
-8.668743073940277100e-02
9.296351075172424316e-01
4.659658968448638916e-01
-4.771934822201728821e-02
8.330978453159332275e-02
-1.034784987568855286e-01
6.664702296257019043e-02
4.279996752738952637e-01
3.405146598815917969e-01
6.313978135585784912e-02
2.721943147480487823e-02
-4.399948194622993469e-02
4.319238662719726562e-01
1.839432716369628906e-01
-1.325546950101852417e-01
1.712796092033386230e-01
-2.304796427488327026e-01
9.679659605026245117e-01
-1.785082221031188965e-01
-2.997357165440917015e-03
-1.534070353955030441e-02
-3.274644315242767334e-01
3.648625016212463379e-01
5.283133387565612793e-01
-4.524631500244140625e-01
-5.727338790893554688e-01
-3.355030417442321777e-01
3.471373915672302246e-01
1.403075605630874634e-01
3.318995237350463867e-01
4.882915616035461426e-01
3.616114556789398193e-01
-6.157331466674804688e-01
-1.656122803688049316e-01
-2.648641765117645264e-01
-2.193657867610454559e-02
-2.835910022258758545e-01
-2.870330214500427246e-01
-8.249378800392150879e-01
-4.261085093021392822e-01
-6.573494076728820801e-01
-5.347246527671813965e-01
2.412099540233612061e-01
4.189532101154327393e-01
1.808225214481353760e-01
5.573747158050537109e-01
2.475326210260391235e-01
-2.708075344562530518e-01
-2.711347341537475586e-01
6.185188889503479004e-02
-2.012172639369964600e-01
-7.108285427093505859e-01
5.925806239247322083e-02
-4.441996663808822632e-02
2.458591908216476440e-01
5.675816908478736877e-02
8.342499136924743652e-01
6.812072396278381348e-01
2.885386049747467041e-01
6.245707869529724121e-01
7.955482006072998047e-01
8.491881489753723145e-01
-5.869291424751281738e-01
-1.177035942673683167e-01
-1.349857598543167114e-01
-3.399832248687744141e-01
-4.530851915478706360e-02
3.148613274097442627e-01
2.021166235208511353e-01
-1.057169437408447266e-01
-4.802153110504150391e-01
-2.400417923927307129e-01
2.288736850023269653e-01
-3.029773533344268799e-01
4.475196301937103271e-01
-1.992170065641403198e-01
5.961850285530090332e-01
1.223955005407333374e-01
7.831915020942687988e-01
4.245089292526245117e-01
-2.793682217597961426e-01
1.063320755958557129e+00
-4.304110109806060791e-01
-4.281243085861206055e-01
-2.669860422611236572e-01
1.919301152229309082e-01
-2.634200034663081169e-03
6.352927088737487793e-01
-8.323749899864196777e-01
2.345327585935592651e-01
5.327045917510986328e-03
1.574131250381469727e-01
-2.940184772014617920e-01
-3.956896662712097168e-01
-6.404103040695190430e-01
-4.280265569686889648e-01
-4.467690289020538330e-01
-4.445202946662902832e-01
-5.163603648543357849e-02
-5.223876237869262695e-01
1.519996970891952515e-01
-2.459831684827804565e-01
1.244357675313949585e-01
-8.253264427185058594e-02
8.989289402961730957e-01
2.453410439193248749e-02
8.443197607994079590e-01
-1.734471470117568970e-01
-6.251732707023620605e-01
5.713891386985778809e-01
-3.976400494575500488e-01
-1.168133839964866638e-01
-4.064532518386840820e-01
-1.198413968086242676e-02
-4.554236829280853271e-01
-6.898248791694641113e-01
-2.014812529087066650e-01
1.458878666162490845e-01
9.833767078816890717e-03
-7.831089943647384644e-02
-4.984322562813758850e-02
-7.042688131332397461e-02
-2.562993168830871582e-01
2.120115011930465698e-01
1.858679354190826416e-01
2.796663939952850342e-01
3.135386109352111816e-01
-2.458405941724777222e-01
9.242357313632965088e-02
-8.716710656881332397e-02
-5.558999776840209961e-01
-4.743801653385162354e-01
6.657674312591552734e-01
3.636986017227172852e-02
-2.158336490392684937e-01
8.202625513076782227e-01
3.331521749496459961e-01
1.275800019502639771e-01
-4.871621355414390564e-02
4.865861833095550537e-01
2.021918743848800659e-01
-5.222864449024200439e-03
8.098295331001281738e-02
-2.464113533496856689e-01
-1.206160783767700195e-01
2.821688652038574219e-01
-1.620144993066787720e-01
3.880532383918762207e-01
2.197374254465103149e-01
-7.612918317317962646e-02
4.758662581443786621e-01
1.033327262848615646e-02
4.817626476287841797e-01
1.740091741085052490e-01
4.378286004066467285e-01
2.791087031364440918e-01
-3.391721844673156738e-02
3.474465608596801758e-01
-5.514952540397644043e-01
-1.167583838105201721e-01
5.502860993146896362e-02
-5.700626969337463379e-01
-1.617537885904312134e-01
-1.202140972018241882e-01
-2.377511113882064819e-01
1.157949566841125488e-01
-2.711944580078125000e-01
-5.483542680740356445e-01
-1.369385868310928345e-01
5.861444473266601562e-01
-3.166557252407073975e-01
-1.676529049873352051e-01
7.579950094223022461e-01
-1.094299033284187317e-01
-7.073907852172851562e-01
3.826227188110351562e-01
3.099107146263122559e-01
1.162937164306640625e+00
3.416750812903046608e-03
4.713003039360046387e-01
-1.591574847698211670e-01
4.011730551719665527e-01
-1.923253685235977173e-01
-2.533048689365386963e-01
-5.360811948776245117e-01
3.574639260768890381e-01
7.366125285625457764e-02
3.728406131267547607e-01
-1.245345920324325562e-02
-1.907271444797515869e-01
9.477406740188598633e-01
2.541894912719726562e-01
-1.682738065719604492e-01
1.901515275239944458e-01
9.514617919921875000e-02
-1.092969030141830444e-01
-2.902989983558654785e-01
9.726403653621673584e-02
-2.730166316032409668e-01
-2.430834919214248657e-01
-3.833346068859100342e-01
-8.696074783802032471e-02
-1.749686747789382935e-01
6.576091647148132324e-01
-1.571267545223236084e-01
-2.539651095867156982e-01
-4.567006528377532959e-01
-3.095994144678115845e-02
-2.553713917732238770e-01
-8.134357631206512451e-02
-5.615685582160949707e-01
-2.054509520530700684e-01
-2.834920585155487061e-01
-1.338612884283065796e-01
3.821284472942352295e-01
2.523012757301330566e-01
3.059367537498474121e-01
3.274117112159729004e-01
1.817856798879802227e-03
4.921868070960044861e-02
4.119086563587188721e-01
-5.888751745223999023e-01
-2.997487485408782959e-01
5.704441666603088379e-01
1.721397340297698975e-01
-9.579731523990631104e-02
2.322261035442352295e-01
-1.139476448297500610e-01
3.479682200122624636e-04
-1.689862161874771118e-01
1.373868733644485474e-01
-2.849076390266418457e-01
-6.034707427024841309e-01
-5.214352607727050781e-01
1.409325599670410156e-01
-3.147722780704498291e-02
5.527934432029724121e-01
-1.946525424718856812e-01
-3.416636586189270020e-01
1.886479109525680542e-01
-1.435057073831558228e-02
-4.795252345502376556e-03
8.510832190513610840e-01
8.905141800642013550e-02
2.075344510376453400e-02
-2.530829906463623047e-01
5.098529458045959473e-01
-6.367295980453491211e-02
1.663605570793151855e+00
-2.537293434143066406e-01
-1.895354092121124268e-01
2.769087813794612885e-02
2.919684648513793945e-01
-2.953375130891799927e-02
-1.202124804258346558e-01
6.477532535791397095e-02
7.287569344043731689e-02
6.625783443450927734e-02
1.131547316908836365e-01
5.954004824161529541e-02
2.226535230875015259e-01
-2.476818263530731201e-01
-7.082592695951461792e-02
-3.454120457172393799e-01
2.364483475685119629e-02
1.123523563146591187e-01
-1.279711127281188965e-01
1.573390811681747437e-01
-3.980617970228195190e-02
-4.007878899574279785e-02
-1.106285303831100464e-01
1.213713809847831726e-01
8.894895762205123901e-02
2.745168749243021011e-03
-3.769691586494445801e-01
-4.864490032196044922e-02
7.573640439659357071e-03
8.820310235023498535e-02
3.186235129833221436e-01
-1.164780929684638977e-01
-5.734207853674888611e-02
1.951181292533874512e-01
1.836245507001876831e-02
-5.953740328550338745e-02
-3.860584497451782227e-01
6.209807842969894409e-02
2.943581938743591309e-01
-4.216148331761360168e-02
7.566855102777481079e-02
-2.378612607717514038e-01
9.844678640365600586e-02
1.176115963608026505e-02
