5.514773130416870117e-01
-2.715912163257598877e-01
-4.393972456455230713e-02
1.719299703836441040e-01
-2.579094469547271729e-01
6.997903585433959961e-01
-3.167339414358139038e-02
3.918210268020629883e-01
1.447591632604598999e-01
-1.229951262474060059e+00
-5.551624298095703125e-02
2.187984734773635864e-01
2.209554761648178101e-01
-3.066358566284179688e-01
-9.336450695991516113e-02
-1.132558941841125488e+00
-4.065504297614097595e-03
2.834810018539428711e-01
5.203221440315246582e-01
7.867974042892456055e-01
-1.023524031043052673e-01
-1.495753884315490723e+00
8.040028810501098633e-02
-7.344144582748413086e-01
-3.072902793064713478e-03
-7.382826209068298340e-01
1.869622617959976196e-01
1.013426184654235840e+00
-4.527764618396759033e-01
4.624449014663696289e-01
-1.948905363678932190e-02
3.453300893306732178e-01
3.955076932907104492e-01
-5.511671304702758789e-01
-4.236994981765747070e-01
-5.323410034179687500e-01
3.908860087394714355e-01
5.658393502235412598e-01
3.419017493724822998e-01
1.202383562922477722e-01
1.073304891586303711e+00
-8.250266313552856445e-01
8.302663564682006836e-01
-3.161902725696563721e-01
1.827242970466613770e-02
5.838474631309509277e-01
-7.175401449203491211e-01
6.268580555915832520e-01
-5.324859619140625000e-01
2.129263430833816528e-01
-2.311006933450698853e-01
-3.801334798336029053e-01
6.247866749763488770e-01
-6.950230598449707031e-01
1.229364871978759766e+00
5.923344939947128296e-02
1.534230560064315796e-01
-8.380879759788513184e-01
1.485844135284423828e+00
6.926925778388977051e-01
2.039694488048553467e-01
-2.806793749332427979e-01
-1.554575413465499878e-01
-5.536516383290290833e-02
3.149245977401733398e-01
1.108592674136161804e-01
1.679145991802215576e-01
9.784137010574340820e-01
-2.534735798835754395e-01
-7.997508645057678223e-01
2.526216506958007812e-01
2.762589603662490845e-02
3.406281471252441406e-01
-9.699375033378601074e-01
-2.129122242331504822e-02
-1.176804006099700928e-01
3.897294402122497559e-01
2.273451983928680420e-01
3.307168930768966675e-02
5.098647475242614746e-01
-3.455969989299774170e-01
-1.050294637680053711e-01
-2.010869681835174561e-01
-2.628728747367858887e-01
5.045282840728759766e-01
-3.258046507835388184e-01
-6.945762783288955688e-02
3.155835568904876709e-01
-4.649507999420166016e-02
-3.104972243309020996e-01
7.401036024093627930e-01
5.106914639472961426e-01
7.134095579385757446e-02
-1.634973138570785522e-01
-2.352750748395919800e-01
-6.054428815841674805e-01
6.924142688512802124e-02
5.866065621376037598e-01
-4.413061439990997314e-01
-4.650857448577880859e-01
3.691932559013366699e-01
-3.507722318172454834e-01
4.787866771221160889e-01
3.743385151028633118e-02
-4.621206223964691162e-01
1.727109551429748535e-01
1.876280456781387329e-01
6.576585117727518082e-03
-4.237227737903594971e-01
1.870559751987457275e-01
-7.658611238002777100e-02
-2.303371280431747437e-01
4.225430786609649658e-01
2.359652519226074219e-01
3.382062315940856934e-01
2.241621762514114380e-01
-2.401396930217742920e-01
-2.559281326830387115e-02
1.187979131937026978e-01
-1.804832965135574341e-01
-4.556487798690795898e-01
1.659874022006988525e-01
2.142211347818374634e-01
1.309734433889389038e-01
1.500950604677200317e-01
-1.930468380451202393e-01
-6.767475605010986328e-02
-1.845820546150207520e-01
2.795386910438537598e-01
-1.459419876337051392e-01
-2.497985213994979858e-02
9.050672501325607300e-02
-2.361638247966766357e-01
-1.116039827466011047e-01
1.075716037303209305e-02
1.382196098566055298e-01
-3.648032844066619873e-01
2.008163332939147949e-01
6.813725829124450684e-02
-3.165233433246612549e-01
-1.554886341094970703e+00
7.828126549720764160e-01
-3.111214935779571533e-01
5.615171194076538086e-01
4.492113888263702393e-01
-4.233050346374511719e-01
2.598046660423278809e-01
-4.691445231437683105e-01
4.494370222091674805e-01
2.524161636829376221e-01
1.866933405399322510e-01
4.132902026176452637e-01
-3.494034707546234131e-01
5.475521683692932129e-01
-4.083974361419677734e-01
-1.919987201690673828e-01
-5.148315429687500000e-01
3.356645256280899048e-02
-2.253184169530868530e-01
-8.137432336807250977e-01
1.130373552441596985e-01
-2.933306097984313965e-01
3.194028437137603760e-01
-6.139057502150535583e-02
-7.011874914169311523e-01
3.870377540588378906e-01
-3.603999912738800049e-01
1.784835457801818848e-01
-5.478479266166687012e-01
1.718392074108123779e-01
-6.567937135696411133e-01
-5.108810067176818848e-01
2.070295214653015137e-01
-2.061298191547393799e-01
4.371723234653472900e-01
7.149764895439147949e-01
4.135518968105316162e-01
-4.509916305541992188e-01
1.556906253099441528e-01
5.234690904617309570e-01
9.963548742234706879e-03
-1.828899532556533813e-01
-1.152756452560424805e+00
-3.753203153610229492e-01
5.000289082527160645e-01
1.354411989450454712e-01
5.819402337074279785e-01
-3.296278417110443115e-02
-1.434815376996994019e-01
3.727044463157653809e-01
1.895494759082794189e-01
1.415894180536270142e-01
-1.120644733309745789e-01
6.173013709485530853e-03
-3.091337680816650391e-01
-2.748758792877197266e-01
4.657997488975524902e-01
-5.978184565901756287e-02
3.320911824703216553e-01
1.101770922541618347e-01
4.406346380710601807e-01
-3.429501056671142578e-01
2.456496208906173706e-01
-3.849234580993652344e-01
1.697139739990234375e-01
6.601770222187042236e-02
-1.059369221329689026e-01
6.953201293945312500e-01
-1.211769506335258484e-01
-2.541496418416500092e-02
-4.959005862474441528e-02
8.304397761821746826e-02
6.690312623977661133e-01
-5.922197699546813965e-01
2.428661882877349854e-01
6.269052624702453613e-02
-1.534975469112396240e-01
-3.451277613639831543e-01
1.667167805135250092e-02
2.248775959014892578e-01
-4.842318296432495117e-01
1.361907124519348145e-01
8.822746574878692627e-03
-3.066872060298919678e-01
-5.499574542045593262e-01
-1.294075883924961090e-02
-2.387322783470153809e-01
2.366364449262619019e-01
-1.735921800136566162e-01
6.591702103614807129e-01
-8.721023797988891602e-01
-6.313630342483520508e-01
4.823843836784362793e-01
1.032329797744750977e-01
8.016771078109741211e-02
2.532691359519958496e-01
-3.450973927974700928e-01
5.099628120660781860e-02
-1.175251323729753494e-02
-1.386051625013351440e-01
-2.015032768249511719e-01
-1.166880317032337189e-02
1.193740814924240112e-01
1.933334022760391235e-01
-1.514362990856170654e-01
2.316210232675075531e-02
-1.377818733453750610e-01
-3.145238757133483887e-01
-1.093578152358531952e-02
-4.466235265135765076e-02
5.046108737587928772e-02
-1.498970389366149902e-01
-5.901521071791648865e-02
3.533118665218353271e-01
6.134003028273582458e-02
8.514666557312011719e-02
-2.923829555511474609e-01
3.257421255111694336e-01
-3.032884187996387482e-02
-2.374266684055328369e-01
5.975965261459350586e-01
-6.975737214088439941e-02
-2.482342571020126343e-01
-4.857254326343536377e-01
-3.359231650829315186e-01
-4.963506385684013367e-02
-8.757735043764114380e-02
7.921361327171325684e-01
6.960415095090866089e-02
6.270327419042587280e-02
-3.585943877696990967e-01
-2.208833396434783936e-02
5.999839901924133301e-01
-7.048552632331848145e-01
-2.248790115118026733e-01
-3.099985234439373016e-02
2.544971406459808350e-01
-1.968992948532104492e-01
1.710085123777389526e-01
1.346320956945419312e-01
-1.689469255506992340e-02
3.611685037612915039e-01
2.007099092006683350e-01
4.320918321609497070e-01
-6.784580647945404053e-02
-6.416531205177307129e-01
1.239795237779617310e-01
4.948993027210235596e-01
3.612920045852661133e-01
-1.516707539558410645e-01
-5.044061690568923950e-02
1.575105637311935425e-01
-4.382721707224845886e-02
-3.633081018924713135e-01
-4.067938402295112610e-02
-1.876136660575866699e-01
2.175130508840084076e-02
4.255806207656860352e-01
-8.668670058250427246e-01
2.002694159746170044e-01
-8.909919112920761108e-02
2.472701482474803925e-02
5.548064112663269043e-01
-3.480923771858215332e-01
-1.030015349388122559e-01
-2.312409430742263794e-01
-4.344192147254943848e-01
7.309799790382385254e-01
-2.202590256929397583e-01
-4.237603768706321716e-02
-3.107132762670516968e-02
3.060073405504226685e-02
1.134232044219970703e+00
-7.389556169509887695e-01
8.373583555221557617e-01
-2.935998439788818359e-01
1.421138942241668701e-01
2.349676489830017090e-01
-1.517508924007415771e-02
9.971523284912109375e-02
2.294875979423522949e-01
6.416566669940948486e-02
-1.677525937557220459e-01
-7.549357414245605469e-01
4.161463379859924316e-01
-3.386017978191375732e-01
1.299815773963928223e-01
9.105803966522216797e-01
4.090034961700439453e-02
-1.718458533287048340e-01
5.196168422698974609e-01
3.848412930965423584e-01
1.331939816474914551e+00
-5.086335539817810059e-01
-7.739783823490142822e-02
-2.870485186576843262e-01
3.057214021682739258e-01
-1.031878814101219177e-01
8.823584765195846558e-02
-2.005167491734027863e-02
3.811262249946594238e-01
-4.277037382125854492e-01
-5.114964768290519714e-02
7.444529235363006592e-02
-1.394184082746505737e-01
3.472965359687805176e-01
-2.597498297691345215e-01
-2.636526226997375488e-01
-3.201213181018829346e-01
8.882037401199340820e-01
-1.887902468442916870e-01
-1.469504833221435547e-01
1.108615025877952576e-01
3.547491729259490967e-01
3.636301159858703613e-01
5.615313053131103516e-01
7.545363306999206543e-01
-1.050557971000671387e+00
9.816249012947082520e-01
6.423308253288269043e-01
2.537231147289276123e-01
-5.470635294914245605e-01
3.859309852123260498e-01
1.066600009799003601e-01
8.275161683559417725e-02
3.183071613311767578e-01
-2.731950879096984863e-01
7.798636704683303833e-02
-1.505361646413803101e-01
2.984696924686431885e-01
-4.329741299152374268e-01
-1.704791337251663208e-01
1.074395105242729187e-01
-1.880627274513244629e-01
4.262095689773559570e-01
2.962477207183837891e-01
-2.525213956832885742e-01
-3.914084434509277344e-01
5.329014062881469727e-01
3.492796123027801514e-01
-5.972239375114440918e-01
1.218085587024688721e-01
-1.816554069519042969e-01
1.282032281160354614e-01
3.715619146823883057e-01
-2.468970566987991333e-01
4.169566035270690918e-01
1.840783804655075073e-01
1.847388744354248047e-01
-9.214355945587158203e-01
5.993356704711914062e-01
5.160278677940368652e-01
-2.414572983980178833e-01
-5.712798833847045898e-01
-1.678163409233093262e-01
-4.519369006156921387e-01
-2.173704653978347778e-01
8.347148299217224121e-01
-4.805319011211395264e-01
-4.328728020191192627e-01
4.382181167602539062e-01
-2.967113554477691650e-01
-1.903017908334732056e-01
-2.705200910568237305e-01
5.856485366821289062e-01
-2.584965527057647705e-01
1.462102681398391724e-01
4.292058050632476807e-01
3.686935305595397949e-01
-6.674500703811645508e-01
4.794867336750030518e-01
5.422235727310180664e-01
-5.435980111360549927e-02
-7.999493479728698730e-01
-6.931254267692565918e-02
1.434497684240341187e-01
4.628988504409790039e-01
4.808735251426696777e-01
-8.205728232860565186e-02
4.097288548946380615e-01
3.522168993949890137e-01
-1.998299509286880493e-01
4.209193885326385498e-01
-4.672839492559432983e-02
-1.257023662328720093e-01
7.239403128623962402e-01
-4.303644001483917236e-01
-8.093365281820297241e-02
-2.653072476387023926e-01
5.938205122947692871e-01
-2.446425408124923706e-01
-4.529781043529510498e-01
3.538602292537689209e-01
1.179386824369430542e-01
5.010527968406677246e-01
2.317216992378234863e-02
1.483652740716934204e-01
-9.309252500534057617e-01
9.483913779258728027e-01
6.018672585487365723e-01
-2.852677404880523682e-01
5.338181257247924805e-01
-6.372278928756713867e-01
8.401636034250259399e-02
6.550205349922180176e-01
-4.252203106880187988e-01
1.634909063577651978e-01
7.451949268579483032e-02
7.625613361597061157e-02
-5.346605777740478516e-01
1.108467340469360352e+00
7.666499614715576172e-01
9.645652025938034058e-02
-2.922572493553161621e-01
-2.492443472146987915e-02
-4.548929631710052490e-01
1.727832704782485962e-01
1.770705431699752808e-01
-5.081780254840850830e-02
-1.309781670570373535e-01
4.031556844711303711e-01
-3.357070386409759521e-01
5.976026654243469238e-01
-2.627548873424530029e-01
-5.274663567543029785e-01
7.154337167739868164e-01
-2.240730375051498413e-01
1.065478250384330750e-01
3.829810917377471924e-01
9.832809865474700928e-02
2.497872337698936462e-02
-4.111690819263458252e-01
2.615853250026702881e-01
2.045048773288726807e-01
5.338803529739379883e-01
7.332918643951416016e-01
-6.986978054046630859e-01
-5.169176310300827026e-02
5.710124969482421875e-01
-4.668361544609069824e-01
-3.811797201633453369e-01
-8.055534362792968750e-01
7.415699958801269531e-01
1.622376739978790283e-01
1.712436042726039886e-02
1.356632411479949951e-01
-6.719530820846557617e-01
3.236835896968841553e-01
1.034071087837219238e+00
1.875296950340270996e+00
-6.842046380043029785e-01
1.145687177777290344e-01
1.602559983730316162e-01
3.077038526535034180e-01
4.365152716636657715e-01
4.385513067245483398e-01
-3.688841164112091064e-01
-9.321372509002685547e-01
3.153642416000366211e-01
-5.706230998039245605e-01
-4.038971662521362305e-01
9.971577674150466919e-03
-1.822954863309860229e-01
-2.754915356636047363e-01
-1.513797491788864136e-01
-4.984776675701141357e-02
1.176004409790039062e-01
-2.248029410839080811e-01
1.194684207439422607e-01
-8.432137966156005859e-01
8.376645296812057495e-02
-1.642711997032165527e+00
-5.956423878669738770e-01
1.021380722522735596e-01
2.730747871100902557e-02
-8.343823552131652832e-01
-1.498095393180847168e-01
3.072325587272644043e-01
-1.914377063512802124e-01
7.999933511018753052e-02
-2.251831442117691040e-01
8.177932351827621460e-02
-1.534064263105392456e-01
1.311191469430923462e-01
3.513047397136688232e-01
-4.192668497562408447e-01
3.148026466369628906e-01
-2.096755653619766235e-01
-1.183646917343139648e-01
-9.418455511331558228e-02
1.762862503528594971e-01
-6.219072267413139343e-02
5.099299177527427673e-02
-1.136463582515716553e-01
-3.707247376441955566e-01
-5.066221356391906738e-01
3.796656727790832520e-01
1.277182251214981079e-01
-5.142980217933654785e-01
4.814939796924591064e-01
1.441762149333953857e-01
-4.440255165100097656e-01
6.871919333934783936e-02
-6.354014277458190918e-01
-1.187090158462524414e+00
3.952936828136444092e-01
-2.409576177597045898e-01
3.584997653961181641e-01
6.169961392879486084e-02
1.711052656173706055e-01
-3.904303610324859619e-01
-3.652463555335998535e-01
4.022148251533508301e-02
2.578562200069427490e-01
2.232121974229812622e-01
3.075412511825561523e-01
-5.106680467724800110e-02
2.214344888925552368e-01
1.103894114494323730e-01
-4.044899940490722656e-01
-2.480879873037338257e-01
-3.388668596744537354e-01
1.442723274230957031e-01
-6.555009484291076660e-01
-3.949870765209197998e-01
8.671057224273681641e-02
-2.494666725397109985e-01
4.116936773061752319e-02
-2.614582702517509460e-02
-3.503696322441101074e-01
-1.737881898880004883e-01
-5.592873096466064453e-01
2.572402544319629669e-02
-2.293550409376621246e-02
1.124746352434158325e-01
7.838853448629379272e-02
-2.252706438302993774e-01
-1.327756233513355255e-02
3.325474262237548828e-01
-1.668044328689575195e-01
3.574108481407165527e-01
-3.917267546057701111e-03
5.701478123664855957e-01
8.446216583251953125e-01
-9.459120780229568481e-02
-7.614604383707046509e-02
-2.328418493270874023e-01
1.302114725112915039e-01
-2.674998156726360321e-02
3.930217325687408447e-01
-8.770605921745300293e-02
7.520811557769775391e-01
8.190144896507263184e-01
9.744471311569213867e-02
3.328400105237960815e-02
2.915292680263519287e-01
5.276639759540557861e-02
4.044502377510070801e-01
6.992682069540023804e-02
2.463340908288955688e-01
-2.449969947338104248e-01
5.932267010211944580e-02
9.152780771255493164e-01
3.956274986267089844e-01
1.741406023502349854e-01
-3.184006214141845703e-01
1.701591610908508301e-01
1.256089210510253906e-01
-2.022585123777389526e-01
4.897830635309219360e-02
-6.272077560424804688e-01
4.228126108646392822e-01
-8.659652620553970337e-02
5.008889711461961269e-04
-4.887409508228302002e-02
1.495452970266342163e-01
2.416844516992568970e-01
-2.231994271278381348e-01
1.022145226597785950e-01
2.170158773660659790e-01
1.927439589053392410e-03
-4.041619896888732910e-01
2.076134443283081055e+00
-1.511981058865785599e-02
-2.484233677387237549e-02
4.359674155712127686e-01
-1.355909109115600586e-01
3.881752192974090576e-01
4.804485291242599487e-02
1.847436428070068359e-01
-1.049053668975830078e-01
-3.318961858749389648e-01
5.109781026840209961e-01
8.596215397119522095e-02
7.113080471754074097e-02
1.680636852979660034e-01
-1.792166531085968018e-01
-7.575382590293884277e-01
-2.794398739933967590e-02
-1.845739334821701050e-01
4.926458001136779785e-01
1.416492611169815063e-01
-5.109894275665283203e-01
4.305621385574340820e-01
1.501257903873920441e-02
4.197419434785842896e-02
3.615051740780472755e-03
9.958492964506149292e-02
-7.706996202468872070e-01
-3.121514618396759033e-01
7.546313852071762085e-02
2.023071199655532837e-01
-2.973501086235046387e-01
-1.300793439149856567e-01
-2.739029824733734131e-01
-2.393579334020614624e-01
5.063451081514358521e-02
1.573661088943481445e+00
-1.649745851755142212e-01
2.930250465869903564e-01
-1.065759301185607910e+00
1.817536503076553345e-01
-2.914020046591758728e-02
-1.778981238603591919e-01
-5.541449189186096191e-01
-4.935396090149879456e-02
6.184265390038490295e-02
-6.399054080247879028e-02
-1.097592245787382126e-02
3.486017286777496338e-01
-4.678772985935211182e-01
6.236076354980468750e-01
-1.685734093189239502e-01
7.031875252723693848e-01
4.008047878742218018e-01
1.384848654270172119e-01
-4.682539999485015869e-01
8.004605770111083984e-01
4.219377040863037109e-01
-3.461958467960357666e-01
4.231442213058471680e-01
1.341056227684020996e+00
-1.672777980566024780e-01
-6.144421547651290894e-02
5.430881679058074951e-02
-2.867664098739624023e-01
1.905124485492706299e-01
-1.422123312950134277e-01
-1.016871571540832520e+00
-3.932359218597412109e-01
4.025167226791381836e-01
6.152004376053810120e-02
-1.383371055126190186e-01
-2.136063724756240845e-01
-2.683736085891723633e-01
-3.242786228656768799e-01
3.839785456657409668e-01
5.756306052207946777e-01
-6.032947823405265808e-02
1.031852245330810547e+00
-4.914859831333160400e-01
-1.874093413352966309e-01
1.297304779291152954e-01
7.459534704685211182e-02
-8.653323054313659668e-01
4.270208775997161865e-01
-1.147012948989868164e+00
5.017758011817932129e-01
1.266616344451904297e+00
3.729715049266815186e-01
-6.202580332756042480e-01
2.466522306203842163e-01
2.239802107214927673e-02
2.930362820625305176e-01
1.985962092876434326e-01
2.437304407358169556e-01
-3.057500123977661133e-01
-2.677918374538421631e-01
2.874818742275238037e-01
-5.903671383857727051e-01
1.052674889564514160e+00
-1.806610524654388428e-01
-3.240675926208496094e-01
-2.576740980148315430e-01
-1.701875180006027222e-01
4.379998743534088135e-01
-2.833251357078552246e-01
1.891745477914810181e-01
8.334848284721374512e-02
-4.669433236122131348e-01
2.485948801040649414e-01
-9.881521016359329224e-02
3.691688776016235352e-01
1.030807420611381531e-01
3.464003205299377441e-01
2.283455580472946167e-01
1.229219064116477966e-01
7.770488262176513672e-01
3.026910722255706787e-01
-2.852693796157836914e-01
2.327602803707122803e-01
7.272558286786079407e-03
5.436930432915687561e-02
4.687540233135223389e-01
-9.407049417495727539e-01
-6.323039531707763672e-02
1.269402652978897095e-01
4.134231433272361755e-02
-1.873699724674224854e-01
1.287662684917449951e-01
8.811646103858947754e-01
1.469144821166992188e-01
3.496098816394805908e-01
-1.664295315742492676e+00
-6.678811311721801758e-01
-6.138892471790313721e-02
8.720397353172302246e-01
-3.876113519072532654e-02
-5.899553894996643066e-01
3.563015162944793701e-01
-5.061653256416320801e-01
-4.473056197166442871e-01
8.912540078163146973e-01
-3.257348835468292236e-01
-4.379227757453918457e-01
2.806017100811004639e-01
-1.994311213493347168e-01
3.305225670337677002e-01
-8.585545420646667480e-02
-3.360392525792121887e-02
-3.506106436252593994e-01
-1.608446985483169556e-02
5.715378373861312866e-02
5.376995801925659180e-01
3.257363140583038330e-01
2.527126669883728027e-01
-3.483273088932037354e-02
-2.416494190692901611e-01
6.714496761560440063e-02
-1.779485046863555908e-01
-4.151780307292938232e-01
-2.789738178253173828e-01
4.689622819423675537e-01
-6.295593082904815674e-02
-9.034026861190795898e-01
1.049874909222126007e-02
-7.009592056274414062e-01
3.125599771738052368e-02
3.838385045528411865e-01
-1.609433144330978394e-01
-5.669953823089599609e-01
-1.758578866720199585e-01
2.113400399684906006e-01
3.582450449466705322e-01
5.654730796813964844e-01
2.978597283363342285e-01
-3.521853983402252197e-01
-1.598321795463562012e-01
2.605893909931182861e-01
-3.515041768550872803e-01
1.796308010816574097e-01
6.035804152488708496e-01
-1.211296170949935913e-01
5.275701284408569336e-01
1.939985156059265137e-01
-3.054669499397277832e-01
1.094827428460121155e-01
-1.157403066754341125e-01
-2.607737183570861816e-01
5.424725264310836792e-02
1.733229160308837891e-01
1.508893966674804688e-01
-2.147228121757507324e-01
-3.634273409843444824e-01
-7.245562672615051270e-01
-2.307731062173843384e-01
9.176440834999084473e-01
1.614127457141876221e-01
-3.601288795471191406e-01
4.216585159301757812e-01
-1.858177185058593750e+00
5.528396368026733398e-02
2.901364862918853760e-01
-7.530393451452255249e-02
-1.716711521148681641e-01
-1.921397261321544647e-02
-1.223021298646926880e-01
5.460573360323905945e-02
4.003967344760894775e-01
4.052362740039825439e-01
1.761874929070472717e-02
-1.273031681776046753e-01
2.066979557275772095e-01
-1.358399838209152222e-01
3.336295783519744873e-01
1.180430129170417786e-02
-3.098835051059722900e-01
-9.350989460945129395e-01
2.281183600425720215e-01
-3.053860068321228027e-01
9.775888919830322266e-01
8.165067434310913086e-02
8.331181854009628296e-02
-6.210055947303771973e-02
1.622921705245971680e+00
-3.702160120010375977e-01
2.368734478950500488e-01
-1.002106741070747375e-01
2.330892682075500488e-01
3.086076378822326660e-01
8.069878220558166504e-01
-1.707427352666854858e-01
2.696741372346878052e-03
-7.796865701675415039e-01
-3.038740754127502441e-01
-1.081317588686943054e-01
-3.076055347919464111e-01
-6.276391148567199707e-01
-3.107184469699859619e-01
-8.794371038675308228e-02
-7.265529036521911621e-02
-9.533005766570568085e-03
7.592397332191467285e-01
7.468263506889343262e-01
1.776182278990745544e-02
5.114848609082400799e-04
-1.546460092067718506e-01
-2.094426155090332031e-01
3.505605086684226990e-02
2.697403132915496826e-01
-8.327435255050659180e-01
2.548529505729675293e-01
8.839136958122253418e-01
2.707768976688385010e-02
-2.152865082025527954e-01
5.032826215028762817e-02
3.115506768226623535e-01
3.690808415412902832e-01
-2.806447446346282959e-01
-7.814364880323410034e-02
4.100971221923828125e-01
-2.885166704654693604e-01
-2.163592576980590820e-01
5.099355578422546387e-01
4.279635846614837646e-01
-9.883728623390197754e-02
8.260206133127212524e-02
3.493660986423492432e-01
-8.144617080688476562e-02
1.216234415769577026e-01
6.849388033151626587e-02
5.958270430564880371e-01
5.068617463111877441e-01
-1.384750455617904663e-01
2.326201945543289185e-01
1.276466548442840576e-01
-4.725738167762756348e-01
2.338352054357528687e-01
-4.612774252891540527e-01
3.920383378863334656e-02
5.438715219497680664e-02
3.909035027027130127e-01
-2.690489031374454498e-02
-1.786814630031585693e-01
4.495384693145751953e-01
-1.002607107162475586e+00
-1.915215551853179932e-01
-1.209359392523765564e-01
-3.217855095863342285e-01
1.643992066383361816e-01
5.890825018286705017e-02
5.680341646075248718e-02
2.168736010789871216e-01
-5.131877958774566650e-02
7.005110383033752441e-02
1.608224809169769287e-01
1.254271119832992554e-01
6.899195164442062378e-02
7.143345475196838379e-02
-6.350818872451782227e-01
1.721398681402206421e-01
7.737974822521209717e-02
-5.260895490646362305e-01
5.742309689521789551e-01
7.704389691352844238e-01
-5.240388512611389160e-01
1.514719128608703613e-01
5.179696679115295410e-01
-4.617231190204620361e-01
7.216591238975524902e-01
-3.080953657627105713e-01
1.123640611767768860e-01
1.607020050287246704e-01
6.259457767009735107e-02
2.124417722225189209e-01
6.461239457130432129e-01
-9.762406349182128906e-02
-8.220978081226348877e-02
-1.711295694112777710e-01
-3.851100057363510132e-02
-1.486457884311676025e-01
5.015541911125183105e-01
8.335643261671066284e-02
1.941025108098983765e-01
3.704858422279357910e-01
-2.371416985988616943e-02
-2.632981538772583008e-01
4.411094635725021362e-02
-1.104828938841819763e-01
4.438618123531341553e-01
2.316745817661285400e-01
-1.740967929363250732e-01
-7.110581994056701660e-01
-4.170768335461616516e-02
9.478773176670074463e-02
-5.487442482262849808e-03
1.400256752967834473e-01
1.428073883056640625e+00
-3.434308767318725586e-01
-1.138593912124633789e+00
-4.815185964107513428e-01
-4.432250559329986572e-01
-5.337249487638473511e-02
-2.805517613887786865e-01
-2.152521461248397827e-01
-5.760053917765617371e-02
-1.262080073356628418e-01
-1.300276368856430054e-01
3.039516210556030273e-01
-7.380639314651489258e-01
2.765233814716339111e-01
-2.618461847305297852e-01
-1.488822251558303833e-01
6.619445085525512695e-01
-1.168925836682319641e-01
-2.917242646217346191e-01
1.952352225780487061e-01
2.897144258022308350e-01
4.412324428558349609e-01
-1.834476888179779053e-01
3.079308010637760162e-02
-2.077556252479553223e-01
-4.848713427782058716e-02
2.374755740165710449e-01
-1.350267529487609863e-01
2.615342475473880768e-02
-3.679346740245819092e-01
3.902797698974609375e-01
-1.382736116647720337e-01
-2.877151370048522949e-01
-1.947478353977203369e-01
3.854500949382781982e-01
1.791482806205749512e+00
-1.500006765127182007e-01
-1.542172022163867950e-02
2.515983283519744873e-01
-2.682643942534923553e-02
-1.310534477233886719e+00
-1.288785971701145172e-02
-1.664922386407852173e-01
-4.242498874664306641e-01
7.593342568725347519e-03
3.390532433986663818e-01
-3.852298259735107422e-01
-9.462072849273681641e-01
-3.736471533775329590e-01
2.246423065662384033e-01
-5.026783943176269531e-01
6.910582780838012695e-01
-9.761720895767211914e-01
5.003129839897155762e-01
-1.304047405719757080e-01
-3.248214721679687500e-01
7.812724709510803223e-01
-3.676073551177978516e-01
-7.439742088317871094e-01
7.785471081733703613e-01
-3.526036441326141357e-02
1.728405952453613281e-01
-1.287781149148941040e-01
-2.175102084875106812e-01
-6.743057966232299805e-01
-1.263615954667329788e-02
-1.787982732057571411e-01
1.452722698450088501e-01
1.232411637902259827e-01
3.416442275047302246e-01
-1.541632264852523804e-01
-9.029536843299865723e-01
-1.932782866060733795e-02
-2.531073391437530518e-01
-7.613209076225757599e-03
1.363236159086227417e-01
-4.533070027828216553e-01
6.848224252462387085e-02
-2.551623061299324036e-02
-4.412371814250946045e-01
-1.917511783540248871e-02
-1.892831474542617798e-01
7.141394615173339844e-01
-2.118321061134338379e-01
-8.539360016584396362e-02
-2.009804248809814453e-01
5.191215872764587402e-01
7.833572477102279663e-02
-3.033041059970855713e-01
-5.135470628738403320e-02
8.488659560680389404e-02
3.909128904342651367e-01
-2.698740363121032715e-01
-1.712585389614105225e-01
-7.082564383745193481e-02
2.219557285308837891e+00
3.544279932975769043e-01
2.674576342105865479e-01
1.420953124761581421e-01
1.793937236070632935e-01
-3.594848811626434326e-01
-5.243098735809326172e-01
-3.107753098011016846e-01
4.505015537142753601e-02
-5.373774170875549316e-01
-2.993085980415344238e-01
7.852486521005630493e-02
1.310086846351623535e-01
1.419124364852905273e+00
-1.096232682466506958e-01
-2.114090472459793091e-01
-6.095958352088928223e-01
3.491335213184356689e-01
2.768928110599517822e-01
1.300398260354995728e-01
9.732783436775207520e-01
-2.705418765544891357e-01
-1.353598833084106445e-01
-7.686205673962831497e-03
-1.942671239376068115e-01
7.145060226321220398e-03
-4.377339482307434082e-01
-2.152533769607543945e+00
4.660702347755432129e-01
-2.777636647224426270e-01
-1.223561689257621765e-01
5.557306408882141113e-01
7.217943668365478516e-01
-2.730000950396060944e-02
-3.176799118518829346e-01
2.488374412059783936e-01
-5.932508111000061035e-01
4.505498707294464111e-01
-3.034104108810424805e-01
4.599861502647399902e-01
2.692924141883850098e-01
-2.423513084650039673e-01
3.421598076820373535e-01
4.911041557788848877e-01
-4.445215165615081787e-01
-3.262664750218391418e-02
-2.960059940814971924e-01
6.154718995094299316e-02
4.349348694086074829e-02
5.922633782029151917e-02
-2.744845449924468994e-01
1.511801183223724365e-01
-9.894139319658279419e-02
-2.191518247127532959e-01
1.240779012441635132e-01
3.471612334251403809e-01
4.365783333778381348e-01
-1.353372484445571899e-01
-4.185988306999206543e-01
2.532955408096313477e-01
-2.724867820739746094e+00
6.521219760179519653e-02
-1.748362556099891663e-02
3.037686347961425781e-01
-2.291155606508255005e-01
-4.760208725929260254e-02
7.914346456527709961e-02
-3.728156685829162598e-01
1.294526606798171997e-01
-8.052372187376022339e-02
-3.780457377433776855e-02
2.775644659996032715e-01
5.743725597858428955e-02
2.585616707801818848e-01
2.329792529344558716e-01
9.938214719295501709e-02
-5.288223624229431152e-01
5.368779897689819336e-01
1.273334175348281860e-01
1.952881217002868652e-01
-2.566560983657836914e+00
-3.444665670394897461e-01
3.514528572559356689e-01
1.748021245002746582e-01
-1.166870631277561188e-02
4.803000092506408691e-01
-4.977618455886840820e-01
5.250451564788818359e-01
-3.603360056877136230e-01
1.050545811653137207e+00
3.698171377182006836e-01
-1.660399585962295532e-01
5.910147354006767273e-02
-1.205570697784423828e+00
-1.466161012649536133e-01
-3.926522433757781982e-01
-8.455524593591690063e-02
-4.424994811415672302e-02
7.726386934518814087e-02
-2.123451381921768188e-01
-4.383300542831420898e-01
-2.719087339937686920e-02
-1.078941002488136292e-01
-2.545637488365173340e-01
3.848110437393188477e-01
-8.378768712282180786e-02
-3.078384995460510254e-01
-6.163429021835327148e-01
-3.183518648147583008e-01
-3.529180288314819336e-01
-1.302321851253509521e-01
8.598190546035766602e-02
1.248101592063903809e-01
9.569181799888610840e-01
2.698423564434051514e-01
2.400747984647750854e-01
-6.984148621559143066e-01
-2.230315059423446655e-01
-1.465270966291427612e-01
-1.494684070348739624e-01
5.416938066482543945e-01
-1.251142621040344238e+00
4.468366205692291260e-01
6.114038079977035522e-02
-1.524227708578109741e-01
-2.450179010629653931e-01
-1.872734278440475464e-01
2.942013442516326904e-01
-3.135935664176940918e-01
2.391078770160675049e-01
2.493927329778671265e-01
-2.945323586463928223e-01
-1.391967535018920898e-01
1.495707035064697266e-01
-6.904019713401794434e-01
-9.801799058914184570e-02
-6.007364988327026367e-01
-2.025554478168487549e-01
4.114384353160858154e-01
4.573951661586761475e-02
-9.599953889846801758e-02
-4.321550428867340088e-01
-2.218924164772033691e-01
6.038752850145101547e-03
4.880833625793457031e-02
6.181611418724060059e-01
1.396991729736328125e+00
-7.796546220779418945e-01
-5.509810447692871094e-01
3.966645002365112305e-01
5.909973382949829102e-02
1.066803932189941406e-01
8.428649902343750000e-01
-6.178810000419616699e-01
8.417403697967529297e-02
1.575131267309188843e-01
-1.047889292240142822e-01
5.876328423619270325e-02
4.352923855185508728e-02
-4.470111057162284851e-02
-2.924586534500122070e-01
-2.473100274801254272e-01
3.843514919281005859e-01
2.981175780296325684e-01
6.264651566743850708e-02
-1.345656961202621460e-01
1.031391993165016174e-01
-3.383911252021789551e-01
1.801882833242416382e-01
-1.989838033914566040e-01
-3.128000497817993164e-01
1.184931755065917969e+00
2.041700184345245361e-01
-3.272667527198791504e-01
-3.779350519180297852e-01
1.919118463993072510e-01
1.647348254919052124e-01
-6.787907332181930542e-02
-7.539339363574981689e-02
6.338692903518676758e-01
8.132448792457580566e-01
1.126545760780572891e-02
3.321693837642669678e-01
2.510996162891387939e-01
2.246119454503059387e-02
-1.343159377574920654e-01
-1.235619306564331055e+00
-2.282950431108474731e-01
2.348990589380264282e-01
-9.297902882099151611e-02
-1.553054153919219971e-01
2.642815001308917999e-02
1.527896672487258911e-01
1.625004559755325317e-01
4.536903798580169678e-01
9.861846566200256348e-01
-3.477293252944946289e-01
-7.854390889406204224e-02
-5.829737707972526550e-02
3.289659321308135986e-01
2.530142068862915039e-01
-2.859116792678833008e-01
8.021894097328186035e-01
3.830013275146484375e-01
-2.677780985832214355e-01
2.706724703311920166e-01
7.516632974147796631e-02
2.877372205257415771e-01
2.488735318183898926e-01
-3.413610160350799561e-01
-5.723036453127861023e-02
7.618418335914611816e-02
-4.287829995155334473e-02
-2.014969736337661743e-01
2.662138640880584717e-01
2.987081408500671387e-01
2.337143421173095703e-01
-4.058822989463806152e-01
-1.679403930902481079e-01
1.572405993938446045e-01
5.642966628074645996e-01
4.142696559429168701e-01
-4.477473497390747070e-01
-1.286027133464813232e-01
4.808642342686653137e-02
7.888425141572952271e-02
6.514338254928588867e-01
3.954173624515533447e-01
-2.500085532665252686e-01
-1.752592086791992188e+00
1.102506220340728760e-01
-9.812814742326736450e-02
6.852800492197275162e-03
4.159533977508544922e-01
2.884565293788909912e-01
-1.773967146873474121e-01
-7.088474631309509277e-01
1.872227936983108521e-01
3.530284166336059570e-01
-1.464834809303283691e-01
-8.648171275854110718e-02
-4.898364245891571045e-01
-5.067546665668487549e-02
2.363049536943435669e-01
-2.735359668731689453e-01
-1.268352381885051727e-03
9.661028534173965454e-02
3.734214901924133301e-01
-1.404009908437728882e-01
2.975460290908813477e-01
1.569569483399391174e-02
-3.651006147265434265e-02
2.866566181182861328e-01
-1.783212572336196899e-01
-6.186864897608757019e-02
1.616336554288864136e-01
-1.652105152606964111e-01
5.728807449340820312e-01
1.439711451530456543e-01
-1.970202177762985229e-01
-1.984153836965560913e-01
2.152346372604370117e-01
-2.063204944133758545e-01
1.715967506170272827e-01
2.727214992046356201e-01
2.859828174114227295e-01
1.165258437395095825e-01
-4.288088977336883545e-01
-1.733502030372619629e+00
-1.034544780850410461e-01
1.081592589616775513e-01
4.598904848098754883e-01
3.641680181026458740e-01
3.057272545993328094e-02
4.652856662869453430e-02
3.593762172386050224e-03
6.312008947134017944e-02
1.073498725891113281e-01
-5.377382412552833557e-02
-1.158261820673942566e-01
-7.628830671310424805e-01
3.239722251892089844e-01
-5.336015224456787109e-01
-6.266164779663085938e-01
2.914446294307708740e-01
3.634434044361114502e-01
1.070985421538352966e-01
1.898977458477020264e-01
-7.875530421733856201e-02
1.377981156110763550e-01
-4.377779364585876465e-01
-6.258154660463333130e-02
1.084755957126617432e-01
-6.999367475509643555e-02
-2.614340484142303467e-01
3.418402671813964844e-01
-7.363073229789733887e-01
1.488235741853713989e-01
3.504591286182403564e-01
-8.112880587577819824e-01
-1.232171431183815002e-01
-2.169912159442901611e-01
3.746867179870605469e-01
-8.556777238845825195e-02
2.865580841898918152e-02
3.799119293689727783e-01
2.548820078372955322e-01
-1.014514043927192688e-01
5.594001412391662598e-01
1.184608936309814453e-01
-3.184854984283447266e-01
1.615720391273498535e-01
4.095954895019531250e-01
-1.121744699776172638e-02
1.206955537199974060e-01
1.504745602607727051e+00
-1.661177515983581543e+00
1.145041063427925110e-01
-1.614494323730468750e-01
-4.614623188972473145e-01
-4.759695231914520264e-01
-1.909813284873962402e-02
1.090186238288879395e-01
1.881062090396881104e-01
4.566542804241180420e-01
3.356470465660095215e-01
1.504930555820465088e-01
2.144516259431838989e-01
1.895366311073303223e+00
-2.181218266487121582e-01
2.762496285140514374e-02
7.827697694301605225e-02
-1.415527313947677612e-01
8.534380793571472168e-02
-3.449703156948089600e-01
6.373061239719390869e-02
8.410246372222900391e-01
-5.032096505165100098e-01
-4.198625385761260986e-01
-9.518016129732131958e-02
4.447621703147888184e-01
1.795440465211868286e-01
1.145243942737579346e-01
1.908557713031768799e-01
-3.346793353557586670e-01
-5.531148910522460938e-01
-2.673648595809936523e-01
-7.327117323875427246e-01
-4.358110725879669189e-01
-5.510079264640808105e-01
-2.724410891532897949e-01
5.089296773076057434e-02
9.854998439550399780e-03
3.197765648365020752e-01
-2.113348245620727539e-01
-8.569208383560180664e-01
-2.013046741485595703e+00
-1.234754920005798340e-01
-1.427677720785140991e-01
-2.197096869349479675e-02
-8.385791629552841187e-02
-1.012428030371665955e-01
1.957646906375885010e-01
-4.423046708106994629e-01
-1.624789834022521973e-01
-1.055305153131484985e-01
9.083508849143981934e-01
-6.553342342376708984e-01
-7.769598159939050674e-03
-1.133654415607452393e-01
1.991071850061416626e-01
2.940080165863037109e-01
-2.497372031211853027e-01
3.002808988094329834e-01
-2.337285131216049194e-01
1.736718714237213135e-01
2.359098494052886963e-01
1.441735178232192993e-01
9.910309314727783203e-01
-9.264113008975982666e-02
6.736025214195251465e-02
-4.766101017594337463e-02
3.422274887561798096e-01
-3.270872533321380615e-01
3.575442135334014893e-01
-1.292201727628707886e-01
1.868678182363510132e-01
-5.655614733695983887e-01
1.261552095413208008e+00
1.713750511407852173e-01
4.840080142021179199e-01
-3.933990299701690674e-01
-6.380102783441543579e-02
3.037971556186676025e-01
-3.844375014305114746e-01
5.802077054977416992e-01
4.215264916419982910e-01
-2.879648804664611816e-01
-5.391203239560127258e-02
-7.323500700294971466e-03
-1.374029461294412613e-02
1.574934273958206177e-01
-3.265163600444793701e-01
4.171462059020996094e-01
3.183198571205139160e-01
5.200173705816268921e-02
3.094316720962524414e-01
-6.447283625602722168e-01
-3.774258494377136230e-02
-6.515534967184066772e-02
2.738522887229919434e-01
-2.818160876631736755e-02
-2.333593964576721191e-01
-1.375674605369567871e-01
-1.313356589525938034e-02
-3.706701099872589111e-01
9.559170007705688477e-01
-3.490754663944244385e-01
-4.087981283664703369e-01
-2.123326063156127930e-01
2.142871320247650146e-01
-9.685424715280532837e-02
6.018638610839843750e-01
1.505311205983161926e-02
7.853246480226516724e-02
-4.021327793598175049e-01
-6.051585674285888672e-01
1.495459377765655518e-01
-2.479375302791595459e-01
3.993731923401355743e-03
1.437200158834457397e-01
-1.186121106147766113e-01
-3.623698651790618896e-01
4.899735562503337860e-03
-2.143842279911041260e-01
-4.711629748344421387e-01
6.599835753440856934e-01
-1.240520924329757690e-01
-2.377985417842864990e-01
4.479835629463195801e-01
3.097217381000518799e-01
7.858593761920928955e-02
1.896200925111770630e-01
-2.336412817239761353e-01
-1.702795922756195068e-01
-5.228071808815002441e-01
2.179288268089294434e-01
-1.593114137649536133e-01
-1.559181958436965942e-01
-8.901303261518478394e-02
-6.208665966987609863e-01
4.658501595258712769e-02
-1.332788765430450439e-01
-1.645177043974399567e-02
4.185694456100463867e-02
-3.393681347370147705e-01
-1.119457092136144638e-02
-3.271684423089027405e-02
1.492158919572830200e-01
6.293038725852966309e-01
-1.790710240602493286e-01
9.666219353675842285e-02
1.446436792612075806e-01
-2.093022912740707397e-01
-4.490707814693450928e-02
-2.176222763955593109e-02
-1.269127279520034790e-01
1.146379187703132629e-01
-2.577460706233978271e-01
-2.216586172580718994e-01
1.417494099587202072e-02
4.281968250870704651e-02
-4.944678843021392822e-01
1.561383754014968872e-01
-2.220707088708877563e-01
-9.093118906021118164e-01
8.959801197052001953e-01
-5.038388967514038086e-01
5.007307603955268860e-02
3.716947734355926514e-01
3.224349617958068848e-01
-8.913709223270416260e-02
5.011510103940963745e-02
-1.724309474229812622e-01
-3.056187629699707031e-01
-3.522004783153533936e-01
-3.870923817157745361e-02
1.073749214410781860e-01
-1.151877120137214661e-01
-2.037586718797683716e-01
-1.061847782693803310e-03
-2.043353319168090820e-01
-3.539361953735351562e-01
6.515013426542282104e-02
-1.303374916315078735e-01
-9.506224393844604492e-01
9.099633097648620605e-01
-1.346343308687210083e-01
-1.414236783981323242e+00
6.512299776077270508e-01
1.617989540100097656e-01
1.748151779174804688e-01
1.897581219673156738e-01
-2.250363118946552277e-02
-3.535999059677124023e-01
-1.360354572534561157e-01
-2.359780371189117432e-01
1.359317302703857422e-01
-1.084641441702842712e-01
8.120525628328323364e-02
2.181974798440933228e-01
1.689374744892120361e-01
-9.801043272018432617e-01
-1.151229515671730042e-01
1.001491770148277283e-01
-7.633357048034667969e-01
4.302657842636108398e-01
-1.523351371288299561e-01
-1.673141866922378540e-01
4.993439614772796631e-01
-1.354751060716807842e-03
-1.792939454317092896e-01
-7.015885319560766220e-03
8.303859829902648926e-02
-9.856282174587249756e-02
-2.204212695360183716e-01
-9.373319335281848907e-03
2.615867853164672852e-01
3.733341693878173828e-01
5.495248436927795410e-01
-6.933535635471343994e-02
-5.652841925621032715e-01
1.689801663160324097e-01
-5.120410397648811340e-02
1.218968853354454041e-01
-2.305217385292053223e-01
-2.180515322834253311e-03
4.134411513805389404e-01
2.303543128073215485e-02
-2.254199683666229248e-01
6.645841151475906372e-02
1.652149111032485962e-01
3.132495330646634102e-04
5.377374887466430664e-01
-9.510492533445358276e-02
4.484027624130249023e-02
-1.334780305624008179e-01
2.530163154006004333e-02
-5.180418491363525391e-01
-4.379104450345039368e-02
-3.462254405021667480e-01
4.654354453086853027e-01
9.034763574600219727e-01
-1.534556299448013306e-01
2.367552518844604492e-01
5.127366185188293457e-01
-7.786447405815124512e-01
2.506770789623260498e-01
4.320826232433319092e-01
-5.180868506431579590e-01
-3.158241808414459229e-01
-3.554002940654754639e-01
6.890648603439331055e-01
-2.127687036991119385e-01
1.879199743270874023e-01
4.493401944637298584e-01
5.918058753013610840e-01
-7.735311239957809448e-02
-1.616930067539215088e-01
1.117846250534057617e+00
1.688510552048683167e-02
-4.275518655776977539e-02
-1.846350282430648804e-01
-6.271718144416809082e-01
1.230348423123359680e-01
1.786459982395172119e-01
-1.070378497242927551e-01
3.550302386283874512e-01
6.981686353683471680e-01
6.125941500067710876e-02
-7.365968078374862671e-02
-2.854053080081939697e-01
8.082611858844757080e-02
3.429936766624450684e-01
1.955362409353256226e-02
1.295657902956008911e-01
4.781453683972358704e-02
1.013662695884704590e+00
-3.136825263500213623e-01
2.979846894741058350e-01
3.533657640218734741e-02
-6.172863766551017761e-02
1.039101034402847290e-01
6.315271556377410889e-02
1.624178737401962280e-01
4.730974733829498291e-01
5.850564241409301758e-01
2.515351772308349609e-01
3.216480612754821777e-01
-2.253566980361938477e-01
-1.122131347656250000e-01
-1.435196101665496826e-01
-7.556612491607666016e-01
1.689688712358474731e-01
5.747164487838745117e-01
1.697112023830413818e-01
-1.169020161032676697e-01
-1.145714595913887024e-01
-5.536555647850036621e-01
4.917162656784057617e-01
-2.369253523647785187e-02
2.547769546508789062e-01
4.442472755908966064e-01
-4.073900878429412842e-01
3.687982559204101562e-01
2.564610242843627930e-01
-4.926466569304466248e-02
4.509164988994598389e-01
2.021939493715763092e-02
-1.735868155956268311e-01
-4.825629293918609619e-01
2.055257856845855713e-01
-4.809082150459289551e-01
2.330890148878097534e-01
-2.106277942657470703e-01
3.243908584117889404e-01
-6.793227195739746094e-01
3.870092928409576416e-01
5.294358730316162109e-01
2.422986030578613281e-01
6.427420377731323242e-01
4.659198820590972900e-01
-9.717298150062561035e-01
2.236969769001007080e-01
-6.813874840736389160e-02
-8.959203958511352539e-01
1.847723871469497681e-01
-6.517265737056732178e-02
8.099305629730224609e-01
3.195946812629699707e-01
-1.816580295562744141e-01
-1.032983511686325073e-01
-2.273575030267238617e-02
1.397732943296432495e-01
-2.774859964847564697e-02
-2.189206033945083618e-01
-2.054385542869567871e-01
-2.378464043140411377e-01
-3.895882964134216309e-01
-1.009372547268867493e-01
-4.351790249347686768e-02
3.500565513968467712e-02
-7.802208513021469116e-02
3.585672974586486816e-01
4.490473866462707520e-01
-2.578330039978027344e-01
3.265435248613357544e-02
-9.551864117383956909e-02
-1.309482932090759277e+00
-4.385425150394439697e-02
2.547781765460968018e-01
-1.143371388316154480e-01
-1.165744423866271973e+00
-3.723528385162353516e-01
3.526978194713592529e-01
-1.843394637107849121e-01
5.671913027763366699e-01
-2.106969617307186127e-02
5.593848824501037598e-01
2.596529424190521240e-01
4.621374309062957764e-01
-5.614761114120483398e-01
-5.074496567249298096e-02
8.496321737766265869e-02
2.089954316616058350e-01
-2.323014885187149048e-01
-2.104907631874084473e-01
-4.170713424682617188e-01
-2.929453551769256592e-01
3.566617891192436218e-02
-2.440305203199386597e-01
2.910935506224632263e-02
3.154441714286804199e-01
-8.744669705629348755e-02
2.044693976640701294e-01
-8.186664432287216187e-02
6.583788245916366577e-02
-4.223395287990570068e-01
4.324126541614532471e-01
-4.761382937431335449e-01
-4.133176207542419434e-01
-2.986182570457458496e-01
-3.677978515625000000e-01
-2.131145633757114410e-02
-4.438011050224304199e-01
7.517087459564208984e-01
1.383593678474426270e-01
9.870193153619766235e-02
4.646265134215354919e-02
6.152254939079284668e-01
2.533980309963226318e-01
1.350181102752685547e-01
-9.491088241338729858e-02
-5.299947038292884827e-02
-3.121660053730010986e-01
2.624558806419372559e-01
-3.498274385929107666e-01
-5.297545790672302246e-01
2.894836068153381348e-01
-4.103743433952331543e-01
-7.102977633476257324e-01
4.779868721961975098e-01
-6.310895830392837524e-02
-1.284777075052261353e-01
-1.012984849512577057e-02
6.788475513458251953e-01
4.989772439002990723e-01
-8.614297211170196533e-02
4.867180287837982178e-01
4.528369307518005371e-01
6.316541135311126709e-02
-3.335541579872369766e-03
-4.354741573333740234e-01
-2.105872631072998047e-01
-3.146249055862426758e-01
-2.218267917633056641e-01
4.274961352348327637e-01
-1.004360616207122803e-01
-9.909042716026306152e-01
-1.459543406963348389e-01
-4.959103763103485107e-01
7.610168457031250000e-01
7.611712813377380371e-02
-1.891450025141239166e-02
6.940840482711791992e-01
1.743472665548324585e-01
2.845878005027770996e-01
1.357100531458854675e-02
7.563583552837371826e-02
-2.235106937587261200e-02
-6.682439893484115601e-02
5.002285838127136230e-01
-6.926297396421432495e-02
1.587862074375152588e-01
5.943287163972854614e-02
2.178243696689605713e-01
-2.003374695777893066e-01
-1.835484206676483154e-01
1.873833417892456055e+00
-5.664184689521789551e-01
-4.349109232425689697e-01
2.184690237045288086e-01
-1.495642811059951782e-01
-1.565284281969070435e-02
-7.135951519012451172e-02
1.441700011491775513e-01
9.283911436796188354e-02
9.812849760055541992e-02
3.407103717327117920e-01
6.432989239692687988e-01
2.749027609825134277e-01
-2.669043242931365967e-01
-1.716777235269546509e-01
-2.989248931407928467e-01
-8.818576484918594360e-02
-4.790055379271507263e-02
8.078273385763168335e-02
7.584911584854125977e-01
3.907799720764160156e-01
-5.725101232528686523e-01
-3.440351486206054688e-01
-3.212743625044822693e-02
-2.461766451597213745e-01
-8.912713080644607544e-02
-6.638779044151306152e-01
3.931905329227447510e-01
1.692500710487365723e-01
2.416142821311950684e-01
7.910187542438507080e-02
1.111078143119812012e+00
4.862868785858154297e-01
1.840062290430068970e-01
-4.902545213699340820e-01
9.725969284772872925e-03
-3.214778378605842590e-02
3.501611948013305664e-01
-4.171828329563140869e-01
4.620463252067565918e-01
5.195397138595581055e-01
1.149990782141685486e-02
1.987154185771942139e-01
-7.839895486831665039e-01
-4.180987477302551270e-01
2.247973084449768066e-01
-4.431708455085754395e-01
5.039151012897491455e-02
-2.079499661922454834e-01
-2.500334978103637695e-01
-3.602304495871067047e-03
-9.407869726419448853e-02
-2.860708720982074738e-02
1.223253011703491211e-01
-1.309470832347869873e-01
4.860588014125823975e-01
6.512824445962905884e-02
1.026409566402435303e-01
2.485031336545944214e-01
-2.586105465888977051e-01
6.199346184730529785e-01
-4.751851260662078857e-01
5.016361176967620850e-02
-9.884617328643798828e-01
7.902827113866806030e-02
3.373891860246658325e-02
-2.327029854059219360e-01
-3.956092298030853271e-01
3.835963085293769836e-02
4.085589349269866943e-01
-2.634353637695312500e-01
-3.802408576011657715e-01
1.592824421823024750e-02
-5.238515511155128479e-02
-3.813820481300354004e-01
2.981601357460021973e-01
3.902463316917419434e-01
1.330305486917495728e-01
1.072731971740722656e+00
-3.485153615474700928e-02
3.096435368061065674e-01
6.326365470886230469e-01
4.199246689677238464e-02
-2.659432590007781982e-01
2.298986613750457764e-01
9.054303914308547974e-02
-3.010771870613098145e-01
-1.303048878908157349e-01
-2.093431204557418823e-01
-2.879110872745513916e-01
-7.104538381099700928e-02
-9.426338672637939453e-01
-3.969253897666931152e-01
-5.909273400902748108e-02
4.749594926834106445e-01
-1.270615309476852417e-01
-8.190079778432846069e-02
-2.575214803218841553e-01
4.127723276615142822e-01
4.455522298812866211e-01
-2.880313098430633545e-01
2.431018278002738953e-02
3.057549595832824707e-01
1.810484826564788818e-01
-2.191130369901657104e-01
-3.231728076934814453e-01
1.753718107938766479e-01
-2.258061021566390991e-01
-3.561598360538482666e-01
-4.977687448263168335e-02
-3.748978674411773682e-01
-2.495624572038650513e-01
5.747815966606140137e-02
4.322604238986968994e-01
-1.596767269074916840e-02
5.080998539924621582e-01
3.198078274726867676e-02
-1.202849000692367554e-01
1.010380759835243225e-01
-4.671006277203559875e-02
-1.251123189926147461e+00
-1.981492042541503906e-01
2.402952685952186584e-02
2.742589265108108521e-02
-2.663478851318359375e-01
-2.077014446258544922e-01
3.773892223834991455e-01
1.840375810861587524e-01
-1.284994930028915405e-01
-7.333355545997619629e-01
-1.924569457769393921e-01
-1.231230199337005615e-01
4.106172621250152588e-01
5.293560028076171875e-01
-2.865112759172916412e-02
1.087841764092445374e-01
-5.849537998437881470e-02
1.797277033329010010e-01
2.634524703025817871e-01
7.573530077934265137e-02
8.911517262458801270e-02
-2.071003615856170654e-01
-2.086404263973236084e-01
2.320258915424346924e-01
3.099998533725738525e-01
4.729081876575946808e-03
8.687508292496204376e-03
-1.553276032209396362e-01
3.769331276416778564e-01
-1.079784240573644638e-02
1.251826137304306030e-01
1.611292362213134766e-01
-1.184387654066085815e-01
2.180549502372741699e-01
3.449524641036987305e-01
-5.869389772415161133e-01
-7.084450721740722656e-01
-7.654300332069396973e-02
1.911457329988479614e-01
4.535067677497863770e-01
2.391898185014724731e-01
5.183293819427490234e-01
3.800709843635559082e-01
-5.816410183906555176e-01
-1.815614700317382812e-01
-2.523989379405975342e-01
-6.281698588281869888e-03
-2.622363865375518799e-01
-3.693253397941589355e-01
-7.575987577438354492e-01
-4.408599138259887695e-01
-6.702497005462646484e-01
-4.416588246822357178e-01
2.558203339576721191e-01
4.268377721309661865e-01
1.948810964822769165e-01
5.691234469413757324e-01
2.557384073734283447e-01
-3.527579903602600098e-01
-2.339431494474411011e-01
9.013745933771133423e-02
3.075463231652975082e-03
-6.910558938980102539e-01
7.600423693656921387e-02
-5.943572893738746643e-02
2.582624256610870361e-01
8.610524982213973999e-02
8.388002514839172363e-01
8.457631468772888184e-01
2.524258196353912354e-01
6.055112481117248535e-01
7.161787152290344238e-01
7.654904723167419434e-01
-5.655927658081054688e-01
-8.702195435762405396e-02
-1.196706444025039673e-01
-3.170188367366790771e-01
-4.690653830766677856e-02
2.424833923578262329e-01
6.075983867049217224e-02
-4.949316382408142090e-02
-6.587641835212707520e-01
-1.215232312679290771e-01
2.070820033550262451e-01
-4.310080707073211670e-01
-7.052689325064420700e-03
-4.678831901401281357e-03
5.030906796455383301e-01
-8.944892138242721558e-02
6.000580787658691406e-01
2.939100265502929688e-01
-2.453116625547409058e-01
9.199298024177551270e-01
-2.418686151504516602e-01
-6.784184575080871582e-01
-1.605412065982818604e-01
3.083558082580566406e-01
1.696494817733764648e-01
7.904915213584899902e-01
-9.469425082206726074e-01
5.675095915794372559e-01
-8.509128540754318237e-02
7.035960257053375244e-02
3.627458810806274414e-01
-3.048430383205413818e-01
-7.027962207794189453e-01
-5.184568166732788086e-01
-2.602383196353912354e-01
-2.231800556182861328e-01
1.562737114727497101e-02
-4.328749477863311768e-01
3.539356291294097900e-01
-2.333464175462722778e-01
3.649842366576194763e-02
3.983913362026214600e-01
7.937163114547729492e-01
-5.569342896342277527e-02
5.025694370269775391e-01
-5.302990078926086426e-01
-5.262268185615539551e-01
1.510790288448333740e-01
-4.142882823944091797e-01
-1.662734746932983398e-01
-6.199053525924682617e-01
-2.508574351668357849e-02
-2.520298957824707031e-01
-6.901069879531860352e-01
-3.329060971736907959e-02
-7.597905397415161133e-02
-2.032888494431972504e-02
-7.991961389780044556e-02
4.078619927167892456e-02
3.947858884930610657e-02
-2.481441050767898560e-01
2.146262228488922119e-01
2.110976725816726685e-01
2.766026258468627930e-01
1.606548279523849487e-01
-1.479737907648086548e-01
-2.534921653568744659e-02
-3.049718439579010010e-01
-2.847141325473785400e-01
-5.060967206954956055e-01
5.127382874488830566e-01
9.437222778797149658e-02
4.607855975627899170e-01
7.544782161712646484e-01
2.321933358907699585e-01
2.141131646931171417e-02
2.994359843432903290e-02
5.459169745445251465e-01
1.987813115119934082e-01
3.486967086791992188e-02
6.317298859357833862e-03
-3.027114570140838623e-01
-1.761338412761688232e-01
1.961728632450103760e-01
-1.130459755659103394e-01
8.380315452814102173e-02
1.583579182624816895e-01
-2.187190577387809753e-02
2.322849631309509277e-01
1.117486357688903809e-01
2.637611031532287598e-01
7.496003806591033936e-02
2.274549752473831177e-01
3.809618353843688965e-01
-4.059864208102226257e-02
1.704098582267761230e-01
-6.615557074546813965e-01
-2.209680676460266113e-01
1.481104940176010132e-01
-6.488499045372009277e-01
-4.914881661534309387e-02
-1.166257727891206741e-02
-1.356292515993118286e-01
2.020019739866256714e-01
-1.695623099803924561e-01
-6.321182847023010254e-01
-3.034638762474060059e-01
-5.917390584945678711e-01
-5.066099762916564941e-02
-1.424818038940429688e-01
-7.034717202186584473e-01
-1.183407679200172424e-01
5.703146457672119141e-01
3.906676769256591797e-01
1.686760187149047852e-01
2.835021317005157471e-01
1.604817807674407959e-01
4.556462764739990234e-01
-4.819408655166625977e-01
5.283575654029846191e-01
-1.905950158834457397e-01
-1.808329820632934570e-01
-5.200792551040649414e-01
3.424426615238189697e-01
-8.301120996475219727e-02
9.513229131698608398e-01
-5.424548313021659851e-02
-1.684087514877319336e-01
7.151612043380737305e-01
2.697677910327911377e-01
-1.740240901708602905e-01
1.781092137098312378e-01
1.499126665294170380e-02
-4.128159582614898682e-02
-1.405142098665237427e-01
-7.187008857727050781e-02
-3.287506699562072754e-01
-2.574901282787322998e-01
-2.774921953678131104e-01
-7.793860882520675659e-02
-1.348049342632293701e-01
5.163030624389648438e-01
-1.318816691637039185e-01
-2.636570334434509277e-01
-4.217184782028198242e-01
1.570737510919570923e-01
-2.592816650867462158e-01
-4.395171627402305603e-02
-4.187120497226715088e-01
-1.557469815015792847e-01
-3.733337819576263428e-01
-2.842345535755157471e-01
3.991684615612030029e-01
2.869580984115600586e-01
3.136990070343017578e-01
2.551367878913879395e-01
4.158648848533630371e-02
-7.717034965753555298e-02
4.270673990249633789e-01
-5.735496878623962402e-01
-1.717938929796218872e-01
4.794581532478332520e-01
1.699424982070922852e-01
-1.567419320344924927e-01
3.353657722473144531e-01
-1.051685363054275513e-01
1.281793229281902313e-02
-3.091607093811035156e-01
6.372386962175369263e-02
-2.346096932888031006e-01
-7.412331104278564453e-01
-5.006365776062011719e-01
2.066562920808792114e-01
-1.422740966081619263e-01
7.373838424682617188e-01
-9.190759807825088501e-02
-3.359682261943817139e-01
4.660361260175704956e-02
8.486618101596832275e-02
-1.045590788125991821e-01
8.389784693717956543e-01
1.908292025327682495e-01
1.392523348331451416e-01
-3.029409945011138916e-01
5.139289498329162598e-01
-1.115993484854698181e-01
8.517125844955444336e-01
-2.387750148773193359e-01
-1.789522916078567505e-01
1.151013001799583435e-02
2.985512614250183105e-01
-6.798020005226135254e-02
-1.295871734619140625e-01
4.010351840406656265e-03
4.872975498437881470e-02
5.861333757638931274e-02
2.123460546135902405e-02
6.127496436238288879e-02
2.152100652456283569e-01
-2.402471750974655151e-01
-1.051703542470932007e-01
-3.525592386722564697e-01
5.164808779954910278e-02
9.913226217031478882e-02
-1.259292513132095337e-01
1.437513679265975952e-01
-1.010491549968719482e-01
5.031536892056465149e-02
-9.024939499795436859e-03
3.033325970172882080e-01
-1.350688040256500244e-01
2.058784477412700653e-02
-4.457220733165740967e-01
-4.096045717597007751e-02
-9.271674603223800659e-02
5.283479019999504089e-02
3.342595994472503662e-01
7.005089521408081055e-02
-9.300834685564041138e-02
2.305583059787750244e-01
4.927952215075492859e-02
-8.348348736763000488e-02
-3.015481829643249512e-01
6.015938892960548401e-02
4.112500250339508057e-01
-9.938570857048034668e-02
1.106120645999908447e-01
-1.382822245359420776e-01
9.101103246212005615e-02
-2.379831857979297638e-02
