5.864823460578918457e-01
-2.740041315555572510e-01
-1.657224297523498535e-01
2.850124239921569824e-02
-6.131166815757751465e-01
6.672228574752807617e-01
-2.171183526515960693e-01
2.304034680128097534e-01
3.028267323970794678e-01
-1.073978543281555176e+00
-3.780372068285942078e-02
2.469889074563980103e-01
6.344862282276153564e-02
-3.543127179145812988e-01
-1.060176342725753784e-01
-9.404992461204528809e-01
-1.128025911748409271e-02
6.527978181838989258e-02
3.425538539886474609e-01
8.049169778823852539e-01
-1.067913919687271118e-01
-1.643045186996459961e+00
6.976594775915145874e-02
-6.345110535621643066e-01
-3.035867400467395782e-02
-6.397157311439514160e-01
2.028537839651107788e-01
9.825313091278076172e-01
-4.441716670989990234e-01
6.765589118003845215e-01
-1.311051845550537109e-01
2.476179301738739014e-01
4.356803596019744873e-01
-3.814486861228942871e-01
-4.005406200885772705e-01
-9.059731364250183105e-01
6.444383859634399414e-01
4.653481245040893555e-01
5.620351433753967285e-01
9.033479541540145874e-02
1.054291844367980957e+00
-9.844055771827697754e-01
7.126676440238952637e-01
-5.367653965950012207e-01
-3.660556674003601074e-01
5.505163669586181641e-01
-7.119629979133605957e-01
9.392792582511901855e-01
-5.708310008049011230e-01
3.396486341953277588e-01
-5.412456393241882324e-01
-2.483571618795394897e-01
6.255317330360412598e-01
-8.597502112388610840e-01
1.265874505043029785e+00
-4.590665921568870544e-02
1.457430571317672729e-01
-7.594987750053405762e-01
1.370330691337585449e+00
7.102492451667785645e-01
2.564795017242431641e-01
-2.714911997318267822e-01
-6.036541983485221863e-02
1.403466910123825073e-01
1.201918721199035645e-01
2.022161781787872314e-01
9.995722025632858276e-02
6.305780410766601562e-01
-2.226622998714447021e-01
-5.566883683204650879e-01
1.238014325499534607e-01
-1.472491323947906494e-01
-1.847046241164207458e-02
-7.794525027275085449e-01
-1.050737872719764709e-02
1.463609486818313599e-01
3.943221271038055420e-01
7.173011451959609985e-02
1.531812995672225952e-01
5.165014266967773438e-01
-2.983134090900421143e-01
-1.550164818763732910e-01
-2.130452841520309448e-01
-3.360619544982910156e-01
6.049343943595886230e-01
-2.916207015514373779e-01
-6.869816035032272339e-02
3.727533519268035889e-01
-9.781864285469055176e-02
-4.385968148708343506e-01
1.041546106338500977e+00
3.683454990386962891e-01
1.546519547700881958e-01
-2.044561505317687988e-01
-2.566311657428741455e-01
-4.974913597106933594e-01
8.850163221359252930e-02
7.272816300392150879e-01
-4.767867028713226318e-01
-5.076633095741271973e-01
-2.087695151567459106e-01
1.903401762247085571e-01
3.951015770435333252e-01
3.105615675449371338e-01
-3.971537053585052490e-01
-1.032878533005714417e-01
3.263404667377471924e-01
3.205557912588119507e-02
1.018981542438268661e-02
4.506321251392364502e-02
-7.065695524215698242e-02
-2.068131230771541595e-03
2.935100793838500977e-01
1.174070611596107483e-01
1.226394474506378174e-01
2.333917766809463501e-01
-3.022263050079345703e-01
2.490789443254470825e-01
-4.559024870395660400e-01
-6.527586579322814941e-01
-2.682875990867614746e-01
3.001438975334167480e-01
1.199816912412643433e-01
1.482150983065366745e-02
2.748395502567291260e-01
-3.049044609069824219e-01
2.918999828398227692e-02
-2.220892608165740967e-01
3.957666456699371338e-01
-1.429660916328430176e-01
1.084170863032341003e-01
2.145790159702301025e-01
-2.219377607107162476e-01
-3.044293262064456940e-02
-9.395051002502441406e-02
1.902128010988235474e-02
-2.332948446273803711e-01
2.861909270286560059e-01
-4.611377790570259094e-02
-3.771478235721588135e-01
-8.554817438125610352e-01
6.990306377410888672e-01
-2.808249294757843018e-01
6.716826558113098145e-01
4.593813121318817139e-01
-3.575710952281951904e-01
1.740432083606719971e-01
-5.500808358192443848e-01
3.554021120071411133e-01
5.424285531044006348e-01
1.668132990598678589e-01
3.720276057720184326e-01
-3.052482008934020996e-01
6.634473204612731934e-01
-3.406674861907958984e-01
-1.357449740171432495e-01
-5.618006587028503418e-01
-1.473097801208496094e-01
-8.272555470466613770e-02
-5.031949281692504883e-01
1.137279033660888672e+00
-4.796735942363739014e-01
7.103411108255386353e-02
-1.504381179809570312e+00
-4.645331799983978271e-01
1.592554152011871338e-01
-2.077235877513885498e-01
1.126392960548400879e+00
-7.073687911033630371e-01
-4.527165293693542480e-01
-3.976140022277832031e-01
-9.021744132041931152e-02
1.178013920783996582e+00
-1.098565697669982910e+00
3.762226402759552002e-01
-2.434059530496597290e-01
1.096058011054992676e+00
-7.672928273677825928e-02
8.428107015788555145e-03
7.703540325164794922e-01
-1.933665424585342407e-01
-3.882956504821777344e-02
-7.588966488838195801e-01
-3.364377617835998535e-01
-2.623526453971862793e-01
9.404685348272323608e-02
6.776431202888488770e-01
-7.233601063489913940e-03
-3.803217783570289612e-02
5.006548762321472168e-01
-3.040217459201812744e-01
-1.492706537246704102e-01
-6.951487623155117035e-03
1.886185556650161743e-01
-4.081287384033203125e-01
-5.406680107116699219e-01
9.216346144676208496e-01
-4.441134165972471237e-03
1.608307212591171265e-01
-4.391312226653099060e-02
3.810728788375854492e-01
-4.949123263359069824e-01
3.828753232955932617e-01
-1.266576200723648071e-01
5.643398687243461609e-02
2.890461087226867676e-01
-3.219188153743743896e-01
4.326179921627044678e-01
-2.050957679748535156e-01
-2.844101376831531525e-02
-1.768330484628677368e-01
-9.941996634006500244e-02
1.544244736433029175e-01
-4.459530115127563477e-01
4.385221302509307861e-01
3.677016198635101318e-01
-1.032903194427490234e-01
-4.119277000427246094e-01
2.269943803548812866e-01
2.767530381679534912e-01
-3.133018612861633301e-01
1.894991397857666016e-01
5.127265676856040955e-02
-3.009191751480102539e-01
-3.825167119503021240e-01
-1.043542101979255676e-01
-1.536625921726226807e-01
1.700595319271087646e-01
-8.906021714210510254e-02
7.991288900375366211e-01
-1.062890052795410156e+00
-5.440930128097534180e-01
4.088713824748992920e-01
1.543557345867156982e-01
8.991776406764984131e-02
2.690367400646209717e-01
-1.523477137088775635e-01
-2.397397607564926147e-01
1.396016329526901245e-01
9.349474310874938965e-02
1.936383694410324097e-01
-3.635848760604858398e-01
2.548279166221618652e-01
-1.069340761750936508e-02
-1.122711747884750366e-01
3.543364703655242920e-01
-4.845042824745178223e-01
-8.122716099023818970e-02
-4.188813865184783936e-01
3.697974979877471924e-01
3.485398739576339722e-02
3.163904324173927307e-02
2.452445626258850098e-01
1.760707646608352661e-01
4.195508360862731934e-01
5.337192863225936890e-02
-1.988669484853744507e-01
-2.086419463157653809e-01
4.095222651958465576e-01
1.941290199756622314e-01
7.772559523582458496e-01
-2.789235115051269531e-01
-1.290140748023986816e-01
-9.872138500213623047e-01
-5.008434057235717773e-01
8.670599758625030518e-02
-1.998089551925659180e-01
5.670080184936523438e-01
-1.368342787027359009e-01
2.162966281175613403e-01
-5.236435532569885254e-01
-1.623946577310562134e-01
4.715367555618286133e-01
-4.709207117557525635e-01
-9.363428503274917603e-02
-3.716124966740608215e-02
4.290507137775421143e-01
-3.596427142620086670e-01
3.389545381069183350e-01
3.880829811096191406e-01
1.147206053137779236e-01
3.807296454906463623e-01
2.094707041978836060e-01
3.390484154224395752e-01
6.686449982225894928e-03
-6.738302111625671387e-01
1.352499872446060181e-01
5.236722826957702637e-01
3.708232343196868896e-01
-3.358562886714935303e-01
4.368885233998298645e-02
2.274163514375686646e-01
6.250201910734176636e-02
-3.627222478389739990e-01
-7.244636118412017822e-02
-2.740119993686676025e-01
7.683333009481430054e-02
5.590951442718505859e-01
-9.143214225769042969e-01
1.877744197845458984e-01
8.640510030090808868e-03
2.706841938197612762e-02
4.523924887180328369e-01
-5.044536590576171875e-01
-5.579714104533195496e-02
-3.245369791984558105e-01
-3.440805673599243164e-01
9.334084987640380859e-01
-1.732934080064296722e-02
-3.692638128995895386e-02
-1.319732237607240677e-02
7.062195986509323120e-02
1.347278833389282227e+00
-8.497827053070068359e-01
7.789359688758850098e-01
-3.538388907909393311e-01
3.947064876556396484e-01
2.357314229011535645e-01
-2.512200176715850830e-02
1.013980284333229065e-01
-1.691341698169708252e-01
1.867404431104660034e-01
4.183219373226165771e-01
4.477594792842864990e-02
-5.005443096160888672e-01
-1.034714877605438232e-01
-1.895313262939453125e-01
8.849803358316421509e-02
1.421900093555450439e-02
-9.925352036952972412e-02
-2.398352921009063721e-01
-1.614484339952468872e-01
2.403539121150970459e-01
-7.293403148651123047e-03
1.332739889621734619e-01
-3.856446221470832825e-02
-4.407891929149627686e-01
-1.635022014379501343e-01
4.804726690053939819e-02
-2.380537539720535278e-01
2.797262668609619141e-01
-3.691370785236358643e-01
-9.228553622961044312e-02
1.482535004615783691e-01
-2.413848489522933960e-01
2.987872362136840820e-01
-2.350464761257171631e-01
-3.434179127216339111e-01
-2.452279478311538696e-01
1.013161420822143555e+00
-1.233347535133361816e+00
-3.878514766693115234e-01
1.441303268074989319e-02
4.359917342662811279e-01
3.105522692203521729e-01
9.905348420143127441e-01
3.985687196254730225e-01
-1.140630722045898438e+00
9.547942280769348145e-01
6.462973952293395996e-01
2.956537008285522461e-01
-5.859115719795227051e-01
6.560870409011840820e-01
5.484727397561073303e-02
-5.581289064139127731e-03
4.084577858448028564e-01
-4.063593745231628418e-01
1.401161700487136841e-01
-2.113647609949111938e-01
-8.797600120306015015e-02
-2.822391390800476074e-01
-1.469611227512359619e-01
1.699956357479095459e-01
-2.513689994812011719e-01
5.314370989799499512e-01
1.700139194726943970e-01
-2.697712182998657227e-01
-1.637133657932281494e-01
5.330018997192382812e-01
3.053612709045410156e-01
5.707805231213569641e-02
-3.435342311859130859e-01
-7.289084792137145996e-02
-3.941072523593902588e-01
3.322138190269470215e-01
1.101570874452590942e-01
6.061778217554092407e-02
8.264472484588623047e-01
-2.303270548582077026e-01
-6.666908860206604004e-01
3.786390721797943115e-01
4.552025496959686279e-01
4.131162762641906738e-01
-1.211605429649353027e+00
2.098273634910583496e-01
-5.572456121444702148e-01
1.794755458831787109e-01
4.599896073341369629e-01
6.360168755054473877e-02
-2.464631758630275726e-02
3.397120535373687744e-01
-2.972430586814880371e-01
3.217276930809020996e-02
-2.775498628616333008e-01
2.746379673480987549e-01
-1.077902391552925110e-01
-3.577131778001785278e-02
3.574815690517425537e-01
2.955268323421478271e-01
-6.416707038879394531e-01
4.013870656490325928e-01
2.688303291797637939e-01
-9.089095145463943481e-02
-6.608761548995971680e-01
4.179751500487327576e-02
-8.426990360021591187e-02
2.574561238288879395e-01
4.417456686496734619e-01
-4.885074868798255920e-02
3.319607675075531006e-01
2.668218612670898438e-01
-7.923168689012527466e-02
2.444747090339660645e-01
3.573531284928321838e-02
6.752941012382507324e-02
5.789449214935302734e-01
-3.164545893669128418e-01
-2.153711467981338501e-01
-1.269768327474594116e-01
8.830429315567016602e-01
-2.908846437931060791e-01
-3.454205691814422607e-01
2.188891172409057617e-01
2.554235458374023438e-01
3.609669804573059082e-01
-7.603088021278381348e-02
4.171090424060821533e-01
-1.052786231040954590e+00
8.788420557975769043e-01
7.941018342971801758e-01
-2.325188517570495605e-01
3.478284478187561035e-01
-4.113011360168457031e-01
-2.711423486471176147e-02
6.499316096305847168e-01
-1.254523098468780518e-01
-4.435623437166213989e-02
1.682623177766799927e-01
-8.010218292474746704e-02
-4.927145242691040039e-01
8.952258229255676270e-01
4.825938642024993896e-01
1.767483800649642944e-01
-3.593863248825073242e-01
8.264945447444915771e-02
-3.433171808719635010e-01
1.804412454366683960e-01
1.451488733291625977e-01
3.332087397575378418e-02
-7.074389606714248657e-02
4.219909608364105225e-01
-2.740899622440338135e-01
2.424706518650054932e-01
-3.577970564365386963e-01
-4.411453008651733398e-01
7.222269773483276367e-01
-3.726544678211212158e-01
4.044473767280578613e-01
3.182673752307891846e-01
4.720760285854339600e-01
1.686472594738006592e-01
-4.183537065982818604e-01
2.620051503181457520e-01
2.424529492855072021e-01
4.719060063362121582e-01
7.868531346321105957e-01
-2.551782429218292236e-01
1.755180954933166504e-02
4.482664763927459717e-01
-2.910973429679870605e-01
-3.118403069674968719e-02
-8.151918053627014160e-01
-1.315853148698806763e-01
-1.757927983999252319e-01
-3.225762844085693359e-01
4.726043045520782471e-01
-1.064350128173828125e+00
6.662890911102294922e-01
5.034895539283752441e-01
2.286420822143554688e+00
-3.489429056644439697e-01
-2.270423024892807007e-01
5.057976245880126953e-01
4.033844769001007080e-01
8.094984292984008789e-01
7.635683417320251465e-01
-2.627112865447998047e-01
-4.098966419696807861e-01
6.546040177345275879e-01
-3.252407312393188477e-01
-1.373332887887954712e-01
-2.034538984298706055e-01
-2.885368764400482178e-01
-3.072298765182495117e-01
-2.409150898456573486e-01
4.442067816853523254e-02
-4.071972146630287170e-02
-8.853843808174133301e-02
2.757861316204071045e-01
-7.370546460151672363e-01
-5.762292444705963135e-02
-1.776570558547973633e+00
-5.937154293060302734e-01
-2.192880399525165558e-02
1.124576926231384277e-01
-7.407632470130920410e-01
-5.430371165275573730e-01
1.799570918083190918e-01
-9.984691441059112549e-02
-1.049737259745597839e-02
-8.688951730728149414e-01
-1.248235926032066345e-01
-1.728722929954528809e+00
-1.931793987751007080e-01
1.196683943271636963e-01
-1.893865913152694702e-01
1.944146752357482910e-01
3.036315611097961664e-04
-2.221743203699588776e-02
9.035231545567512512e-03
3.168983757495880127e-01
-2.656285762786865234e-01
-4.484321773052215576e-01
-3.137376904487609863e-01
-1.431888043880462646e-01
-2.793146669864654541e-01
2.619764506816864014e-01
-4.582442715764045715e-02
-2.868348956108093262e-01
2.893010377883911133e-01
2.196315973997116089e-01
-2.443147301673889160e-01
2.573506534099578857e-01
-4.456763863563537598e-01
-1.020376801490783691e+00
2.216081023216247559e-01
-1.120670437812805176e+00
2.550554275512695312e-01
5.010742694139480591e-02
5.563433468341827393e-02
-3.578121960163116455e-01
-3.077616095542907715e-01
4.456951916217803955e-01
2.019128352403640747e-01
1.268302947282791138e-01
1.458722054958343506e-01
-5.795355141162872314e-02
7.686538249254226685e-02
-4.619777947664260864e-02
-1.746226847171783447e-01
-3.802486360073089600e-01
-2.010092288255691528e-01
2.792547689750790596e-03
-5.430941581726074219e-01
-3.144465684890747070e-01
7.412111852318048477e-03
-3.479643166065216064e-01
-4.300182312726974487e-02
-1.288886219263076782e-01
-3.729021847248077393e-01
-2.685040533542633057e-01
-6.012671589851379395e-01
-5.559875071048736572e-02
-1.479022502899169922e-01
8.316451311111450195e-02
-2.085709944367408752e-03
-1.937471926212310791e-01
2.826964482665061951e-03
2.561168670654296875e-01
1.223923172801733017e-02
2.369573861360549927e-01
2.645968459546566010e-02
5.274759531021118164e-01
8.498497009277343750e-01
-2.073664776980876923e-02
-1.515431106090545654e-01
-1.328068673610687256e-01
9.045094996690750122e-02
9.613300859928131104e-02
1.805867105722427368e-01
1.155343055725097656e-01
7.679901123046875000e-01
8.239037394523620605e-01
1.515211313962936401e-01
-4.015284404158592224e-02
2.220055907964706421e-01
2.724202871322631836e-01
5.714507102966308594e-01
-1.591012463904917240e-03
2.310597300529479980e-01
-3.836310505867004395e-01
-2.900601923465728760e-02
1.307716250419616699e+00
3.014597892761230469e-01
1.123539358377456665e-01
-2.927389442920684814e-01
1.398106366395950317e-01
1.508428901433944702e-01
-1.169984191656112671e-01
1.236338391900062561e-01
-6.848899126052856445e-01
3.256856501102447510e-01
-1.010452583432197571e-02
1.163012385368347168e-01
1.697787456214427948e-02
2.149529159069061279e-01
1.216865703463554382e-01
-3.052823841571807861e-01
1.674437522888183594e-01
1.413655281066894531e-01
4.062539339065551758e-02
-5.311556458473205566e-01
1.952461600303649902e+00
-2.766494825482368469e-02
-5.451147258281707764e-02
4.655113220214843750e-01
2.549218200147151947e-02
4.174651205539703369e-01
2.573079168796539307e-01
2.122563719749450684e-01
-7.441540062427520752e-02
-3.488914370536804199e-01
5.533825755119323730e-01
3.417256176471710205e-01
1.584639251232147217e-01
1.968830525875091553e-01
-1.968042999505996704e-01
-6.506076455116271973e-01
3.681678324937820435e-03
-5.853291749954223633e-01
5.813149809837341309e-01
3.425982594490051270e-02
3.069728054106235504e-02
5.150067806243896484e-01
-8.402401208877563477e-02
1.505325436592102051e-01
-1.145295426249504089e-01
1.971024125814437866e-01
-4.041751027107238770e-01
-1.404990702867507935e-01
1.469561755657196045e-01
2.003001272678375244e-01
-2.046736776828765869e-01
-9.271871298551559448e-02
-1.921527385711669922e-01
-1.407076269388198853e-01
7.830805331468582153e-02
1.233036041259765625e+00
-8.443998545408248901e-02
1.920812129974365234e-01
-4.824277013540267944e-02
-2.619615793228149414e-01
2.853284217417240143e-02
-8.244762420654296875e-01
-9.471200108528137207e-01
3.446080982685089111e-01
-3.271160721778869629e-01
3.486782908439636230e-01
3.715479671955108643e-01
4.581865370273590088e-01
-2.613460272550582886e-02
2.516317367553710938e-02
3.773860037326812744e-01
3.594656288623809814e-01
7.940378785133361816e-01
5.325016379356384277e-01
-5.788538455963134766e-01
3.072791993618011475e-01
8.046318888664245605e-01
-6.871715188026428223e-01
3.473272621631622314e-01
1.658458590507507324e+00
-1.015617698431015015e-02
1.009817421436309814e-01
1.136243641376495361e-01
-3.210201561450958252e-01
1.078042164444923401e-01
-2.092822492122650146e-01
-1.353440046310424805e+00
-2.076995223760604858e-01
3.319589197635650635e-01
4.171512424945831299e-01
-2.014575302600860596e-01
-1.899616420269012451e-01
-6.428883671760559082e-01
-3.873137235641479492e-01
5.450890660285949707e-01
4.117358922958374023e-01
-1.388601660728454590e-01
1.125215172767639160e+00
-3.256237506866455078e-01
-3.808384537696838379e-01
2.633218467235565186e-01
-1.162901818752288818e-01
-1.000275611877441406e+00
5.551403164863586426e-01
-1.199474409222602844e-01
6.420405507087707520e-01
1.122683763504028320e+00
9.727881290018558502e-03
-4.635613560676574707e-01
2.170958667993545532e-01
1.619083434343338013e-01
1.590289592742919922e+00
3.145068585872650146e-01
3.779268860816955566e-01
-3.890379965305328369e-01
-1.148577928543090820e-01
4.230623841285705566e-01
-2.326105356216430664e+00
9.277014732360839844e-01
-1.038572937250137329e-01
-1.417724192142486572e-01
-2.873852849006652832e-01
-9.774087369441986084e-02
3.579619526863098145e-01
-2.199359536170959473e-01
8.634877949953079224e-02
4.626354668289422989e-03
-6.334823369979858398e-01
1.639059334993362427e-01
-4.068162292242050171e-02
4.188322126865386963e-01
1.431554704904556274e-01
2.714128494262695312e-01
1.540239453315734863e-01
2.418845593929290771e-01
8.592252135276794434e-01
2.280402183532714844e-01
-2.102661877870559692e-01
9.132298082113265991e-02
5.397300124168395996e-01
4.201434254646301270e-01
4.379121661186218262e-01
-7.839940786361694336e-01
-2.262375950813293457e-01
6.533582210540771484e-01
-2.129518687725067139e-01
-9.757174551486968994e-02
-2.668887376785278320e-01
5.661321282386779785e-01
4.193751513957977295e-01
-1.987044662237167358e-01
-3.880801498889923096e-01
-1.047435641288757324e+00
-2.210932523012161255e-01
9.826818704605102539e-01
1.107705906033515930e-01
-7.364202737808227539e-01
-2.365018576383590698e-01
-5.515027642250061035e-01
-2.555700242519378662e-01
9.919171333312988281e-01
1.099018286913633347e-02
-2.409382015466690063e-01
8.827955275774002075e-02
-2.230067402124404907e-01
1.305751800537109375e-01
-1.568957567214965820e-01
-1.223522797226905823e-01
-5.017559528350830078e-01
1.296057403087615967e-01
1.274707913398742676e-01
3.559823334217071533e-01
1.181225180625915527e-01
6.298358738422393799e-02
1.600224524736404419e-01
-3.304980397224426270e-01
-1.280024647712707520e-01
-1.083456054329872131e-01
-4.623979628086090088e-01
-2.798488438129425049e-01
1.577342152595520020e-01
-1.387257426977157593e-01
-9.161742925643920898e-01
2.313955128192901611e-02
-1.098211884498596191e+00
4.731689393520355225e-02
1.318029011599719524e-03
-6.355970352888107300e-02
-5.539304018020629883e-01
-1.947031170129776001e-01
2.109636813402175903e-01
5.635838508605957031e-01
6.049541234970092773e-01
3.086503744125366211e-01
-3.005147874355316162e-01
1.017170101404190063e-01
2.741599977016448975e-01
-7.593373302370309830e-04
3.811586201190948486e-01
1.000187635421752930e+00
9.082183241844177246e-02
3.517839908599853516e-01
1.912036910653114319e-02
-1.303123980760574341e-01
-1.672461628913879395e-01
6.049086898565292358e-02
-5.820673704147338867e-01
-4.902147338725626469e-04
3.365979790687561035e-01
2.579489946365356445e-01
-4.652879387140274048e-02
-1.536543965339660645e-01
-8.361788988113403320e-01
-6.162922084331512451e-02
9.858868122100830078e-01
5.560231804847717285e-01
-2.060163170099258423e-01
3.099637031555175781e-01
-1.976642012596130371e+00
1.967864036560058594e-01
3.928129374980926514e-01
8.120804280042648315e-02
-5.124092847108840942e-02
-1.461558789014816284e-01
-5.554312840104103088e-02
-7.398207485675811768e-02
4.809377193450927734e-01
2.734692990779876709e-01
-9.251781553030014038e-02
-5.136955156922340393e-02
9.279113262891769409e-02
-1.489572077989578247e-01
2.068621069192886353e-01
-1.062636002898216248e-01
-3.839875161647796631e-01
-9.016550183296203613e-01
1.099469438195228577e-01
-2.374806404113769531e-01
6.987606883049011230e-01
2.119683921337127686e-01
-9.481757283210754395e-01
1.393872201442718506e-01
1.670423746109008789e+00
-4.186011850833892822e-01
9.365583956241607666e-02
-1.581733077764511108e-01
1.859190762042999268e-01
3.747086226940155029e-01
6.150249242782592773e-01
-6.700688600540161133e-02
-8.607044070959091187e-02
-3.842515051364898682e-01
-3.550066351890563965e-01
-1.508483141660690308e-01
-3.505168557167053223e-01
-4.852750897407531738e-01
-3.585258722305297852e-01
-5.112416669726371765e-02
-1.348330378532409668e-01
5.929036065936088562e-02
7.378212213516235352e-01
7.610133290290832520e-01
1.256578415632247925e-01
-1.103280931711196899e-01
-1.598783023655414581e-02
-3.693870306015014648e-01
-9.008929878473281860e-02
1.820804774761199951e-01
-9.949321150779724121e-01
3.332552313804626465e-01
5.918994545936584473e-01
-1.412908546626567841e-02
-3.117562234401702881e-01
-5.686471983790397644e-02
3.318715393543243408e-01
2.416849881410598755e-01
-3.871743381023406982e-01
1.777985878288745880e-02
7.497897148132324219e-01
-1.996850818395614624e-01
1.352388504892587662e-02
3.466494679450988770e-01
3.473912179470062256e-01
-1.731732636690139771e-01
1.476298868656158447e-01
3.789670467376708984e-01
1.786628738045692444e-02
5.140599608421325684e-01
9.378750808537006378e-03
7.305369377136230469e-01
4.324614107608795166e-01
-2.941370010375976562e-01
3.619081899523735046e-02
1.402821540832519531e-01
-2.978487610816955566e-01
1.137275546789169312e-01
-5.083048939704895020e-01
-6.953708827495574951e-02
8.383785188198089600e-02
4.906991422176361084e-01
-5.704344809055328369e-02
-6.824509054422378540e-02
5.551963448524475098e-01
-1.352462649345397949e+00
-3.294262588024139404e-01
9.548415243625640869e-02
-3.835932910442352295e-01
4.495648741722106934e-01
-1.073693260550498962e-01
2.256505489349365234e-01
2.758764028549194336e-01
-9.238208830356597900e-02
-6.902037560939788818e-02
3.017783463001251221e-01
1.118062436580657959e-01
2.108706235885620117e-01
-8.581396192312240601e-02
-6.934587359428405762e-01
2.355374693870544434e-01
8.740862458944320679e-02
-3.754235208034515381e-01
6.245905756950378418e-01
8.239983916282653809e-01
-4.953337013721466064e-01
4.578011855483055115e-02
4.135573208332061768e-01
-2.186690121889114380e-01
9.142674207687377930e-01
-3.522571623325347900e-01
1.581666022539138794e-01
2.293936312198638916e-01
-4.314713180065155029e-02
5.297970026731491089e-02
6.839223504066467285e-01
-6.660885363817214966e-02
-3.387877345085144043e-01
-2.825523614883422852e-01
-2.366074025630950928e-01
1.620137877762317657e-02
6.411898732185363770e-01
1.813231110572814941e-01
1.520456671714782715e-01
3.189073204994201660e-01
-3.714644610881805420e-01
-3.233407437801361084e-01
-4.728067293763160706e-02
-5.763569474220275879e-01
3.155451416969299316e-01
2.757444977760314941e-01
-1.828482598066329956e-01
-7.046660780906677246e-01
7.174175232648849487e-02
6.391103565692901611e-02
1.424879650585353374e-03
1.822308301925659180e-01
1.524856686592102051e+00
-2.147275656461715698e-01
-1.275455594062805176e+00
-6.910946369171142578e-01
-4.230290949344635010e-01
-1.151526942849159241e-01
-3.856907784938812256e-01
-3.217891156673431396e-01
3.510358333587646484e-01
2.943649888038635254e-02
-1.453680396080017090e-01
4.370612502098083496e-01
-3.873609602451324463e-01
3.978033065795898438e-01
-3.693072795867919922e-01
-2.978543341159820557e-01
2.875961661338806152e-01
8.675813674926757812e-02
-4.058098495006561279e-01
3.229511678218841553e-01
1.405268907546997070e-01
3.051481246948242188e-01
-4.874296858906745911e-02
7.481559365987777710e-02
-6.830253172665834427e-03
-1.293650418519973755e-01
2.822399735450744629e-01
-7.993316650390625000e-02
-6.759177148342132568e-02
-5.461654067039489746e-01
4.376116096973419189e-01
-1.803980171680450439e-01
-2.011989206075668335e-01
-2.395805716514587402e-01
4.301033914089202881e-01
1.753205776214599609e+00
-2.225183993577957153e-01
1.371951550245285034e-01
2.976773381233215332e-01
-7.191281020641326904e-02
-1.282678723335266113e+00
-8.210467547178268433e-02
-4.675226509571075439e-01
-4.867346584796905518e-01
2.989102900028228760e-02
2.518514394760131836e-01
-4.420984685420989990e-01
-9.597157239913940430e-01
-3.743442893028259277e-01
1.888321787118911743e-01
-3.470036983489990234e-01
4.641036689281463623e-01
-1.229849100112915039e+00
5.379156470298767090e-01
-1.876427382230758667e-01
-3.349588811397552490e-01
7.777659296989440918e-01
-1.285543590784072876e-01
-7.825318574905395508e-01
7.065212130546569824e-01
2.812903821468353271e-01
4.003789424896240234e-01
-1.822258830070495605e-01
8.490066975355148315e-02
-2.652829587459564209e-01
-1.612456142902374268e-01
2.416551709175109863e-01
5.760934948921203613e-01
4.736704006791114807e-02
-2.177895009517669678e-01
2.737272530794143677e-02
-8.194501996040344238e-01
4.203325510025024414e-01
-5.649974942207336426e-01
3.586716353893280029e-01
7.309973835945129395e-01
-6.744126677513122559e-01
2.311334200203418732e-02
3.624508678913116455e-01
-8.213958740234375000e-01
-2.409661114215850830e-01
-7.600831985473632812e-01
-2.150329649448394775e-01
-2.438868880271911621e-01
-1.998986750841140747e-01
-3.999632894992828369e-01
4.877920448780059814e-01
4.607533290982246399e-02
-1.473560035228729248e-01
2.179437726736068726e-01
5.966866761445999146e-02
4.134374856948852539e-01
-2.959739863872528076e-01
-1.402620524168014526e-01
-1.010013073682785034e-01
2.204193115234375000e+00
3.755893409252166748e-01
3.910078406333923340e-01
1.137231439352035522e-01
2.045091688632965088e-01
-3.522774279117584229e-01
-5.140189528465270996e-01
3.319851309061050415e-02
-9.366333484649658203e-02
-1.049570918083190918e+00
-1.236726716160774231e-01
-5.853024497628211975e-02
-1.012699771672487259e-02
1.661058783531188965e+00
9.628871828317642212e-02
-3.436186015605926514e-01
-4.315805733203887939e-01
2.330226451158523560e-01
4.158276021480560303e-01
-8.824924007058143616e-03
1.025724768638610840e+00
-1.632911413908004761e-01
-3.802497684955596924e-01
-1.443430781364440918e-01
-5.627242475748062134e-02
-2.579645514488220215e-01
-2.043770998716354370e-01
-1.633013844490051270e+00
4.714948534965515137e-01
-2.292642444372177124e-01
-2.460086531937122345e-02
5.718449354171752930e-01
6.945554614067077637e-01
3.247866034507751465e-02
-2.666524946689605713e-01
-6.524532102048397064e-03
-3.557818531990051270e-01
6.367328763008117676e-01
-3.195752799510955811e-01
4.662851393222808838e-01
2.833353877067565918e-01
-2.906004190444946289e-01
1.891186684370040894e-01
4.867581725120544434e-01
-3.940160274505615234e-01
-3.258188664913177490e-01
-4.524361789226531982e-01
-6.148648448288440704e-03
6.857430189847946167e-02
1.728016999550163746e-03
-2.592243552207946777e-01
1.682247519493103027e-01
-6.565965712070465088e-02
3.732771426439285278e-02
-1.300843432545661926e-02
3.525840044021606445e-01
5.841696262359619141e-01
-1.413848716765642166e-02
-4.723663628101348877e-01
2.739825248718261719e-01
-2.714837074279785156e+00
6.193164363503456116e-02
1.682282425463199615e-02
3.135943710803985596e-01
-2.201593518257141113e-01
4.159218668937683105e-01
-9.810097515583038330e-03
-4.044310152530670166e-01
3.235692679882049561e-01
8.843069523572921753e-02
-4.285891950130462646e-01
4.443026185035705566e-01
2.736707031726837158e-01
-2.019071206450462341e-02
1.467407792806625366e-01
3.854031264781951904e-01
-7.348364591598510742e-01
5.733570456504821777e-01
-5.419655889272689819e-02
3.664029836654663086e-01
-2.390456914901733398e+00
-4.252119362354278564e-01
4.902704060077667236e-01
3.663757145404815674e-01
-2.865729928016662598e-01
8.143487572669982910e-01
-4.095950126647949219e-01
3.626378774642944336e-01
-5.554700493812561035e-01
1.096589192748069763e-01
4.600928723812103271e-01
-2.240861207246780396e-01
1.426890492439270020e-02
-1.132700681686401367e+00
-2.687929570674896240e-01
-3.891294002532958984e-01
5.044583603739738464e-02
-2.428540289402008057e-01
1.161242797970771790e-01
-2.597393095493316650e-01
-2.563918940722942352e-02
-6.583703309297561646e-02
-5.124548673629760742e-01
-2.831891477108001709e-01
4.316974878311157227e-01
2.774069011211395264e-01
-1.626283079385757446e-01
-6.905040144920349121e-02
-2.792298495769500732e-01
5.508484318852424622e-02
-1.030139327049255371e-01
1.844896818511188030e-03
4.791725426912307739e-02
9.771823883056640625e-01
4.150430858135223389e-01
2.203460037708282471e-01
-7.224141359329223633e-01
5.525254458189010620e-02
-6.518721580505371094e-02
-2.056568264961242676e-01
3.981879055500030518e-01
-4.339254498481750488e-01
8.449162840843200684e-01
1.804786920547485352e-02
-1.155259311199188232e-01
-1.225905865430831909e-01
-1.004957556724548340e-01
4.943565130233764648e-01
-1.694479286670684814e-01
6.257064938545227051e-01
1.920831948518753052e-01
-1.543062478303909302e-01
-2.191735617816448212e-02
1.421721931546926498e-02
-7.420448064804077148e-01
1.187162026762962341e-01
-3.094322085380554199e-01
4.331706091761589050e-02
2.460551708936691284e-01
1.892427355051040649e-01
-1.285860091447830200e-01
-3.836959302425384521e-01
-1.371432065963745117e+00
1.311164498329162598e-01
-8.249893784523010254e-02
-9.092168509960174561e-02
1.196427583694458008e+00
-7.786954641342163086e-01
-3.922375440597534180e-01
4.436569213867187500e-01
1.067583486437797546e-01
2.475204914808273315e-01
9.975744485855102539e-01
-6.048243641853332520e-01
-1.005554199218750000e-01
2.383040189743041992e-01
-2.224195003509521484e-01
1.791982352733612061e-01
-1.722149550914764404e-01
1.057532578706741333e-01
-8.538165688514709473e-02
-2.317438274621963501e-01
4.521511197090148926e-01
4.507867097854614258e-01
-1.393414884805679321e-01
-9.839284420013427734e-02
-3.894217312335968018e-02
-4.497596919536590576e-01
-1.146863698959350586e-01
-1.236250102519989014e-01
-5.282954573631286621e-01
8.909506797790527344e-01
-1.079406961798667908e-01
-3.053149282932281494e-01
2.848651409149169922e-01
-1.798150092363357544e-01
6.843128800392150879e-01
-3.578822016716003418e-01
2.247197926044464111e-01
3.377911150455474854e-01
2.588967978954315186e-01
2.963617444038391113e-01
3.646356165409088135e-01
-4.577590525150299072e-02
3.245607018470764160e-01
-3.209605515003204346e-01
-1.075012803077697754e+00
2.851713001728057861e-01
4.750549197196960449e-01
-9.049542993307113647e-02
-1.819911003112792969e-01
2.683754265308380127e-01
3.613634407520294189e-01
2.500564455986022949e-01
2.263308912515640259e-01
8.664584755897521973e-01
-2.346199452877044678e-01
1.684011220932006836e-01
-3.039770722389221191e-01
5.581795573234558105e-01
5.026561021804809570e-01
-5.282484292984008789e-01
5.018008947372436523e-01
5.831597447395324707e-01
-4.368220567703247070e-01
-1.067007407546043396e-01
-1.652954667806625366e-01
6.997167319059371948e-02
1.019698306918144226e-01
-5.125842690467834473e-01
4.360017180442810059e-02
9.893155097961425781e-02
-2.830390259623527527e-02
1.829684525728225708e-01
3.723852634429931641e-01
1.526590138673782349e-01
3.496552705764770508e-01
-1.708236634731292725e-01
-1.792025715112686157e-01
1.661323159933090210e-01
4.156807363033294678e-01
3.123757243156433105e-01
-4.319066703319549561e-01
-1.028052419424057007e-01
6.120836734771728516e-02
-2.020054608583450317e-01
4.890279769897460938e-01
3.171531558036804199e-01
3.128189146518707275e-01
-2.032331377267837524e-01
1.025959774851799011e-01
3.182353973388671875e-01
3.719623088836669922e-01
4.602010250091552734e-01
2.357673272490501404e-02
9.845117479562759399e-02
-4.658060371875762939e-01
6.512715816497802734e-01
-3.730174154043197632e-02
2.713910639286041260e-01
6.011148095130920410e-01
-9.650049805641174316e-01
1.061229482293128967e-01
6.089426279067993164e-01
-5.028641223907470703e-01
-3.755935728549957275e-01
-4.774602353572845459e-01
-1.495771706104278564e-01
-3.043102845549583435e-02
3.485574722290039062e-01
-2.667251415550708771e-02
-1.416001617908477783e-01
3.313384652137756348e-01
-2.360797524452209473e-01
3.593495488166809082e-01
1.307993084192276001e-01
-3.044084310531616211e-01
5.896646976470947266e-01
1.613991558551788330e-01
-3.154057636857032776e-02
-2.587393522262573242e-01
1.306636035442352295e-01
-6.663412600755691528e-02
3.114118278026580811e-01
-2.081839554011821747e-02
5.290422439575195312e-01
1.372648924589157104e-01
-1.019499916583299637e-02
-1.640611767768859863e+00
-5.520895868539810181e-02
-6.610533595085144043e-02
4.139468967914581299e-01
4.777976870536804199e-01
-1.675368286669254303e-02
-1.393933873623609543e-02
9.343460202217102051e-02
3.194920122623443604e-01
1.547347903251647949e-01
3.232906386256217957e-02
7.482992112636566162e-02
-6.982462406158447266e-01
3.623158931732177734e-01
-9.089560508728027344e-01
-5.726015567779541016e-01
2.581346929073333740e-01
4.065553247928619385e-01
2.406293153762817383e-02
3.491217792034149170e-01
-7.072652131319046021e-02
1.665447205305099487e-01
-5.445520281791687012e-01
-9.409969300031661987e-02
1.598521769046783447e-01
-9.848374873399734497e-02
-2.042149454355239868e-01
3.634036481380462646e-01
-5.409225225448608398e-01
1.773177534341812134e-01
4.063616693019866943e-01
-7.230975031852722168e-01
-1.462062746286392212e-01
-4.789167642593383789e-01
5.158502459526062012e-01
-3.626815602183341980e-02
3.234051540493965149e-02
4.097842276096343994e-01
2.720947265625000000e-01
-4.022127389907836914e-02
6.334393024444580078e-01
2.178704738616943359e-01
-1.787487715482711792e-01
6.177315115928649902e-02
4.612385332584381104e-01
-1.103249117732048035e-01
2.571568489074707031e-01
1.597872734069824219e+00
-1.567225813865661621e+00
2.135988920927047729e-01
8.618835359811782837e-02
-2.185213565826416016e-01
-4.785335659980773926e-01
6.937325000762939453e-02
1.954360119998455048e-02
3.005532920360565186e-01
5.502910017967224121e-01
4.359141886234283447e-01
2.593503892421722412e-02
1.691766530275344849e-01
2.082365036010742188e+00
-1.742955148220062256e-01
-2.059695422649383545e-01
3.240012377500534058e-02
-1.627890914678573608e-01
4.165604710578918457e-02
-3.816400766372680664e-01
1.045873835682868958e-01
7.021687626838684082e-01
-4.595540463924407959e-01
-3.756972029805183411e-02
2.997938394546508789e-01
4.337095320224761963e-01
5.460317134857177734e-01
6.671242713928222656e-01
2.496622949838638306e-01
-5.060910582542419434e-01
-4.966218471527099609e-01
1.563222408294677734e-01
-2.103612124919891357e-01
-2.790665328502655029e-01
-3.822747170925140381e-01
-1.338965594768524170e-01
-1.187437400221824646e-01
8.829142153263092041e-02
1.517673730850219727e-01
-5.769220739603042603e-02
-4.882970452308654785e-01
-2.576942920684814453e+00
4.462855309247970581e-02
2.245969474315643311e-01
1.842319369316101074e-01
-4.452577233314514160e-01
-1.049783155322074890e-01
8.000474423170089722e-03
-2.648095786571502686e-01
7.189150154590606689e-02
6.314399093389511108e-02
6.172698140144348145e-01
-4.665080010890960693e-01
-3.259272128343582153e-02
-2.585284039378166199e-02
8.457572013139724731e-02
2.070250362157821655e-01
4.387759789824485779e-02
2.136472910642623901e-01
-1.516904383897781372e-01
3.013435304164886475e-01
4.219917058944702148e-01
2.307844907045364380e-01
9.686895608901977539e-01
-4.307731688022613525e-01
4.012686666101217270e-03
-5.484536662697792053e-02
4.979802072048187256e-01
-2.362960577011108398e-01
4.284554719924926758e-01
-3.672523796558380127e-02
4.155185520648956299e-01
-4.719529747962951660e-01
1.555696010589599609e+00
3.293267488479614258e-01
4.951399862766265869e-01
-5.525859594345092773e-01
4.674328118562698364e-02
1.459814459085464478e-01
-2.400774061679840088e-01
7.181872725486755371e-01
4.497217535972595215e-01
-1.301251947879791260e-01
-6.180553510785102844e-02
2.826393023133277893e-02
-1.330068111419677734e-01
-1.084216218441724777e-02
-1.580609530210494995e-01
6.091459989547729492e-01
3.518055975437164307e-01
1.742921322584152222e-01
-1.656242012977600098e-01
-5.269939303398132324e-01
1.805088818073272705e-01
-6.660503335297107697e-03
5.423458218574523926e-01
-8.316393941640853882e-02
-2.973135709762573242e-01
-1.955526471138000488e-01
9.580529294908046722e-03
-2.799198627471923828e-01
1.256125688552856445e+00
-2.910821139812469482e-01
-4.271833598613739014e-01
2.827326357364654541e-01
3.639918267726898193e-01
-3.337773382663726807e-01
3.939130902290344238e-01
5.897410586476325989e-02
-4.253841936588287354e-02
-3.447031378746032715e-01
-3.319842815399169922e-01
1.177338510751724243e-01
-1.602313071489334106e-01
5.756850540637969971e-02
1.531582027673721313e-01
-1.707191020250320435e-01
-3.536074459552764893e-01
-4.781262204051017761e-02
-1.887878328561782837e-01
-3.905959129333496094e-01
7.580530643463134766e-01
-7.132247090339660645e-02
-3.768102526664733887e-01
1.209936216473579407e-01
2.666233479976654053e-01
-4.002657160162925720e-02
2.251523584127426147e-01
-1.608437895774841309e-01
-1.168537586927413940e-01
-4.715542197227478027e-01
4.634974598884582520e-01
-7.427646964788436890e-02
-8.907597512006759644e-02
-2.838101610541343689e-02
-6.162441968917846680e-01
-1.207005791366100311e-02
-9.304095059633255005e-02
-7.567679136991500854e-02
6.725033372640609741e-02
-3.042239844799041748e-01
-5.914117395877838135e-02
2.655263245105743408e-02
3.833887353539466858e-02
8.308234214782714844e-01
-9.229102730751037598e-02
2.249552756547927856e-01
2.422626018524169922e-01
-1.499695181846618652e-01
4.658216610550880432e-02
2.627225220203399658e-02
-1.323004961013793945e-01
2.764199487864971161e-02
-1.794433295726776123e-01
-2.153475880622863770e-01
3.377029299736022949e-02
3.739218413829803467e-02
-4.572786390781402588e-01
1.504782289266586304e-01
-2.672044634819030762e-01
-8.583135604858398438e-01
9.313230514526367188e-01
-4.981990158557891846e-01
4.875789955258369446e-02
3.035681545734405518e-01
2.801139056682586670e-01
4.737422242760658264e-02
-1.327453404664993286e-01
-1.522420197725296021e-01
-2.342484146356582642e-01
-3.458595275878906250e-01
-2.191193103790283203e-01
7.130412757396697998e-02
3.507065027952194214e-02
-1.530530899763107300e-01
-5.867778658866882324e-01
-2.540446221828460693e-01
-4.561681747436523438e-01
1.432930026203393936e-02
-2.561109662055969238e-01
-9.099924564361572266e-01
1.036720037460327148e+00
-8.378868550062179565e-02
-1.648872971534729004e+00
4.874781370162963867e-01
1.819067597389221191e-01
1.531338989734649658e-01
3.663936257362365723e-01
1.563931582495570183e-03
-3.109008967876434326e-01
-8.926412463188171387e-02
1.956288814544677734e-01
-1.417114306241273880e-02
-1.327826976776123047e-01
2.832284383475780487e-02
2.166192382574081421e-01
2.238294184207916260e-01
-1.006944894790649414e+00
-6.134824454784393311e-02
3.783461079001426697e-02
-7.740633487701416016e-01
5.659745931625366211e-01
-2.060845941305160522e-01
-1.595285832881927490e-01
5.590496063232421875e-01
-5.511917639523744583e-03
-7.061163336038589478e-02
-1.782152503728866577e-01
1.060427576303482056e-01
-1.970707327127456665e-01
-2.769240140914916992e-01
6.941188126802444458e-02
1.894216090440750122e-01
3.815338909626007080e-01
5.152695775032043457e-01
-1.017014533281326294e-01
-5.304988622665405273e-01
1.042278334498405457e-01
-1.704184152185916901e-02
1.104297488927841187e-01
-2.669316530227661133e-01
-8.822391927242279053e-02
3.792716860771179199e-01
1.436597108840942383e-02
-2.528085410594940186e-01
1.182232424616813660e-01
1.698332428932189941e-01
1.168032921850681305e-02
4.940715730190277100e-01
-1.110198721289634705e-01
1.050152443349361420e-02
-1.595747917890548706e-01
1.787166111171245575e-02
-6.715528964996337891e-01
-1.016774177551269531e-01
-6.440512537956237793e-01
5.229745507240295410e-01
7.682855725288391113e-01
-9.527527540922164917e-02
2.728905975818634033e-01
4.194308817386627197e-01
-1.253868222236633301e+00
1.925162822008132935e-01
7.541832327842712402e-01
-4.687434732913970947e-01
-2.375657409429550171e-01
-1.173287779092788696e-01
-1.469158530235290527e-01
-2.639643251895904541e-01
3.284160792827606201e-02
3.975430130958557129e-01
4.178898334503173828e-01
-2.170332372188568115e-01
-1.889957487583160400e-01
1.098879933357238770e+00
-1.032680392265319824e+00
-2.413277514278888702e-02
-3.372876942157745361e-01
-6.091940999031066895e-01
2.414039075374603271e-01
1.382940262556076050e-01
-1.206913232803344727e+00
3.371487259864807129e-01
1.274198532104492188e+00
-4.778919816017150879e-01
9.530396014451980591e-02
-4.575130715966224670e-02
5.022290349006652832e-02
2.648954987525939941e-01
1.990067772567272186e-02
1.177149862051010132e-01
-1.133264526724815369e-01
4.455640614032745361e-01
-4.080940186977386475e-01
2.378172576427459717e-01
-2.866265177726745605e-02
-2.948427805677056313e-03
1.258695125579833984e-01
1.231743693351745605e-01
9.213063120841979980e-02
4.289548993110656738e-01
1.625173211097717285e+00
1.915429681539535522e-01
-1.784922927618026733e-01
-4.153851866722106934e-01
-1.018201857805252075e-01
4.707527160644531250e-02
-6.614555120468139648e-01
1.013884097337722778e-01
7.488206028938293457e-01
1.083364933729171753e-01
-6.993684172630310059e-02
-1.315107941627502441e-01
-4.916216433048248291e-01
7.256644368171691895e-01
-3.086587227880954742e-02
1.940561644732952118e-02
4.180306792259216309e-01
-6.448932290077209473e-01
5.812475085258483887e-01
4.295704960823059082e-01
-9.373925626277923584e-02
6.884928345680236816e-01
-2.111589461565017700e-01
-2.202158719301223755e-01
-5.895720720291137695e-01
1.218977123498916626e-01
-3.434548079967498779e-01
3.780124783515930176e-01
5.742420908063650131e-03
5.482441186904907227e-01
-7.787085175514221191e-01
6.868131756782531738e-01
4.944393336772918701e-01
1.847296357154846191e-01
5.751131176948547363e-01
5.226476788520812988e-01
-7.266528010368347168e-01
2.797185182571411133e-01
-1.105359718203544617e-01
-9.348224401473999023e-01
-1.436014622449874878e-01
-1.211870685219764709e-01
7.436717152595520020e-01
2.118321061134338379e-01
2.663378417491912842e-01
-5.119273662567138672e-01
6.409196257591247559e-01
7.906597107648849487e-02
-3.508890867233276367e-01
-2.728377580642700195e-01
-9.461087733507156372e-02
-8.030744642019271851e-02
-4.396007359027862549e-01
-1.798647493124008179e-01
-1.606559753417968750e-01
1.093068122863769531e-01
-2.143603712320327759e-01
4.343947470188140869e-01
-1.605485826730728149e-01
-3.336895704269409180e-01
-5.864956974983215332e-02
-1.714232563972473145e-01
-1.187319159507751465e+00
-1.259308755397796631e-01
3.899382948875427246e-01
-1.940232962369918823e-01
-9.528512358665466309e-01
-5.408246517181396484e-01
2.754787504673004150e-01
-2.728655338287353516e-01
1.561634540557861328e-01
-2.655246555805206299e-01
6.067212224006652832e-01
2.880874574184417725e-01
5.611529946327209473e-01
-5.178313255310058594e-01
1.172758713364601135e-01
1.715523302555084229e-01
3.668985366821289062e-01
-1.743115037679672241e-01
-1.577821969985961914e-01
-3.578689098358154297e-01
-2.872893810272216797e-01
8.649662137031555176e-02
-2.977873086929321289e-01
-5.052493885159492493e-03
2.572841346263885498e-01
-1.053514704108238220e-01
1.444518119096755981e-01
1.555391997098922729e-01
9.827768430113792419e-03
-4.981627762317657471e-01
4.311935007572174072e-01
-1.594355404376983643e-01
-5.702873468399047852e-01
5.410124063491821289e-01
-2.106216996908187866e-01
1.942196115851402283e-02
-6.346789002418518066e-01
3.241603970527648926e-01
3.967629969120025635e-01
4.397808909416198730e-01
2.061734795570373535e-01
9.800699353218078613e-01
5.165709853172302246e-01
-4.573905095458030701e-02
-7.802901417016983032e-02
-1.470975726842880249e-01
-4.711878895759582520e-01
1.007892116904258728e-01
-8.188572525978088379e-02
1.440636217594146729e-01
2.545693814754486084e-01
-6.340388059616088867e-01
-5.966249704360961914e-01
1.223341226577758789e+00
-1.842388510704040527e-01
8.046828210353851318e-02
1.158098801970481873e-01
6.866521239280700684e-01
4.409788548946380615e-01
6.721653044223785400e-02
3.749969601631164551e-01
6.810421347618103027e-01
2.620016336441040039e-01
1.214247271418571472e-01
-6.997318863868713379e-01
-2.932777442038059235e-02
-1.249988526105880737e-01
-1.433892846107482910e-01
1.604010462760925293e-01
-1.239302903413772583e-01
-1.042469143867492676e+00
-1.921859830617904663e-01
-6.032140851020812988e-01
5.041803121566772461e-01
2.121360041201114655e-03
1.423644870519638062e-01
6.048416495323181152e-01
2.350699454545974731e-01
3.531199991703033447e-01
-2.257974632084369659e-02
1.812250465154647827e-01
1.489988267421722412e-01
6.898565590381622314e-02
4.006750881671905518e-01
-8.149543404579162598e-02
1.621135175228118896e-01
-7.419175654649734497e-02
1.070367842912673950e-01
9.878718852996826172e-02
-4.356964677572250366e-02
1.703962922096252441e+00
-1.508796215057373047e-01
-5.527688264846801758e-01
3.230297267436981201e-01
-3.812394291162490845e-02
5.295552015304565430e-01
-2.968946099281311035e-01
2.108827084302902222e-01
4.105499088764190674e-01
3.754810690879821777e-01
4.627021551132202148e-01
5.082733035087585449e-01
4.326593875885009766e-01
-4.317521154880523682e-01
6.942049264907836914e-01
-2.939341962337493896e-01
-1.988031566143035889e-01
-1.767700761556625366e-01
4.381501078605651855e-01
7.674637436866760254e-01
3.583021163940429688e-01
1.278116852045059204e-01
-3.947565257549285889e-01
2.869175672531127930e-01
-2.012356817722320557e-01
-8.618078380823135376e-02
-7.501457333564758301e-01
6.865250878036022186e-03
2.778412997722625732e-01
5.927270650863647461e-01
1.294257193803787231e-01
7.337121367454528809e-01
4.794951975345611572e-01
1.258053630590438843e-01
-2.863501310348510742e-01
3.705773949623107910e-01
-1.021500229835510254e-01
2.962439060211181641e-01
1.643371954560279846e-02
3.795528113842010498e-01
9.169933795928955078e-01
-2.241138070821762085e-01
2.408947795629501343e-01
-3.266270458698272705e-01
-2.439450770616531372e-01
-2.218284457921981812e-02
-3.883941173553466797e-01
-2.277953922748565674e-02
-2.338101565837860107e-01
-1.175249695777893066e+00
-4.126299172639846802e-02
-7.961638271808624268e-02
9.729216806590557098e-03
1.785773336887359619e-01
-1.415424197912216187e-01
3.356669843196868896e-02
4.773987531661987305e-01
9.500078111886978149e-02
-1.136617641896009445e-02
-2.467543035745620728e-01
6.877648234367370605e-01
6.321510672569274902e-01
2.288793399930000305e-02
-4.464589357376098633e-01
1.100079994648694992e-02
-1.220876276493072510e-01
-2.498127669095993042e-01
-6.549175977706909180e-01
8.065374568104743958e-03
4.273180663585662842e-01
-2.559032440185546875e-01
-1.679545342922210693e-01
-4.218023717403411865e-01
-1.038112118840217590e-01
7.994784116744995117e-01
5.215559601783752441e-01
3.169824481010437012e-01
9.123676270246505737e-02
3.536449074745178223e-01
1.198561713099479675e-01
2.661198675632476807e-01
3.009524047374725342e-01
7.873613387346267700e-02
-3.029166758060455322e-01
1.859834790229797363e-01
-3.165731206536293030e-02
-2.665134966373443604e-01
1.500419229269027710e-01
-2.326719164848327637e-01
-7.844909429550170898e-01
-1.110804527997970581e-01
-8.558130264282226562e-01
-5.106278061866760254e-01
-1.985007151961326599e-02
3.446984589099884033e-01
-1.242948770523071289e-01
1.374161243438720703e-01
-2.435422241687774658e-01
-2.769439220428466797e-01
-4.179178550839424133e-02
-1.239919543266296387e+00
2.356874197721481323e-01
9.772802889347076416e-02
1.693069636821746826e-01
-1.940322816371917725e-01
-3.346528410911560059e-01
-2.033570036292076111e-02
-1.742954179644584656e-02
-1.090886145830154419e-01
-1.271121948957443237e-01
-1.631319373846054077e-01
3.430802822113037109e-01
2.005847543478012085e-01
2.165839225053787231e-01
-1.762735247611999512e-01
4.406376779079437256e-01
-1.722075641155242920e-01
-3.199106752872467041e-01
1.808442175388336182e-01
4.070485383272171021e-02
-1.146363258361816406e+00
-2.621735632419586182e-01
-4.981026053428649902e-02
-2.327517122030258179e-01
-3.114454448223114014e-01
4.137321934103965759e-02
2.692945301532745361e-01
-1.150725483894348145e-01
-5.125800520181655884e-02
-4.165034294128417969e-01
-1.185506209731101990e-01
5.579051747918128967e-02
5.528646111488342285e-01
4.270218610763549805e-01
-3.969421386718750000e-01
2.913637161254882812e-01
-2.529843747615814209e-01
1.040016710758209229e-01
4.376018643379211426e-01
3.708724081516265869e-01
-5.681111812591552734e-01
3.634720146656036377e-01
-1.919704079627990723e-01
3.183816075325012207e-01
2.454950958490371704e-01
2.575232386589050293e-01
-2.284255065023899078e-02
-2.259520739316940308e-01
3.546877801418304443e-01
-5.509488284587860107e-02
1.082058027386665344e-01
6.970952264964580536e-03
-2.240513116121292114e-01
2.368833273649215698e-01
9.221591949462890625e-01
-4.536988139152526855e-01
-1.300013542175292969e+00
-6.195049732923507690e-02
3.207137286663055420e-01
2.699636220932006836e-01
6.552401185035705566e-02
5.149196982383728027e-01
3.387085497379302979e-01
-5.915087461471557617e-01
-1.348585337400436401e-01
-2.125057131052017212e-01
-4.676440730690956116e-02
-2.331939041614532471e-01
-3.026491105556488037e-01
-7.292045354843139648e-01
-3.995082378387451172e-01
-6.192651391029357910e-01
-4.551908075809478760e-01
2.156109660863876343e-01
4.651503264904022217e-01
2.810944914817810059e-01
5.337200760841369629e-01
2.280120998620986938e-01
-2.591584324836730957e-01
-2.476257234811782837e-01
7.395270466804504395e-01
-5.583822131156921387e-01
-6.050184369087219238e-01
4.111866354942321777e-01
-1.454983651638031006e-01
1.261629760265350342e-01
1.858314275741577148e-01
8.283156156539916992e-01
6.787459850311279297e-01
4.347124099731445312e-01
5.212007761001586914e-01
1.635846853256225586e+00
6.180462241172790527e-01
-4.510095119476318359e-01
-3.600648343563079834e-01
-6.465515494346618652e-01
-1.956441849470138550e-01
3.494115918874740601e-02
1.337279677391052246e-01
1.010168418288230896e-01
-1.748911589384078979e-01
-7.414309382438659668e-01
-1.969317644834518433e-01
3.264821693301200867e-02
-3.777674436569213867e-01
1.031311675906181335e-01
-1.078067868947982788e-01
9.156776070594787598e-01
1.067427694797515869e-01
2.843953967094421387e-01
3.679179549217224121e-01
-3.675513863563537598e-01
1.165683865547180176e+00
-3.382301330566406250e-01
-7.912064194679260254e-01
-3.795642852783203125e-01
2.271292656660079956e-01
6.139445304870605469e-02
5.348981022834777832e-01
-8.834783434867858887e-01
4.560700356960296631e-01
-4.220006465911865234e-01
1.551985144615173340e-01
1.957564949989318848e-01
-8.017495274543762207e-01
-5.196893811225891113e-01
-4.312074780464172363e-01
1.818265020847320557e-01
-2.561556398868560791e-01
-1.176710799336433411e-01
-5.184250473976135254e-01
3.806541264057159424e-01
-2.236522436141967773e-01
1.213335469365119934e-01
-1.735257059335708618e-01
4.937209188938140869e-01
4.434798955917358398e-01
6.250739097595214844e-01
-4.526080489158630371e-01
-6.218105554580688477e-01
7.646160125732421875e-01
-3.864228725433349609e-01
-1.341532021760940552e-01
-1.941960453987121582e-01
1.333040148019790649e-01
-4.491350352764129639e-01
-6.573432683944702148e-01
-2.365709692239761353e-01
-1.774022579193115234e-01
5.614892393350601196e-02
-1.157932654023170471e-01
-1.573313474655151367e-01
-1.291207373142242432e-01
-2.114918380975723267e-01
1.795317828655242920e-01
2.213815897703170776e-01
1.109927892684936523e-01
1.778469532728195190e-01
-3.577090501785278320e-01
5.982098355889320374e-02
2.137950807809829712e-01
-2.970621287822723389e-01
-3.365688621997833252e-01
1.139796853065490723e+00
-1.997073590755462646e-01
3.489892184734344482e-01
9.324400424957275391e-01
3.814980387687683105e-01
-1.176062896847724915e-01
4.862922132015228271e-01
3.777374029159545898e-01
2.136400528252124786e-02
-3.930968418717384338e-02
1.808068305253982544e-01
-5.873147249221801758e-01
-9.584638476371765137e-02
5.781551599502563477e-01
8.868557214736938477e-02
1.368814110755920410e-01
9.917998313903808594e-02
-3.563688322901725769e-02
4.179922044277191162e-01
8.552692830562591553e-03
1.727582067251205444e-01
3.334646522998809814e-01
3.298735022544860840e-01
2.397406399250030518e-01
3.350576758384704590e-01
3.140872418880462646e-01
-4.573929011821746826e-01
-1.112557873129844666e-01
2.077836543321609497e-01
-4.076895713806152344e-01
-2.013153582811355591e-01
4.137303531169891357e-01
-4.647369086742401123e-01
-8.523060008883476257e-03
-2.711749970912933350e-01
-6.117513775825500488e-01
-1.234063580632209778e-01
1.609775610268115997e-02
1.108585894107818604e-01
-4.005180001258850098e-01
5.725873112678527832e-01
1.357532441616058350e-01
4.585424959659576416e-01
1.403359174728393555e-01
-3.236485645174980164e-02
5.924403667449951172e-01
1.824936121702194214e-01
7.241133451461791992e-01
-1.171212419867515564e-01
6.181324720382690430e-01
-4.458235800266265869e-01
2.406071275472640991e-01
-4.968790709972381592e-01
9.279666095972061157e-02
-2.989429831504821777e-01
3.800834417343139648e-01
2.192557007074356079e-01
-1.694000959396362305e-01
9.782575964927673340e-01
2.532759308815002441e-01
-3.180626779794692993e-02
3.086596727371215820e-01
1.511949002742767334e-01
-1.104392930865287781e-01
-2.195603400468826294e-01
-3.013599489349871874e-04
-1.275323927402496338e-01
-2.370378524065017700e-01
-1.904541850090026855e-01
-8.494170010089874268e-02
-1.674407422542572021e-01
8.195617198944091797e-01
-1.040138080716133118e-01
-3.005259931087493896e-01
-4.615888297557830811e-01
2.609134614467620850e-01
-2.479273825883865356e-01
-2.023145854473114014e-01
-2.969090342521667480e-01
-2.666237950325012207e-01
-4.892031550407409668e-01
-3.339094221591949463e-01
4.422056376934051514e-01
2.533787488937377930e-01
3.554606735706329346e-01
4.643400758504867554e-02
-3.299352154135704041e-02
-5.973481386899948120e-02
3.873669505119323730e-01
-4.888657033443450928e-01
-2.443037778139114380e-01
5.682414770126342773e-01
2.063070982694625854e-01
1.279254909604787827e-03
2.344902753829956055e-01
-3.505196571350097656e-01
-2.584365895017981529e-03
-3.265757560729980469e-01
4.180406928062438965e-01
-1.546807587146759033e-01
-7.937957644462585449e-01
-4.764436781406402588e-01
3.095635175704956055e-01
-5.355975627899169922e-01
4.564475119113922119e-01
-1.002688556909561157e-01
-3.029831647872924805e-01
8.012821525335311890e-02
1.737680584192276001e-01
-1.951531916856765747e-01
1.473103761672973633e+00
2.798918485641479492e-01
1.089917942881584167e-01
-4.476450085639953613e-01
9.853414297103881836e-01
-2.315085232257843018e-01
1.604865908622741699e+00
-2.311015427112579346e-01
-1.937355399131774902e-01
-1.723708398640155792e-02
3.010474741458892822e-01
-6.839697062969207764e-02
-1.079798191785812378e-01
3.463384136557579041e-02
1.039241850376129150e-01
-1.645035482943058014e-02
-9.946711361408233643e-02
1.672837585210800171e-01
2.109270393848419189e-01
-2.400355041027069092e-01
1.046044453978538513e-01
-3.559261262416839600e-01
5.536277312785387039e-04
2.707711756229400635e-01
3.981522284448146820e-03
1.418554037809371948e-01
-3.326720744371414185e-02
-9.846789762377738953e-03
7.265391945838928223e-02
1.977874189615249634e-01
1.113662198185920715e-01
3.266743570566177368e-02
-2.692729830741882324e-01
1.868642866611480713e-02
-1.968173235654830933e-01
2.579264044761657715e-01
6.073055863380432129e-01
-1.913360655307769775e-01
-8.003004640340805054e-02
1.668426692485809326e-01
-1.579672680236399174e-03
-5.472393333911895752e-02
-4.373099505901336670e-01
-5.505798012018203735e-02
2.823328375816345215e-01
4.085799306631088257e-02
1.604289114475250244e-01
-4.763081669807434082e-02
8.797605335712432861e-02
1.595627330243587494e-02
